128 4090
97 104 1
88 104 1
104 123 1
42 53 104
5 53 104
25 53 104
39 55 53
18 55 53
55 62 53
27 111 55
27 41 55
27 125 55
2 59 27
59 89 27
59 85 27
74 112 59
37 112 59
4 112 59
3 99 112
99 126 112
17 99 112
98 114 99
46 114 99
16 114 99
52 67 114
67 79 114
67 75 114
12 72 67
12 54 67
12 121 67
83 86 12
61 83 12
63 83 12
20 103 83
20 32 83
20 101 83
15 128 20
23 128 20
110 128 20
14 120 128
90 120 128
51 120 128
9 76 120
76 102 120
76 80 120
24 71 76
29 71 76
71 73 76
26 43 71
43 119 71
43 44 71
56 92 43
56 105 43
50 56 43
13 127 56
13 82 56
13 122 56
49 94 13
49 96 13
30 49 13
21 109 49
93 109 49
35 109 49
108 115 109
115 117 109
70 115 109
77 106 115
7 106 115
78 106 115
47 57 106
28 57 106
57 84 106
68 116 57
6 116 57
19 116 57
40 45 116
38 45 116
45 91 116
8 34 45
8 65 45
8 31 45
48 81 8
48 113 8
48 58 8
33 118 48
64 118 48
95 118 48
69 100 118
69 124 118
66 69 118
10 107 69
10 36 69
10 11 69
60 87 10
22 60 10
60 97 1
60 88 1
60 123 1
42 60 104
5 60 104
25 60 104
39 60 53
18 60 53
60 62 53
60 111 55
41 60 55
60 125 55
2 60 27
60 89 27
60 85 27
60 74 59
37 60 59
4 60 59
3 60 112
60 126 112
17 60 112
60 98 99
46 60 99
16 60 99
52 60 114
60 79 114
60 75 114
60 72 67
54 60 67
60 121 67
60 86 12
60 61 12
60 63 12
60 103 83
32 60 83
60 101 83
15 60 20
23 60 20
60 110 20
14 60 128
60 90 128
51 60 128
9 60 120
60 102 120
60 80 120
24 60 76
29 60 76
60 73 76
26 60 71
60 119 71
44 60 71
60 92 43
60 105 43
50 60 43
60 127 56
60 82 56
60 122 56
60 94 13
60 96 13
30 60 13
21 60 49
60 93 49
35 60 49
60 108 109
60 117 109
60 70 109
60 77 115
7 60 115
60 78 115
47 60 106
28 60 106
60 84 106
60 68 57
6 60 57
19 60 57
40 60 116
38 60 116
60 91 116
34 60 45
60 65 45
31 60 45
60 81 8
60 113 8
58 60 8
33 60 48
60 64 48
60 95 48
60 100 118
60 124 118
60 66 118
60 107 69
36 60 69
11 60 69
1 60 1
53 60 53
27 60 27
60 112 112
60 114 114
12 60 12
20 60 20
60 120 120
60 71 71
56 60 56
49 60 49
60 115 115
57 60 57
45 60 45
48 60 48
60 69 69
3 17 112
38 64 116
75 112 112
14 119 128
26 42 104
86 128 12
28 113 106
27 37 27
37 44 59
104 121 104
81 113 8
13 44 71
1 75 1
59 71 59
15 100 20
7 78 115
41 99 55
59 75 59
32 103 83
4 37 59
21 93 49
15 110 20
61 63 12
61 86 12
51 109 128
12 86 12
82 122 56
33 95 48
66 73 76
93 119 71
26 44 71
22 112 112
39 87 53
36 107 69
58 91 116
1 42 1
16 44 99
25 104 104
59 80 59
43 88 1
6 68 57
70 117 109
16 46 99
40 74 59
36 66 118
57 113 57
31 107 45
61 69 12
8 96 13
36 89 27
1 120 1
9 102 120
53 83 53
94 124 13
58 118 8
44 119 71
72 121 67
20 104 104
53 62 53
32 101 83
5 72 104
99 121 99
117 120 120
59 65 59
40 91 116
21 35 49
96 114 114
19 33 57
7 68 115
111 125 55
59 112 59
35 100 49
13 63 12
35 99 99
57 85 27
57 112 112
34 64 45
12 128 12
49 123 1
54 112 112
97 108 1
32 64 83
108 116 109
101 126 112
14 43 128
27 38 27
12 45 12
63 67 67
3 30 112
77 109 109
44 104 104
77 85 27
18 62 53
85 89 27
24 123 1
1 88 1
6 122 56
20 110 20
51 114 114
25 42 104
14 90 128
82 127 56
37 86 59
1 66 1
51 76 128
14 24 128
30 114 114
103 110 83
35 93 49
22 51 128
52 104 104
32 59 59
31 116 116
55 103 55
102 124 120
68 70 109
10 98 99
14 53 53
23 110 20
19 94 13
19 68 57
36 75 114
31 122 56
41 103 55
71 115 71
53 57 53
122 127 56
7 77 115
32 53 53
15 87 20
46 102 99
75 79 114
1 5 1
62 85 53
20 72 67
41 111 55
68 76 76
106 116 106
13 34 13
7 40 115
20 38 20
25 50 104
15 57 20
88 123 1
108 117 109
53 55 53
40 79 114
1 2 1
71 82 71
1 104 1
50 92 43
55 56 55
10 64 48
30 96 13
55 79 55
30 86 12
80 102 120
1 20 1
29 73 76
4 32 59
51 123 1
12 50 12
106 117 109
1 67 1
17 126 112
81 87 8
40 51 128
66 124 118
11 89 27
28 47 106
11 117 109
77 102 120
34 58 45
56 108 56
97 123 1
47 117 109
13 55 55
106 107 106
8 53 53
25 113 104
80 103 83
52 62 53
55 125 55
24 73 76
88 97 1
36 93 49
38 40 116
52 99 99
45 108 109
12 32 12
12 112 112
20 34 20
59 90 59
61 126 112
53 79 53
61 112 112
98 121 99
59 99 59
15 53 53
35 76 76
53 99 53
2 94 27
15 90 20
50 95 43
1 112 1
70 108 109
61 115 12
66 106 106
107 124 118
1 51 1
32 112 112
69 89 27
26 70 71
22 87 10
101 103 83
100 124 118
8 18 53
16 111 55
31 40 116
65 95 45
3 14 112
54 125 55
50 57 43
31 65 45
1 52 1
78 114 114
5 42 104
3 9 112
16 98 99
10 116 116
12 71 12
49 55 55
72 104 104
26 68 71
114 116 114
40 47 106
34 65 45
30 50 43
33 53 53
14 51 128
55 104 104
72 123 1
1 25 1
7 19 115
50 55 55
43 104 104
35 40 49
8 27 27
127 128 128
58 76 76
29 47 76
112 124 112
39 99 53
30 94 13
104 126 104
89 115 27
2 20 27
1 118 1
46 98 99
78 125 55
93 104 104
33 107 48
50 53 53
18 39 53
113 114 114
18 69 53
71 81 71
46 96 99
3 79 112
59 86 59
64 95 48
77 78 115
51 87 128
10 80 120
54 72 67
38 113 116
70 121 67
65 86 12
35 53 53
49 121 67
3 28 112
70 92 43
26 58 71
2 85 27
12 14 12
15 23 20
17 87 112
99 113 99
53 59 53
113 128 128
6 19 57
56 73 76
77 89 27
10 75 114
10 65 45
33 64 48
47 111 55
54 97 1
105 106 43
34 87 45
34 83 83
27 53 53
7 83 83
43 84 43
49 84 49
59 107 59
68 95 57
67 72 67
41 82 55
42 50 104
16 36 99
81 116 116
99 114 99
16 53 53
99 128 99
36 118 118
42 74 104
89 102 27
37 72 59
27 72 27
21 55 55
45 109 109
86 97 1
13 14 128
52 79 114
58 113 8
20 31 20
47 52 114
20 115 20
27 52 27
82 108 56
17 53 53
24 29 76
24 89 27
19 98 99
33 90 128
54 121 67
26 62 53
7 93 49
19 119 71
82 103 83
36 98 99
14 27 27
39 62 53
10 103 83
103 123 1
53 121 53
43 127 43
49 114 114
12 93 12
56 122 56
76 91 76
75 94 114
22 31 45
1 97 1
1 56 1
57 102 120
51 99 99
92 99 99
87 95 48
9 84 120
64 99 99
60 109 109
32 83 83
35 58 49
31 85 27
40 107 116
71 103 83
73 83 83
81 106 106
50 105 43
1 59 1
19 74 59
55 73 55
45 116 116
83 100 83
7 49 49
10 52 114
95 113 8
18 98 53
27 29 27
54 83 67
19 113 57
42 66 104
31 119 71
91 106 106
6 37 59
109 114 114
1 123 1
40 100 116
46 106 99
6 51 128
9 64 120
3 46 112
96 127 56
113 118 8
21 116 49
54 94 67
11 107 69
55 111 55
1 16 1
12 115 12
20 62 53
76 98 99
47 69 106
50 124 43
16 37 59
14 17 112
7 121 67
17 34 112
73 86 12
5 93 104
105 119 71
57 70 109
77 128 128
47 95 106
79 100 114
11 36 69
83 119 83
66 93 49
62 109 53
68 120 120
99 106 99
9 80 120
26 94 71
92 120 120
15 37 59
52 75 114
66 100 118
79 88 1
4 34 59
22 83 83
20 23 20
17 128 112
1 114 1
101 123 1
72 124 67
19 124 57
34 82 56
30 52 114
49 104 104
76 104 104
19 107 57
23 118 20
12 74 59
90 125 55
31 34 45
8 56 56
116 125 55
11 119 71
33 119 71
106 114 114
27 114 27
19 117 109
36 110 20
27 126 27
91 107 116
78 83 83
94 96 13
12 30 12
3 59 59
55 89 55
21 111 55
33 59 59
41 98 55
9 89 27
13 112 112
24 26 76
99 108 99
54 98 99
19 105 43
67 91 67
13 93 13
26 108 71
73 99 99
9 26 120
112 116 112
48 67 67
16 51 99
36 50 43
92 114 114
1 18 1
65 128 128
12 125 55
27 46 27
17 93 112
50 115 43
20 39 53
52 112 112
12 80 12
53 56 53
3 112 112
24 101 83
22 98 99
36 53 53
22 28 106
21 67 67
2 43 27
26 67 67
73 77 76
8 95 8
37 104 104
111 119 55
61 73 12
15 76 20
28 93 49
74 122 59
55 99 55
92 105 43
2 89 27
39 117 53
69 122 56
63 98 99
9 28 120
34 79 114
65 124 45
28 88 1
32 117 83
31 72 67
64 122 56
14 29 128
42 115 104
56 100 56
61 118 12
35 112 112
99 122 99
38 125 55
23 114 114
41 125 55
17 116 112
40 94 13
94 112 112
111 116 55
27 59 27
27 36 27
61 75 114
8 85 27
26 88 1
34 104 104
29 114 114
24 113 76
38 74 59
66 125 55
15 25 104
51 79 114
13 29 76
19 64 57
38 91 116
43 69 43
8 20 20
53 90 53
55 102 55
3 109 112
42 83 104
99 105 99
2 55 55
1 62 1
5 25 104
83 124 83
46 64 99
17 124 112
48 55 55
41 69 55
2 37 27
7 95 115
20 40 20
5 124 104
10 34 45
59 74 59
65 115 115
58 117 109
65 100 45
87 109 109
34 37 59
29 105 76
26 119 71
49 111 55
19 77 115
63 87 12
12 99 99
11 95 48
9 95 120
55 63 55
66 94 13
19 126 112
56 57 56
77 111 55
108 118 109
3 66 112
4 59 59
75 104 104
90 105 128
117 118 109
11 125 55
104 106 104
1 55 1
64 83 83
36 91 116
56 104 104
28 114 114
63 99 99
86 98 99
53 117 53
67 99 99
38 71 71
43 58 43
77 95 115
12 67 67
87 122 56
15 124 20
101 114 114
80 105 120
64 89 27
63 114 114
62 91 53
56 81 56
96 98 99
10 50 43
4 51 59
19 96 13
22 59 59
20 109 20
61 116 12
28 84 106
57 91 57
9 119 120
3 115 112
35 119 71
32 82 83
19 58 57
33 87 48
3 48 112
76 97 1
57 66 57
58 81 8
23 42 104
31 113 45
12 20 12
12 51 12
36 58 8
11 66 118
70 110 20
53 98 53
75 117 114
86 115 12
16 72 99
35 87 49
51 112 112
48 122 56
4 57 59
56 121 67
14 55 55
90 97 1
11 87 69
14 67 67
4 74 59
37 83 59
13 116 13
23 115 20
52 59 59
69 95 48
19 70 109
71 122 71
53 63 53
6 62 53
22 77 115
22 95 48
3 34 112
1 3 1
20 105 20
1 41 1
16 68 99
28 96 13
30 48 13
39 88 1
20 119 20
12 55 55
78 128 128
110 114 114
24 90 128
20 36 20
73 115 76
9 27 27
14 101 83
98 106 99
66 81 8
26 46 99
14 68 128
25 56 104
18 100 53
11 100 118
78 115 115
53 127 53
12 18 53
40 125 55
86 103 12
15 114 114
12 103 12
55 121 55
33 96 13
8 41 55
27 99 27
17 94 112
53 85 53
8 61 12
9 29 120
12 28 12
19 120 120
62 65 53
83 112 112
33 69 48
48 99 99
16 27 27
63 97 1
56 71 71
61 99 99
26 66 71
8 69 8
98 112 112
80 107 120
55 74 55
47 93 49
2 41 55
19 54 67
25 54 104
45 100 45
60 116 116
26 78 71
13 74 59
42 100 104
18 47 53
33 71 71
2 127 27
36 124 118
51 90 128
8 63 12
52 65 114
57 119 71
11 40 116
4 61 59
6 67 67
15 73 20
46 89 27
24 76 76
53 70 53
39 47 53
17 59 59
59 66 59
6 11 57
54 67 67
3 78 112
40 86 12
3 44 112
44 67 67
79 95 114
56 115 56
83 128 83
96 116 13
27 55 55
8 24 76
78 123 1
94 123 1
107 113 8
83 110 83
83 105 83
12 35 12
35 44 71
64 116 116
28 81 106
86 114 114
16 55 55
46 52 99
17 31 112
100 123 1
87 102 120
96 108 13
30 116 13
35 66 49
21 70 49
61 105 12
44 68 71
44 58 71
66 112 112
61 66 12
59 98 59
71 86 12
24 121 67
1 124 1
32 36 83
20 27 27
22 96 13
16 84 99
5 76 104
47 118 106
23 53 53
1 98 1
53 107 53
18 97 1
1 53 1
83 90 83
55 60 55
19 88 1
28 77 115
23 99 99
118 128 128
12 101 12
42 104 104
58 68 57
14 73 128
53 89 53
6 73 76
81 101 83
47 71 71
68 109 109
64 78 115
30 78 13
1 126 1
11 58 8
36 38 116
1 22 1
10 32 83
20 33 20
87 91 116
92 127 43
83 103 83
42 67 104
41 104 104
29 53 53
63 86 12
57 115 115
6 97 1
6 38 57
50 97 1
53 61 53
36 84 106
11 124 118
33 41 55
100 115 115
75 109 114
83 99 99
3 98 112
20 48 20
4 27 27
60 99 99
21 59 59
10 22 10
34 38 116
27 88 1
6 31 57
95 106 106
10 110 20
38 50 43
84 94 13
54 70 67
18 76 53
34 59 59
1 90 1
64 100 48
12 58 12
31 81 45
6 104 104
45 49 49
58 84 106
40 104 104
6 61 12
34 76 76
43 61 12
58 100 8
29 33 76
103 112 112
10 26 71
3 12 112
22 90 128
27 83 27
82 92 43
41 117 55
5 108 104
6 48 57
84 120 120
25 125 104
12 27 27
98 104 104
76 127 76
76 122 76
22 100 118
4 53 53
11 70 109
29 109 76
39 83 53
61 92 12
4 88 1
9 107 120
56 70 56
99 123 1
3 124 112
40 62 53
10 108 109
16 42 104
26 33 71
93 98 99
6 102 120
88 121 1
106 111 55
29 104 104
34 36 45
54 104 104
15 54 67
92 102 120
44 59 59
26 76 76
49 91 49
99 109 99
10 56 56
43 109 43
9 12 12
46 120 99
52 81 114
2 113 27
11 12 12
51 105 128
37 81 59
2 105 27
22 73 76
12 23 12
34 53 53
40 56 56
112 128 112
36 61 12
15 39 53
6 64 57
27 119 27
92 122 43
51 84 128
11 112 112
86 94 12
5 103 104
26 115 71
115 127 56
55 93 55
101 112 112
55 106 55
1 100 1
65 126 112
53 96 53
68 115 115
88 103 1
72 88 1
23 59 59
15 41 55
11 97 1
104 114 104
34 78 115
29 41 55
62 92 53
3 53 53
115 124 115
38 57 57
18 123 1
75 127 114
16 112 112
48 104 104
118 119 71
31 95 45
44 79 114
11 17 112
6 81 57
21 84 49
35 75 114
4 128 59
100 113 8
35 126 112
46 73 99
77 123 1
27 103 27
24 51 128
20 128 20
70 123 1
15 44 20
41 84 55
31 82 56
66 70 109
119 120 120
1 106 1
5 118 104
71 101 83
36 54 67
45 125 55
53 71 53
1 71 1
1 96 1
6 36 57
4 85 27
77 107 115
40 83 83
14 30 128
52 95 114
71 77 71
7 120 120
73 79 114
36 99 99
91 103 83
22 107 69
19 44 71
42 75 104
55 75 55
46 53 53
16 76 99
10 100 118
54 122 67
53 104 104
107 115 115
24 41 55
30 43 43
88 117 1
92 121 67
21 113 49
7 124 115
37 59 59
29 70 76
53 128 53
26 85 27
31 47 106
7 71 71
91 119 71
23 72 67
51 58 128
124 128 128
45 124 45
48 76 76
80 82 120
48 105 43
110 127 20
44 118 71
12 78 12
43 60 43
80 99 99
31 94 13
23 63 12
22 64 48
12 37 59
113 120 120
78 108 109
28 62 53
34 40 116
25 75 104
57 100 57
33 112 112
52 80 114
52 53 53
46 80 99
19 93 49
68 122 56
92 115 43
46 55 55
27 67 27
56 63 12
27 64 27
44 107 71
104 110 104
25 121 104
6 128 128
21 81 49
42 118 104
101 106 83
61 102 12
22 89 27
48 77 115
3 92 112
59 126 59
40 54 67
58 128 128
20 53 53
14 32 83
31 51 128
22 35 49
57 117 109
27 65 27
6 10 57
55 119 55
49 67 67
29 108 76
27 82 27
91 115 115
61 125 55
58 111 55
6 16 99
56 85 27
7 56 56
35 72 67
78 110 20
103 127 83
36 100 118
37 53 53
14 46 99
24 39 53
23 121 67
49 124 49
17 75 112
28 85 27
31 80 120
31 33 45
63 116 12
43 116 43
39 77 53
10 42 104
26 98 99
55 80 55
65 83 83
11 20 20
60 67 67
9 75 114
59 92 59
29 115 76
13 101 83
69 114 114
44 85 27
61 114 114
47 84 106
9 121 67
1 39 1
2 125 55
22 32 83
55 114 55
8 36 8
114 120 114
7 31 115
2 72 27
31 61 12
55 92 55
24 116 76
50 112 112
73 128 128
64 123 1
27 94 27
5 119 104
51 104 104
23 70 20
62 103 53
9 20 20
9 74 59
43 128 128
69 70 109
1 103 1
53 126 53
87 118 118
10 81 8
27 120 27
30 36 13
19 104 104
28 112 112
85 116 27
81 90 128
67 112 112
13 114 114
63 96 12
15 48 20
13 26 71
71 112 112
90 101 83
17 91 112
18 72 53
39 111 53
53 72 53
62 90 53
2 77 27
8 47 106
106 108 109
8 66 8
69 91 116
99 100 99
36 102 120
83 96 83
45 84 106
107 121 67
59 109 59
53 65 53
38 127 56
42 43 104
47 116 106
41 72 55
5 33 104
20 51 20
104 105 104
38 80 120
8 74 59
36 95 48
30 120 120
89 94 27
13 28 13
45 47 106
15 55 55
111 118 55
16 104 104
6 50 43
97 117 1
33 84 106
93 121 67
18 33 53
108 111 55
56 83 83
21 29 76
55 126 55
22 124 118
118 120 120
19 90 128
68 124 57
32 62 53
10 30 13
40 87 116
66 101 83
4 84 59
57 107 57
21 123 1
64 107 48
104 118 104
67 114 114
2 98 27
55 101 55
76 111 55
31 45 45
47 128 128
75 118 114
38 120 120
56 61 12
47 107 106
98 101 99
40 88 1
73 76 76
17 76 112
87 117 109
57 87 57
98 103 99
55 59 55
19 87 57
34 92 43
70 124 109
40 66 116
15 123 1
94 120 120
53 106 53
62 77 53
52 96 114
17 27 27
63 108 12
21 33 49
47 99 99
94 110 20
5 92 104
53 105 53
7 128 128
3 127 112
28 54 67
5 52 104
63 118 12
108 125 55
32 56 83
106 112 112
92 119 71
9 72 67
23 106 20
100 118 118
45 115 115
61 90 12
13 124 13
22 123 1
7 72 67
8 38 116
21 66 49
94 105 43
14 54 67
12 34 12
64 125 55
2 100 27
64 102 120
62 125 53
45 71 71
30 98 99
66 99 99
19 102 120
19 50 43
27 121 27
18 82 53
49 56 56
39 68 53
71 127 71
27 61 27
8 117 109
31 66 45
86 113 12
25 127 104
15 96 20
15 30 20
35 41 55
11 105 43
66 75 114
82 116 56
26 59 59
113 116 116
55 72 55
28 76 76
64 119 71
52 120 114
71 105 71
13 77 13
90 110 20
9 77 120
58 124 8
18 53 53
44 83 83
3 101 112
9 68 120
98 111 55
8 116 116
67 85 27
18 49 53
11 44 71
78 122 56
14 94 128
96 124 13
13 38 13
71 74 59
2 123 1
102 114 114
31 103 83
53 67 53
45 62 53
42 86 104
16 81 99
70 114 114
7 8 115
81 95 8
1 13 1
45 122 56
79 104 104
66 87 118
76 103 83
35 51 128
39 104 104
57 58 57
20 26 20
64 81 8
43 92 43
63 100 12
26 102 120
31 87 45
36 55 55
11 33 48
16 103 99
39 43 53
10 13 13
65 106 106
67 104 104
65 71 71
43 51 128
6 93 49
43 68 43
15 46 99
28 109 109
14 128 128
22 115 115
56 112 112
93 124 49
48 56 56
101 127 83
40 72 67
46 104 104
34 113 45
80 104 104
27 76 27
11 127 56
1 47 1
49 95 49
52 77 114
28 45 106
49 71 71
10 126 112
29 112 112
65 118 45
56 107 56
41 53 53
75 111 55
56 118 56
65 74 59
42 44 104
27 48 27
35 59 59
26 86 12
95 117 109
95 107 48
55 112 55
28 75 114
36 43 43
5 47 104
4 62 53
43 81 43
82 106 56
4 124 59
101 117 83
78 91 115
1 27 1
116 120 120
22 116 116
110 119 20
7 55 55
6 58 57
70 100 109
16 24 99
85 88 1
50 107 43
3 126 112
33 85 27
14 121 67
47 127 56
13 39 53
43 112 112
90 94 128
55 120 55
33 48 48
42 87 104
26 32 83
118 121 67
58 126 112
11 55 55
53 116 53
33 70 109
24 48 76
63 125 55
92 95 43
32 107 83
62 114 53
10 25 104
28 121 67
28 35 49
23 35 20
75 114 114
21 27 27
82 123 1
7 53 53
55 100 55
17 61 112
37 55 55
3 38 112
112 126 112
83 125 55
4 28 59
1 17 1
21 92 43
51 93 128
71 114 114
65 87 45
5 123 1
78 86 12
33 34 45
27 58 27
69 79 114
26 27 27
119 122 71
8 28 106
2 76 27
39 100 53
1 32 1
65 76 76
34 101 83
1 54 1
44 71 71
79 91 114
68 123 1
11 68 57
23 46 99
4 96 59
90 128 128
87 96 13
102 111 55
91 110 20
19 128 128
113 122 56
18 127 53
99 127 99
64 114 114
36 87 69
24 67 67
8 11 8
106 113 106
69 96 13
41 54 55
21 99 99
13 120 120
27 92 27
39 93 53
79 118 114
17 43 112
84 107 106
43 66 43
10 113 8
6 22 57
27 124 27
73 114 114
50 76 76
73 80 120
67 98 99
7 117 109
24 35 76
67 128 67
34 105 43
13 53 53
34 119 71
98 124 99
10 122 56
20 94 20
14 115 128
50 126 112
35 80 120
61 80 12
59 113 59
114 115 114
10 59 59
80 114 114
22 102 120
13 76 76
79 120 114
15 63 12
100 110 20
69 128 128
37 74 59
27 98 27
81 99 99
34 84 106
7 12 12
12 118 12
49 53 53
68 83 83
72 100 67
84 96 13
8 108 109
78 81 115
120 124 120
26 128 128
72 116 67
104 120 104
47 82 56
20 74 59
79 93 114
11 114 114
23 67 67
56 84 56
11 22 69
66 95 48
48 61 12
85 103 27
48 92 43
35 103 83
58 65 45
10 111 55
1 105 1
21 36 49
76 86 12
13 115 13
58 73 76
67 106 67
36 120 120
86 102 12
57 93 49
76 112 112
13 78 13
25 112 104
33 61 12
64 103 83
13 52 114
97 121 1
22 29 76
33 43 43
7 67 67
23 82 20
29 123 1
67 73 67
43 99 99
47 81 106
66 118 118
11 53 53
21 95 49
29 85 27
33 56 56
33 116 116
30 119 71
3 118 112
90 115 128
91 113 116
34 74 59
106 115 115
7 98 99
17 18 53
26 77 71
33 58 8
56 93 56
36 51 128
16 99 99
49 69 49
7 28 115
48 66 48
7 64 115
94 117 13
25 97 1
65 66 45
22 36 69
62 84 53
21 54 67
3 113 112
71 104 104
10 29 76
96 118 13
13 113 13
53 77 53
70 120 120
99 104 104
95 115 115
54 69 67
24 37 59
59 102 59
71 78 71
19 65 57
67 70 67
43 70 43
62 104 104
58 80 120
89 103 27
91 108 109
19 95 57
61 89 27
50 71 71
50 117 43
10 53 53
54 99 99
23 66 20
6 53 53
11 43 43
31 37 59
1 89 1
32 96 83
14 23 20
26 53 53
34 63 12
31 83 83
24 56 76
78 84 115
54 74 59
65 68 57
49 82 56
43 65 43
87 105 43
6 23 20
34 70 109
78 112 112
15 34 20
31 68 57
76 108 76
107 108 109
115 120 120
10 66 118
7 43 43
49 78 49
8 73 76
56 119 71
76 78 76
6 121 67
8 58 8
12 87 12
2 53 53
55 61 55
122 128 128
73 125 55
68 114 114
78 100 115
11 82 56
55 67 55
53 69 53
29 38 76
56 88 1
54 118 67
69 101 83
58 64 8
12 127 12
41 55 55
36 116 116
68 96 13
104 111 104
17 103 112
36 47 106
95 109 109
23 52 114
43 115 43
18 48 53
31 100 45
82 87 56
13 98 99
93 118 49
28 59 59
12 109 12
28 64 106
53 82 53
102 119 120
89 104 104
18 110 53
12 33 12
100 117 109
6 13 13
19 100 57
49 70 49
109 113 109
41 49 55
38 107 116
7 22 115
1 99 1
7 44 71
63 123 1
5 22 104
18 104 104
2 40 27
76 123 1
6 54 67
37 92 59
47 72 67
17 51 112
87 121 67
40 64 116
41 91 55
63 112 112
84 93 49
9 106 120
33 76 76
24 105 76
23 102 20
10 28 106
121 124 67
47 53 53
37 67 59
93 128 128
104 125 104
54 90 67
98 99 99
70 111 55
29 95 76
10 114 114
27 75 27
67 119 67
8 105 43
18 64 53
1 121 1
72 96 67
115 122 56
14 42 104
62 119 53
51 116 128
46 68 99
99 124 99
6 55 55
59 87 59
9 53 53
30 70 13
21 41 55
8 82 56
42 61 104
18 121 53
54 101 67
37 123 1
83 127 83
41 118 55
8 107 8
10 106 106
61 77 12
4 80 59
68 108 109
34 35 49
48 118 48
91 114 114
76 93 76
53 86 53
34 48 45
90 102 128
56 99 99
68 127 56
5 121 104
51 67 67
49 81 49
45 65 45
31 106 106
59 124 59
78 80 120
43 55 55
56 113 56
23 124 20
32 55 55
72 110 67
52 106 114
26 50 71
6 119 71
35 77 49
34 115 115
71 119 71
41 75 55
30 122 56
23 93 20
17 67 112
40 85 27
56 96 56
11 99 99
62 121 53
82 101 83
12 107 12
45 79 114
58 69 8
28 94 13
7 118 115
87 94 13
23 125 55
16 123 1
108 113 109
23 107 20
84 95 106
17 96 112
67 105 67
3 62 53
49 73 76
13 65 13
25 101 104
3 119 112
69 113 8
81 89 27
121 128 67
91 96 13
96 128 128
26 48 71
15 102 20
31 38 116
30 40 13
73 78 76
48 102 120
83 114 114
41 113 55
74 104 104
97 122 1
44 63 12
40 124 116
2 56 27
23 127 20
66 113 8
10 71 71
20 78 20
59 79 59
6 43 43
71 107 71
24 66 76
34 81 45
94 113 13
62 116 53
88 100 1
61 96 12
49 76 76
51 122 128
23 55 55
41 122 55
21 61 12
42 98 104
15 120 20
19 108 109
49 66 49
113 124 8
10 38 116
120 123 1
49 120 120
52 114 114
6 78 115
91 101 83
27 34 27
55 82 55
56 64 56
71 76 76
75 76 114
44 96 71
19 48 57
21 65 49
55 65 55
20 30 20
5 104 104
91 105 43
18 77 53
26 72 67
83 101 83
43 72 67
13 89 27
39 57 53
21 28 49
8 124 8
9 94 120
114 127 114
7 110 20
9 82 120
43 90 128
51 107 128
82 111 55
28 110 20
36 81 8
21 102 120
42 68 104
86 107 12
14 83 83
43 96 43
50 113 43
17 81 112
53 112 53
14 45 128
66 71 71
28 67 67
45 51 128
52 118 114
76 118 76
23 89 27
40 93 49
5 73 104
1 81 1
56 75 114
20 59 59
37 82 59
81 117 109
30 68 13
68 82 56
6 66 57
1 34 1
61 127 12
48 91 116
7 116 115
36 113 8
12 17 112
27 73 27
46 93 99
22 27 27
10 102 120
25 71 104
13 104 104
32 122 83
22 44 71
87 90 128
66 110 20
93 94 13
21 80 120
27 113 27
37 75 59
68 112 112
124 127 56
55 94 55
105 110 20
87 93 49
32 104 104
44 49 71
24 28 76
55 71 55
43 76 76
20 80 20
11 29 76
34 43 43
28 58 106
20 83 83
44 52 114
75 96 114
42 71 104
109 126 112
71 118 71
5 114 104
43 62 53
48 112 112
64 105 43
56 128 128
84 112 112
29 56 76
45 119 71
48 119 71
11 30 13
18 52 53
44 73 76
22 103 83
30 74 59
25 58 104
11 21 49
32 68 83
15 67 67
10 21 49
6 108 109
51 66 128
5 110 104
116 122 56
11 27 27
53 94 53
41 90 55
24 55 55
48 88 1
109 125 55
29 96 76
13 83 83
73 105 76
18 117 53
65 99 99
46 113 99
75 77 114
45 58 45
40 114 114
1 14 1
65 78 115
115 128 128
44 111 55
12 42 104
6 70 109
18 79 53
33 80 120
34 98 99
14 114 114
28 120 120
56 114 114
63 120 12
28 34 106
7 35 49
36 69 69
30 31 13
50 100 43
44 112 112
81 91 116
49 116 49
18 32 53
33 78 115
89 122 27
45 89 27
109 122 56
6 20 20
100 122 56
43 64 43
9 112 112
83 93 83
40 84 106
9 99 99
25 68 104
22 58 8
44 45 71
87 107 69
54 114 114
13 20 20
70 83 83
10 82 56
43 45 43
20 123 1
82 117 56
24 57 76
108 122 56
18 101 53
25 28 104
59 108 59
113 127 56
25 77 104
76 81 76
56 68 56
48 103 83
43 48 43
70 95 109
72 101 67
20 81 20
54 85 27
11 78 115
39 81 53
16 20 99
109 118 109
10 109 109
36 80 120
88 115 1
69 75 114
6 94 13
24 53 53
9 83 83
99 111 55
107 111 55
13 103 83
3 27 27
33 102 120
79 114 114
41 86 55
10 84 106
26 49 71
73 90 128
14 25 104
1 26 1
52 84 114
102 112 112
11 38 116
6 96 13
75 128 114
53 114 53
26 41 55
17 48 112
4 52 59
4 95 59
10 47 106
12 24 12
36 67 67
94 99 99
58 77 115
13 107 13
28 106 106
4 36 59
21 53 53
52 91 114
18 40 53
19 73 76
44 109 71
36 74 59
7 82 56
21 40 49
9 44 120
36 56 56
33 94 13
17 73 112
50 66 43
67 123 1
43 54 67
11 75 114
21 77 49
42 73 104
23 88 1
44 101 83
15 19 20
23 105 20
15 59 59
50 122 43
74 75 59
84 111 55
38 66 116
63 90 12
79 87 114
78 121 67
16 63 99
3 110 112
25 106 104
30 56 56
70 113 109
19 39 53
47 109 109
47 96 13
31 52 114
26 117 71
20 35 20
31 99 99
19 91 57
103 125 55
12 65 12
4 98 59
2 88 1
15 104 104
5 96 104
7 79 114
5 30 104
9 128 128
29 34 76
6 29 76
62 99 53
56 59 59
43 106 43
5 74 104
52 98 99
3 108 112
30 115 13
31 110 20
18 37 53
54 71 67
23 64 20
35 43 43
3 71 112
25 100 104
89 106 27
40 92 43
35 48 49
6 69 57
64 79 114
25 29 104
11 48 48
24 95 76
27 89 27
28 65 106
43 114 114
3 80 112
76 117 76
83 84 83
4 16 59
52 87 114
28 43 43
72 77 67
35 37 59
59 103 59
53 125 53
29 76 76
44 126 112
28 71 71
95 100 48
8 128 128
73 104 104
46 125 55
49 112 112
37 73 59
28 48 106
29 67 67
3 85 27
3 43 112
51 53 53
32 44 83
23 92 20
11 121 67
6 118 57
64 76 76
39 67 53
66 89 27
24 114 114
35 95 49
43 97 1
83 120 83
18 23 53
1 70 1
55 110 55
1 93 1
109 117 109
20 79 114
40 112 112
65 90 128
67 101 67
77 90 128
53 102 53
83 106 83
1 84 1
93 114 114
51 101 83
35 70 49
92 126 112
25 89 104
51 83 83
74 85 27
66 90 128
15 88 1
54 110 67
47 76 76
83 95 83
67 113 67
66 84 106
8 118 8
83 111 55
82 107 56
36 63 12
20 55 55
42 85 104
26 31 71
12 124 12
68 73 76
42 76 104
28 36 106
13 91 13
107 109 109
10 20 20
36 64 48
27 56 27
38 92 43
4 30 59
67 86 67
52 56 114
42 45 104
66 119 71
9 120 120
101 105 83
32 127 83
71 92 71
39 74 53
19 28 106
63 113 12
9 124 120
8 115 115
8 113 8
59 104 104
12 81 12
32 120 83
37 124 59
23 83 83
66 107 118
58 119 71
56 109 56
34 68 57
65 67 67
53 64 53
76 90 128
64 120 120
1 111 1
1 80 1
76 124 76
95 124 48
1 92 1
27 32 27
22 125 55
30 58 13
5 89 104
7 91 115
37 69 59
27 74 27
37 117 59
71 109 71
1 101 1
4 41 55
80 128 128
27 44 27
85 106 27
3 90 112
68 77 115
58 107 8
43 108 43
94 95 13
5 68 104
38 87 116
14 44 128
45 81 45
103 126 112
107 126 112
7 69 115
52 73 114
64 113 8
66 77 115
9 40 120
5 75 104
21 110 20
47 58 106
2 27 27
30 107 13
8 121 67
75 121 114
4 75 59
29 35 76
10 24 76
67 116 67
24 42 104
29 36 76
21 43 43
10 112 112
18 58 53
50 83 83
35 81 49
48 94 13
28 127 56
34 42 104
26 110 20
38 49 49
26 71 71
31 74 59
24 104 104
85 124 27
19 40 57
35 102 120
74 105 59
36 49 49
69 90 128
88 99 1
103 108 83
48 82 56
43 87 43
49 113 49
123 126 1
51 59 59
17 50 112
87 124 118
63 68 12
62 70 53
22 76 76
30 84 13
16 58 99
7 109 109
54 57 67
55 85 55
29 45 76
23 73 20
7 88 1
114 119 114
14 100 128
82 119 71
43 83 83
24 75 114
76 116 76
40 128 128
43 102 120
67 122 67
9 59 59
104 109 104
76 99 99
33 89 27
25 98 104
112 115 112
66 111 55
69 123 1
26 51 128
29 124 76
13 118 13
49 128 128
24 25 104
34 86 12
38 104 104
59 91 59
81 118 8
96 112 112
13 70 13
2 73 27
65 119 71
71 117 71
10 119 71
80 126 112
117 122 56
57 120 120
34 56 56
54 87 67
63 104 104
1 86 1
8 30 13
49 126 112
54 95 67
33 77 115
23 62 53
34 69 45
22 53 53
33 74 59
92 128 128
36 78 115
103 114 114
92 112 112
11 115 115
4 93 59
77 119 71
1 8 1
41 70 55
36 77 115
91 126 112
58 75 114
8 21 49
35 54 67
38 70 109
110 112 112
36 57 57
12 36 12
75 126 112
75 84 114
31 35 49
96 120 120
1 125 1
62 67 53
8 75 114
52 58 114
50 91 43
10 78 115
50 110 20
57 59 59
16 30 99
102 104 104
79 106 114
19 51 128
31 115 115
83 87 83
16 90 99
76 101 83
29 81 76
35 62 53
81 102 120
38 119 71
88 118 1
94 111 55
38 47 106
96 109 13
28 115 115
35 79 114
75 89 27
19 45 57
17 98 112
53 101 53
85 108 27
32 126 112
50 127 43
11 122 56
68 90 128
95 102 120
91 128 128
1 23 1
38 39 53
84 110 20
58 66 8
31 43 43
69 105 43
42 70 104
10 12 12
3 31 112
6 84 106
22 24 76
13 75 114
13 22 13
47 55 55
90 126 112
31 118 45
104 112 104
17 117 112
5 125 104
26 34 71
58 74 59
83 98 99
79 110 114
113 117 109
69 97 1
3 65 112
78 94 13
72 78 67
104 108 104
4 10 59
91 118 116
16 109 99
6 113 57
20 69 20
58 116 116
39 53 53
74 102 59
56 58 56
38 82 56
15 111 55
7 115 115
9 116 120
38 103 83
48 59 59
29 116 76
3 114 112
7 58 115
51 100 128
77 110 20
64 69 48
72 82 67
31 67 67
55 113 55
58 87 8
66 67 67
2 4 27
21 26 71
80 89 27
12 102 12
65 81 45
12 119 12
14 112 112
7 36 115
7 13 13
22 114 114
69 82 56
39 66 53
4 68 59
87 99 99
94 97 1
1 94 1
51 108 128
45 112 112
22 81 8
30 82 56
40 117 109
20 71 20
91 102 120
32 39 53
26 73 76
28 91 106
62 112 53
38 61 12
84 102 120
119 123 1
4 109 59
50 65 43
12 41 55
48 96 13
30 81 13
64 112 112
28 128 128
106 119 71
48 83 83
21 62 53
26 116 71
27 70 27
21 87 49
72 128 67
47 65 106
108 127 56
11 103 83
53 119 53
44 72 67
6 80 120
84 116 106
12 69 12
108 109 109
33 54 67
14 95 128
92 96 43
34 80 120
42 127 104
58 110 20
1 43 1
68 101 83
12 53 53
59 96 59
104 119 104
14 77 128
67 125 55
106 109 109
5 7 104
10 91 116
24 58 76
36 62 53
107 116 116
59 120 59
53 110 53
6 74 59
42 108 104
22 113 8
14 65 128
13 57 13
56 127 56
21 107 49
70 87 109
10 101 83
32 72 67
12 48 12
104 127 104
18 20 53
19 47 106
93 95 49
101 102 83
5 127 104
54 68 67
116 118 116
10 77 115
1 119 1
3 22 112
8 59 59
33 93 49
22 34 45
57 76 76
37 122 59
45 121 67
57 68 57
28 73 76
34 90 128
10 67 67
15 83 83
6 45 57
38 89 27
9 24 120
31 96 13
6 12 12
100 107 118
78 99 99
56 76 76
26 90 128
39 65 53
40 121 67
50 106 43
20 65 20
30 53 53
72 99 99
114 121 114
58 109 109
17 55 55
44 92 71
2 104 104
13 102 120
15 72 67
13 35 13
28 42 104
13 84 13
21 32 83
14 118 128
51 56 128
7 87 115
77 115 115
72 112 112
12 88 1
55 122 55
30 75 114
109 116 109
13 36 13
47 92 43
1 85 1
50 59 59
10 62 53
29 77 76
24 65 76
82 90 128
48 101 83
27 107 27
7 11 115
43 105 43
10 128 128
46 99 99
37 63 59
78 113 115
102 128 128
68 93 49
102 110 20
29 99 99
86 123 1
82 128 128
20 29 20
33 50 43
7 114 114
54 73 67
27 128 27
50 104 104
32 110 83
26 107 71
92 107 43
83 117 83
96 99 99
49 93 49
84 103 83
57 126 112
84 106 106
30 47 13
11 109 109
28 68 106
100 128 128
73 117 76
16 40 99
55 87 55
103 124 83
34 107 45
67 121 67
93 100 49
46 77 99
55 83 55
1 11 1
20 76 20
8 33 8
34 112 112
107 117 109
54 56 67
27 71 27
27 85 27
26 87 71
8 126 112
2 50 27
83 92 83
69 76 76
36 40 116
32 99 99
30 99 99
59 116 59
58 67 67
45 85 27
44 81 71
2 45 27
12 75 114
13 46 99
6 124 57
61 117 12
79 107 114
1 37 1
46 56 99
49 79 114
50 62 53
90 107 128
42 80 104
37 47 59
21 108 49
57 105 43
30 64 13
14 91 128
9 123 1
16 65 99
78 82 56
44 76 76
81 93 49
47 83 83
92 104 104
84 115 115
19 38 57
6 18 53
35 105 43
13 71 71
49 99 99
43 59 59
66 121 67
40 48 116
38 43 43
33 124 48
46 61 99
57 80 120
77 94 13
35 36 49
2 97 1
22 78 115
72 105 67
44 84 71
3 55 55
45 76 76
56 77 56
50 101 83
44 127 71
52 111 55
57 94 13
57 82 56
52 66 114
28 70 109
96 100 13
69 85 27
51 111 55
92 100 43
34 114 114
76 100 76
66 115 115
56 91 56
6 115 115
7 57 115
70 98 99
4 104 104
13 59 59
49 115 49
7 30 13
28 55 55
64 128 128
11 94 13
12 15 12
33 42 104
5 62 104
35 68 49
102 122 120
14 52 114
27 79 27
48 115 115
93 117 49
85 113 27
8 12 12
107 114 114
42 88 1
9 67 67
53 73 53
71 87 71
62 95 53
26 92 71
52 90 114
29 82 76
34 41 55
59 93 59
45 57 57
1 122 1
81 108 109
73 116 76
61 107 12
55 105 55
34 118 45
101 122 83
81 115 115
41 101 55
10 76 76
35 128 128
88 113 1
82 98 99
79 121 114
38 102 120
85 105 27
35 69 49
25 67 104
2 15 27
117 124 109
61 100 12
53 76 53
77 126 112
35 108 49
97 116 1
14 104 104
80 121 67
10 58 8
5 26 104
34 121 67
87 125 55
21 52 114
50 67 67
38 86 12
50 120 120
45 56 56
82 125 55
28 66 106
81 97 1
110 113 20
34 93 49
62 73 53
39 90 53
74 91 59
39 102 53
34 126 112
27 100 27
96 117 13
33 128 128
39 128 53
10 124 118
97 103 1
44 62 53
22 63 12
86 112 112
11 18 53
59 82 59
40 65 116
48 123 1
37 98 59
28 100 106
27 30 27
12 70 12
1 4 1
24 88 1
24 119 76
63 64 12
35 115 49
46 118 99
85 109 27
10 40 116
46 47 99
8 90 128
29 92 76
4 105 59
4 72 59
6 27 27
78 118 115
23 76 20
70 125 55
11 64 48
44 105 71
5 38 104
79 83 114
13 67 67
76 84 76
88 108 1
126 127 112
119 128 128
21 71 71
21 58 49
103 118 83
4 19 59
16 127 99
55 84 55
20 120 20
24 77 76
2 51 27
28 33 106
15 42 104
22 106 106
8 81 8
20 84 20
52 116 114
72 115 67
87 128 128
59 105 59
72 97 1
16 87 99
111 128 55
26 38 71
4 44 59
31 127 56
7 65 115
12 90 12
24 86 12
15 32 83
71 83 83
32 97 1
26 79 114
2 93 27
22 105 43
105 126 112
16 79 99
59 83 59
31 71 71
86 116 12
101 125 55
69 116 116
83 91 83
43 67 67
49 59 59
38 109 109
30 112 112
84 85 27
29 64 76
41 78 55
4 76 59
4 82 59
64 91 116
23 78 20
78 103 83
27 102 27
51 121 67
1 127 1
1 78 1
16 28 99
42 57 104
67 103 67
73 81 76
44 88 1
64 70 109
8 13 13
63 75 114
118 125 55
41 52 55
76 95 76
22 71 71
54 59 59
65 112 112
23 34 20
27 35 27
35 92 43
8 35 49
85 104 104
4 114 59
81 124 8
79 112 112
17 32 112
22 118 118
66 117 109
14 31 128
49 86 12
22 94 13
32 81 83
55 118 55
114 125 55
108 110 20
34 120 120
61 97 1
6 56 56
103 105 83
53 66 53
12 63 12
6 34 57
5 21 104
80 113 120
35 106 49
92 103 83
32 109 83
3 57 112
62 64 53
82 83 83
15 116 20
33 72 67
48 117 109
57 88 1
84 97 1
29 103 83
61 67 67
28 52 114
16 71 99
111 112 55
47 59 59
88 111 1
91 120 120
73 95 76
36 94 13
52 97 1
107 127 56
41 83 55
2 84 27
27 66 27
68 106 106
78 120 120
3 11 112
67 93 67
19 69 57
12 29 12
38 99 99
62 118 53
5 98 104
6 39 53
16 62 53
51 124 128
45 111 55
59 127 59
46 92 99
4 71 59
62 68 53
52 122 114
99 102 99
100 101 83
49 92 43
48 54 67
88 128 1
12 61 12
24 27 27
51 73 128
9 65 120
53 74 53
1 79 1
43 94 43
49 65 49
45 70 109
8 102 120
24 54 67
70 72 67
50 78 43
39 106 53
27 104 104
65 84 106
38 95 116
48 86 12
18 70 53
78 96 13
102 106 120
48 97 1
50 90 128
64 86 12
16 124 99
81 88 1
38 73 76
46 69 99
68 100 57
66 109 109
4 125 55
69 115 115
34 75 114
27 115 27
11 91 116
6 76 76
73 120 120
82 86 12
25 103 104
50 94 43
52 54 114
1 33 1
35 55 55
27 96 27
20 73 20
27 110 27
41 110 55
19 75 114
24 63 12
25 35 104
33 65 45
42 82 104
84 88 1
107 112 112
73 106 76
105 128 128
33 113 8
9 91 120
54 96 67
9 11 120
53 54 53
62 101 53
33 100 48
24 124 76
43 80 120
48 98 99
47 120 120
18 25 104
2 38 27
12 39 53
42 101 104
45 113 45
71 98 99
41 115 55
18 75 53
20 96 20
69 117 109
7 26 71
15 97 1
38 77 115
42 69 104
87 100 118
92 101 83
45 104 104
1 109 1
38 42 104
33 47 106
37 99 59
69 83 83
47 126 112
61 64 12
61 101 12
40 67 67
33 63 12
62 66 53
109 111 55
26 120 120
22 66 118
20 106 20
102 107 120
27 80 27
78 117 109
79 102 114
67 126 112
50 121 67
75 86 114
38 100 116
66 68 57
78 116 115
17 58 112
66 98 99
14 64 128
112 114 112
12 100 12
3 67 112
59 67 59
23 28 20
2 13 27
20 54 67
55 117 55
37 71 59
30 67 67
4 94 59
46 51 99
87 97 1
44 99 99
27 40 27
36 68 57
9 66 120
28 103 83
4 90 59
15 85 27
31 102 120
72 113 67
31 79 114
56 111 55
44 100 71
62 63 53
78 124 115
104 115 104
80 100 120
90 99 99
26 95 71
53 103 53
102 118 120
86 111 55
1 9 1
29 78 76
63 84 12
28 102 120
32 121 67
26 56 71
37 77 59
80 118 120
40 52 114
6 40 57
56 89 27
5 59 104
36 65 45
89 128 27
25 96 104
35 57 49
5 43 104
16 49 99
85 90 27
58 121 67
18 86 53
71 125 55
57 96 13
21 115 49
41 74 55
11 52 114
95 114 114
36 111 55
66 114 114
67 80 67
96 101 83
37 65 59
61 88 1
20 63 12
68 98 99
48 51 128
22 108 109
1 49 1
29 79 114
100 111 55
33 111 55
27 93 27
46 67 99
18 34 53
30 93 13
93 97 1
24 112 112
44 117 71
4 127 59
109 119 71
41 108 55
33 66 48
44 53 53
67 115 67
71 128 128
21 22 49
64 109 109
64 82 56
71 96 71
33 110 20
35 104 104
22 56 56
21 82 56
3 84 112
31 124 45
47 67 67
7 112 112
7 97 1
4 99 59
16 67 99
54 116 67
71 94 71
73 91 76
112 119 112
8 91 116
1 58 1
8 68 57
71 85 27
85 122 27
7 37 59
4 91 59
47 51 128
59 128 59
11 113 8
18 50 53
50 89 27
76 120 120
6 46 99
35 67 67
12 21 12
36 39 53
49 102 120
19 43 43
59 122 59
68 126 112
46 112 112
16 57 99
105 112 112
22 119 71
8 10 8
23 94 20
12 57 12
10 95 48
5 128 104
29 128 128
10 57 57
39 82 53
2 61 27
2 112 27
67 120 67
3 56 112
18 41 53
12 110 12
102 113 120
4 55 55
27 118 27
88 94 1
79 90 114
15 119 20
74 92 59
76 128 128
36 106 106
1 102 1
29 55 55
73 98 99
55 76 55
70 106 109
43 117 43
28 105 43
1 38 1
20 45 20
18 67 53
37 106 59
65 91 116
99 110 99
9 14 128
37 97 1
33 55 55
24 68 76
45 54 67
51 52 114
22 40 116
35 120 120
33 117 109
85 99 27
30 38 13
8 103 83
26 63 12
4 110 59
27 106 27
104 128 104
40 59 59
45 67 67
20 49 20
65 72 67
76 110 20
23 77 20
51 64 128
77 112 112
77 118 115
38 56 56
81 85 27
74 93 59
16 89 27
29 63 12
63 89 27
67 76 67
22 104 104
80 94 120
19 121 67
71 120 120
6 49 49
82 99 99
44 122 71
12 38 12
27 112 27
13 45 13
42 117 104
24 110 20
84 91 106
14 88 1
64 115 115
36 37 59
67 68 67
3 58 112
6 65 57
94 128 128
21 57 49
107 122 56
38 65 116
3 8 112
6 82 56
9 37 59
31 64 45
25 41 104
18 78 53
90 104 104
79 84 114
81 100 8
61 120 12
32 118 83
48 116 116
33 91 116
9 127 120
69 108 109
19 115 115
48 50 43
31 111 55
7 99 99
34 100 45
91 95 116
46 107 99
5 41 104
15 20 20
30 77 13
40 127 56
57 92 43
92 98 99
89 108 27
71 89 27
70 109 109
46 116 99
30 106 13
28 123 1
67 69 67
15 95 20
27 50 27
24 102 120
76 114 114
38 121 67
34 52 114
55 98 55
46 83 99
93 103 83
8 100 8
36 108 109
7 122 56
22 82 56
48 109 109
71 93 71
77 100 115
35 122 56
36 46 99
34 62 53
52 69 114
39 98 53
38 75 114
106 118 106
17 101 112
67 82 67
4 73 59
32 79 114
73 89 27
52 119 114
30 80 120
33 120 120
33 82 56
35 82 56
90 118 128
28 29 76
63 80 12
1 24 1
14 80 128
56 103 83
7 94 13
9 90 128
48 100 48
63 71 12
11 84 106
81 84 106
4 46 59
45 90 128
25 88 1
33 103 83
42 105 104
8 54 67
60 118 118
28 87 106
15 16 99
35 110 20
110 124 20
102 120 120
74 118 59
18 88 1
66 83 83
45 96 13
14 38 128
40 120 120
79 103 114
24 128 128
43 79 114
73 93 76
6 99 99
3 70 112
59 125 55
114 122 114
5 39 104
80 90 128
4 63 59
44 128 128
9 18 53
59 73 59
7 20 20
3 105 112
80 83 83
40 118 116
14 105 128
21 49 49
104 117 104
6 77 115
3 51 112
42 111 104
93 110 20
12 95 12
28 44 71
20 25 104
61 65 12
45 118 45
46 94 99
82 118 56
24 59 59
9 98 99
29 72 67
3 5 104
45 99 99
26 114 114
80 120 120
14 22 128
22 45 45
25 109 104
50 68 43
25 93 104
43 50 43
38 79 114
64 65 45
1 77 1
55 107 55
10 118 118
72 95 67
22 68 57
77 101 83
15 43 20
5 63 104
37 79 59
9 22 120
33 35 49
84 117 109
77 87 115
76 92 76
8 15 20
64 104 104
31 73 76
24 96 76
71 84 71
40 116 116
29 120 120
10 90 128
4 116 59
46 82 99
67 77 67
9 19 120
93 101 83
22 55 55
65 75 114
21 38 49
23 41 55
71 124 71
24 32 83
70 73 76
33 101 83
4 58 59
4 18 53
2 74 27
8 87 8
54 91 67
53 80 53
89 109 27
41 97 1
98 119 99
62 115 53
22 79 114
52 88 1
6 109 109
100 102 120
26 84 71
3 104 104
33 114 114
39 114 53
49 103 83
87 113 8
71 88 1
64 110 20
38 78 115
63 126 112
70 118 109
37 42 104
39 120 53
19 41 55
19 26 71
29 101 83
17 112 112
17 35 112
57 116 57
47 103 83
54 109 67
2 31 27
36 115 115
80 96 120
102 127 120
116 123 1
87 108 109
105 114 114
24 118 76
66 96 13
85 128 27
81 107 8
22 74 59
83 104 104
24 99 99
52 83 114
118 123 1
4 12 59
93 102 120
1 107 1
58 63 12
14 71 128
35 52 114
43 118 43
7 100 115
41 95 55
5 78 104
35 117 49
1 45 1
21 75 114
14 117 128
9 126 112
73 82 76
78 127 56
15 91 20
55 91 55
70 101 83
1 63 1
30 83 83
5 20 104
44 113 71
31 69 45
23 104 104
84 99 99
32 45 83
41 56 55
43 47 43
86 91 12
31 56 56
109 115 109
77 113 115
5 66 104
11 59 59
12 114 114
53 118 53
39 92 53
57 83 83
29 51 128
13 49 13
86 90 12
46 123 1
51 63 12
34 108 109
90 122 128
39 110 53
51 78 128
13 106 13
50 116 43
19 46 99
69 87 69
115 125 55
13 50 43
7 96 13
34 91 116
49 108 49
3 117 112
63 81 12
40 49 49
102 109 120
12 13 12
86 104 104
45 82 56
17 92 112
18 120 53
3 49 112
62 72 53
25 45 104
65 108 109
110 118 20
9 96 120
29 66 76
5 12 104
1 110 1
7 102 120
29 86 12
19 32 83
31 104 104
62 120 53
34 123 1
31 109 109
93 99 99
7 45 115
30 109 13
57 125 55
7 61 12
89 125 55
19 56 56
37 87 59
32 102 83
19 83 83
6 88 1
86 108 12
12 113 12
64 66 48
24 64 76
9 78 120
90 116 128
47 115 115
25 119 104
55 86 55
3 33 112
46 91 99
18 109 53
71 116 71
95 97 1
55 58 55
24 47 76
13 128 128
27 105 27
18 57 53
24 100 76
29 119 76
41 123 1
105 123 1
31 48 45
31 59 59
47 114 114
91 122 56
23 112 112
19 66 57
36 41 55
28 98 99
21 78 49
40 109 109
21 31 49
112 127 112
29 61 12
36 122 56
22 57 57
13 23 20
42 56 104
23 61 12
42 102 104
23 31 20
33 108 109
96 125 55
59 121 59
66 116 116
98 127 99
21 124 49
104 116 104
39 115 53
45 68 57
59 106 59
11 73 76
84 87 106
6 117 109
24 79 114
1 82 1
70 93 49
83 88 1
48 63 12
54 89 27
5 46 104
119 121 67
30 55 55
46 111 55
4 123 1
22 70 109
86 95 12
54 82 67
14 37 59
71 79 114
46 95 99
40 57 57
4 103 59
14 28 128
70 107 109
72 103 67
9 125 55
3 93 112
63 73 12
83 108 83
70 112 112
65 79 114
58 95 8
1 64 1
11 96 13
43 78 43
9 43 120
19 67 67
10 35 49
19 99 99
88 106 1
40 77 115
28 49 49
111 121 55
17 104 104
12 84 12
12 108 12
31 58 45
55 57 55
54 55 55
77 104 104
2 86 27
4 6 59
27 109 27
87 92 43
23 29 20
46 63 99
95 108 109
61 85 27
6 100 57
11 76 76
42 81 104
15 127 20
1 74 1
11 80 120
99 119 99
22 62 53
1 61 1
51 119 128
102 121 67
58 127 56
31 49 49
10 93 49
57 128 128
62 117 53
32 114 114
28 69 106
14 76 128
14 78 128
17 49 112
28 118 106
11 47 106
67 124 67
93 108 49
40 97 1
12 82 12
6 89 27
27 54 27
78 109 109
32 106 83
36 104 104
87 89 27
20 117 20
