4096 3583
1253 2859 3720
1498 2581 244
1710 3224 3201
1942 3608 1367
2171 2838 283
2297 3986 2045
2166 2744 3913
1425 3205 264
3552 4006 1245
565 3511 1393
1272 3369 3319
2125 2537 1514
1713 3345 2637
3225 3280 270
178 698 339
1364 2411 953
25 2867 25
447 2385 830
2867 3549 3549
535 580 2716
3202 3529 2323
2867 3739 3739
1788 3038 1993
645 1523 463
718 2806 2876
869 950 1339
643 3933 2686
3824 3973 1104
2229 3552 1245
3580 3751 329
274 1527 1984
2074 2867 2074
32 3071 1176
1094 2330 2713
716 1859 3852
36 1947 583
674 1295 884
708 2476 3005
1878 2975 3553
653 2375 3738
541 4048 2219
704 966 1435
1812 2491 2365
543 2077 2912
2867 3202 3202
2081 2470 3923
7 615 3941
817 1720 1537
1846 2835 104
285 2876 1473
1783 2000 2421
3077 3229 3699
498 1652 3710
424 2670 171
3316 3413 588
493 1842 739
805 1249 2650
3539 3621 1055
2637 3894 3892
758 1780 1188
1893 2117 2125
635 2223 1060
185 2709 3294
1124 3456 2308
417 2530 965
950 3752 1339
1149 2867 1149
3303 3525 4075
624 2722 1997
329 2519 548
834 3602 2108
1336 2428 3412
325 1756 2043
2504 2966 3277
2536 3065 3979
1989 2867 1989
382 2867 382
2867 3344 3344
625 1676 585
111 2867 111
2867 3536 3536
1622 2148 747
3662 3887 3758
1903 2346 1542
362 402 1001
2303 3737 2217
203 2207 679
371 3012 385
1335 3191 3355
736 3859 2187
2438 3818 3928
351 3063 769
174 421 1983
1579 3258 3761
2001 3705 2542
679 2107 3723
1623 1952 656
1091 2032 665
830 1960 289
1623 2191 656
1474 3180 912
894 2018 2527
163 3207 4005
65 1027 3393
20 3924 504
1134 1243 3583
2800 2867 2800
798 2485 3896
1201 2481 971
531 1737 307
1362 3609 3571
2382 3466 2148
1644 2345 2652
1756 2354 2043
419 3503 2589
2702 3865 2681
1608 2322 3129
278 2867 278
786 1889 489
1085 3923 659
2005 2490 839
1291 1810 469
685 1228 3028
690 3168 3984
2482 3682 2077
352 2969 3316
190 1009 738
2795 3634 1043
1303 2130 1849
3781 3812 1568
700 1089 1780
517 1493 315
237 500 2298
710 2977 149
364 376 1539
1318 1983 1842
1438 2867 1438
2315 3670 2259
3110 3886 1802
2206 2825 3039
3600 4059 3862
2849 3622 2626
1359 3044 1644
740 2528 3755
170 877 3833
40 1129 3977
2927 3189 2041
197 2071 1281
799 1257 1598
1875 3579 1525
478 3241 3821
57 1209 1905
959 1372 2917
2464 3157 2757
1698 2867 1698
728 935 685
1472 1583 3887
2154 3904 1211
227 2916 2673
1347 2568 1295
1784 2665 683
953 1408 3628
193 3140 653
935 3361 685
311 3453 393
3102 3226 2007
418 601 432
172 3030 1875
597 2867 597
535 2056 2716
1250 3929 3278
2988 3941 2622
2273 2328 651
1759 2622 39
1510 2007 1495
1179 1352 1574
2511 3530 2611
227 422 2673
651 3187 33
655 1338 3057
868 1436 1991
199 3121 217
2442 3968 407
2389 2446 2810
1072 3386 46
1079 3553 2420
1297 2407 1284
196 1873 1186
2187 2624 2855
3325 4079 1642
70 86 625
1625 3247 1192
3025 3395 1359
2240 2802 2676
3710 4012 708
2531 2746 2018
1876 3105 1505
1477 1482 2149
1476 2997 1579
1315 2422 4091
3652 3898 1870
712 2065 3021
570 630 2666
2867 3277 3277
1725 3978 4062
2397 3619 1527
2867 3727 3727
2740 3950 2481
2290 3278 2895
823 3412 3940
2529 3034 545
927 1182 3754
2618 2946 961
39 3909 1216
1495 1694 1425
2382 2867 2382
2867 3774 3774
343 3656 803
61 3145 662
734 2840 2349
1612 3559 81
637 3433 1990
455 527 2540
374 2657 1889
314 700 1780
1241 3099 2277
1386 1556 928
2301 2928 4032
2800 2870 2538
385 2357 3321
307 2867 307
912 2103 3405
2681 2867 2681
977 1366 1343
1000 1713 2637
282 3429 3625
548 3563 2268
151 2892 1455
1340 1537 3010
194 998 1551
317 1260 156
2867 3140 3140
100 2172 257
234 3203 2510
2323 3392 2829
3051 3853 2952
1823 2814 1129
1696 2619 3086
1426 1983 1842
1842 2867 1842
393 3420 3343
2232 3120 690
2308 3332 2636
451 2582 1366
616 778 225
2197 2965 127
1529 3178 2679
1103 2964 1214
908 3092 718
843 1984 1901
1722 2867 1722
943 1751 174
756 3915 242
739 2817 3817
1576 2214 3084
457 1035 261
1007 2249 772
494 2776 394
385 3089 3321
24 1575 935
145 464 700
397 2867 397
432 3088 1324
3584 3738 2511
1296 2366 181
2816 3506 3795
1545 2199 2242
1744 3321 3461
2463 2854 2660
2137 3272 3706
706 2236 2488
243 1463 3077
1641 2105 3816
1012 2809 1
1921 2974 1898
1856 2724 1867
3049 4022 817
2054 2463 2660
1074 3599 2782
2156 3490 1825
563 1984 1901
242 2220 2856
1086 1367 2279
2867 3928 3928
479 2138 799
1923 3795 1108
1179 4090 1574
926 2746 2018
788 2099 2838
867 1298 1080
1739 2867 1739
733 2315 2259
2544 2652 694
685 919 3028
696 3058 2071
105 2690 2950
819 3154 237
2698 3133 1873
2085 2929 92
808 3207 4005
2867 3343 3343
276 1867 1515
3035 3252 275
358 2026 2244
619 2318 2852
1206 4004 3051
1625 2327 1192
2863 2867 2863
794 1281 650
1242 2162 2832
1402 2070 1101
3128 3252 275
2867 4094 4094
3321 3866 3461
1070 1121 1772
120 928 633
2304 3188 2773
2425 3169 895
1256 1488 3460
1756 2399 2043
2602 3226 2007
2796 3452 805
647 1017 2690
2257 3979 2840
638 828 1497
2719 3064 241
203 2625 679
2857 3087 517
1839 2919 598
1495 2826 1425
1038 1053 713
987 1702 2906
1546 2820 3519
2188 3554 927
81 856 893
443 2308 2636
2526 3404 3921
232 2068 3287
2166 3557 3913
1557 3386 46
1011 3172 2026
1896 2138 799
363 2605 1765
225 1351 2968
334 3160 247
1785 3117 42
2077 3118 2912
2150 3601 2487
901 996 3739
684 2434 1329
788 2584 2838
2458 3937 1679
1525 2824 2324
162 2498 948
2867 3446 3446
2011 3250 968
2757 3952 1090
610 2867 610
2887 3688 2564
805 2371 2650
598 2845 3279
1514 2867 1514
1496 2867 1496
1458 3355 178
1082 1125 1523
2187 2867 2187
2867 3000 3000
1964 2253 3774
3039 3317 2363
1568 3651 3501
1725 3179 4062
1598 2642 1818
2867 3087 3087
747 2507 3627
1393 1589 3140
319 3360 2084
77 640 1659
1231 2925 1751
1277 2140 630
494 3450 394
3571 3778 1120
1884 2895 1002
1990 3148 3864
2517 3770 822
838 3741 3678
354 2512 111
764 2336 2328
178 2867 178
2221 2732 3360
3381 3588 3344
797 1786 404
968 3789 3113
1248 1876 1505
1513 3340 3208
366 1374 352
927 2022 3754
549 1081 3175
131 2203 2250
1830 3461 3207
618 2250 3588
2395 3867 1719
2982 3067 3830
1773 3631 2315
2172 3632 257
1099 3051 2952
965 3244 3904
174 1506 1983
878 1883 3973
2782 3582 2023
1818 2769 1564
3109 3727 1881
604 2477 1438
1080 2630 1543
813 1473 3656
1976 3989 853
1434 3497 2820
1325 3164 3452
748 2859 3720
2867 3126 3126
257 401 2582
1898 2833 2550
2330 3954 2713
2867 3086 3086
2097 3682 2077
1703 3596 2936
300 3034 545
261 3142 2361
2157 4055 2177
56 2510 2176
1600 3116 2319
3 3674 1187
1067 4010 1601
2012 3216 3916
202 2720 1967
1480 2036 3282
2829 2867 2829
1659 2867 1659
1862 2071 1281
884 4031 704
2255 3627 3903
2673 3144 901
1885 3254 2449
1369 2060 382
2121 2484 3185
3050 3405 278
41 1997 2460
1266 2960 1420
458 3166 1344
1576 2027 3084
2867 3603 3603
961 3270 232
2567 2611 3120
1145 2867 1145
1711 3476 950
662 3426 110
181 3569 2619
865 2085 92
2108 3787 3348
1788 2867 1788
528 2960 1420
1333 3929 3278
2157 3945 2177
1870 2063 3272
2867 3294 3294
282 2292 3625
1509 2712 1482
3533 3930 3464
2185 3164 3452
848 2277 146
1939 3172 2026
2589 3415 3536
380 3934 3834
386 1295 884
279 2487 1414
3728 3872 643
1875 3315 1525
302 2200 3855
2867 3770 3770
1789 3587 2720
772 2867 772
1906 2041 2884
2867 3101 3101
2885 3774 3371
2587 2945 1714
329 2718 548
811 2884 1301
1037 3982 614
777 4094 3682
506 611 3303
876 1817 3257
1543 2959 1297
2388 3508 2342
137 2527 1038
2549 3637 2746
1842 3324 739
72 3260 3922
2867 3559 3559
125 769 2677
1296 3017 181
1448 2457 2931
744 2287 2094
292 2123 638
1224 1579 3761
1904 4084 2705
1817 2867 1817
30 1198 3456
2326 3316 588
2867 2998 2998
1455 2412 3302
2536 3975 3979
1259 2891 2285
2867 3289 3289
2390 3186 447
424 1059 171
429 3653 1526
494 2867 494
227 4044 2673
224 3921 2162
1983 2789 1842
234 1549 2510
1360 2825 3039
426 3585 1871
830 2867 830
501 1227 1949
1980 3540 1957
1863 4013 2270
1601 1685 2437
1545 2867 1545
2782 2867 2782
1068 2094 2080
1892 2713 282
1394 3344 550
2920 3594 248
2573 3673 2960
759 3406 3225
1331 3942 1931
484 2550 3594
2111 3277 604
2557 3018 1722
2008 3619 1527
1157 1780 1188
581 3339 3645
627 942 2591
1933 3702 2138
1591 3964 3562
176 3804 3622
1164 2727 2729
2687 3855 2825
1434 3069 2820
49 669 832
2867 3299 3299
1402 2662 1101
215 1515 3182
1186 2742 3551
1800 3255 3337
974 2106 1054
2867 3843 3843
2771 3490 1825
614 2293 1091
12 463 3116
1835 3494 2304
1344 2867 1344
2237 2867 2237
2448 3678 3502
306 404 113
592 2221 3360
336 1698 3056
246 3410 399
221 3175 3490
9 2740 2481
171 2678 929
168 564 2411
2716 3163 2443
411 2501 239
3206 3986 2045
847 3175 3490
2162 2691 2832
815 1789 2720
1105 3202 2323
203 1992 679
1379 2867 1379
427 1568 3501
1207 4032 3260
2080 2862 2069
1149 3684 3133
2679 4061 2085
3744 4000 3961
2393 3769 1003
3139 3848 1290
2611 2867 2611
164 706 2488
1058 1665 3953
237 3150 2298
96 1243 3583
713 3192 3506
457 2867 457
1291 2867 1291
2867 3958 3958
270 2867 270
2041 2867 2041
2266 3029 2499
1208 1359 1644
270 2889 361
1978 3289 2669
2317 2855 1739
1055 2445 4071
1363 3084 3398
252 275 2758
3746 3953 3942
1966 2755 621
2301 2867 2301
2867 3959 3959
1361 3461 3207
2867 3953 3953
469 1377 4084
3298 3921 2162
1646 2583 3552
1803 2490 839
1017 2159 2690
2320 2867 2320
729 4066 1501
1130 3393 1702
955 3841 3403
772 1836 2419
860 3115 455
1173 1850 3732
1715 3446 2428
1936 2393 1003
1702 3125 2906
1103 2006 1214
2610 2856 74
1758 4091 2061
703 1481 185
539 2186 457
896 1258 3564
27 2758 695
587 2411 953
1846 3944 104
621 1050 3661
905 2045 1995
3460 3842 2580
259 2734 3391
219 3761 3511
288 2703 1277
783 2997 1579
2341 2566 2977
2431 3302 286
1107 2675 3433
2778 3137 3714
2558 3022 569
2496 2587 1714
111 2305 2036
395 1741 740
275 851 2758
2218 2540 1591
1914 2680 2150
607 2831 3335
1606 3398 3033
1034 3839 692
773 1654 3591
704 4092 1435
1290 1832 819
740 2867 740
393 3669 3343
1466 1714 684
686 2675 3433
1942 3487 1367
773 2867 773
2867 3010 3010
1115 1176 3094
1680 3931 2166
371 2667 385
1061 3664 703
352 682 3316
3686 4017 2927
49 1734 832
185 3085 3294
1555 3603 1347
719 2867 719
1473 2874 3656
1871 2947 355
1905 4042 1703
247 3740 1911
2062 4018 1623
1374 2307 352
1897 4037 821
1335 4043 3355
2222 2536 3979
738 1136 2109
286 2980 2612
910 2361 2463
2248 3925 180
39 1925 1216
503 2679 2085
2361 2867 2361
2999 3061 706
1501 3590 4014
298 1054 311
1755 3845 1314
850 1220 3402
1750 2773 90
723 1241 2277
933 3309 1666
217 4025 826
3208 3380 1400
338 948 2330
1189 3272 3706
2867 3564 3564
2543 3728 643
1303 2886 1849
648 2001 2542
1038 2867 1038
531 699 307
1358 3920 773
218 4070 719
1574 2398 1813
35 3961 3215
171 1721 929
2221 2867 2221
1560 1974 2998
1411 3645 341
1995 3276 3342
589 3226 2007
3268 3379 1725
1435 1716 1374
277 1281 650
747 2867 747
2797 2867 2797
1443 4070 719
875 2867 875
150 1214 4070
1579 2867 1579
2011 3649 968
583 2867 583
2690 2867 2690
1252 4073 1291
136 2919 598
1578 2669 3101
2867 3961 3961
43 156 2388
403 1192 1976
3140 3158 653
1192 2867 1192
2089 2318 2852
2213 3754 2339
2324 3773 3067
1802 1887 103
49 3520 832
2867 3068 3068
751 1505 1258
234 2867 234
1356 1843 1067
2555 2867 2555
3560 4039 2303
25 925 362
394 1467 600
1854 3402 2479
21 684 1329
373 2258 2605
127 2867 127
161 326 3652
871 2663 3753
13 1677 4094
2121 2867 2121
356 2960 1420
1371 3625 1789
405 655 3057
1278 3661 3379
3375 3936 258
1376 3771 844
2686 2695 228
2026 3820 2244
1173 3641 3732
2254 3300 1496
1312 1602 3096
1591 2231 3562
1501 2948 4014
623 2965 127
254 2421 376
1245 4065 1756
2365 2867 2365
2865 2912 2596
3134 3960 1724
499 1162 1163
1727 2626 1064
367 597 2457
2365 3620 1303
517 873 315
58 2329 119
2831 2867 2831
2867 3551 3551
33 1128 1652
1321 3621 1055
1789 3479 2720
1688 3680 2203
650 2325 2429
1440 2045 1995
857 1267 3136
849 1452 3673
2254 3135 1496
1515 1577 3182
535 2205 2716
1158 1413 1179
1616 2555 886
3309 3647 1666
3116 3266 2319
2048 2301 4032
2631 2867 2631
486 3551 871
2660 2867 2660
1633 2109 246
387 3225 270
1258 1313 3564
409 3930 3464
1965 2628 3375
2995 3628 2919
2522 2689 1942
2867 4084 4084
2867 3288 3288
83 341 397
1964 2721 3774
2867 3039 3039
103 1647 2904
110 368 2390
2989 3492 3
1330 1780 1188
2437 2867 2437
1539 2873 2590
1842 3162 739
1003 2739 49
1756 2867 1756
2587 2867 2587
1335 2867 1335
706 809 2488
1406 3402 2479
1818 2867 1818
327 2867 327
1449 2778 3714
1098 1514 140
571 1007 772
90 2867 90
2867 3979 3979
2867 3673 3673
408 1149 3133
581 3472 3645
2421 3655 376
739 941 3817
2014 3094 2011
180 1487 3575
550 574 3289
713 1565 3506
410 1608 3129
2867 2917 2917
556 3957 144
1236 3447 3554
3160 3858 247
2856 3860 74
1369 3438 382
1527 3346 1984
908 2267 718
134 3240 4003
2349 2379 424
1559 3807 3897
281 289 3000
2044 2270 581
1811 2798 2675
832 1670 697
643 3267 2686
2648 3129 2975
721 1684 1227
452 3770 822
2228 2713 282
380 2578 3834
1397 3723 24
704 2867 704
3010 3354 1256
1808 3341 1434
912 2384 3405
397 2262 2536
547 1539 2590
684 906 1329
1982 3113 898
1386 1660 928
2319 2684 850
1625 2135 1192
1933 2867 1933
2633 3182 981
2078 2669 3101
1283 1499 3982
833 3710 708
199 3888 217
2365 3765 1303
1724 1804 2689
404 2867 404
687 3652 1870
173 550 3289
140 4086 3029
149 2867 149
676 1384 1272
49 2867 49
222 1872 3843
200 289 3000
2639 2729 1989
1615 3835 3261
1631 3897 1260
1895 3942 1931
2613 3706 1808
1328 1739 3239
1148 3571 1120
770 3461 3207
170 1036 3833
583 2505 1560
2867 3461 3461
967 3758 3839
2867 3342 3342
294 821 284
2162 3165 2832
2303 2867 2303
1725 2867 1725
3442 3542 2336
916 2660 771
304 3542 2336
208 1551 2628
1244 3913 1234
3687 3856 292
2867 3552 3552
1414 3698 3513
2746 3015 2018
714 1949 1386
1435 2465 1374
605 4075 32
2867 3661 3661
176 2867 176
1193 2867 1193
3058 3060 2071
690 4041 3984
2328 2867 2328
1617 2077 2912
165 259 3391
2867 3897 3897
92 595 1396
3 2986 1187
2626 2847 1064
189 2370 2925
2303 3811 2217
787 4058 3967
214 3953 3942
307 2910 1222
2247 3129 2975
1834 3855 2825
846 2831 3335
2968 3803 4079
1203 4075 32
258 3659 3160
1287 2703 1277
2086 3600 3862
329 3397 548
505 3558 2422
968 2867 968
2799 3812 1568
1867 3910 1515
612 3628 2919
1163 2867 1163
259 3262 3391
157 3813 3542
3834 3851 99
676 1649 1272
622 2904 2035
1499 3500 3982
28 1532 3602
155 189 2925
1414 3199 3513
2867 3541 3541
2080 2867 2080
3531 3867 1719
487 3559 81
3673 3730 2960
1234 1674 263
76 1991 568
46 2867 46
965 2867 965
2557 2879 1722
1045 2923 3025
103 2867 103
1482 2122 2149
632 2237 1499
2301 3483 4032
610 3905 203
1192 1230 1976
1386 2867 1386
1543 2867 1543
1683 3502 190
2440 3887 3758
264 2198 3856
376 4030 1539
740 2064 3755
132 3182 981
139 2927 2041
2672 2867 2672
94 3575 2740
797 3545 404
2782 3505 2023
2900 3261 3770
3797 3904 1211
1931 2867 1931
1873 2867 1873
2867 3710 3710
3772 3984 3653
2334 2996 788
1901 4056 2558
601 3353 432
3048 3474 1531
1811 3013 2675
25 1029 362
1537 1910 3010
167 3774 3371
2478 2913 3309
351 2803 769
1708 1881 1817
1880 3754 2339
92 709 1396
2834 3175 3490
1831 2460 974
2867 3830 3830
1523 2554 463
68 270 361
257 1640 2582
3019 3865 2681
853 1534 2492
929 1096 2117
1642 3556 2587
1198 3825 3456
1646 2869 3552
432 3090 1324
307 2132 1222
1291 3598 469
48 3554 927
1179 2265 1574
1421 3697 301
1076 3464 2237
156 3971 2388
1149 3724 3133
2499 3020 3126
181 1956 2619
2685 3959 2454
1672 2244 1016
113 668 2571
34 3591 3061
1008 3277 604
2512 3295 111
1958 3348 2632
802 2149 541
483 1931 3374
1052 2336 2328
419 2867 419
2867 3094 3094
3330 4091 2061
2177 3082 3600
3507 3833 3465
1188 3326 615
1049 1343 1387
767 981 1811
357 3412 3940
299 3005 1903
458 1827 1344
2157 2867 2157
3028 3827 2382
24 2867 24
683 992 942
24 2030 935
2867 3096 3096
826 2353 3157
1031 3991 351
2867 2913 2913
32 1524 1176
1161 2867 1161
1289 1344 3920
3053 3717 360
2460 2539 974
839 1595 70
1541 2405 2962
55 2540 1591
735 2527 1038
1882 2867 1882
1709 2867 1709
1813 3037 2599
703 2867 703
534 3727 1881
361 1655 3064
432 2682 1324
1979 2652 694
311 1816 393
3785 4069 610
636 3653 1526
1586 3699 3095
33 98 1652
2731 3484 2021
2277 3470 146
1054 3514 311
702 4003 97
192 3378 2755
2256 3988 1082
756 3747 242
2599 3419 2775
683 2867 683
1762 3640 3034
740 2396 3755
77 4049 1659
2252 3467 597
1091 2867 1091
28 1194 3602
2298 3828 1402
3095 3477 3688
216 1127 2797
1495 2183 1425
1401 2717 327
2142 2324 3067
2455 2970 3227
3305 3541 1921
141 2599 2775
973 3695 2672
1713 2867 1713
74 2867 74
993 1329 2221
1297 1567 1284
29 2673 901
42 2867 42
457 2967 261
2867 3025 3025
2781 3559 81
3366 3403 1833
146 3667 712
2168 2656 1646
2968 3999 4079
884 3768 704
178 1902 339
1209 3351 1905
360 3152 3727
2467 3087 517
2036 2898 3282
1386 2607 928
2350 2938 849
1852 2125 1514
389 1844 1027
3002 3615 3386
242 1729 2856
569 2867 569
643 2867 643
244 717 3960
1186 1634 3551
2867 3224 3224
436 3594 248
3031 3661 3379
207 2650 1835
333 3830 2512
4032 4087 3260
3394 3406 3225
971 1607 28
1389 1642 2587
1187 2387 1872
1372 2404 2917
1016 2867 1016
1553 3547 3958
3303 3356 4075
505 2867 505
727 3202 2323
2961 4073 1291
24 2343 935
38 3678 3502
2590 2867 2590
1082 1706 1523
1811 2609 2675
2088 2420 1103
2867 3634 3634
1165 3389 389
1179 2867 1179
1067 4072 1601
1474 2233 912
145 1019 700
656 1403 151
3446 3713 2428
2363 3681 998
2614 2946 961
1023 1709 1045
384 1505 1258
349 1164 2729
3511 4053 1393
2927 4038 2041
2867 3362 3362
1619 3465 1474
42 593 3378
1429 3843 3527
1817 3657 3257
1169 2867 1169
32 3849 1176
1650 3574 1885
2304 2867 2304
2251 3113 898
2127 2677 908
1277 2867 1277
172 3518 1875
1064 2905 875
2356 2867 2356
2093 2904 2035
2443 3275 1169
142 1309 3559
650 2269 2429
695 858 2656
1551 3665 2628
3114 3763 189
1485 2576 2120
831 3402 2479
2072 2177 3600
10 2564 1876
2867 3821 3821
2888 3456 2308
2712 2818 1482
2580 2779 2831
2500 2626 1064
1229 3355 178
1001 2867 1001
700 1457 1780
2000 2179 2421
395 2937 740
1298 3568 1080
948 2858 2330
2668 2679 2085
184 2832 2557
146 3265 712
2694 3302 286
545 2867 545
1345 3758 3839
1695 2906 1074
681 2036 3282
189 3677 2925
2867 3930 3930
394 2726 600
683 1629 942
240 2666 371
287 1002 3002
2553 3447 3554
342 1901 2558
792 2429 4073
2223 3070 1060
2361 3592 2463
1771 2665 683
2238 4013 2270
836 1646 3552
2303 2747 2217
862 2672 1296
981 2867 981
1024 1434 2820
180 1777 3575
458 3544 1344
3271 3953 3942
1552 2917 3791
2867 4017 4017
598 707 3279
818 2934 676
1713 2163 2637
750 2315 2259
892 1901 2558
2897 3101 2490
1540 3465 1474
284 1484 373
3287 3881 1376
2689 3047 1942
768 2219 234
1200 2319 850
588 2738 1856
191 217 826
908 1879 718
3212 3560 2303
2998 3496 601
1703 2867 1703
1268 2819 2555
1973 2147 1883
119 4057 3609
3384 3775 3414
1254 2571 1017
522 3816 302
2003 3603 1347
1322 2829 478
928 2019 633
1199 2512 111
2931 4029 1307
1380 3727 1881
117 211 1241
2933 3761 3511
97 2867 97
1490 3367 519
3040 3979 2840
1855 3239 3362
455 1442 2540
1119 1914 2150
2943 3260 3922
1805 3242 3959
2334 2940 788
2867 3064 3064
2976 4094 3682
1938 3405 278
257 444 2582
2033 2401 2665
1038 2204 713
1545 3318 2242
511 3502 190
1102 3753 1337
1914 2867 1914
519 2867 519
716 2867 716
2009 2705 1193
390 1542 931
1971 3575 2740
2867 3227 3227
2867 2938 2938
1730 3378 2755
860 2699 455
2867 3452 3452
2108 2867 2108
796 2458 1679
16 3751 329
886 1196 3406
1438 3972 1812
2582 2930 1366
614 3786 1091
309 818 676
129 3117 42
52 2906 1074
880 1898 2550
1604 3961 3215
324 1144 2001
2918 3386 46
1025 1379 4069
1961 2323 2829
1120 1348 1823
972 1387 1933
2925 3161 1751
3595 3941 2622
2777 3864 3058
442 4062 2938
303 2263 1472
2074 2175 3859
782 2797 2649
1223 1885 2449
190 1092 738
1314 3349 1625
2495 3755 801
2611 3449 3120
1245 3042 1756
1133 2636 1788
2242 2471 3387
594 1400 716
2876 2932 1473
1809 3185 3110
983 2454 2301
1864 3172 2026
117 2160 1241
1970 2186 457
2547 2810 2074
3616 3920 773
824 1497 2473
2235 3720 3560
2552 3594 248
1957 3425 2453
705 2925 1751
600 3428 2334
171 2737 929
744 2867 744
2644 3316 588
2867 3423 3423
2409 2632 161
472 2884 1301
1003 1073 49
2867 3252 3252
1525 1981 2324
2582 2867 2582
90 2053 4013
3800 3913 1234
1153 3051 2952
1312 3938 3096
1214 2867 1214
1210 1679 1372
2867 3931 3931
1311 2656 1646
849 907 3673
1886 2681 556
330 3728 643
54 373 2605
948 2113 2330
1608 2867 1608
2867 3406 3406
1802 3965 103
90 883 4013
1628 1980 1957
376 789 1539
1767 1823 1129
2315 2867 2315
1468 4005 1267
520 1337 3446
651 2381 33
895 3284 2899
4037 4089 821
2628 4064 3375
2043 2579 868
1329 3441 2221
1639 3619 1527
73 2758 695
2082 3028 2382
2549 2867 2549
2518 3791 4017
441 1127 2797
346 2582 1366
675 3056 2033
2867 3506 3506
1108 2286 1312
1286 4022 817
548 2042 2268
2328 2515 651
1656 1871 355
232 3073 3287
1652 4034 3710
373 3385 2605
1463 2736 3077
2867 3002 3002
1212 3021 2813
688 2187 2855
2306 3968 407
2867 3903 3903
2867 3600 3600
475 3343 591
599 3068 3547
1300 3791 4017
1026 1420 3172
1033 1957 2453
763 3922 505
2837 2962 142
106 1438 1812
644 3374 1145
332 2526 3921
895 3802 2899
362 3368 1001
1746 3973 1104
3178 3994 2679
1432 3278 2895
318 3719 1127
995 3664 703
1714 3291 684
985 3928 1401
1171 3287 1376
311 2867 311
448 3146 134
2784 3603 1347
2373 3367 519
2660 3783 771
2867 2989 2989
1302 3928 1401
64 2650 1835
3451 3732 3807
2867 3896 3896
730 1369 382
114 1420 3172
1101 4093 145
870 3711 1980
2867 2906 2906
604 4040 1438
1601 3782 2437
1129 2333 3977
2651 3117 42
174 842 1983
970 1003 49
1324 2180 3640
258 2310 3160
3116 4085 2319
2637 3948 3892
1097 2365 1303
799 2299 1598
703 3691 185
2867 3758 3758
504 982 3930
548 1999 2268
1066 2330 2713
2755 2867 2755
1900 2516 2631
2867 3921 3921
872 3848 1290
278 1963 2340
2268 2562 3925
1470 3625 1789
2176 3893 2158
1598 3793 1818
2348 3843 3527
2134 3812 1568
536 2259 2329
1798 3553 2420
404 1323 113
2867 3272 3272
703 999 185
2973 3738 2511
3120 3966 690
2246 3391 3585
649 2221 3360
1101 2867 1101
2503 3672 2761
2234 2773 90
634 1337 3446
568 2867 568
1722 3612 157
1873 2469 1186
3002 3550 3386
389 2762 1027
801 1383 3988
515 3086 1947
1001 3495 1964
1213 3960 1724
2033 2867 2033
119 3292 3609
1221 1496 2458
370 3754 2339
1047 3279 3968
2650 3103 1835
1848 1876 1505
2342 2867 2342
1451 3086 1947
1197 2895 1002
569 3814 2712
600 2867 600
250 1698 3056
103 416 2904
655 2770 3057
3807 3836 3897
888 3839 692
1339 2058 3288
2341 4077 2977
2084 2867 2084
1070 1590 1772
149 3407 1677
860 2842 455
2819 3421 2555
3146 3884 134
217 559 826
1316 3688 2564
1160 3622 2626
715 3716 2037
1682 2589 3536
3249 4071 3719
2867 3763 3763
23 3490 1825
1176 1341 3094
646 1957 2453
2867 3398 3398
417 1353 965
302 3679 3855
3329 3896 3986
533 853 2492
1400 1572 716
2867 3625 3625
606 3337 860
1889 2556 489
2479 3685 3638
1060 3869 798
177 2952 2863
2143 3638 2970
956 3501 2367
665 3264 2800
103 3997 2904
927 3222 3754
2867 3402 3402
807 1531 1058
1419 2740 2481
2720 4011 1967
3009 4005 1267
225 2867 225
303 1815 1472
2268 3234 3925
2473 2867 2473
810 2437 1165
266 1719 2245
2285 3473 1007
489 2867 489
662 3273 110
2114 3239 3362
2320 2786 3619
1950 3064 241
3075 3680 2203
1642 3327 2587
1013 4058 3967
2867 2925 2925
1615 2985 3261
1191 2895 1002
1022 3384 3414
2863 4067 499
890 2279 3299
1140 1193 3447
1045 1095 3025
3553 3708 2420
1667 1942 1367
739 2575 3817
2641 3739 756
1425 2347 264
816 1705 2446
71 3723 24
144 724 3145
130 2855 1739
2487 2867 2487
1808 2867 1808
630 934 2666
909 3922 505
1314 2867 1314
3485 3865 2681
1581 1588 331
1120 3424 1823
2867 2895 2895
1564 2760 3929
1374 2867 1374
625 3890 585
1240 3977 3822
15 893 2809
432 2867 432
918 1835 2304
2725 4073 1291
555 1101 145
2867 3732 3732
2867 3973 3973
1833 2546 4037
2335 2989 3
1100 1521 417
780 1980 1957
263 3132 4058
112 3991 351
2120 2867 2120
3299 3790 1243
1150 1193 3447
657 1709 1045
2867 3913 3913
2245 2867 2245
3959 3963 2454
74 2377 3242
1620 4005 1267
1728 3227 2497
1521 3331 417
2378 3739 756
2683 3169 895
868 2867 868
1176 2170 3094
3834 3880 99
253 2449 3474
394 3829 600
569 3870 2712
1290 1977 819
1344 3124 3920
82 2166 3913
431 3337 860
210 583 1560
1294 3892 2105
1295 2867 1295
2867 3061 3061
542 3215 25
2296 3961 3215
2250 2867 2250
2043 2128 868
2808 3833 3465
853 2867 853
2867 3095 3095
2250 2893 3588
2600 3588 3344
271 3921 2162
3523 4062 2938
2212 3216 3916
1954 3527 2778
1736 2590 2081
673 3321 3461
1167 2840 2349
1790 2334 788
1703 2877 2936
1276 1719 2245
1603 1898 2550
235 3252 275
692 2444 2252
639 738 2109
1401 3098 327
1178 2596 3226
545 3471 531
111 1968 2036
679 2867 679
2765 3061 706
1091 2551 665
2591 2801 1755
258 2867 258
529 2120 3744
2686 4024 228
433 716 3852
1271 3744 3961
638 2867 638
719 2039 2997
469 4054 4084
2225 2863 499
852 4014 2913
480 929 2117
1478 1997 2460
308 2035 3831
3502 3522 190
1609 3309 1666
600 840 2334
1455 2867 1455
3003 3403 1833
1314 3510 1625
225 1732 2968
1005 3841 3403
1198 2867 1198
450 469 4084
2449 3879 3474
3414 3962 2240
1530 3732 3807
2007 2867 2007
14 2965 127
80 712 3021
2080 2585 2069
2319 3443 850
1615 2867 1615
3342 3998 3367
719 3528 2997
2907 3864 3058
817 3081 1537
264 1945 3856
603 3699 3095
1461 3299 1243
78 355 1608
1849 3055 199
2728 3541 1921
1769 3360 2084
239 3458 2405
1547 3903 838
1531 2129 1058
1416 3506 3795
2867 3574 3574
1988 3958 506
2411 2867 2411
914 942 2591
1237 3822 816
1055 2867 1055
1277 3524 630
1071 1497 2473
1627 3843 3527
2608 3892 2105
2226 2421 376
630 2083 2666
1822 3940 3574
2906 3032 1074
95 4075 32
801 2867 801
1057 1387 1933
492 3902 1713
1256 3704 3460
2675 2867 2675
2867 3542 3542
305 3609 3571
2172 2867 2172
591 1168 3672
339 2192 3053
1319 3157 2757
2867 3738 3738
2867 3583 3583
662 3454 110
1374 1975 352
2666 4081 371
2867 3672 3672
1163 3806 3631
2852 3715 1259
2558 2787 569
2149 3610 541
2000 2867 2000
1454 1967 1698
1401 1453 327
293 4062 2938
269 2340 1615
2751 3279 3968
1204 2023 744
45 2619 3086
1907 2390 447
1306 1765 624
1032 1995 3342
2550 3808 3594
3136 3636 4066
2224 3770 822
1169 3668 4022
938 3374 1145
3231 3387 1463
1227 2867 1227
92 2867 92
1459 1531 1058
974 2867 974
2867 3511 3511
2158 2896 3202
20 268 504
1512 3699 3095
765 1574 1813
1515 3722 3182
818 2867 818
3269 3547 3958
201 2041 2884
291 1679 1372
2349 2867 2349
230 3207 4005
1063 2649 3763
1297 2595 1284
953 1937 3628
584 4032 3260
2971 3719 1127
157 3052 3542
74 1618 3242
2563 2912 2596
1637 2612 2577
2457 3799 2931
99 175 1498
2268 2941 3925
1496 2372 2458
512 1882 2957
1165 3630 389
1515 2867 1515
1 2867 1
978 3818 3928
1267 2520 3136
1498 3733 244
1356 3798 1067
376 2867 376
1180 1523 463
722 1043 3087
478 3731 3821
1396 1806 3107
778 3104 225
425 3923 659
2998 3911 601
1684 2194 1227
738 3718 2109
1216 1826 2320
1433 3916 2356
264 2883 3856
2917 3701 3791
3422 3739 756
467 3913 1234
2069 2525 3068
161 3173 3652
1170 2021 3216
263 2867 263
239 658 2405
2859 4008 3720
1677 1857 4094
260 455 2540
652 3257 1914
1177 1588 331
540 3087 517
1288 2550 3594
2972 3056 2033
3057 3072 1198
625 1959 585
258 3445 3160
666 1284 4004
411 3482 239
505 3901 2422
1020 2676 324
2764 2829 478
1644 2867 1644
2693 3697 301
3434 3958 506
2454 3223 2301
835 1973 1883
2867 3465 3465
1678 3185 3110
1080 2659 1543
1263 2571 1017
1042 2636 1788
1507 3716 2037
998 2867 998
893 922 2809
1845 2957 3867
557 1574 1813
320 1976 853
1232 3033 3169
3278 3546 2895
2417 3057 1198
275 1520 2758
1473 3338 3656
609 2686 228
439 3830 2512
138 4069 610
3720 3932 3560
3614 3628 2919
3432 3791 4017
1187 2867 1187
1579 2141 3761
2690 4050 2950
844 2867 844
2666 3642 371
1564 3895 3929
837 1356 1067
2041 3211 2884
1255 1846 104
180 3196 3575
1872 2598 3843
1668 2952 2863
149 3832 1677
968 2836 3113
2074 3219 3859
1875 2867 1875
2023 3382 744
679 2439 3723
2279 2756 3299
380 2100 3834
428 1082 1523
2729 3578 1989
3552 3878 1245
1083 2304 2773
283 720 2002
99 3194 1498
1117 2677 908
1766 3126 3384
3183 3375 258
2867 3287 3287
532 564 2411
1245 1593 1756
1113 3469 380
232 2110 3287
871 1151 3753
2329 2735 119
1795 1883 3973
2155 3864 3058
679 1651 3723
301 2867 301
399 2281 2966
248 946 419
153 2498 948
1043 2745 3087
53 1211 227
1754 1772 411
3452 3889 805
89 2590 2081
2117 3334 2125
901 2949 3739
347 2656 1646
1456 2538 3751
2227 2705 1193
25 2942 362
2488 3877 1070
711 4058 3967
1290 3359 819
553 3288 259
213 1393 3140
1868 3977 3822
2033 3538 2665
2569 4084 2705
8 1755 1314
1707 2473 2223
2413 3862 3549
2712 3788 1482
1164 2867 1164
2867 3754 3754
3053 3427 360
90 4095 4013
179 3391 3585
2302 3688 2564
242 2867 242
2768 3283 3603
2681 3570 556
2420 2867 2420
1222 2040 1882
2713 2867 2713
2252 2902 597
1543 3122 1297
1209 3322 1905
628 1989 2145
11 1243 3583
731 870 1980
2867 3678 3678
1143 2061 3469
1155 3371 655
1752 2936 2341
917 3602 2108
2867 3316 3316
2957 4036 3867
3379 3436 1725
2716 3883 2443
656 2867 656
732 2219 234
161 3767 3652
2577 2867 2577
651 2697 33
507 2419 3680
898 3676 3164
2341 2867 2341
1081 2867 1081
2084 2321 1173
552 2084 1173
1127 2606 2797
1264 3384 3414
33 2867 33
1103 2164 1214
2085 3383 92
1126 3822 816
1222 2860 1882
2446 2867 2446
1693 2813 176
1927 2148 747
548 2867 548
59 558 2172
1684 3885 1227
2797 3141 2649
1211 1636 227
1882 3515 2957
2541 2852 1259
1439 3215 25
3955 4091 2061
2821 2884 1301
744 1916 2094
2755 3457 621
868 3297 1991
2716 2867 2716
1712 3299 1243
3010 3083 1256
2002 2994 1521
572 2913 3309
3801 3834 99
1860 2852 1259
2823 3856 292
1994 3928 1401
1474 1820 912
2549 2654 2746
353 756 242
2492 3969 1709
1475 2245 1137
741 1016 3621
692 4078 2252
898 1077 3164
2121 3059 3185
697 3566 3697
788 1920 2838
492 1691 1713
2282 3423 2859
1367 2034 2279
2653 3201 2000
2867 3051 3051
1659 2167 3728
3897 4076 1260
2239 2950 3224
1367 2867 1367
701 2867 172
564 3745 2411
2759 3896 3986
247 3796 1911
2758 2867 2758
2002 3736 1521
228 2867 228
2794 3645 341
3431 3638 2970
407 1087 1588
375 2240 2676
1156 3337 860
1152 1560 2998
468 2043 868
778 3780 225
172 2978 1875
2867 3594 3594
2211 3732 3807
377 1881 1817
66 1485 2120
2511 2623 2611
181 2144 2619
2592 3464 2237
2453 3683 4018
1169 3548 4022
960 3484 2021
1460 3182 981
462 3588 3344
32 2867 32
331 1051 1149
140 2017 3029
771 3643 3423
283 3983 2002
1709 3863 1045
382 3604 797
1017 2987 2690
2087 2631 395
2867 3575 3575
585 2386 1973
123 3977 3822
2428 2707 3412
435 2672 1296
69 3571 1120
359 1677 4094
3320 4079 1642
631 3830 2512
1437 2855 1739
3306 4003 97
1947 4047 583
374 2867 374
2429 2867 2429
1504 2428 3412
1235 3464 2237
1317 2713 282
1560 3926 2998
870 2867 870
37 2021 3216
798 2459 3896
1997 2867 1997
1570 3852 2121
1108 2867 1108
820 1090 564
301 1778 3991
124 3025 1359
2861 3611 3634
517 4046 315
1343 2867 1343
146 2867 146
968 1093 3113
659 3350 1298
2004 2591 1755
1833 2274 4037
745 2931 1307
3228 3763 189
1246 2023 744
1400 3666 716
597 936 2457
1891 3631 2315
1511 3547 3958
3626 3821 535
975 3638 2970
84 3227 2497
272 1339 3288
2867 3053 3053
1270 3959 2454
1214 3210 4070
2419 3100 3680
568 1385 77
2867 3816 3816
278 766 2340
181 2867 181
2820 3939 3519
404 1040 113
2284 3551 871
1735 2773 90
2571 2822 1017
1472 2867 1472
950 1948 1339
1198 3370 3456
195 929 2117
144 1675 3145
2300 3136 4066
97 2908 492
142 691 3559
2332 2810 2074
803 2548 2861
2045 3253 1995
88 3751 329
1944 2035 3831
2671 3403 1833
2603 3053 360
2450 2481 971
491 659 1298
940 2931 1307
1269 2652 694
2564 3488 1876
829 4014 2913
388 1947 583
900 3664 703
51 2540 1591
1141 2612 2577
2374 3562 3252
754 3484 2021
2217 3263 1209
331 1861 1149
1462 2676 324
1514 2944 140
248 3409 419
544 3185 3110
839 2210 70
850 3149 3402
2750 3405 278
1940 2000 2421
822 3237 3841
1522 3818 3928
685 2867 685
2294 3833 3465
2867 3216 3216
5 176 3622
121 931 2393
1990 2711 3864
133 683 942
2903 3506 3795
826 2783 3157
2369 3710 708
676 885 1272
1496 2710 2458
2867 3260 3260
1070 3468 1772
2649 3721 3763
2432 3982 614
678 3519 3484
134 3792 4003
2611 4015 3120
39 2867 39
1378 3033 3169
2564 2867 2564
1435 2901 1374
2024 2125 1514
327 1645 1684
791 3600 3862
1413 3200 1179
2867 3719 3719
3131 3215 25
489 1308 3664
504 3195 3930
1108 3011 1312
1074 2572 2782
653 2635 3738
2271 3126 3384
2186 2436 457
3259 3289 2669
923 3817 2186
2237 2344 1499
1829 2966 3277
283 3504 2002
875 1998 3818
239 2867 239
2447 2637 3892
524 2454 2301
798 3151 3896
2689 2700 1942
241 2055 1335
1774 2479 3638
1924 2589 3536
3489 3979 2840
399 2867 399
825 3795 1108
693 1303 1849
2867 3960 3960
1410 1623 656
238 2703 1277
1274 1849 199
2867 3720 3720
2720 3236 1967
2359 3761 3511
1417 1588 331
1673 3920 773
827 2676 324
2800 3805 2538
2881 3627 3903
2867 3892 3892
1531 2867 1531
407 514 1588
1185 3068 3547
2115 2463 2660
2094 3181 2080
531 1599 307
2557 3899 1722
1015 1080 1543
2621 2966 3277
859 3622 2626
261 755 2361
476 1216 2320
2 568 77
407 2015 1588
604 2472 1438
1334 3379 1725
1211 2867 1211
1438 4035 1812
160 3541 1921
684 2867 684
692 2867 692
2850 3146 134
489 3491 3664
2223 4080 1060
355 2521 1608
561 1227 1949
2314 2393 1003
1851 2660 771
569 1342 2712
286 2867 286
1186 2358 3551
226 2018 2527
949 2757 1090
1298 2867 1298
1205 3414 2240
1587 3904 1211
2867 3387 3387
1561 2755 621
1396 1801 3107
832 1215 697
2091 3738 2511
2867 3609 3609
2437 3906 1165
989 1659 3728
1260 1723 156
396 1104 494
697 2867 697
2508 3251 2549
615 1279 3941
85 151 1455
286 497 2612
217 2867 217
1428 3319 1164
1825 2486 3716
2029 3096 2318
781 2071 1281
1933 2871 2138
369 624 1997
958 1751 174
1281 2867 1281
1871 2867 1871
97 1132 492
154 3991 351
1258 2830 3564
1088 3817 2186
171 2867 171
79 3631 2315
2867 3282 3282
650 2638 2429
585 613 1973
1273 2775 2946
653 3347 3738
3043 3101 2490
341 1632 397
286 348 2612
788 2867 788
1285 3164 3452
1142 1949 1386
59 255 2172
1930 2340 1615
3498 3988 1082
513 615 3941
3357 3583 1918
481 2279 3299
199 774 217
1761 3980 778
2867 3169 3169
2001 2867 2001
2319 2867 2319
1060 2047 798
1405 3960 1724
1004 1347 1295
1420 1733 3172
447 2295 830
2178 2936 2341
772 1502 2419
1350 3225 270
799 2867 799
2820 2867 2820
1259 3810 2285
1324 2839 3640
1597 1889 489
935 3396 685
1591 2867 1591
3145 3310 662
301 2408 3991
2149 3006 541
1021 1808 1434
3208 3230 1400
1339 3091 3288
1518 3224 3201
821 2867 821
1717 3940 3574
2492 2545 1709
620 2838 283
2632 2993 161
875 3779 3818
419 3235 2589
490 2037 3980
737 3216 3916
1359 3543 1644
3062 3303 4075
1833 2867 1833
1928 3942 1931
2867 3929 3929
1621 2526 3921
234 1154 2510
1714 2708 684
110 3633 2390
144 2867 144
614 2767 1091
406 3967 3865
233 2506 870
489 3220 3664
2025 2120 3744
188 2304 2773
1951 2549 2746
1659 3567 3728
596 2481 971
2804 3903 838
692 1147 2252
301 1491 3991
1526 2753 1846
1626 1911 3848
1630 2797 2649
1615 1797 3261
899 1652 3710
2136 3755 801
2038 2109 246
521 3763 189
965 3435 3904
1858 3673 2960
3227 3314 2497
111 381 2036
1347 2911 1295
3723 3981 24
419 1821 2589
454 4066 1501
1563 2628 3375
2894 3896 3986
588 3004 1856
1482 2867 1482
776 2021 3216
2264 2825 3039
1259 3246 2285
591 1424 3672
1202 1545 2242
2118 2497 1545
113 1370 2571
2285 2655 1007
1069 2913 3309
1081 1701 3175
1765 2791 624
718 1738 2876
389 2867 389
1751 1799 174
1788 3499 1993
157 760 3542
3001 3283 3603
107 1016 3621
1327 2177 3600
455 2867 455
2989 3532 3
2666 2867 2666
19 3343 591
374 3336 1889
344 3344 550
477 893 2809
3319 3573 1164
626 871 3753
2329 2867 2329
3469 3951 380
1823 2426 1129
1060 1280 798
697 2090 3697
1679 2990 1372
1588 2867 1588
2270 2400 581
278 2461 2340
689 2245 1137
1301 3448 1900
273 352 3316
2867 3855 3855
817 2867 817
562 2074 3859
2443 3046 1169
930 3136 4066
3000 3597 2254
546 2672 1296
931 3891 2393
3562 3762 3252
3585 3847 1871
2077 2867 2077
2081 2201 3923
1304 3005 1903
744 1592 2094
2992 3021 2813
2867 4091 4091
22 241 1335
295 397 2536
1326 2899 2703
2203 2376 2250
385 2867 385
2904 4088 2035
1108 1261 1312
2591 2867 2591
845 3501 2367
1704 2018 2527
1277 1418 630
3068 3243 3547
617 3621 1055
1817 2169 3257
2675 3509 3433
1064 3444 875
1455 3218 3302
800 3645 341
2819 3776 2555
1909 2094 2080
2676 2867 2676
950 2867 950
2119 2259 2329
1365 1772 411
694 2867 694
3335 3463 1379
2867 3414 3414
912 2867 912
3039 3155 2363
2813 3654 176
1227 2882 1949
2138 2243 799
2957 3742 3867
1505 2867 1505
839 3517 70
839 2867 839
576 2622 39
2867 3628 3628
2867 3107 3107
2487 3992 1414
2195 2329 119
2867 4018 4018
961 3650 232
1120 1464 1823
981 1175 1811
324 1355 2001
70 3459 625
2588 3542 2336
176 3285 3622
2367 2593 2498
302 3639 3855
610 2208 203
251 3282 1356
980 1513 3208
2577 3618 2508
1739 2811 3239
315 2953 3255
2867 3412 3412
2403 2420 1103
1188 4063 615
1900 3576 2631
1081 3193 3175
4004 4016 3051
46 1740 3178
1990 2867 1990
3143 3519 3484
2020 3362 1513
1793 2318 2852
1544 3852 2121
2364 3859 2187
2867 3021 3021
1469 4014 2913
2367 2867 2367
2449 2535 3474
461 1591 3562
156 952 2388
863 2622 39
550 1669 3289
2368 3958 506
312 3061 706
2793 3564 2526
1792 1812 2365
1058 1445 3953
104 1533 818
144 3690 3145
944 2250 3588
1301 2867 1301
204 1002 3002
2761 3430 3931
1413 3660 1179
228 2909 2506
3591 3861 3061
1516 2145 170
2420 3364 1103
170 2867 170
2605 2954 1765
485 769 2677
324 1292 2001
3393 3729 1702
567 2729 1989
920 3716 2037
2217 2313 1209
753 961 232
1653 1903 1542
2499 2646 3126
853 2483 2492
2956 3672 2761
677 3242 3959
2291 2453 4018
581 915 3645
2867 2962 2962
2355 2861 3634
1284 3521 4004
494 2104 394
1214 2827 4070
2852 2867 2852
3390 3753 1337
70 1483 625
1111 2612 2577
3333 3378 2755
1594 3335 1379
50 2490 839
2867 3817 3817
1373 3282 1356
704 1407 1435
1296 3846 181
1521 2867 1521
1379 4052 4069
505 1275 2422
2647 2832 2557
307 3577 1222
335 1918 2989
662 2867 662
2867 3822 3822
1819 3021 2813
601 1566 432
1867 2416 1515
1739 2617 3239
372 1644 2652
660 2809 1
2339 3308 1161
183 3652 1870
2867 2899 2899
624 2049 1997
541 1492 2219
1962 2813 176
1718 3640 3034
440 3239 3362
2867 3640 3640
142 1888 3559
3859 3912 2187
566 1329 2221
818 4019 676
2124 3816 302
633 1217 3283
365 3465 1474
891 4071 3719
327 1760 1684
1222 1657 1882
2270 2316 581
3348 3648 2632
2016 3892 2105
371 2352 385
2488 2867 2488
360 3437 3727
2778 2867 2778
2867 3923 3923
1192 2772 1976
1918 3190 2989
854 3374 1145
1375 1911 3848
973 2139 2672
974 3534 1054
1505 2792 1258
695 924 2656
28 2867 28
1163 1174 3631
2320 2696 3619
3549 3764 3117
2109 2867 2109
2832 2867 2832
246 1219 399
113 1030 2571
2867 3157 3157
400 1856 1867
1643 3653 1526
446 1038 713
1118 3067 3830
2184 2460 974
2045 2867 2045
971 3221 28
2153 2488 1070
2510 2741 2176
1387 3555 1933
2761 3707 3931
1090 3516 564
1425 2867 1425
1745 2527 1038
1216 4045 2320
2037 2559 3980
850 947 3402
2324 2867 2324
465 2488 1070
1747 3460 2580
225 3323 2968
2468 2577 2508
577 2176 2158
241 2981 1335
1122 3848 1290
621 2190 3661
633 2867 633
2145 2560 170
3809 3852 2121
496 2946 961
3026 3039 2363
541 2867 541
2571 2867 2571
3281 3807 3897
1247 1885 2449
1582 2936 2341
2867 3680 3680
625 2867 625
190 2867 190
672 2285 1007
1585 3862 3549
1791 2148 747
2388 3041 2342
1187 1671 1872
1137 2844 1576
1934 2510 2176
1184 3554 927
60 773 3591
1218 2580 2831
67 339 3053
3057 3400 1198
743 1256 3460
1260 2272 156
700 2867 700
2393 2867 2393
2715 3697 301
2867 3058 3058
643 2921 2686
1807 2323 2829
270 1238 361
2758 3171 695
1690 3257 1914
889 1666 59
2411 3857 953
2628 2867 2628
921 3560 2303
1284 2867 1284
2108 3735 3348
430 3101 2490
1770 3678 3502
579 2997 1579
283 2867 283
1537 3535 3010
2254 3399 1496
969 2117 2125
1722 3693 157
399 3819 2966
1661 2498 948
46 2441 3178
2867 3391 3391
2061 2815 3469
806 2558 569
2867 3638 3638
1145 1611 3812
1262 2172 257
1890 2938 849
499 1692 1163
578 830 289
244 3658 3960
2308 2867 2308
598 3147 3279
671 3916 2356
568 3537 77
1526 4051 1846
903 2587 1714
101 1312 3096
1576 2867 1576
986 2599 2775
169 2007 1495
819 1500 237
1967 1986 1698
1295 3766 884
2867 3484 3484
1503 3925 180
2867 3982 3982
2723 3107 1485
284 680 373
667 3719 1127
239 1123 2405
18 2564 1876
3176 3549 3117
1731 3897 1260
2187 2493 2855
315 608 3255
91 2473 2223
2418 3469 380
327 3411 1684
350 2150 2487
2650 2867 2650
237 340 2298
1064 3167 875
965 1494 3904
2209 2382 2148
2968 3748 4079
447 3914 830
573 1455 3302
355 2878 1608
1041 2499 3126
102 886 3406
2052 3930 3464
2035 2867 2035
292 2597 638
855 3261 3770
3084 4082 3398
1853 3343 591
610 3108 203
2080 3248 2069
2280 3433 1990
135 3000 2254
1390 2497 1545
2596 2867 2596
1568 2867 1568
392 556 144
399 3871 2966
2864 2962 142
3551 3995 871
957 3452 805
690 2867 690
3335 3725 1379
3213 3474 1531
170 2276 3833
247 1519 1911
962 2555 886
3362 3365 1513
423 2105 3816
1055 1935 4071
1972 2861 3634
311 3416 393
460 3028 2382
757 3988 1082
2681 3794 556
1883 3198 3973
3344 3401 550
134 2867 134
814 3129 2975
1161 3274 2965
2356 2534 117
1614 2252 597
1542 2867 1542
3749 3774 3371
1498 2867 1498
822 1106 3841
81 2112 893
471 886 3406
236 3583 1918
3107 3993 1485
769 3209 2677
282 1320 3625
973 3561 2672
1058 1941 3953
2730 3157 2757
931 1779 2393
1608 2701 3129
3197 3821 535
134 761 4003
1527 2963 1984
2867 3110 3110
1663 1666 59
1211 1391 227
990 1995 3342
519 1996 1711
2152 3980 778
537 2677 908
530 1997 2460
694 991 973
849 1225 3673
379 2388 2342
656 2875 151
2754 3591 3061
1129 3696 3977
1226 3294 1413
3126 3130 3384
1395 2219 234
339 2311 3053
2069 2574 3068
115 971 28
2324 2509 3067
2102 3656 803
2867 3490 3490
3110 3756 1802
315 2629 3255
1169 2092 4022
1772 2867 1772
897 4071 3719
1039 2419 3680
328 665 2800
2341 3927 2977
1776 2508 2549
2952 3823 2863
2241 3527 2778
415 499 1163
716 1787 3852
1969 2245 1137
656 3689 151
373 2867 373
420 3714 374
1993 3293 1081
474 638 1497
122 2479 3638
1465 3056 2033
246 1112 399
397 4001 2536
391 3758 3839
1872 2872 3843
351 2146 769
2867 3208 3208
2050 2838 283
331 2402 1149
1711 2126 950
1159 1724 2689
1808 2853 1434
1813 2867 1813
351 2867 351
1010 2453 4018
2714 3288 259
817 2523 1537
292 1573 638
149 4020 1677
1635 3513 1369
1765 2867 1765
3976 4018 1623
1580 3067 3830
3016 3387 1463
2780 3224 3201
1967 2031 1698
2867 3867 3867
341 3376 397
3408 4069 610
87 1931 3374
951 1973 1883
3094 3328 2011
2161 2690 2950
2867 4005 4005
874 2497 1545
147 3348 2632
1398 2105 3816
2867 3029 3029
437 747 3627
746 1187 1872
108 1376 844
449 3208 1400
1473 2867 1473
1001 1664 1964
263 2880 4058
1145 2059 3812
2867 3856 3856
3036 3986 2045
2867 3653 3653
146 262 712
46 2922 3178
1145 1917 3812
463 2733 3116
2242 2843 3387
998 3947 1551
424 1658 171
875 2289 3818
1576 3844 3084
1425 2283 264
2390 2867 2390
661 3255 3337
591 2513 3672
44 1045 3025
2851 3562 3252
1726 3398 3033
2165 2632 161
2026 3074 2244
1388 3140 653
2429 3097 4073
1753 2244 1016
790 3929 3278
1337 3629 3446
1001 2427 1964
39 1814 1216
2807 3856 292
1501 2867 1501
582 3903 838
932 3005 1903
1046 3640 3034
984 3095 3688
2095 3282 1356
508 2242 3387
389 2331 1027
1724 3734 2689
998 3204 1551
1764 2367 2498
2631 3159 395
1446 3511 1393
2926 3744 3961
1700 2832 2557
1763 1964 3774
2636 3286 1788
322 2970 3227
600 3296 2334
1679 2867 1679
545 784 531
2856 3373 74
685 3918 3028
1689 2007 1495
598 2867 598
816 2766 2446
1918 3475 2989
583 1114 1560
473 3096 2318
256 2782 2023
1366 2202 1343
382 2565 797
773 3177 3591
3079 3549 3117
385 1584 3321
3066 4084 2705
1399 2342 303
145 2261 700
801 3675 3988
2867 3692 172
2757 3486 1090
361 1638 3064
2590 4068 2081
2121 2533 3185
383 4017 2927
2001 3174 2542
1188 3153 615
1856 2867 1856
2075 3086 1947
585 1293 1973
345 1301 1900
2349 3750 424
1307 2688 3541
229 1818 1564
1486 2977 149
1060 2867 1060
47 1366 1343
913 1379 4069
887 1543 1297
1550 2422 4091
3423 3455 2859
109 1772 411
495 1272 3319
3623 3940 3574
198 1393 3140
1482 3876 2149
963 1074 2782
1551 2435 2628
2174 2217 1209
1239 3821 535
1719 3312 2245
2867 3753 3753
1241 2790 2277
785 2899 2703
97 663 492
374 1681 1889
31 1485 2120
2356 3054 117
321 694 973
26 801 3988
151 2915 1455
2867 2931 2931
1535 1644 2652
2157 2260 2177
1183 1722 157
2449 2867 2449
1014 2336 2328
2176 2867 2176
832 2914 697
2182 2809 1
1929 2761 3931
2669 3138 3101
2689 2867 2689
93 771 3423
541 2288 2219
1372 4027 2917
316 3255 3337
1209 2867 1209
2867 3968 3968
62 2810 2074
1422 2542 20
2423 2919 598
1181 2081 3923
1905 2424 1703
2011 3106 968
664 2158 3202
882 928 633
1165 2658 389
799 1139 1598
2665 3439 683
3287 3874 1376
206 1526 1846
3916 3943 2356
695 1195 2656
1748 1765 624
2351 2840 2349
937 3133 1873
1420 2867 1420
844 1056 458
223 2443 1169
3096 3593 2318
190 3311 738
148 621 3661
1193 1605 3447
2626 2867 2626
819 2867 819
2096 2975 3553
1067 2867 1067
2868 3169 895
2285 2867 2285
6 1007 772
2189 2429 4073
2867 3005 3005
812 3831 2157
3076 3355 178
1525 3440 2324
1571 1812 2365
2259 2706 2329
708 2380 3005
1847 3982 614
911 1542 931
127 378 3146
1281 1431 650
1357 2555 886
1298 1946 1080
1508 4022 817
2298 2674 1402
2867 3848 3848
2457 3974 2931
414 1284 4004
323 2342 303
1775 2361 2463
866 3010 1256
575 1499 3982
3260 3635 3922
2828 2912 2596
75 2596 3226
1835 1932 2304
742 2508 2549
1131 2492 1709
1018 1463 3077
1802 3307 103
961 2867 961
2867 3645 3645
2406 3414 2240
771 4083 3423
81 1430 893
1596 3887 3758
939 3714 374
826 1610 3157
506 3873 3303
1818 4021 1564
830 3850 289
2580 3987 2831
822 1305 3841
2867 3077 3077
231 2831 3335
1841 2800 2538
523 3922 505
805 3388 2650
964 2542 20
1344 2414 3920
2356 2848 117
633 997 3283
261 795 2361
901 3990 3739
118 3391 3585
554 912 3405
42 2480 3378
1813 3581 2599
1048 1055 4071
1427 3941 2622
2337 3831 2157
92 2394 1396
2867 3460 3460
1991 4074 568
1161 3726 2965
1367 3840 2279
2867 3303 3303
2991 3242 3959
2051 4017 2927
2632 2867 2632
1396 2890 3107
1423 2061 3469
1299 1703 2936
1028 3371 655
2117 2867 2117
556 3882 144
104 879 818
2240 4026 2676
1501 1699 4014
1915 2203 2250
1949 3907 1386
2151 2367 2498
2456 2863 499
2013 3706 1808
2028 3033 3169
1825 3985 3716
902 1091 665
159 1343 1387
463 1536 3116
1479 1698 3056
1188 2867 1188
42 2664 3378
310 1991 568
954 3968 407
1447 3342 3367
1881 3462 1817
3908 4070 719
2538 3377 3751
2812 3201 2000
861 1871 355
1796 1900 2631
1648 2298 1402
1101 4060 145
2867 3967 3967
2867 3393 3393
2775 2867 2775
247 2867 247
2591 2805 1755
844 3123 458
518 3342 3367
128 2538 3751
393 1874 3343
1527 2867 1527
2120 3417 3744
775 3084 3398
337 3867 1719
981 1489 1811
1666 3023 59
1137 2057 1576
3272 3900 3706
762 2277 146
1272 2867 1272
174 2867 174
2391 3002 3386
1190 3672 2761
2867 3513 3513
2867 3716 3716
2338 2775 2946
1794 3536 2819
3064 3418 241
1472 2846 3887
1368 2176 2158
360 3759 3727
297 3456 2308
1849 2867 1849
1985 3058 2071
590 884 704
2451 3682 2077
158 2108 3348
1027 1697 3393
1838 2390 447
816 2116 2446
1666 2867 1666
804 2473 2223
1116 2631 395
2481 2867 2481
979 1234 263
3519 3607 3484
1564 2076 3929
3605 3627 3903
1335 2415 3355
1006 3720 3560
2215 2605 1765
1976 2841 853
248 3917 419
116 713 3506
77 586 1659
2475 3925 180
1234 2362 263
2410 2962 142
140 2196 3029
1104 3301 494
2270 2867 2270
602 3120 690
506 1558 3303
1846 2867 1846
1233 2363 998
1877 2511 2611
538 4066 1501
868 2752 1991
3025 3703 1359
1349 3095 3688
3156 3839 692
1662 2339 1161
1538 1813 2599
1742 2998 601
1137 1409 1576
228 1265 2506
3602 3700 2108
4 3279 3968
3585 3644 1871
504 3671 3930
117 2785 1241
1768 2705 1193
1084 3294 1413
2616 2775 2946
315 2867 315
1624 2950 3224
127 3526 3146
881 3753 1337
228 3245 2506
1241 2867 1241
1129 2867 1129
3398 3613 3033
2867 3941 3941
2542 4009 20
3238 3609 3571
1957 2867 1957
1392 1993 1081
1613 1933 2138
156 2867 156
209 1067 1601
749 1314 1625
3513 3589 1369
719 1354 2997
560 2673 901
1901 2867 1901
2984 3110 1802
953 994 3628
1043 2586 3087
20 3170 504
1866 1914 2150
3493 3831 2157
3363 3980 778
642 819 237
3919 3931 2166
398 3817 2186
1554 1598 1818
747 2634 3627
712 1065 3021
1291 1943 469
1539 1908 2590
412 3133 1873
772 3119 2419
2867 3337 3337
3712 4037 821
1120 2867 1120
1090 2502 564
519 3875 1711
1251 1911 3848
126 2237 1499
245 3412 3940
296 4013 2270
2349 2627 424
3094 3214 2011
1301 1743 1900
1471 1989 2145
2867 3925 3925
361 3217 3064
904 1568 3501
803 3304 2861
289 3996 3000
2643 3371 655
265 1402 1101
59 3256 2172
2867 3841 3841
2084 3372 1173
413 2506 870
466 3634 1043
1873 2046 1186
3367 3935 519
2131 3447 3554
2788 3277 604
2002 2532 1521
838 1749 3678
104 3606 818
870 2216 1980
185 3480 3294
2924 3661 3379
3184 3574 1885
28 2360 3602
445 2320 3619
1849 3111 199
551 3714 374
1109 2970 3227
2458 2939 1679
2867 3469 3469
2244 3646 1016
2145 2951 170
3362 4028 1513
1404 1472 3887
1919 4079 1642
803 2867 803
3423 3624 2859
659 1310 1298
3027 3113 898
793 3360 2084
708 2133 3005
1781 2876 1473
1601 2309 2437
2743 3178 2679
1163 1840 3631
1075 2899 2703
3375 3694 258
1782 3862 3549
362 1412 1001
510 895 2899
1078 2716 2443
3093 3536 2819
186 3201 2000
488 1725 4062
1307 3313 3541
821 3757 284
641 2619 3086
988 2339 1161
945 3583 1918
267 3656 803
2181 2328 651
1870 3127 3272
2018 2867 2018
779 2035 3831
670 4018 1623
841 1856 1867
1548 2975 3553
492 1332 1713
3625 3837 1789
17 3257 1914
303 3743 1472
2820 4033 3519
220 588 1856
1173 2640 3732
127 2494 3146
3513 3572 1369
2037 2452 3980
2577 2935 2508
2026 2867 2026
718 2867 718
2867 3980 3980
1415 1870 3272
3 502 1187
244 525 3960
290 1825 3716
284 1062 373
2066 2422 4091
1528 1755 1314
1172 3283 3603
1381 3288 259
143 2778 3714
1027 2462 3393
629 3973 1104
1324 2749 3640
2109 4002 246
1054 1824 311
1498 2278 244
2867 3136 3136
2405 2645 2962
463 2867 463
2867 3834 3834
1922 3536 2819
2298 2867 2298
478 3008 3821
2867 2975 2975
803 1138 2861
2524 3680 2203
1905 2392 1703
1016 3760 3621
182 3302 286
654 3261 3770
2275 2938 849
893 2867 893
3078 3574 1885
1521 3777 417
898 2867 898
2867 3751 3751
526 1542 931
187 2950 3224
838 1953 3678
1146 2917 3791
470 898 3164
1082 2867 1082
655 2867 655
2098 3474 1531
280 690 3984
725 2382 2148
1166 3029 2499
2446 2661 2810
3663 3984 3653
166 2069 3068
1343 3617 1387
2867 3652 3652
459 3841 3403
74 3784 3242
1044 3077 3699
638 1562 1497
1569 2342 303
2763 3446 2428
2514 2829 478
1450 3755 801
2867 3554 3554
3080 3501 2367
2308 2383 2636
313 3460 2580
1702 2983 2906
2656 2867 2656
3233 3564 2526
395 3007 740
3107 3478 1485
1497 3565 2473
1828 3077 3699
3024 3294 1413
597 3949 2457
1837 1990 3864
20 2867 20
718 2430 2876
942 3232 2591
242 249 2856
2437 3512 1165
797 2979 404
2615 3393 1702
2720 2867 2720
2158 4023 3202
1921 2594 1898
1444 3855 2825
1135 3034 545
2673 2867 2673
2010 3564 2526
2173 3923 659
1882 1987 2957
63 694 973
3970 4003 97
1376 1869 844
411 3352 239
99 3709 1498
864 1272 3319
1514 2570 140
1002 1110 3002
417 2604 965
2692 4004 3051
1282 2405 2962
382 3290 797
752 3160 247
2677 2867 2677
1898 2867 1898
976 1921 1898
2446 2601 2810
665 4096 2800
1912 2977 149
1984 2101 1901
1899 3433 1990
33 2193 1652
633 1441 3283
212 3575 2740
2474 3319 1164
2433 2487 1414
178 1686 339
3000 3045 2254
453 519 1711
516 2033 2665
438 3967 3865
1973 2867 1973
1788 2620 1993
1989 2748 2145
1161 3481 2965
2561 3145 662
1894 3406 3225
434 3527 2778
1913 3931 2166
3014 3822 816
263 3826 4058
119 152 3609
1993 2312 1081
1875 3586 1525
2866 3029 2499
1382 1414 3513
1903 2067 1542
2340 2958 1615
1687 3387 1463
1104 1346 494
3946 3967 3865
974 2230 1054
2955 3634 1043
3112 3289 2669
545 4007 531
509 697 3697
1517 3816 302
457 3838 261
2679 2867 2679
3706 3868 1808
1711 1926 950
2073 2596 3226
726 3795 1108
2867 4079 4079
205 1307 3541
1833 2466 4037
482 821 284
1267 3854 3136
2363 3956 998
1090 2867 1090
1865 2649 3763
110 2704 2390
1164 1955 2729
2774 4094 3682
1513 2489 3208
456 3984 3653
2506 3815 870
2079 2150 2487
1931 3358 3374
948 2867 948
844 1757 458
