128 4679
87 95 84
61 118 58
96 117 96
41 68 38
67 118 64
31 80 28
8 42 8
1 30 1
22 97 22
9 49 6
78 126 78
19 22 16
17 62 14
56 76 56
93 96 90
41 44 38
12 52 12
1 60 1
71 79 68
67 101 64
29 47 26
14 101 14
26 34 26
94 95 92
28 55 28
103 116 100
11 92 8
76 126 76
23 74 20
76 96 76
85 111 82
10 127 10
17 97 14
86 111 86
63 80 60
36 68 36
85 118 82
48 63 48
127 128 124
31 65 28
25 31 22
27 121 24
82 93 82
55 124 52
103 112 100
117 124 114
45 85 42
1 63 1
62 75 62
9 50 6
83 112 80
53 58 50
75 112 72
90 100 90
76 117 76
32 101 32
61 79 58
71 107 68
32 52 32
65 85 62
123 127 120
56 120 56
85 91 82
54 125 54
11 80 8
16 95 16
100 111 100
61 103 58
2 99 2
10 19 10
47 94 44
119 127 116
13 34 10
67 86 64
17 90 14
5 119 2
25 78 22
17 25 14
56 112 56
61 83 58
83 117 80
47 52 44
41 121 38
46 53 46
3 9 1
11 66 8
61 106 58
23 59 20
25 66 22
53 71 50
14 92 14
6 25 6
53 96 50
71 123 68
43 49 40
1 43 1
9 67 6
51 90 48
28 41 28
53 80 50
14 114 14
12 57 12
2 62 2
97 116 94
52 74 52
116 123 116
27 94 24
18 27 18
25 32 22
42 46 42
73 93 70
10 43 10
73 121 70
45 66 42
55 69 52
105 111 102
31 32 28
68 85 68
70 88 70
42 121 42
43 105 40
10 66 10
97 122 94
45 121 42
32 128 32
76 95 76
92 127 92
36 124 36
62 79 62
23 124 20
104 116 104
1 64 1
114 115 112
42 58 42
62 109 62
1 28 1
11 19 8
51 93 48
28 67 28
36 80 36
2 53 2
82 109 82
41 107 38
41 101 38
41 80 38
59 78 56
74 91 74
50 80 50
54 67 54
29 91 26
73 102 70
107 116 104
8 34 8
90 115 90
51 121 48
35 62 32
72 82 72
51 55 48
32 41 32
27 96 24
10 18 10
25 51 22
15 103 12
8 30 8
28 32 28
33 44 30
67 125 64
2 12 2
21 73 18
35 127 32
64 71 64
24 126 24
30 45 30
30 76 30
8 94 8
78 108 78
101 128 98
103 104 100
8 87 8
71 96 68
116 119 116
7 115 4
65 95 62
64 81 64
23 127 20
5 103 2
10 87 10
39 41 36
7 44 4
60 77 60
77 114 74
1 108 1
95 97 92
66 109 66
25 79 22
12 35 12
70 113 70
55 58 52
48 128 48
78 120 78
24 72 24
63 100 60
50 78 50
26 46 26
29 89 26
63 90 60
59 88 56
70 115 70
1 10 1
14 40 14
4 17 4
70 87 70
91 124 88
77 94 74
65 75 62
126 127 124
56 108 56
47 119 44
79 104 76
63 109 60
3 30 1
53 91 50
61 88 58
57 76 54
115 116 112
19 56 16
65 89 62
68 88 68
13 122 10
73 123 70
21 99 18
59 119 56
3 96 1
4 56 4
27 112 24
46 126 46
93 99 90
34 68 34
7 40 4
93 122 90
103 107 100
73 75 70
1 16 1
45 117 42
9 120 6
51 105 48
45 112 42
11 128 8
49 88 46
13 112 10
49 61 46
41 60 38
105 128 102
49 108 46
54 65 54
45 102 42
42 81 42
93 94 90
79 125 76
37 50 34
36 98 36
70 71 68
104 111 104
102 110 102
65 125 62
11 127 8
67 98 64
37 126 34
37 101 34
43 119 40
18 67 18
26 88 26
63 103 60
7 54 4
63 94 60
28 66 28
7 65 4
10 98 10
88 96 88
4 63 4
12 64 12
86 109 86
99 128 96
12 15 12
46 81 46
35 61 32
2 4 2
43 44 40
30 31 28
69 114 66
74 118 74
41 58 38
37 66 34
49 119 46
65 128 62
8 13 8
57 73 54
38 85 38
111 121 108
87 108 84
67 100 64
19 90 16
55 102 52
45 68 42
33 128 30
13 116 10
55 114 52
70 110 70
35 95 32
47 65 44
109 128 106
80 128 80
95 103 92
4 90 4
20 28 20
37 83 34
81 119 78
100 116 100
3 106 1
48 78 48
32 77 32
42 101 42
105 112 102
76 99 76
93 118 90
59 127 56
67 74 64
33 81 30
58 62 58
21 40 18
28 39 28
98 100 98
43 82 40
17 55 14
41 86 38
24 34 24
17 99 14
56 119 56
61 125 58
25 124 22
4 100 4
52 86 52
77 118 74
59 117 56
116 128 116
49 96 46
83 115 80
38 124 38
21 82 18
36 88 36
55 82 52
26 68 26
69 120 66
45 55 42
70 120 70
35 115 32
75 123 72
38 83 38
121 127 118
39 66 36
50 51 48
8 85 8
11 111 8
14 99 14
84 89 84
65 103 62
24 39 24
93 103 90
53 117 50
101 119 98
65 111 62
74 76 74
40 114 40
22 38 22
10 52 10
41 69 38
40 110 40
59 90 56
51 82 48
9 35 6
8 54 8
37 70 34
4 114 4
37 87 34
13 29 10
40 107 40
5 87 2
45 93 42
74 86 74
1 80 1
1 92 1
68 100 68
6 59 6
3 26 1
94 125 94
12 55 12
59 66 56
4 6 4
15 106 12
44 108 44
13 51 10
23 38 20
58 128 58
82 103 82
67 115 64
110 118 110
106 114 106
31 79 28
46 78 46
88 101 88
41 53 38
97 125 94
14 80 14
29 39 26
28 97 28
85 102 82
70 75 70
35 90 32
99 114 96
12 80 12
5 46 2
29 122 26
33 89 30
49 116 46
63 77 60
3 95 1
33 125 30
69 74 66
33 111 30
66 67 64
16 49 16
19 40 16
49 57 46
43 68 40
6 37 6
65 90 62
105 124 102
16 88 16
26 123 26
45 54 42
49 127 46
2 108 2
29 44 26
87 109 84
84 86 84
34 55 34
33 58 30
44 119 44
115 127 112
43 79 40
14 22 14
10 68 10
74 101 74
4 84 4
75 78 72
20 128 20
69 78 66
31 37 28
71 88 68
60 68 60
92 122 92
59 62 56
29 53 26
115 125 112
87 124 84
64 103 64
93 117 90
62 103 62
91 102 88
13 90 10
7 86 4
3 42 1
2 13 2
15 126 12
41 110 38
3 29 1
89 90 86
13 25 10
70 79 70
56 97 56
82 83 80
63 128 60
25 123 22
56 106 56
55 125 52
31 97 28
43 90 40
17 102 14
64 123 64
95 120 92
48 113 48
77 81 74
52 116 52
59 121 56
100 109 100
10 112 10
94 109 94
56 65 56
34 79 34
19 25 16
27 56 24
60 74 60
66 117 66
109 125 106
62 69 62
65 119 62
31 116 28
14 65 14
4 9 4
87 91 84
85 117 82
43 127 40
50 87 50
29 94 26
18 37 18
6 83 6
50 69 50
42 127 42
117 118 114
20 41 20
26 61 26
65 88 62
23 54 20
23 95 20
68 95 68
59 95 56
79 126 76
11 79 8
25 85 22
21 86 18
75 88 72
37 127 34
15 64 12
23 117 20
59 84 56
42 122 42
66 70 66
77 83 74
29 30 26
13 121 10
53 106 50
45 106 42
91 118 88
65 67 62
28 118 28
26 93 26
24 32 24
43 92 40
47 117 44
39 88 36
103 123 100
79 116 76
52 73 52
17 69 14
17 104 14
8 12 8
28 42 28
23 128 20
7 27 4
88 89 86
6 32 6
25 88 22
30 94 30
9 30 6
69 102 66
27 108 24
64 110 64
79 85 76
12 16 12
45 49 42
103 118 100
14 84 14
93 111 90
40 59 40
77 104 74
63 122 60
49 107 46
75 126 72
30 34 30
97 117 94
99 100 96
105 115 102
67 117 64
30 56 30
69 96 66
7 37 4
60 93 60
33 82 30
68 114 68
62 64 62
16 121 16
13 32 10
43 116 40
51 103 48
34 86 34
2 72 2
35 120 32
8 48 8
74 105 74
72 89 72
3 14 1
10 64 10
2 114 2
109 117 106
53 81 50
54 101 54
14 120 14
25 93 22
5 86 2
96 122 96
98 124 98
114 125 114
38 63 38
22 46 22
78 85 78
58 72 58
3 67 1
32 84 32
9 17 6
19 76 16
26 94 26
71 80 68
23 100 20
17 59 14
59 101 56
49 111 46
52 76 52
45 82 42
15 128 12
19 104 16
30 43 30
40 41 38
55 115 52
69 82 66
27 84 24
13 58 10
41 102 38
107 118 104
22 127 22
96 100 96
66 106 66
27 64 24
53 57 50
8 110 8
75 79 72
57 65 54
23 118 20
25 76 22
54 128 54
74 92 74
75 82 72
50 74 50
87 113 84
71 116 68
45 86 42
2 97 2
47 120 44
51 100 48
36 37 34
23 66 20
55 113 52
30 84 30
85 94 82
45 87 42
48 59 48
63 125 60
61 98 58
13 86 10
67 106 64
50 54 50
5 124 2
19 35 16
5 42 2
75 109 72
32 108 32
3 13 1
3 8 1
13 17 10
43 64 40
17 65 14
38 56 38
83 124 80
35 37 32
53 124 50
9 105 6
2 29 2
59 123 56
49 50 46
102 108 102
56 82 56
16 33 16
81 109 78
51 115 48
75 115 72
23 56 20
42 43 40
43 113 40
40 75 40
59 120 56
46 95 46
23 55 20
21 79 18
10 46 10
53 122 50
73 96 70
94 107 94
11 60 8
35 116 32
52 85 52
13 62 10
36 44 36
23 77 20
7 128 4
4 16 4
11 35 8
55 80 52
73 87 70
64 90 64
59 122 56
50 117 50
77 78 74
3 116 1
5 18 2
9 117 6
25 46 22
39 51 36
68 69 66
12 21 12
26 72 26
27 100 24
87 127 84
45 51 42
53 83 50
54 103 54
1 3 1
25 29 22
9 45 6
3 63 1
46 50 46
73 86 70
85 93 82
7 107 4
35 52 32
49 52 46
13 100 10
13 81 10
77 107 74
41 116 38
72 99 72
20 117 20
24 117 24
35 83 32
42 96 42
8 106 8
46 56 46
80 86 80
4 78 4
2 83 2
21 113 18
7 11 4
111 119 108
27 51 24
48 62 48
18 128 18
33 52 30
6 119 6
36 128 36
77 111 74
12 31 12
62 97 62
3 23 1
57 72 54
97 109 94
33 109 30
6 23 6
33 96 30
8 102 8
3 4 1
54 71 54
35 75 32
109 124 106
14 16 14
61 72 58
62 63 60
77 112 74
4 95 4
20 115 20
9 12 6
20 87 20
43 54 40
58 65 58
53 109 50
90 128 90
17 117 14
28 37 28
58 113 58
16 124 16
110 128 110
100 123 100
109 112 106
48 49 46
73 127 70
95 113 92
103 105 100
86 117 86
9 112 6
73 94 70
9 119 6
83 97 80
38 52 38
23 90 20
36 123 36
48 94 48
58 74 58
7 80 4
69 122 66
64 69 64
6 9 6
39 125 36
41 77 38
81 114 78
32 110 32
48 116 48
53 70 50
26 115 26
58 59 56
50 101 50
29 120 26
35 74 32
85 101 82
8 14 8
52 63 52
42 120 42
78 89 78
46 82 46
84 128 84
12 92 12
48 119 48
17 60 14
20 27 20
31 50 28
28 111 28
21 68 18
31 121 28
11 20 8
42 57 42
95 98 92
9 78 6
22 33 22
14 100 14
109 120 106
12 59 12
69 90 66
37 75 34
12 54 12
35 60 32
87 110 84
24 33 24
43 122 40
29 37 26
45 58 42
100 113 100
40 126 40
56 128 56
39 92 36
69 84 66
26 37 26
12 25 12
23 83 20
18 92 18
15 87 12
56 123 56
13 69 10
41 59 38
87 104 84
2 9 2
23 99 20
111 112 108
79 121 76
17 37 14
71 122 68
23 65 20
96 108 96
5 108 2
19 93 16
40 119 40
32 37 32
90 111 90
82 104 82
15 99 12
82 106 82
26 86 26
25 28 22
23 94 20
89 110 86
71 89 68
21 47 18
56 116 56
54 126 54
5 8 2
2 18 2
97 127 94
13 66 10
105 106 102
59 104 56
19 122 16
1 123 1
14 36 14
29 103 26
13 16 10
21 29 18
67 103 64
29 69 26
125 128 122
7 84 4
3 66 1
63 98 60
46 122 46
90 96 90
69 94 66
21 43 18
41 109 38
71 112 68
2 100 2
18 51 18
14 52 14
19 113 16
31 94 28
69 127 66
41 97 38
10 22 10
32 56 32
109 118 106
67 119 64
19 52 16
13 37 10
46 58 46
106 122 106
87 115 84
5 77 2
119 120 116
41 55 38
62 83 62
95 112 92
75 100 72
107 122 104
8 41 8
53 84 50
48 82 48
105 118 102
7 21 4
75 101 72
53 121 50
47 128 44
102 120 102
10 91 10
95 99 92
55 118 52
25 126 22
6 33 6
50 104 50
49 112 46
41 127 38
65 120 62
16 52 16
38 71 38
61 128 58
52 92 52
55 89 52
51 53 48
87 123 84
65 124 62
76 102 76
16 27 16
3 128 1
40 70 40
72 98 72
6 17 6
51 85 48
34 36 34
4 11 4
33 73 30
12 93 12
17 70 14
93 110 90
85 92 82
8 15 8
15 40 12
32 36 32
30 68 30
11 18 8
63 101 60
101 102 98
18 102 18
73 98 70
18 22 18
22 124 22
49 63 46
45 99 42
33 116 30
39 64 36
111 122 108
71 111 68
46 55 46
23 72 20
63 70 60
53 123 50
101 123 98
42 83 42
107 125 104
62 92 62
7 31 4
21 114 18
19 119 16
81 118 78
7 69 4
61 96 58
60 98 60
24 40 24
35 40 32
33 57 30
17 95 14
100 106 100
33 76 30
81 85 78
73 114 70
30 126 30
98 118 98
29 108 26
58 70 58
113 123 110
29 66 26
3 54 1
93 112 90
46 68 46
10 26 10
44 113 44
10 28 10
55 104 52
35 108 32
49 128 46
76 100 76
50 71 50
4 27 4
4 65 4
36 127 36
27 34 24
83 120 80
102 106 102
61 123 58
22 23 20
28 62 28
67 69 64
42 128 42
89 125 86
1 89 1
30 105 30
40 45 40
101 122 98
57 120 54
13 91 10
1 96 1
59 107 56
12 88 12
57 113 54
5 120 2
29 70 26
12 56 12
55 111 52
46 77 46
20 73 20
101 105 98
5 7 2
3 98 1
1 55 1
7 126 4
18 79 18
37 99 34
57 82 54
44 103 44
95 106 92
89 91 86
8 17 8
106 110 106
5 31 2
53 75 50
9 121 6
39 121 36
17 47 14
45 92 42
25 75 22
93 123 90
35 41 32
16 80 16
40 102 40
69 103 66
23 114 20
3 39 1
71 101 68
54 98 54
10 76 10
52 112 52
9 61 6
19 43 16
75 108 72
59 103 56
9 32 6
72 111 72
25 70 22
34 128 34
39 95 36
2 106 2
117 121 114
16 41 16
24 47 24
14 43 14
32 38 32
46 96 46
28 80 28
76 101 76
48 52 48
60 89 60
6 16 6
61 93 58
77 126 74
49 62 46
81 102 78
45 128 42
79 113 76
7 16 4
32 40 32
97 98 94
43 77 40
13 41 10
17 123 14
111 113 108
6 87 6
47 123 44
16 104 16
79 120 76
55 61 52
10 29 10
36 59 36
79 122 76
79 110 76
104 121 104
20 84 20
51 80 48
5 105 2
38 51 38
2 111 2
73 77 70
34 57 34
95 128 92
73 120 70
89 111 86
39 69 36
34 101 34
49 104 46
35 99 32
63 104 60
38 40 38
39 128 36
33 75 30
28 81 28
19 72 16
13 35 10
83 119 80
23 53 20
12 127 12
111 114 108
19 34 16
57 68 54
115 128 112
49 87 46
9 123 6
47 55 44
1 59 1
62 72 62
101 110 98
15 125 12
64 76 64
77 128 74
27 124 24
44 48 44
49 74 46
59 64 56
13 53 10
93 97 90
65 110 62
65 96 62
64 117 64
39 56 36
2 28 2
76 107 76
11 49 8
64 77 64
79 83 76
83 114 80
31 115 28
93 109 90
46 47 44
117 125 114
36 49 36
33 93 30
18 71 18
55 110 52
37 123 34
113 122 110
74 99 74
4 13 4
31 51 28
35 53 32
26 101 26
65 122 62
18 42 18
55 77 52
83 102 80
82 90 82
90 107 90
4 30 4
14 29 14
33 103 30
6 117 6
48 79 48
51 101 48
59 63 56
53 101 50
5 115 2
74 104 74
47 127 44
53 112 50
27 81 24
32 67 32
78 86 78
70 114 70
5 97 2
27 85 24
3 92 1
38 62 38
8 61 8
82 96 82
49 106 46
61 86 58
46 115 46
45 52 42
8 128 8
94 98 94
30 99 30
38 68 38
58 112 58
26 44 26
52 126 52
11 36 8
72 84 72
104 109 104
43 88 40
42 45 42
9 37 6
73 110 70
23 103 20
55 107 52
35 54 32
43 112 40
53 118 50
33 71 30
51 69 48
23 79 20
15 100 12
43 84 40
42 125 42
11 70 8
33 42 30
9 127 6
40 57 40
57 91 54
42 65 42
7 59 4
51 68 48
21 121 18
100 110 100
54 120 54
92 102 92
119 125 116
54 84 54
98 99 96
38 47 38
7 53 4
50 106 50
2 42 2
44 62 44
20 32 20
15 108 12
7 111 4
4 107 4
93 119 90
3 47 1
51 66 48
14 46 14
65 92 62
7 118 4
43 125 40
32 45 32
65 121 62
110 123 110
57 100 54
25 105 22
99 118 96
22 35 22
33 39 30
86 128 86
24 74 24
67 70 64
14 69 14
11 122 8
16 58 16
53 99 50
20 78 20
9 93 6
25 122 22
75 117 72
79 96 76
93 98 90
84 122 84
107 128 104
42 56 42
27 80 24
52 78 52
101 117 98
81 101 78
10 16 10
39 63 36
84 100 84
3 120 1
63 81 60
48 80 48
28 74 28
34 69 34
25 82 22
51 57 48
109 122 106
78 105 78
39 82 36
7 82 4
3 41 1
1 86 1
27 33 24
89 121 86
53 116 50
7 125 4
85 106 82
51 79 48
110 122 110
57 92 54
91 122 88
21 112 18
31 60 28
2 101 2
23 121 20
7 89 4
43 45 40
36 53 36
77 103 74
57 105 54
86 97 86
53 73 50
11 15 8
72 110 72
27 59 24
39 65 36
63 102 60
71 91 68
46 67 46
81 84 78
24 123 24
28 78 28
16 37 16
3 50 1
68 111 68
43 67 40
71 126 68
31 101 28
110 119 110
97 99 94
36 71 36
36 103 36
24 82 24
35 126 32
29 77 26
61 68 58
18 66 18
72 73 70
73 90 70
21 93 18
41 108 38
69 125 66
18 33 18
49 90 46
19 63 16
14 103 14
7 72 4
54 105 54
20 65 20
62 65 62
9 28 6
39 110 36
12 14 12
43 124 40
26 110 26
108 109 106
27 42 24
95 121 92
76 114 76
55 128 52
42 99 42
13 28 10
35 39 32
3 16 1
2 82 2
87 122 84
12 101 12
12 91 12
105 107 102
70 76 70
40 52 40
6 19 6
37 69 34
110 111 108
37 62 34
26 35 26
54 99 54
39 73 36
47 110 44
3 31 1
103 119 100
71 108 68
60 79 60
17 50 14
97 108 94
37 121 34
33 83 30
29 64 26
95 109 92
17 33 14
26 53 26
79 86 76
12 96 12
106 127 106
69 98 66
12 47 12
77 116 74
13 123 10
115 122 112
6 77 6
52 54 52
72 107 72
23 62 20
16 112 16
35 87 32
21 34 18
77 101 74
37 39 34
116 117 114
99 126 96
32 44 32
11 99 8
31 72 28
112 113 110
83 89 80
97 106 94
78 119 78
22 29 22
53 54 50
25 37 22
31 118 28
26 125 26
42 91 42
22 51 22
24 52 24
44 61 44
36 46 36
35 102 32
57 101 54
6 55 6
113 124 110
28 29 26
18 25 18
53 97 50
45 115 42
37 108 34
41 90 38
66 76 66
69 126 66
64 113 64
15 82 12
73 91 70
121 125 118
39 72 36
44 67 44
33 54 30
37 57 34
25 35 22
25 71 22
74 109 74
99 116 96
8 123 8
26 77 26
23 43 20
44 78 44
103 125 100
46 49 46
39 76 36
4 47 4
29 96 26
21 75 18
6 43 6
15 86 12
59 79 56
59 100 56
3 34 1
28 71 28
10 35 10
17 28 14
102 122 102
76 108 76
98 119 98
2 7 2
29 105 26
77 108 74
69 70 66
1 72 1
26 55 26
68 77 68
24 29 24
17 45 14
30 95 30
60 91 60
37 65 34
57 103 54
29 67 26
77 80 74
64 124 64
97 103 94
28 36 28
120 121 118
71 99 68
32 33 30
53 127 50
69 100 66
14 64 14
87 97 84
34 123 34
24 83 24
2 125 2
24 55 24
9 56 6
59 98 56
63 126 60
9 88 6
15 90 12
58 78 58
52 97 52
90 91 88
27 38 24
111 116 108
6 30 6
55 93 52
24 88 24
57 84 54
90 94 90
66 128 66
3 114 1
32 69 32
31 81 28
34 60 34
29 59 26
71 94 68
16 97 16
52 107 52
36 41 36
100 121 100
67 75 64
47 95 44
72 83 72
13 19 10
48 76 48
50 115 50
92 105 92
78 128 78
19 105 16
111 126 108
4 87 4
50 85 50
72 96 72
33 46 30
107 109 104
7 30 4
53 92 50
61 99 58
51 63 48
40 100 40
23 33 20
1 2 1
27 113 24
34 73 34
77 87 74
65 74 62
50 128 50
5 112 2
117 122 114
13 96 10
15 51 12
53 98 50
50 105 50
91 123 88
21 54 18
6 106 6
4 42 4
78 79 76
1 47 1
23 57 20
47 92 44
3 57 1
5 123 2
60 90 60
6 18 6
37 73 34
108 128 108
41 87 38
25 69 22
50 63 50
57 116 54
78 104 78
45 103 42
1 65 1
45 56 42
79 99 76
36 85 36
47 96 44
20 26 20
18 123 18
66 88 66
1 57 1
19 33 16
101 115 98
6 89 6
2 3 1
61 64 58
112 121 112
8 103 8
13 74 10
89 114 86
35 94 32
52 55 52
61 120 58
17 126 14
30 50 30
99 115 96
69 93 66
83 109 80
10 116 10
10 128 10
77 120 74
65 69 62
52 95 52
45 120 42
1 15 1
1 5 1
35 118 32
109 115 106
30 115 30
67 110 64
82 87 82
34 49 34
17 87 14
24 26 24
4 21 4
37 94 34
18 90 18
107 121 104
35 82 32
111 123 108
70 93 70
63 73 60
66 79 66
91 109 88
19 97 16
51 119 48
44 75 44
12 44 12
32 53 32
46 118 46
56 86 56
2 16 2
85 103 82
30 73 30
20 30 20
107 111 104
42 70 42
31 100 28
51 123 48
11 51 8
12 117 12
81 105 78
42 114 42
21 33 18
54 68 54
13 21 10
3 40 1
42 94 42
12 100 12
17 52 14
5 41 2
6 90 6
12 28 12
95 110 92
33 105 30
22 27 22
10 15 10
121 126 118
2 116 2
24 48 24
48 118 48
25 111 22
50 109 50
28 124 28
79 87 76
57 109 54
93 95 90
61 100 58
67 99 64
97 121 94
49 76 46
19 26 16
37 92 34
61 84 58
41 118 38
73 74 70
89 119 86
56 64 56
85 114 82
35 64 32
16 79 16
47 68 44
52 90 52
61 112 58
17 61 14
19 78 16
15 20 12
70 84 70
11 50 8
5 22 2
26 65 26
95 100 92
12 73 12
1 8 1
27 28 24
13 120 10
77 95 74
36 122 36
15 123 12
91 94 88
16 92 16
46 75 46
46 70 46
12 106 12
63 107 60
10 59 10
33 112 30
57 90 54
24 53 24
22 56 22
61 97 58
39 60 36
11 33 8
39 71 36
63 88 60
80 103 80
18 52 18
45 73 42
27 40 24
111 125 108
5 32 2
5 25 2
44 52 44
11 46 8
38 88 38
125 126 122
74 103 74
38 61 38
9 92 6
22 48 22
99 122 96
59 115 56
60 95 60
20 25 20
102 105 102
93 105 90
36 48 36
7 15 4
41 51 38
103 109 100
32 76 32
48 70 48
63 99 60
26 63 26
9 122 6
101 114 98
33 106 30
3 65 1
64 127 64
60 67 60
12 29 12
79 80 76
24 118 24
26 107 26
24 28 24
3 52 1
64 115 64
16 21 16
107 110 104
39 86 36
2 79 2
99 124 96
53 76 50
54 70 54
98 104 98
17 30 14
30 122 30
5 84 2
59 116 56
45 72 42
19 23 16
23 89 20
45 125 42
3 51 1
2 128 2
49 67 46
53 78 50
13 84 10
26 49 26
83 107 80
16 73 16
15 35 12
9 43 6
9 81 6
65 78 62
67 105 64
2 68 2
22 117 22
101 111 98
113 117 110
35 124 32
17 101 14
87 96 84
92 123 92
11 27 8
29 114 26
52 53 50
55 75 52
71 100 68
67 97 64
87 119 84
59 74 56
60 101 60
2 20 2
89 127 86
64 91 64
1 18 1
63 83 60
101 109 98
45 123 42
95 124 92
71 83 68
45 60 42
95 125 92
72 90 72
59 105 56
30 106 30
17 121 14
29 80 26
85 113 82
85 95 82
65 113 62
23 116 20
13 31 10
27 32 24
26 95 26
15 59 12
48 83 48
78 99 78
107 112 104
90 121 90
47 53 44
55 90 52
73 79 70
43 56 40
50 114 50
29 83 26
11 117 8
12 109 12
3 113 1
35 66 32
63 121 60
96 128 96
36 40 36
53 128 50
62 125 62
26 47 26
43 69 40
9 42 6
64 73 64
64 108 64
10 126 10
53 120 50
26 58 26
48 56 48
32 75 32
17 110 14
73 95 70
37 43 34
55 66 52
29 111 26
116 121 116
91 114 88
71 77 68
67 126 64
40 49 40
33 100 30
31 52 28
95 101 92
21 101 18
22 32 22
111 128 108
93 101 90
21 62 18
55 123 52
67 92 64
34 111 34
31 117 28
54 102 54
44 101 44
50 62 50
3 62 1
78 109 78
69 97 66
23 44 20
58 67 58
17 73 14
79 92 76
88 98 88
83 106 80
78 91 78
57 89 54
29 128 26
19 46 16
51 89 48
37 86 34
17 44 14
89 115 86
31 107 28
22 112 22
44 45 42
87 93 84
18 116 18
53 77 50
110 112 110
68 76 68
72 74 72
7 76 4
124 128 124
17 106 14
47 106 44
56 81 56
45 101 42
89 117 86
8 81 8
11 98 8
71 113 68
43 70 40
63 92 60
30 125 30
19 68 16
27 116 24
49 83 46
1 41 1
23 86 20
18 119 18
64 102 64
31 112 28
82 112 82
3 20 1
57 118 54
19 94 16
35 106 32
46 84 46
39 122 36
44 94 44
44 66 44
37 41 34
9 103 6
81 115 78
71 119 68
61 73 58
65 115 62
14 38 14
6 123 6
87 102 84
54 114 54
1 17 1
73 80 70
7 122 4
85 88 82
69 95 66
50 90 50
18 63 18
33 94 30
92 115 92
56 69 56
87 125 84
80 101 80
99 110 96
18 74 18
71 106 68
12 76 12
27 54 24
35 119 32
77 105 74
8 51 8
67 80 64
63 110 60
34 54 34
35 84 32
18 48 18
97 123 94
27 41 24
17 98 14
73 107 70
100 128 100
10 56 10
4 18 4
34 42 34
11 104 8
21 108 18
26 57 26
70 112 70
50 82 50
65 66 62
62 110 62
25 98 22
47 86 44
23 115 20
5 128 2
22 81 22
72 77 72
91 95 88
67 127 64
34 66 34
39 40 36
9 41 6
15 114 12
70 111 70
103 124 100
17 96 14
9 68 6
21 105 18
113 114 110
1 51 1
46 125 46
14 15 12
77 82 74
93 124 90
10 54 10
3 100 1
64 70 64
80 126 80
44 77 44
85 107 82
52 61 52
117 120 114
60 65 60
76 81 76
4 52 4
13 57 10
123 124 120
95 119 92
21 96 18
67 122 64
55 60 52
40 72 40
73 81 70
62 90 62
88 108 88
51 75 48
76 113 76
78 100 78
87 99 84
32 125 32
7 29 4
25 84 22
2 22 2
68 121 68
85 123 82
101 104 98
42 55 42
104 126 104
12 78 12
26 62 26
2 127 2
97 112 94
52 77 52
17 29 14
27 120 24
67 72 64
103 121 100
61 63 58
62 113 62
55 57 52
47 64 44
48 58 48
8 90 8
42 93 42
22 128 22
10 11 8
40 84 40
84 123 84
18 82 18
8 70 8
69 128 66
10 81 10
16 26 16
59 71 56
22 118 22
107 124 104
41 94 38
46 89 46
4 14 4
68 116 68
79 100 76
17 128 14
29 100 26
23 40 20
92 101 92
69 106 66
9 53 6
39 120 36
67 109 64
30 69 30
70 98 70
75 95 72
59 113 56
84 98 84
109 114 106
85 112 82
83 126 80
5 6 2
30 111 30
11 56 8
33 66 30
42 77 42
97 102 94
7 127 4
55 91 52
75 110 72
9 111 6
34 38 34
30 128 30
2 92 2
4 54 4
98 120 98
5 61 2
71 117 68
18 19 16
47 126 44
40 74 40
67 108 64
4 43 4
45 119 42
71 82 68
23 102 20
110 127 110
89 103 86
65 80 62
104 105 102
75 128 72
43 58 40
1 11 1
18 49 18
17 105 14
13 128 10
32 34 32
2 58 2
89 102 86
8 96 8
83 96 80
43 123 40
76 82 76
38 73 38
70 90 70
10 120 10
74 116 74
19 125 16
36 112 36
39 127 36
47 58 44
103 128 100
118 125 118
75 103 72
81 99 78
64 122 64
15 104 12
40 97 40
56 60 56
46 79 46
55 72 52
31 54 28
61 70 58
86 101 86
78 110 78
41 71 38
27 58 24
105 117 102
40 91 40
2 80 2
5 26 2
10 58 10
46 120 46
58 89 58
48 98 48
117 126 114
2 10 2
25 55 22
67 95 64
93 128 90
25 61 22
49 118 46
21 122 18
39 116 36
24 69 24
8 10 8
68 87 68
46 85 46
81 106 78
3 90 1
13 103 10
42 105 42
14 17 14
21 53 18
20 109 20
9 97 6
9 71 6
31 82 28
83 104 80
19 124 16
14 128 14
19 53 16
95 122 92
65 118 62
53 108 50
12 119 12
10 65 10
19 128 16
33 40 30
13 73 10
9 114 6
81 116 78
42 67 42
25 47 22
15 96 12
19 61 16
99 109 96
6 7 4
27 86 24
45 111 42
3 11 1
16 23 16
88 107 88
23 31 20
45 100 42
41 72 38
37 60 34
45 78 42
3 72 1
75 127 72
123 126 120
17 32 14
79 107 76
3 78 1
33 110 30
30 92 30
87 121 84
26 43 26
33 61 30
48 86 48
88 117 88
91 112 88
17 68 14
121 128 118
46 128 46
10 74 10
59 89 56
20 92 20
57 79 54
13 76 10
31 67 28
8 111 8
3 118 1
12 128 12
1 114 1
46 88 46
93 126 90
65 91 62
16 103 16
73 76 70
1 77 1
19 92 16
62 106 62
22 113 22
102 115 102
71 104 68
16 40 16
58 116 58
2 90 2
57 80 54
62 78 62
2 35 2
1 34 1
92 107 92
89 107 86
43 114 40
44 51 44
99 107 96
3 97 1
88 116 88
87 112 84
99 103 96
89 106 86
34 37 34
51 84 48
25 36 22
77 98 74
22 74 22
62 119 62
31 126 28
25 50 22
114 128 114
14 30 14
47 89 44
4 88 4
35 58 32
6 122 6
15 39 12
2 40 2
15 54 12
4 75 4
10 109 10
24 35 24
27 39 24
51 88 48
64 109 64
73 111 70
1 78 1
77 97 74
25 74 22
24 54 24
73 104 70
54 116 54
1 22 1
99 117 96
86 87 84
81 117 78
27 128 24
18 81 18
59 112 56
44 79 44
113 118 110
19 27 16
6 109 6
18 101 18
111 127 108
43 80 40
118 121 118
20 38 20
60 103 60
35 45 32
16 109 16
85 119 82
19 95 16
34 70 34
111 120 108
74 111 74
69 80 66
16 59 16
22 40 22
55 108 52
61 90 58
28 52 28
10 97 10
25 44 22
5 15 2
25 89 22
8 31 8
2 91 2
95 117 92
81 111 78
11 73 8
63 111 60
62 89 62
65 126 62
93 125 90
11 101 8
1 94 1
25 102 22
97 110 94
12 26 12
8 105 8
27 105 24
73 89 70
67 89 64
20 110 20
45 94 42
86 104 86
53 102 50
32 48 32
68 107 68
51 118 48
25 38 22
103 113 100
50 113 50
48 87 48
20 51 20
1 99 1
8 88 8
36 90 36
7 83 4
3 94 1
16 54 16
82 113 82
46 86 46
56 95 56
55 79 52
103 114 100
36 105 36
1 102 1
27 67 24
4 38 4
1 7 1
107 117 104
17 26 14
5 88 2
42 85 42
13 124 10
60 116 60
39 118 36
75 114 72
112 128 112
82 120 82
17 74 14
12 37 12
8 82 8
105 119 102
13 36 10
8 127 8
54 60 54
18 107 18
18 34 18
20 21 18
73 128 70
35 125 32
46 62 46
48 88 48
4 39 4
27 53 24
74 80 74
21 60 18
59 67 56
9 118 6
26 64 26
18 126 18
9 55 6
51 114 48
4 19 4
50 76 50
13 38 10
10 114 10
76 78 76
63 112 60
8 9 6
47 122 44
5 16 2
115 121 112
27 119 24
91 110 88
14 63 14
35 93 32
10 80 10
30 90 30
23 63 20
41 42 38
79 119 76
55 120 52
68 96 68
18 95 18
27 127 24
30 110 30
29 88 26
31 98 28
4 44 4
55 71 52
18 117 18
56 68 56
39 68 36
26 40 26
16 38 16
91 115 88
43 98 40
45 116 42
103 108 100
34 50 34
13 63 10
105 126 102
36 78 36
29 107 26
79 89 76
4 23 4
71 75 68
71 103 68
5 95 2
79 127 76
80 108 80
12 112 12
14 98 14
65 77 62
68 72 68
50 64 50
43 59 40
73 125 70
105 116 102
11 123 8
119 123 116
17 23 14
42 61 42
86 122 86
13 65 10
57 78 54
46 54 46
56 58 56
23 30 20
93 114 90
83 105 80
39 46 36
9 98 6
1 21 1
7 38 4
37 102 34
63 71 60
112 114 112
67 104 64
20 77 20
34 125 34
93 127 90
6 70 6
111 118 108
25 109 22
76 93 76
15 36 12
94 113 94
108 114 108
80 104 80
49 66 46
12 84 12
28 121 28
75 87 72
35 67 32
79 88 76
42 112 42
39 52 36
10 13 10
83 92 80
12 103 12
83 101 80
40 53 40
51 124 48
20 36 20
57 126 54
12 58 12
93 120 90
119 126 116
45 113 42
51 78 48
63 114 60
67 107 64
33 121 30
69 124 66
81 83 78
24 51 24
27 93 24
4 12 4
71 109 68
7 50 4
70 108 70
97 118 94
53 87 50
69 77 66
113 119 110
7 35 4
33 102 30
57 121 54
20 74 20
46 60 46
66 86 66
69 86 66
105 125 102
32 92 32
28 43 28
47 54 44
4 41 4
39 90 36
71 124 68
1 66 1
19 38 16
73 92 70
1 101 1
83 95 80
91 104 88
60 119 60
73 124 70
82 122 82
44 110 44
7 85 4
81 92 78
89 92 86
6 120 6
4 104 4
22 102 22
67 128 64
95 116 92
11 52 8
41 54 38
31 128 28
107 114 104
35 59 32
30 38 30
39 99 36
28 49 28
51 56 48
79 118 76
58 127 58
23 32 20
14 33 14
79 115 76
41 62 38
80 94 80
118 123 118
47 105 44
101 113 98
27 50 24
29 84 26
25 108 22
117 123 114
23 45 20
66 73 66
76 122 76
102 103 100
80 123 80
23 34 20
24 75 24
45 124 42
31 40 28
25 97 22
13 55 10
30 70 30
14 18 14
5 13 2
77 92 74
54 92 54
19 64 16
103 115 100
20 61 20
2 17 2
46 112 46
96 99 96
25 42 22
76 103 76
30 75 30
47 97 44
62 82 62
32 42 32
54 62 54
111 124 108
55 101 52
20 45 20
66 125 66
10 17 10
27 31 24
9 65 6
5 63 2
16 94 16
80 95 80
58 100 58
30 96 30
115 118 112
97 100 94
82 89 82
8 57 8
99 105 96
56 125 56
8 21 8
36 86 36
6 44 6
31 47 28
6 13 6
2 54 2
1 61 1
14 62 14
48 109 48
35 43 32
20 118 20
25 30 22
71 105 68
57 108 54
29 106 26
24 30 24
19 36 16
47 99 44
12 45 12
32 113 32
67 116 64
15 41 12
64 96 64
27 46 24
75 85 72
57 96 54
15 49 12
96 125 96
19 49 16
5 122 2
100 126 100
15 127 12
37 100 34
5 58 2
9 29 6
11 47 8
96 97 94
35 51 32
107 120 104
79 111 76
38 111 38
5 52 2
36 99 36
35 46 32
52 66 52
42 60 42
31 56 28
3 121 1
67 114 64
19 110 16
26 60 26
40 76 40
80 85 80
2 5 2
89 98 86
45 83 42
8 43 8
9 48 6
97 120 94
60 108 60
12 60 12
76 94 76
7 98 4
64 106 64
62 111 62
32 114 32
13 56 10
51 111 48
110 115 110
82 98 82
22 62 22
16 34 16
16 99 16
62 98 62
67 78 64
72 81 72
33 101 30
2 44 2
99 119 96
9 76 6
33 91 30
87 98 84
27 95 24
75 106 72
97 126 94
2 34 2
2 70 2
100 122 100
97 111 94
81 122 78
20 112 20
29 38 26
77 122 74
105 110 102
5 91 2
33 122 30
45 108 42
51 122 48
39 49 36
62 121 62
8 22 8
73 106 70
82 86 82
86 127 86
8 50 8
85 86 82
84 106 84
56 118 56
72 113 72
7 106 4
71 95 68
26 73 26
17 80 14
57 112 54
6 64 6
81 110 78
31 123 28
103 117 100
59 108 56
28 88 28
93 102 90
114 116 114
22 52 22
57 128 54
7 22 4
57 61 54
7 108 4
44 102 44
14 21 14
32 54 32
4 58 4
107 126 104
7 43 4
37 88 34
30 71 30
2 25 2
21 95 18
17 64 14
61 116 58
10 44 10
98 128 98
8 55 8
4 124 4
6 65 6
43 115 40
72 121 72
61 114 58
71 93 68
80 90 80
5 82 2
18 59 18
21 103 18
16 83 16
39 67 36
45 97 42
57 115 54
61 126 58
62 94 62
37 93 34
33 34 30
40 73 40
39 59 36
61 74 58
3 10 1
63 120 60
5 107 2
33 60 30
47 101 44
115 119 112
76 97 76
6 12 6
40 69 40
32 127 32
45 114 42
6 79 6
19 115 16
37 74 34
6 124 6
97 128 94
15 21 12
41 64 38
12 30 12
87 94 84
82 91 82
14 56 14
23 101 20
35 85 32
2 38 2
69 115 66
59 76 56
13 44 10
9 64 6
64 89 64
66 92 66
69 117 66
79 109 76
13 26 10
97 124 94
29 79 26
19 91 16
73 109 70
21 78 18
113 125 110
28 87 28
1 9 1
55 64 52
29 82 26
19 112 16
19 103 16
41 92 38
43 118 40
20 54 20
83 111 80
97 101 94
114 121 114
19 108 16
66 72 66
30 33 30
71 121 68
33 104 30
66 71 66
49 68 46
14 73 14
93 100 90
65 117 62
46 94 46
9 107 6
25 33 22
9 126 6
62 77 62
38 67 38
6 49 6
1 121 1
51 83 48
22 50 22
14 67 14
3 43 1
29 35 26
60 121 60
3 124 1
36 91 36
82 110 82
69 83 66
37 59 34
105 114 102
34 59 34
81 128 78
54 76 54
43 106 40
16 64 16
20 125 20
18 76 18
55 86 52
15 75 12
61 111 58
27 73 24
58 90 58
13 15 10
12 50 12
62 76 62
53 111 50
37 81 34
85 122 82
34 71 34
56 121 56
38 72 38
64 128 64
48 51 48
41 57 38
37 48 34
27 87 24
56 99 56
29 116 26
67 71 64
81 125 78
22 71 22
2 27 2
22 116 22
28 72 28
37 122 34
43 120 40
70 96 70
57 119 54
43 75 40
61 77 58
21 28 18
121 123 118
74 110 74
31 68 28
53 115 50
3 80 1
56 101 56
29 97 26
9 87 6
87 117 84
94 127 94
69 113 66
72 80 72
91 125 88
14 20 14
77 127 74
31 41 28
9 106 6
73 103 70
2 31 2
41 43 38
47 48 44
18 118 18
89 120 86
38 78 38
61 117 58
37 45 34
32 70 32
30 86 30
61 94 58
51 86 48
18 32 18
2 59 2
41 84 38
43 89 40
75 93 72
1 37 1
7 33 4
30 47 30
42 103 42
37 78 34
40 98 40
47 67 44
6 26 6
52 62 52
53 110 50
16 29 16
60 82 60
22 95 22
114 127 114
2 14 2
12 82 12
18 35 18
30 109 30
37 97 34
115 126 112
69 101 66
74 90 74
9 74 6
16 82 16
5 113 2
86 95 86
41 76 38
53 89 50
10 53 10
14 45 14
64 65 62
5 106 2
10 84 10
13 113 10
5 37 2
50 58 50
125 127 122
34 39 34
4 76 4
88 91 88
3 108 1
45 98 42
58 125 58
22 69 22
59 128 56
11 74 8
35 65 32
68 92 68
44 120 44
37 91 34
49 100 46
21 32 18
11 114 8
18 31 18
27 110 24
72 94 72
48 65 48
119 121 116
29 75 26
84 95 84
35 78 32
96 112 96
24 121 24
15 56 12
4 24 4
13 59 10
71 90 68
93 113 90
92 112 92
16 25 16
29 43 26
59 94 56
10 20 10
56 109 56
27 88 24
13 83 10
46 73 46
5 74 2
19 59 16
78 97 78
45 122 42
10 119 10
5 114 2
37 84 34
8 19 8
99 111 96
8 40 8
104 125 104
53 64 50
26 116 26
27 71 24
55 105 52
103 127 100
29 50 26
75 102 72
87 106 84
21 88 18
69 88 66
48 97 48
43 60 40
7 124 4
43 55 40
9 60 6
32 74 32
11 43 8
9 26 6
4 25 4
16 77 16
10 12 10
31 120 28
42 84 42
107 113 104
78 88 78
33 49 30
12 32 12
4 86 4
24 104 24
2 122 2
68 128 68
42 48 42
51 70 48
16 22 16
35 111 32
16 96 16
90 126 90
27 125 24
74 88 74
27 66 24
69 92 66
45 89 42
68 123 68
42 52 42
2 66 2
54 91 54
45 65 42
65 106 62
27 91 24
11 82 8
69 87 66
29 40 26
13 49 10
118 122 118
47 79 44
54 123 54
55 95 52
54 55 52
39 57 36
43 61 40
26 113 26
63 75 60
83 123 80
68 83 68
21 76 18
15 124 12
33 67 30
17 39 14
60 110 60
33 97 30
2 33 2
32 120 32
24 127 24
15 50 12
54 127 54
6 40 6
9 70 6
13 14 10
2 88 2
9 79 6
95 105 92
91 99 88
3 37 1
42 97 42
2 103 2
55 87 52
15 74 12
37 80 34
29 42 26
8 120 8
31 69 28
75 86 72
24 41 24
23 39 20
22 55 22
49 65 46
16 32 16
74 119 74
60 94 60
8 71 8
62 85 62
25 94 22
83 94 80
105 113 102
37 38 34
77 117 74
92 93 90
8 24 8
37 128 34
27 117 24
75 105 72
2 47 2
59 102 56
14 37 14
25 57 22
79 128 76
91 119 88
30 36 30
123 125 120
80 89 80
55 56 52
90 92 90
23 25 20
88 113 88
77 96 74
27 107 24
46 63 46
37 76 34
11 95 8
45 63 42
70 128 70
89 105 86
57 106 54
63 82 60
35 97 32
77 86 74
54 118 54
95 118 92
39 114 36
88 109 88
22 67 22
93 106 90
17 22 14
53 104 50
97 104 94
55 98 52
13 87 10
7 102 4
11 32 8
64 67 64
44 59 44
50 75 50
14 26 14
98 117 98
26 99 26
19 107 16
40 127 40
8 27 8
17 86 14
58 64 58
55 65 52
25 40 22
30 66 30
39 97 36
65 76 62
8 116 8
7 34 4
126 128 126
99 121 96
23 29 20
71 81 68
117 128 114
113 116 110
98 115 98
24 99 24
49 115 46
59 118 56
25 43 22
40 85 40
5 72 2
54 122 54
69 121 66
16 111 16
101 107 98
99 127 96
36 43 36
49 99 46
37 44 34
6 62 6
2 23 2
87 116 84
18 68 18
83 87 80
63 86 60
21 94 18
20 72 20
51 74 48
47 75 44
56 104 56
3 70 1
63 67 60
52 106 52
27 60 24
27 103 24
13 104 10
21 119 18
3 112 1
5 60 2
78 94 78
53 61 50
51 59 48
15 63 12
2 84 2
23 109 20
30 72 30
99 120 96
109 116 106
96 110 96
58 73 58
26 128 26
97 115 94
10 104 10
43 109 40
75 96 72
93 121 90
78 96 78
29 90 26
63 124 60
82 97 82
8 107 8
2 8 2
6 69 6
9 124 6
6 80 6
59 75 56
22 82 22
23 24 20
34 90 34
3 71 1
43 128 40
54 72 54
106 107 104
6 128 6
17 92 14
115 120 112
42 124 42
39 80 36
15 29 12
63 119 60
27 57 24
23 76 20
91 107 88
12 23 12
5 53 2
3 107 1
71 97 68
47 112 44
69 116 66
21 49 18
70 95 70
10 14 10
15 45 12
29 113 26
11 58 8
42 78 42
19 101 16
39 81 36
5 101 2
51 127 48
5 90 2
115 124 112
3 64 1
96 98 96
34 56 34
14 51 14
77 89 74
28 59 28
4 53 4
17 49 14
29 85 26
29 45 26
19 118 16
35 105 32
63 115 60
36 110 36
20 64 20
15 94 12
25 87 22
7 100 4
41 128 38
21 36 18
4 120 4
8 38 8
106 115 106
8 67 8
65 98 62
18 39 18
16 42 16
5 59 2
87 128 84
8 56 8
31 89 28
24 109 24
63 74 60
12 65 12
13 72 10
80 109 80
87 120 84
81 103 78
3 126 1
31 103 28
15 44 12
23 105 20
91 93 88
6 28 6
14 61 14
70 78 70
15 19 12
85 99 82
77 119 74
4 59 4
22 101 22
9 27 6
76 83 76
57 94 54
20 50 20
47 60 44
28 68 28
34 67 34
64 82 64
14 76 14
29 109 26
83 122 80
30 100 30
6 27 6
59 96 56
19 30 16
66 97 66
15 88 12
105 121 102
19 29 16
68 113 68
37 71 34
4 128 4
60 96 60
5 49 2
45 70 42
59 61 56
92 94 92
26 118 26
21 90 18
28 64 28
38 97 38
88 93 88
41 105 38
8 60 8
93 116 90
61 71 58
53 100 50
95 111 92
32 116 32
14 96 14
45 80 42
64 74 64
100 127 100
16 47 16
21 26 18
11 16 8
81 107 78
36 54 36
75 119 72
67 91 64
113 121 110
91 127 88
83 121 80
52 98 52
14 104 14
29 81 26
47 51 44
41 88 38
21 80 18
94 128 94
73 113 70
86 94 86
29 112 26
50 84 50
17 85 14
73 88 70
109 126 106
51 110 48
28 95 28
43 111 40
30 108 30
28 57 28
45 61 42
88 94 88
50 98 50
7 79 4
41 117 38
24 42 24
118 128 118
51 106 48
74 128 74
71 110 68
59 86 56
11 78 8
79 123 76
65 104 62
88 128 88
65 99 62
71 73 68
17 77 14
23 28 20
47 76 44
51 97 48
23 107 20
11 75 8
11 108 8
49 53 46
27 62 24
30 85 30
24 43 24
57 111 54
54 109 54
81 93 78
22 78 22
61 69 58
43 66 40
12 24 12
87 92 84
49 78 46
83 86 80
61 109 58
16 110 16
13 117 10
66 78 66
15 26 12
15 22 12
3 115 1
83 99 80
57 127 54
72 78 72
73 101 70
63 113 60
65 102 62
45 127 42
6 125 6
50 125 50
8 112 8
92 117 92
80 93 80
65 71 62
14 111 14
71 72 68
52 123 52
63 93 60
35 69 32
15 118 12
16 46 16
31 83 28
88 105 88
65 84 62
69 119 66
23 81 20
7 87 4
18 98 18
11 65 8
109 123 106
31 90 28
91 100 88
45 84 42
32 97 32
2 123 2
29 49 26
34 109 34
47 90 44
19 123 16
103 106 100
41 103 38
46 124 46
101 112 98
44 65 44
25 119 22
59 72 56
11 25 8
19 71 16
107 119 104
89 94 86
48 61 48
85 98 82
16 117 16
47 107 44
68 112 68
28 125 28
25 72 22
91 128 88
20 68 20
75 125 72
97 113 94
33 108 30
63 66 60
54 93 54
14 102 14
70 97 70
49 73 46
5 17 2
65 108 62
23 87 20
35 98 32
3 36 1
27 76 24
30 48 30
28 75 28
14 39 14
23 36 20
46 113 46
31 93 28
35 92 32
19 41 16
17 115 14
3 56 1
44 92 44
56 96 56
81 95 78
19 50 16
50 121 50
48 104 48
81 91 78
34 58 34
29 54 26
105 109 102
84 99 84
7 62 4
21 128 18
68 97 68
76 125 76
4 22 4
29 65 26
20 35 20
9 10 6
32 50 32
37 110 34
4 10 4
41 113 38
39 119 36
40 118 40
101 120 98
18 23 18
55 103 52
19 48 16
33 47 30
47 80 44
31 85 28
31 73 28
121 124 118
67 93 64
119 122 116
79 108 76
83 93 80
99 112 96
81 104 78
74 93 74
28 89 28
28 47 28
101 121 98
4 51 4
53 79 50
10 67 10
3 38 1
6 96 6
24 115 24
90 108 90
3 55 1
21 84 18
25 45 22
30 79 30
3 21 1
81 96 78
38 128 38
12 102 12
42 104 42
12 95 12
52 91 52
83 103 80
11 89 8
12 13 10
10 115 10
75 111 72
57 64 54
26 27 24
11 102 8
55 92 52
115 123 112
11 22 8
38 42 38
1 128 1
8 47 8
8 118 8
99 104 96
34 77 34
4 36 4
4 92 4
1 120 1
66 83 66
41 50 38
48 85 48
66 113 66
26 80 26
99 125 96
13 126 10
38 46 38
63 79 60
106 125 106
24 62 24
41 104 38
16 127 16
50 94 50
6 14 6
19 20 16
55 96 52
77 115 74
38 99 38
43 52 40
49 114 46
74 87 74
107 127 104
111 117 108
29 125 26
18 40 18
104 107 104
7 19 4
5 54 2
37 77 34
53 56 50
14 110 14
79 93 76
43 71 40
11 41 8
34 46 34
43 74 40
10 82 10
78 92 78
59 68 56
20 69 20
25 90 22
28 128 28
42 107 42
46 65 46
81 123 78
13 22 10
103 120 100
2 6 2
15 30 12
23 47 20
117 119 114
37 105 34
93 104 90
15 120 12
45 96 42
87 126 84
75 90 72
21 58 18
89 118 86
34 35 32
37 120 34
98 111 98
56 88 56
26 59 26
69 108 66
56 57 54
39 47 36
7 24 4
101 103 98
33 45 30
7 17 4
22 119 22
32 58 32
49 70 46
101 118 98
6 11 6
73 118 70
95 123 92
67 121 64
53 113 50
27 74 24
7 81 4
15 37 12
87 114 84
35 86 32
63 87 60
59 114 56
42 110 42
3 82 1
14 19 14
17 34 14
88 115 88
62 68 62
87 103 84
42 53 42
23 112 20
7 101 4
84 93 84
44 47 44
3 77 1
21 106 18
9 58 6
16 63 16
37 79 34
82 84 82
50 61 50
3 6 1
48 120 48
45 48 42
68 81 68
3 35 1
11 53 8
11 13 8
83 100 80
16 24 16
61 65 58
4 8 4
37 103 34
15 102 12
106 128 106
23 75 20
89 108 86
7 105 4
3 81 1
91 98 88
10 37 10
43 86 40
9 25 6
84 126 84
15 23 12
21 69 18
83 90 80
93 107 90
51 60 48
29 33 26
23 71 20
15 97 12
94 116 94
15 58 12
90 127 90
32 83 32
107 115 104
75 77 72
109 127 106
41 66 38
91 106 88
45 74 42
13 47 10
72 128 72
67 120 64
26 75 26
27 36 24
71 128 68
45 118 42
4 82 4
19 89 16
27 65 24
61 95 58
59 124 56
9 18 6
23 98 20
11 124 8
43 46 40
3 88 1
68 124 68
15 78 12
23 58 20
107 108 104
120 124 120
54 107 54
53 86 50
24 124 24
85 87 82
12 121 12
22 26 22
37 116 34
22 70 22
16 108 16
77 113 74
96 101 96
31 110 28
20 59 20
77 106 74
12 40 12
99 123 96
55 63 52
48 125 48
6 56 6
41 52 38
16 18 16
3 93 1
40 44 40
16 93 16
29 57 26
4 94 4
28 83 28
70 121 70
89 97 86
71 98 68
71 114 68
3 87 1
122 123 120
46 59 46
23 106 20
66 82 66
86 125 86
86 89 86
51 113 48
48 50 48
39 87 36
44 53 44
20 104 20
2 115 2
19 111 16
67 88 64
21 42 18
89 124 86
1 90 1
98 108 98
35 128 32
63 117 60
45 47 42
2 65 2
83 84 80
2 19 2
83 88 80
9 34 6
38 44 38
14 34 14
3 125 1
45 126 42
46 57 46
23 93 20
100 101 98
95 96 92
11 62 8
4 118 4
34 74 34
25 56 22
53 105 50
1 12 1
38 93 38
91 92 88
27 90 24
49 75 46
52 68 52
1 19 1
75 81 72
61 127 58
94 110 94
71 120 68
49 86 46
99 101 96
46 102 46
57 125 54
122 128 122
29 51 26
79 106 76
11 14 8
29 123 26
47 69 44
75 118 72
57 63 54
3 91 1
37 117 34
16 70 16
48 122 48
15 31 12
63 127 60
9 23 6
6 100 6
29 78 26
28 94 28
36 118 36
6 15 6
101 106 98
63 65 60
100 120 100
26 33 26
51 64 48
13 50 10
13 88 10
53 62 50
77 123 74
111 115 108
109 111 106
13 70 10
41 100 38
59 87 56
20 46 20
52 103 52
98 102 98
20 105 20
66 119 66
15 70 12
85 89 82
15 98 12
34 107 34
18 111 18
13 42 10
79 97 76
1 50 1
15 61 12
22 25 22
25 91 22
103 122 100
28 114 28
27 30 24
101 127 98
57 85 54
22 106 22
55 97 52
1 31 1
5 111 2
52 104 52
12 111 12
91 105 88
109 121 106
41 95 38
7 23 4
69 105 66
92 128 92
21 70 18
49 51 46
9 13 6
33 95 30
5 127 2
85 97 82
81 126 78
60 115 60
12 33 12
24 57 24
109 113 106
5 24 2
38 105 38
63 105 60
15 76 12
36 74 36
22 36 22
7 20 4
72 100 72
30 58 30
113 128 110
29 115 26
108 117 108
62 73 62
62 128 62
108 118 108
16 87 16
89 128 86
23 108 20
76 118 76
81 94 78
30 35 30
12 86 12
66 124 66
4 34 4
16 65 16
21 30 18
32 49 32
74 75 72
67 79 64
97 119 94
37 104 34
90 125 90
31 59 28
21 48 18
11 71 8
35 88 32
95 115 92
69 112 66
50 92 50
79 95 76
21 27 18
65 87 62
35 44 32
38 115 38
76 128 76
94 118 94
27 75 24
80 122 80
59 60 56
81 100 78
75 97 72
74 120 74
79 114 76
19 86 16
21 51 18
8 91 8
60 61 58
66 85 66
8 25 8
6 41 6
25 96 22
105 127 102
19 106 16
54 111 54
13 68 10
57 95 54
18 36 18
69 81 66
14 112 14
36 65 36
41 89 38
20 60 20
41 74 38
32 81 32
105 108 102
58 71 58
1 70 1
55 94 52
4 45 4
14 106 14
86 126 86
89 100 86
87 105 84
19 109 16
78 115 78
73 82 70
14 75 14
55 84 52
34 62 34
54 83 54
92 119 92
27 35 24
70 126 70
77 84 74
83 125 80
119 128 116
34 40 34
47 77 44
6 21 6
13 115 10
39 96 36
65 105 62
13 106 10
95 107 92
36 101 36
14 113 14
22 72 22
43 73 40
60 127 60
29 74 26
49 89 46
63 72 60
58 92 58
47 100 44
103 110 100
77 124 74
6 60 6
48 93 48
114 120 114
9 128 6
10 63 10
92 98 92
51 98 48
8 18 8
23 82 20
67 87 64
16 67 16
47 93 44
22 85 22
40 86 40
15 121 12
2 51 2
43 99 40
31 114 28
81 89 78
120 128 120
50 96 50
9 22 6
36 94 36
5 23 2
77 93 74
6 91 6
123 128 120
24 84 24
12 22 12
7 93 4
8 33 8
73 83 70
1 122 1
68 105 68
31 87 28
78 114 78
94 123 94
14 42 14
6 66 6
7 12 4
18 28 18
33 80 30
35 104 32
108 126 108
13 79 10
38 96 38
49 85 46
6 61 6
78 101 78
61 67 58
57 104 54
1 67 1
24 25 22
51 73 48
42 79 42
62 88 62
13 110 10
19 83 16
31 55 28
64 114 64
9 24 6
34 61 34
55 85 52
17 76 14
11 85 8
21 45 18
19 98 16
104 128 104
8 26 8
10 49 10
80 81 78
62 70 62
23 78 20
64 116 64
6 73 6
35 81 32
22 47 22
83 98 80
13 48 10
90 120 90
113 127 110
44 128 44
26 32 26
66 84 66
12 104 12
11 97 8
1 88 1
41 46 38
6 29 6
2 26 2
44 82 44
70 109 70
17 46 14
41 123 38
26 104 26
25 128 22
1 4 1
91 108 88
4 81 4
5 65 2
79 94 76
44 50 44
18 43 18
43 117 40
74 96 74
97 114 94
55 127 52
98 109 98
12 74 12
69 109 66
85 124 82
61 87 58
30 32 30
51 128 48
22 94 22
20 23 20
78 80 78
75 84 72
14 94 14
47 56 44
87 111 84
41 56 38
10 100 10
47 124 44
75 124 72
28 77 28
47 83 44
38 84 38
24 61 24
22 43 22
40 128 40
55 70 52
91 121 88
7 55 4
89 93 86
39 77 36
29 58 26
1 58 1
28 100 28
25 39 22
33 79 30
83 128 80
18 50 18
21 65 18
3 58 1
89 95 86
107 123 104
10 125 10
67 94 64
9 90 6
82 128 82
20 29 20
59 93 56
57 97 54
30 42 30
15 119 12
18 55 18
105 123 102
16 75 16
85 105 82
95 114 92
53 74 50
24 92 24
89 109 86
61 89 58
59 82 56
19 55 16
51 61 48
20 103 20
54 119 54
63 118 60
6 86 6
71 74 68
113 126 110
23 91 20
98 113 98
65 109 62
46 66 46
16 128 16
4 26 4
4 91 4
60 128 60
34 44 34
25 86 22
1 23 1
29 126 26
101 108 98
40 43 40
12 36 12
118 119 116
42 44 42
61 115 58
61 76 58
42 95 42
19 66 16
67 113 64
57 122 54
62 123 62
38 50 38
37 85 34
30 53 30
105 122 102
30 49 30
2 57 2
30 83 30
49 98 46
27 44 24
2 48 2
38 39 36
33 126 30
41 45 38
29 110 26
101 125 98
37 42 34
19 45 16
91 126 88
49 77 46
51 67 48
93 115 90
51 99 48
24 73 24
12 39 12
32 107 32
89 116 86
11 21 8
11 91 8
6 107 6
1 84 1
22 57 22
91 113 88
51 125 48
29 52 26
11 72 8
99 108 96
48 106 48
36 69 36
29 121 26
79 102 76
21 118 18
47 125 44
49 54 46
38 53 38
113 120 110
21 74 18
41 48 38
32 115 32
13 93 10
49 69 46
73 115 70
2 87 2
48 64 48
78 112 78
26 31 26
48 127 48
122 124 122
27 92 24
91 120 88
40 67 40
44 90 44
12 17 12
29 76 26
27 55 24
92 97 92
34 51 34
35 36 32
10 110 10
103 126 100
27 123 24
23 88 20
61 119 58
57 86 54
66 118 66
33 117 30
5 21 2
37 67 34
42 49 42
25 112 22
42 50 42
102 128 102
76 106 76
35 113 32
101 116 98
95 126 92
48 92 48
46 119 46
55 126 52
29 73 26
72 122 72
6 22 6
20 96 20
5 38 2
50 88 50
64 86 64
109 119 106
23 126 20
3 44 1
16 17 14
30 120 30
115 117 112
68 71 68
6 45 6
13 20 10
1 104 1
18 26 18
3 122 1
83 91 80
73 108 70
7 74 4
18 83 18
18 47 18
43 63 40
19 65 16
58 94 58
89 122 86
98 123 98
55 119 52
72 106 72
1 27 1
75 99 72
12 43 12
6 95 6
2 94 2
7 96 4
31 46 28
39 91 36
41 49 38
24 80 24
79 112 76
13 102 10
25 68 22
78 117 78
39 105 36
22 100 22
36 81 36
11 39 8
33 127 30
67 124 64
106 118 106
17 20 14
82 117 82
19 85 16
2 55 2
92 118 92
117 127 114
119 124 116
31 125 28
77 121 74
30 102 30
10 62 10
75 80 72
14 72 14
99 102 96
49 113 46
6 127 6
55 62 52
2 120 2
43 57 40
68 75 68
17 27 14
53 82 50
41 115 38
77 125 74
121 122 118
9 94 6
23 113 20
41 63 38
20 82 20
4 7 4
11 118 8
60 62 60
46 51 46
65 114 62
1 83 1
57 87 54
58 110 58
27 101 24
35 122 32
31 44 28
71 78 68
10 38 10
76 77 74
39 111 36
77 110 74
52 128 52
31 109 28
89 112 86
71 84 68
79 101 76
57 62 54
85 121 82
31 34 28
37 98 34
11 67 8
3 101 1
55 117 52
11 76 8
81 108 78
5 102 2
41 119 38
6 8 6
74 127 74
87 90 84
49 122 46
37 82 34
31 78 28
39 101 36
49 124 46
61 62 58
13 77 10
75 107 72
27 72 24
19 126 16
55 106 52
13 43 10
10 89 10
36 62 36
47 63 44
5 33 2
9 69 6
89 99 86
3 45 1
24 46 24
27 79 24
44 46 44
7 90 4
25 48 22
8 23 8
78 90 78
57 124 54
84 85 82
65 97 62
22 41 22
5 75 2
10 23 10
17 108 14
48 99 48
109 110 106
12 19 12
56 71 56
42 63 42
3 111 1
28 54 28
28 31 28
58 83 58
91 97 88
27 47 24
21 123 18
60 92 60
53 55 50
25 118 22
85 128 82
60 83 60
30 78 30
4 101 4
86 123 86
83 110 80
45 53 42
37 124 34
72 88 72
4 5 2
57 98 54
57 59 54
59 109 56
67 68 64
5 93 2
28 46 28
13 101 10
64 68 64
10 78 10
40 81 40
33 124 30
12 20 12
81 113 78
20 120 20
7 91 4
101 126 98
17 75 14
113 115 110
24 128 24
52 75 52
2 11 2
29 92 26
27 109 24
43 87 40
103 111 100
4 60 4
116 126 116
27 126 24
35 71 32
22 28 22
43 108 40
11 63 8
75 83 72
68 80 68
61 92 58
69 118 66
78 123 78
72 76 72
49 121 46
7 70 4
47 98 44
15 60 12
22 76 22
9 11 6
95 108 92
4 20 4
45 59 42
91 116 88
59 65 56
124 125 122
