128 8128
1 104 1
97 104 104
88 97 97
88 123 88
53 123 123
42 53 53
5 42 42
5 25 5
25 55 25
39 55 55
18 39 39
18 62 18
27 62 62
27 111 27
41 111 111
41 125 41
59 125 125
2 59 59
2 89 2
85 89 89
85 112 85
74 112 112
37 74 74
4 37 37
4 99 4
3 99 99
3 126 3
17 126 126
17 114 17
98 114 114
46 98 98
16 46 46
16 67 16
52 67 67
52 79 52
75 79 79
12 75 75
12 72 12
54 72 72
54 121 54
83 121 121
83 86 83
61 86 86
61 63 61
20 63 63
20 103 20
32 103 103
32 101 32
101 128 101
15 128 128
15 23 15
23 110 23
110 120 110
14 120 120
14 90 14
51 90 90
51 76 51
9 76 76
9 102 9
80 102 102
71 80 80
24 71 71
24 29 24
29 73 29
43 73 73
26 43 43
26 119 26
44 119 119
44 56 44
56 92 56
92 105 92
50 105 105
13 50 50
13 127 13
82 127 127
82 122 82
49 122 122
49 94 49
94 96 94
30 96 96
30 109 30
21 109 109
21 93 21
35 93 93
35 115 35
108 115 115
108 117 108
70 117 117
70 106 70
77 106 106
7 77 77
7 78 7
57 78 78
47 57 57
28 47 47
28 84 28
84 116 84
68 116 116
6 68 68
6 19 6
19 45 19
40 45 45
38 40 40
38 91 38
8 91 91
8 34 8
34 65 34
31 65 65
31 48 31
48 81 48
81 113 81
58 113 113
58 118 58
33 118 118
33 64 33
64 95 64
69 95 95
69 100 69
100 124 100
66 124 124
10 66 66
10 107 10
36 107 107
11 36 36
11 60 11
60 87 60
22 87 87
1 97 1
88 104 104
97 123 97
53 88 88
42 123 123
5 53 53
25 42 42
5 55 5
25 39 25
18 55 55
39 62 39
18 27 18
62 111 62
27 41 27
111 125 111
41 59 41
2 125 125
59 89 59
2 85 2
89 112 89
74 85 85
37 112 112
4 74 74
37 99 37
3 4 4
99 126 99
3 17 3
114 126 126
17 98 17
46 114 114
16 98 98
46 67 46
16 52 16
67 79 67
52 75 52
12 79 79
72 75 75
12 54 12
72 121 72
54 83 54
86 121 121
61 83 83
63 86 86
20 61 61
63 103 63
20 32 20
101 103 103
32 128 32
15 101 101
23 128 128
15 110 15
23 120 23
14 110 110
90 120 120
14 51 14
76 90 90
9 51 51
76 102 76
9 80 9
71 102 102
24 80 80
29 71 71
24 73 24
29 43 29
26 73 73
43 119 43
26 44 26
56 119 119
44 92 44
56 105 56
50 92 92
13 105 105
50 127 50
13 82 13
122 127 127
49 82 82
94 122 122
49 96 49
30 94 94
96 109 96
21 30 30
93 109 109
21 35 21
93 115 93
35 108 35
115 117 115
70 108 108
106 117 117
70 77 70
7 106 106
77 78 77
7 57 7
47 78 78
28 57 57
47 84 47
28 116 28
68 84 84
6 116 116
19 68 68
6 45 6
19 40 19
38 45 45
40 91 40
8 38 38
34 91 91
8 65 8
31 34 34
48 65 65
31 81 31
48 113 48
58 81 81
113 118 113
33 58 58
64 118 118
33 95 33
64 69 64
95 100 95
69 124 69
66 100 100
10 124 124
66 107 66
10 36 10
11 107 107
36 60 36
11 87 11
22 60 60
1 123 1
53 104 104
42 97 97
5 88 88
25 123 123
53 55 53
39 42 42
5 18 5
25 62 25
27 55 55
39 111 39
18 41 18
62 125 62
27 59 27
2 111 111
41 89 41
85 125 125
59 112 59
2 74 2
37 89 89
4 85 85
99 112 112
3 74 74
37 126 37
4 17 4
99 114 99
3 98 3
46 126 126
16 17 17
67 114 114
52 98 98
46 79 46
16 75 16
12 67 67
52 72 52
54 79 79
75 121 75
12 83 12
72 86 72
54 61 54
63 121 121
20 83 83
86 103 86
32 61 61
63 101 63
20 128 20
15 103 103
23 32 32
101 110 101
120 128 128
14 15 15
23 90 23
51 110 110
76 120 120
9 14 14
90 102 90
51 80 51
71 76 76
9 24 9
29 102 102
73 80 80
43 71 71
24 26 24
29 119 29
44 73 73
43 56 43
26 92 26
105 119 119
44 50 44
13 56 56
92 127 92
82 105 105
50 122 50
13 49 13
94 127 127
82 96 82
30 122 122
49 109 49
21 94 94
93 96 96
30 35 30
109 115 109
21 108 21
93 117 93
35 70 35
106 115 115
77 108 108
7 117 117
70 78 70
57 106 106
47 77 77
7 28 7
78 84 78
57 116 57
47 68 47
6 28 28
19 84 84
45 116 116
40 68 68
6 38 6
19 91 19
8 45 45
34 40 40
38 65 38
31 91 91
8 48 8
34 81 34
65 113 65
31 58 31
48 118 48
33 81 81
64 113 113
58 95 58
69 118 118
33 100 33
64 124 64
66 95 95
10 69 69
100 107 100
36 124 124
11 66 66
10 60 10
87 107 107
22 36 36
1 25 1
55 104 104
39 97 97
18 88 88
62 123 123
27 53 53
42 111 42
5 41 5
25 125 25
55 59 55
2 39 39
18 89 18
62 85 62
27 112 27
74 111 111
37 41 41
4 125 125
59 99 59
2 3 2
89 126 89
17 85 85
112 114 112
74 98 74
37 46 37
4 16 4
67 99 99
3 52 3
79 126 126
17 75 17
12 114 114
72 98 98
46 54 46
16 121 16
67 83 67
52 86 52
61 79 79
63 75 75
12 20 12
72 103 72
32 54 54
101 121 121
83 128 83
15 86 86
23 61 61
63 110 63
20 120 20
14 103 103
32 90 32
51 101 101
76 128 128
9 15 15
23 102 23
80 110 110
71 120 120
14 24 14
29 90 90
51 73 51
43 76 76
9 26 9
102 119 102
44 80 80
56 71 71
24 92 24
29 105 29
50 73 73
13 43 43
26 127 26
82 119 119
44 122 44
49 56 56
92 94 92
96 105 105
30 50 50
13 109 13
21 127 127
82 93 82
35 122 122
49 115 49
94 108 94
96 117 96
30 70 30
106 109 109
21 77 21
7 93 93
35 78 35
57 115 115
47 108 108
28 117 117
70 84 70
106 116 106
68 77 77
6 7 7
19 78 78
45 57 57
40 47 47
28 38 28
84 91 84
8 116 116
34 68 68
6 65 6
19 31 19
45 48 45
40 81 40
38 113 38
58 91 91
8 118 8
33 34 34
64 65 65
31 95 31
48 69 48
81 100 81
113 124 113
58 66 58
10 118 118
33 107 33
36 64 64
11 95 95
60 69 69
87 100 100
22 124 124
1 125 1
59 104 104
2 97 97
88 89 88
85 123 123
53 112 53
42 74 42
5 37 5
4 25 25
55 99 55
3 39 39
18 126 18
17 62 62
27 114 27
98 111 111
41 46 41
16 125 125
59 67 59
2 52 2
79 89 89
75 85 85
12 112 112
72 74 74
37 54 37
4 121 4
83 99 99
3 86 3
61 126 126
17 63 17
20 114 114
98 103 98
32 46 46
16 101 16
67 128 67
15 52 52
23 79 79
75 110 75
12 120 12
14 72 72
54 90 54
51 121 121
76 83 83
9 86 86
61 102 61
63 80 63
20 71 20
24 103 103
29 32 32
73 101 101
43 128 128
15 26 15
23 119 23
44 110 110
56 120 120
14 92 14
90 105 90
50 51 51
13 76 76
9 127 9
82 102 102
80 122 80
49 71 71
24 94 24
29 96 29
30 73 73
43 109 43
21 26 26
93 119 119
35 44 44
56 115 56
92 108 92
105 117 105
50 70 50
13 106 13
77 127 127
7 82 82
78 122 122
49 57 49
47 94 94
28 96 96
30 84 30
109 116 109
21 68 21
6 93 93
19 35 35
45 115 115
40 108 108
38 117 117
70 91 70
8 106 106
34 77 77
7 65 7
31 78 78
48 57 57
47 81 47
28 113 28
58 84 84
116 118 116
33 68 68
6 64 6
19 95 19
45 69 45
40 100 40
38 124 38
66 91 91
8 10 8
34 107 34
36 65 65
11 31 31
48 60 48
81 87 81
22 113 113
1 16 1
67 104 104
52 97 97
79 88 88
75 123 123
12 53 53
42 72 42
5 54 5
25 121 25
55 83 55
39 86 39
18 61 18
62 63 62
20 27 27
103 111 111
32 41 41
101 125 125
59 128 59
2 15 2
23 89 89
85 110 85
112 120 112
14 74 74
37 90 37
4 51 4
76 99 99
3 9 3
102 126 126
17 80 17
71 114 114
24 98 98
29 46 46
16 73 16
43 67 67
26 52 52
79 119 79
44 75 75
12 56 12
72 92 72
54 105 54
50 121 121
13 83 83
86 127 86
61 82 61
63 122 63
20 49 20
94 103 103
32 96 32
30 101 101
109 128 128
15 21 15
23 93 23
35 110 110
115 120 120
14 108 14
90 117 90
51 70 51
76 106 76
9 77 9
7 102 102
78 80 80
57 71 71
24 47 24
28 29 29
73 84 73
43 116 43
26 68 26
6 119 119
19 44 44
45 56 56
40 92 92
38 105 105
50 91 50
8 13 13
34 127 127
65 82 82
31 122 122
48 49 49
81 94 94
96 113 96
30 58 30
109 118 109
21 33 21
64 93 93
35 95 35
69 115 115
100 108 108
117 124 117
66 70 70
10 106 106
77 107 77
7 36 7
11 78 78
57 60 57
47 87 47
22 28 28
1 73 1
43 104 104
26 97 97
88 119 88
44 123 123
53 56 53
42 92 42
5 105 5
25 50 25
13 55 55
39 127 39
18 82 18
62 122 62
27 49 27
94 111 111
41 96 41
30 125 125
59 109 59
2 21 2
89 93 89
35 85 85
112 115 112
74 108 74
37 117 37
4 70 4
99 106 99
3 77 3
7 126 126
17 78 17
57 114 114
47 98 98
28 46 46
16 84 16
67 116 67
52 68 52
6 79 79
19 75 75
12 45 12
40 72 72
38 54 54
91 121 121
8 83 83
34 86 86
61 65 61
31 63 63
20 48 20
81 103 103
32 113 32
58 101 101
118 128 128
15 33 15
23 64 23
95 110 110
69 120 120
14 100 14
90 124 90
51 66 51
10 76 76
9 107 9
36 102 102
11 80 80
60 71 71
24 87 24
22 29 29
1 88 1
104 123 104
53 97 97
42 88 88
5 123 123
25 53 53
42 55 42
5 39 5
18 25 25
55 62 55
27 39 39
18 111 18
41 62 62
27 125 27
59 111 111
2 41 41
89 125 125
59 85 59
2 112 2
74 89 89
37 85 85
4 112 112
74 99 74
3 37 37
4 126 4
17 99 99
3 114 3
98 126 126
17 46 17
16 114 114
67 98 98
46 52 46
16 79 16
67 75 67
12 52 52
72 79 79
54 75 75
12 121 12
72 83 72
54 86 54
61 121 121
63 83 83
20 86 86
61 103 61
32 63 63
20 101 20
103 128 103
15 32 32
23 101 101
110 128 128
15 120 15
14 23 23
90 110 110
51 120 120
14 76 14
9 90 90
51 102 51
76 80 76
9 71 9
24 102 102
29 80 80
71 73 71
24 43 24
26 29 29
73 119 73
43 44 43
26 56 26
92 119 119
44 105 44
50 56 56
13 92 92
105 127 105
50 82 50
13 122 13
49 127 127
82 94 82
96 122 122
30 49 49
94 109 94
21 96 96
30 93 30
35 109 109
21 115 21
93 108 93
35 117 35
70 115 115
106 108 108
77 117 117
7 70 70
78 106 106
57 77 77
7 47 7
28 78 78
57 84 57
47 116 47
28 68 28
6 84 84
19 116 116
45 68 68
6 40 6
19 38 19
45 91 45
8 40 40
34 38 38
65 91 91
8 31 8
34 48 34
65 81 65
31 113 31
48 58 48
81 118 81
33 113 113
58 64 58
95 118 118
33 69 33
64 100 64
95 124 95
66 69 69
10 100 100
107 124 124
36 66 66
10 11 10
60 107 107
36 87 36
11 22 11
1 53 1
42 104 104
5 97 97
25 88 88
55 123 123
39 53 53
18 42 42
5 62 5
25 27 25
55 111 55
39 41 39
18 125 18
59 62 62
2 27 27
89 111 111
41 85 41
112 125 125
59 74 59
2 37 2
4 89 89
85 99 85
3 112 112
74 126 74
17 37 37
4 114 4
98 99 99
3 46 3
16 126 126
17 67 17
52 114 114
79 98 98
46 75 46
12 16 16
67 72 67
52 54 52
79 121 79
75 83 75
12 86 12
61 72 72
54 63 54
20 121 121
83 103 83
32 86 86
61 101 61
63 128 63
15 20 20
23 103 103
32 110 32
101 120 101
14 128 128
15 90 15
23 51 23
76 110 110
9 120 120
14 102 14
80 90 90
51 71 51
24 76 76
9 29 9
73 102 102
43 80 80
26 71 71
24 119 24
29 44 29
56 73 73
43 92 43
26 105 26
50 119 119
13 44 44
56 127 56
82 92 92
105 122 105
49 50 50
13 94 13
96 127 127
30 82 82
109 122 122
21 49 49
93 94 94
35 96 96
30 115 30
108 109 109
21 117 21
70 93 93
35 106 35
77 115 115
7 108 108
78 117 117
57 70 70
47 106 106
28 77 77
7 84 7
78 116 78
57 68 57
6 47 47
19 28 28
45 84 84
40 116 116
38 68 68
6 91 6
8 19 19
34 45 45
40 65 40
31 38 38
48 91 91
8 81 8
34 113 34
58 65 65
31 118 31
33 48 48
64 81 81
95 113 113
58 69 58
100 118 118
33 124 33
64 66 64
10 95 95
69 107 69
36 100 100
11 124 124
60 66 66
10 87 10
22 107 107
1 5 1
25 104 104
55 97 97
39 88 88
18 123 123
53 62 53
27 42 42
5 111 5
25 41 25
55 125 55
39 59 39
2 18 18
62 89 62
27 85 27
111 112 111
41 74 41
37 125 125
4 59 59
2 99 2
3 89 89
85 126 85
17 112 112
74 114 74
37 98 37
4 46 4
16 99 99
3 67 3
52 126 126
17 79 17
75 114 114
12 98 98
46 72 46
16 54 16
67 121 67
52 83 52
79 86 79
61 75 75
12 63 12
20 72 72
54 103 54
32 121 121
83 101 83
86 128 86
15 61 61
23 63 63
20 110 20
103 120 103
14 32 32
90 101 101
51 128 128
15 76 15
9 23 23
102 110 110
80 120 120
14 71 14
24 90 90
29 51 51
73 76 76
9 43 9
26 102 102
80 119 80
44 71 71
24 56 24
29 92 29
73 105 73
43 50 43
13 26 26
119 127 119
44 82 44
56 122 56
49 92 92
94 105 105
50 96 50
13 30 13
109 127 127
21 82 82
93 122 122
35 49 49
94 115 94
96 108 96
30 117 30
70 109 109
21 106 21
77 93 93
7 35 35
78 115 115
57 108 108
47 117 117
28 70 70
84 106 106
77 116 77
7 68 7
6 78 78
19 57 57
45 47 47
28 40 28
38 84 84
91 116 116
8 68 68
6 34 6
19 65 19
31 45 45
40 48 40
38 81 38
91 113 91
8 58 8
34 118 34
33 65 65
31 64 31
48 95 48
69 81 81
100 113 113
58 124 58
66 118 118
10 33 33
64 107 64
36 95 95
11 69 69
60 100 100
87 124 124
22 66 66
1 18 1
62 104 104
27 97 97
88 111 88
41 123 123
53 125 53
42 59 42
2 5 5
25 89 25
55 85 55
39 112 39
18 74 18
37 62 62
4 27 27
99 111 111
3 41 41
125 126 125
17 59 59
2 114 2
89 98 89
46 85 85
16 112 112
67 74 74
37 52 37
4 79 4
75 99 99
3 12 3
72 126 126
17 54 17
114 121 114
83 98 98
46 86 46
16 61 16
63 67 67
20 52 52
79 103 79
32 75 75
12 101 12
72 128 72
15 54 54
23 121 121
83 110 83
86 120 86
14 61 61
63 90 63
20 51 20
76 103 103
9 32 32
101 102 101
80 128 128
15 71 15
23 24 23
29 110 110
73 120 120
14 43 14
26 90 90
51 119 51
44 76 76
9 56 9
92 102 102
80 105 80
50 71 71
13 24 24
29 127 29
73 82 73
43 122 43
26 49 26
94 119 119
44 96 44
30 56 56
92 109 92
21 105 105
50 93 50
13 35 13
115 127 127
82 108 82
117 122 122
49 70 49
94 106 94
77 96 96
7 30 30
78 109 109
21 57 21
47 93 93
28 35 35
84 115 115
108 116 108
68 117 117
6 70 70
19 106 106
45 77 77
7 40 7
38 78 78
57 91 57
8 47 47
28 34 28
65 84 84
31 116 116
48 68 68
6 81 6
19 113 19
45 58 45
40 118 40
33 38 38
64 91 91
8 95 8
34 69 34
65 100 65
31 124 31
48 66 48
10 81 81
107 113 113
36 58 58
11 118 118
33 60 33
64 87 64
22 95 95
1 59 1
2 104 104
89 97 97
85 88 88
112 123 123
53 74 53
37 42 42
4 5 5
25 99 25
3 55 55
39 126 39
17 18 18
62 114 62
27 98 27
46 111 111
16 41 41
67 125 125
52 59 59
2 79 2
75 89 89
12 85 85
72 112 112
54 74 74
37 121 37
4 83 4
86 99 99
3 61 3
63 126 126
17 20 17
103 114 114
32 98 98
46 101 46
16 128 16
15 67 67
23 52 52
79 110 79
75 120 75
12 14 12
72 90 72
51 54 54
76 121 121
9 83 83
86 102 86
61 80 61
63 71 63
20 24 20
29 103 103
32 73 32
43 101 101
26 128 128
15 119 15
23 44 23
56 110 110
92 120 120
14 105 14
50 90 90
13 51 51
76 127 76
9 82 9
102 122 102
49 80 80
71 94 71
24 96 24
29 30 29
73 109 73
21 43 43
26 93 26
35 119 119
44 115 44
56 108 56
92 117 92
70 105 105
50 106 50
13 77 13
7 127 127
78 82 82
57 122 122
47 49 49
28 94 94
84 96 96
30 116 30
68 109 109
6 21 21
19 93 93
35 45 35
40 115 115
38 108 108
91 117 117
8 70 70
34 106 106
65 77 77
7 31 7
48 78 78
57 81 57
47 113 47
28 58 28
84 118 84
33 116 116
64 68 68
6 95 6
19 69 19
45 100 45
40 124 40
38 66 38
10 91 91
8 107 8
34 36 34
11 65 65
31 60 31
48 87 48
22 81 81
1 46 1
16 104 104
67 97 97
52 88 88
79 123 123
53 75 53
12 42 42
5 72 5
25 54 25
55 121 55
39 83 39
18 86 18
61 62 62
27 63 27
20 111 111
41 103 41
32 125 125
59 101 59
2 128 2
15 89 89
23 85 85
110 112 112
74 120 74
14 37 37
4 90 4
51 99 99
3 76 3
9 126 126
17 102 17
80 114 114
71 98 98
24 46 46
16 29 16
67 73 67
43 52 52
26 79 79
75 119 75
12 44 12
56 72 72
54 92 54
105 121 121
50 83 83
13 86 86
61 127 61
63 82 63
20 122 20
49 103 103
32 94 32
96 101 101
30 128 128
15 109 15
21 23 23
93 110 110
35 120 120
14 115 14
90 108 90
51 117 51
70 76 76
9 106 9
77 102 102
7 80 80
71 78 71
24 57 24
29 47 29
28 73 73
43 84 43
26 116 26
68 119 119
6 44 44
19 56 56
45 92 92
40 105 105
38 50 50
13 91 13
8 127 127
34 82 82
65 122 122
31 49 49
48 94 94
81 96 96
30 113 30
58 109 109
21 118 21
33 93 93
35 64 35
95 115 115
69 108 108
100 117 117
70 124 70
66 106 106
10 77 77
7 107 7
36 78 78
11 57 57
47 60 47
28 87 28
22 84 84
1 29 1
73 104 104
43 97 97
26 88 88
119 123 123
44 53 53
42 56 42
5 92 5
25 105 25
50 55 55
13 39 39
18 127 18
62 82 62
27 122 27
49 111 111
41 94 41
96 125 125
30 59 59
2 109 2
21 89 89
85 93 85
35 112 112
74 115 74
37 108 37
4 117 4
70 99 99
3 106 3
77 126 126
7 17 17
78 114 114
57 98 98
46 47 46
16 28 16
67 84 67
52 116 52
68 79 79
6 75 75
12 19 12
45 72 72
40 54 54
38 121 121
83 91 83
8 86 86
34 61 61
63 65 63
20 31 20
48 103 103
32 81 32
101 113 101
58 128 128
15 118 15
23 33 23
64 110 110
95 120 120
14 69 14
90 100 90
51 124 51
66 76 76
9 10 9
102 107 102
36 80 80
11 71 71
24 60 24
29 87 29
22 73 73
1 22 1
1 87 1
1 60 1
1 11 1
1 36 1
1 107 1
1 10 1
1 66 1
1 124 1
1 100 1
1 69 1
1 95 1
1 64 1
1 33 1
1 118 1
1 58 1
1 113 1
1 81 1
1 48 1
1 31 1
1 65 1
1 34 1
1 8 1
1 91 1
1 38 1
1 40 1
1 45 1
1 19 1
1 6 1
1 68 1
1 116 1
1 84 1
1 28 1
1 47 1
1 57 1
1 78 1
1 7 1
1 77 1
1 106 1
1 70 1
1 117 1
1 108 1
1 115 1
1 35 1
1 93 1
1 21 1
1 109 1
1 30 1
1 96 1
1 94 1
1 49 1
1 122 1
1 82 1
1 127 1
1 13 1
1 50 1
1 105 1
1 92 1
1 56 1
1 44 1
1 119 1
1 26 1
1 43 1
1 24 1
1 71 1
1 80 1
1 102 1
1 9 1
1 76 1
1 51 1
1 90 1
1 14 1
1 120 1
1 110 1
1 23 1
1 15 1
1 128 1
1 101 1
1 32 1
1 103 1
1 20 1
1 63 1
1 61 1
1 86 1
1 83 1
1 121 1
1 54 1
1 72 1
1 12 1
1 75 1
1 79 1
1 52 1
1 67 1
1 98 1
1 114 1
1 17 1
1 126 1
1 3 1
1 99 1
1 4 1
1 37 1
1 74 1
1 112 1
1 85 1
1 89 1
1 2 1
1 41 1
1 111 1
1 27 1
1 62 1
1 39 1
1 55 1
1 42 1
22 104 104
87 104 104
60 104 104
11 104 104
36 104 104
104 107 104
10 104 104
66 104 104
104 124 104
100 104 104
69 104 104
95 104 104
64 104 104
33 104 104
104 118 104
58 104 104
104 113 104
81 104 104
48 104 104
31 104 104
65 104 104
34 104 104
8 104 104
91 104 104
38 104 104
40 104 104
45 104 104
19 104 104
6 104 104
68 104 104
104 116 104
84 104 104
28 104 104
47 104 104
57 104 104
78 104 104
7 104 104
77 104 104
104 106 104
70 104 104
104 117 104
104 108 104
104 115 104
35 104 104
93 104 104
21 104 104
104 109 104
30 104 104
96 104 104
94 104 104
49 104 104
104 122 104
82 104 104
104 127 104
13 104 104
50 104 104
104 105 104
92 104 104
56 104 104
44 104 104
104 119 104
26 104 104
29 104 104
24 104 104
71 104 104
80 104 104
102 104 104
9 104 104
76 104 104
51 104 104
90 104 104
14 104 104
104 120 104
104 110 104
23 104 104
15 104 104
104 128 104
101 104 104
32 104 104
103 104 104
20 104 104
63 104 104
61 104 104
86 104 104
83 104 104
104 121 104
54 104 104
72 104 104
12 104 104
75 104 104
79 104 104
52 104 104
46 104 104
98 104 104
104 114 104
17 104 104
104 126 104
3 104 104
99 104 104
4 104 104
37 104 104
74 104 104
104 112 104
85 104 104
89 104 104
104 125 104
41 104 104
104 111 104
27 104 104
18 104 104
39 104 104
5 104 104
22 97 97
87 97 97
60 97 97
11 97 97
36 97 97
97 107 97
10 97 97
66 97 97
97 124 97
97 100 97
69 97 97
95 97 97
64 97 97
33 97 97
97 118 97
58 97 97
97 113 97
81 97 97
48 97 97
31 97 97
65 97 97
34 97 97
8 97 97
91 97 97
38 97 97
40 97 97
45 97 97
19 97 97
6 97 97
68 97 97
97 116 97
84 97 97
28 97 97
47 97 97
57 97 97
78 97 97
7 97 97
77 97 97
97 106 97
70 97 97
97 117 97
97 108 97
97 115 97
35 97 97
93 97 97
21 97 97
97 109 97
30 97 97
96 97 97
94 97 97
49 97 97
97 122 97
82 97 97
97 127 97
13 97 97
50 97 97
97 105 97
92 97 97
56 97 97
44 97 97
97 119 97
73 97 97
29 97 97
24 97 97
71 97 97
80 97 97
97 102 97
9 97 97
76 97 97
51 97 97
90 97 97
14 97 97
97 120 97
97 110 97
23 97 97
15 97 97
97 128 97
97 101 97
32 97 97
97 103 97
20 97 97
63 97 97
61 97 97
86 97 97
83 97 97
97 121 97
54 97 97
72 97 97
12 97 97
75 97 97
79 97 97
16 97 97
46 97 97
97 98 97
97 114 97
17 97 97
97 126 97
3 97 97
97 99 97
4 97 97
37 97 97
74 97 97
97 112 97
85 97 97
59 97 97
97 125 97
41 97 97
97 111 97
62 97 97
18 97 97
25 97 97
22 88 88
87 88 88
60 88 88
11 88 88
36 88 88
88 107 88
10 88 88
66 88 88
88 124 88
88 100 88
69 88 88
88 95 88
64 88 88
33 88 88
88 118 88
58 88 88
88 113 88
81 88 88
48 88 88
31 88 88
65 88 88
34 88 88
8 88 88
88 91 88
38 88 88
40 88 88
45 88 88
19 88 88
6 88 88
68 88 88
88 116 88
84 88 88
28 88 88
47 88 88
57 88 88
78 88 88
7 88 88
77 88 88
88 106 88
70 88 88
88 117 88
88 108 88
88 115 88
35 88 88
88 93 88
21 88 88
88 109 88
30 88 88
88 96 88
88 94 88
49 88 88
88 122 88
82 88 88
88 127 88
13 88 88
50 88 88
88 105 88
88 92 88
56 88 88
44 88 88
43 88 88
73 88 88
29 88 88
24 88 88
71 88 88
80 88 88
88 102 88
9 88 88
76 88 88
51 88 88
88 90 88
14 88 88
88 120 88
88 110 88
23 88 88
15 88 88
88 128 88
88 101 88
32 88 88
88 103 88
20 88 88
63 88 88
61 88 88
86 88 88
83 88 88
88 121 88
54 88 88
72 88 88
12 88 88
75 88 88
67 88 88
16 88 88
46 88 88
88 98 88
88 114 88
17 88 88
88 126 88
3 88 88
88 99 88
4 88 88
37 88 88
74 88 88
88 112 88
2 88 88
59 88 88
88 125 88
41 88 88
27 88 88
62 88 88
55 88 88
22 123 123
87 123 123
60 123 123
11 123 123
36 123 123
107 123 123
10 123 123
66 123 123
123 124 123
100 123 123
69 123 123
95 123 123
64 123 123
33 123 123
118 123 123
58 123 123
113 123 123
81 123 123
48 123 123
31 123 123
65 123 123
34 123 123
8 123 123
91 123 123
38 123 123
40 123 123
45 123 123
19 123 123
6 123 123
68 123 123
116 123 123
84 123 123
28 123 123
47 123 123
57 123 123
78 123 123
7 123 123
77 123 123
106 123 123
70 123 123
117 123 123
108 123 123
115 123 123
35 123 123
93 123 123
21 123 123
109 123 123
30 123 123
96 123 123
94 123 123
49 123 123
122 123 123
82 123 123
123 127 123
13 123 123
50 123 123
105 123 123
92 123 123
56 123 123
26 123 123
43 123 123
73 123 123
29 123 123
24 123 123
71 123 123
80 123 123
102 123 123
9 123 123
76 123 123
51 123 123
90 123 123
14 123 123
120 123 123
110 123 123
23 123 123
15 123 123
123 128 123
101 123 123
32 123 123
103 123 123
20 123 123
63 123 123
61 123 123
86 123 123
83 123 123
121 123 123
54 123 123
72 123 123
12 123 123
52 123 123
67 123 123
16 123 123
46 123 123
98 123 123
114 123 123
17 123 123
123 126 123
3 123 123
99 123 123
4 123 123
37 123 123
74 123 123
89 123 123
2 123 123
59 123 123
123 125 123
111 123 123
27 123 123
39 123 123
22 53 53
53 87 53
53 60 53
11 53 53
36 53 53
53 107 53
10 53 53
53 66 53
53 124 53
53 100 53
53 69 53
53 95 53
53 64 53
33 53 53
53 118 53
53 58 53
53 113 53
53 81 53
48 53 53
31 53 53
53 65 53
34 53 53
8 53 53
53 91 53
38 53 53
40 53 53
45 53 53
19 53 53
6 53 53
53 68 53
53 116 53
53 84 53
28 53 53
47 53 53
53 57 53
53 78 53
7 53 53
53 77 53
53 106 53
53 70 53
53 117 53
53 108 53
53 115 53
35 53 53
53 93 53
21 53 53
53 109 53
30 53 53
53 96 53
53 94 53
49 53 53
53 122 53
53 82 53
53 127 53
13 53 53
50 53 53
53 105 53
53 92 53
53 119 53
26 53 53
43 53 53
53 73 53
29 53 53
24 53 53
53 71 53
53 80 53
53 102 53
9 53 53
53 76 53
51 53 53
53 90 53
14 53 53
53 120 53
53 110 53
23 53 53
15 53 53
53 128 53
53 101 53
32 53 53
53 103 53
20 53 53
53 63 53
53 61 53
53 86 53
53 83 53
53 121 53
53 54 53
53 72 53
53 79 53
52 53 53
53 67 53
16 53 53
46 53 53
53 98 53
53 114 53
17 53 53
53 126 53
3 53 53
53 99 53
4 53 53
37 53 53
53 85 53
53 89 53
2 53 53
53 59 53
41 53 53
53 111 53
18 53 53
22 42 42
42 87 42
42 60 42
11 42 42
36 42 42
42 107 42
10 42 42
42 66 42
42 124 42
42 100 42
42 69 42
42 95 42
42 64 42
33 42 42
42 118 42
42 58 42
42 113 42
42 81 42
42 48 42
31 42 42
42 65 42
34 42 42
8 42 42
42 91 42
38 42 42
40 42 42
42 45 42
19 42 42
6 42 42
42 68 42
42 116 42
42 84 42
28 42 42
42 47 42
42 57 42
42 78 42
7 42 42
42 77 42
42 106 42
42 70 42
42 117 42
42 108 42
42 115 42
35 42 42
42 93 42
21 42 42
42 109 42
30 42 42
42 96 42
42 94 42
42 49 42
42 122 42
42 82 42
42 127 42
13 42 42
42 50 42
42 105 42
42 44 42
42 119 42
26 42 42
42 43 42
42 73 42
29 42 42
24 42 42
42 71 42
42 80 42
42 102 42
9 42 42
42 76 42
42 51 42
42 90 42
14 42 42
42 120 42
42 110 42
23 42 42
15 42 42
42 128 42
42 101 42
32 42 42
42 103 42
20 42 42
42 63 42
42 61 42
42 86 42
42 83 42
42 121 42
42 54 42
42 75 42
42 79 42
42 52 42
42 67 42
16 42 42
42 46 42
42 98 42
42 114 42
17 42 42
42 126 42
3 42 42
42 99 42
4 42 42
42 112 42
42 85 42
42 89 42
2 42 42
42 125 42
41 42 42
42 62 42
5 22 5
5 87 5
5 60 5
5 11 5
5 36 5
5 107 5
5 10 5
5 66 5
5 124 5
5 100 5
5 69 5
5 95 5
5 64 5
5 33 5
5 118 5
5 58 5
5 113 5
5 81 5
5 48 5
5 31 5
5 65 5
5 34 5
5 8 5
5 91 5
5 38 5
5 40 5
5 45 5
5 19 5
5 6 5
5 68 5
5 116 5
5 84 5
5 28 5
5 47 5
5 57 5
5 78 5
5 7 5
5 77 5
5 106 5
5 70 5
5 117 5
5 108 5
5 115 5
5 35 5
5 93 5
5 21 5
5 109 5
5 30 5
5 96 5
5 94 5
5 49 5
5 122 5
5 82 5
5 127 5
5 13 5
5 50 5
5 56 5
5 44 5
5 119 5
5 26 5
5 43 5
5 73 5
5 29 5
5 24 5
5 71 5
5 80 5
5 102 5
5 9 5
5 76 5
5 51 5
5 90 5
5 14 5
5 120 5
5 110 5
5 23 5
5 15 5
5 128 5
5 101 5
5 32 5
5 103 5
5 20 5
5 63 5
5 61 5
5 86 5
5 83 5
5 121 5
5 12 5
5 75 5
5 79 5
5 52 5
5 67 5
5 16 5
5 46 5
5 98 5
5 114 5
5 17 5
5 126 5
3 5 5
5 99 5
5 74 5
5 112 5
5 85 5
5 89 5
5 59 5
5 125 5
5 27 5
22 25 25
25 87 25
25 60 25
11 25 25
25 36 25
25 107 25
10 25 25
25 66 25
25 124 25
25 100 25
25 69 25
25 95 25
25 64 25
25 33 25
25 118 25
25 58 25
25 113 25
25 81 25
25 48 25
25 31 25
25 65 25
25 34 25
8 25 25
25 91 25
25 38 25
25 40 25
25 45 25
19 25 25
6 25 25
25 68 25
25 116 25
25 84 25
25 28 25
25 47 25
25 57 25
25 78 25
7 25 25
25 77 25
25 106 25
25 70 25
25 117 25
25 108 25
25 115 25
25 35 25
25 93 25
21 25 25
25 109 25
25 30 25
25 96 25
25 94 25
25 49 25
25 122 25
25 82 25
25 127 25
13 25 25
25 92 25
25 56 25
25 44 25
25 119 25
25 26 25
25 43 25
25 73 25
25 29 25
24 25 25
25 71 25
25 80 25
25 102 25
9 25 25
25 76 25
25 51 25
25 90 25
14 25 25
25 120 25
25 110 25
23 25 25
15 25 25
25 128 25
25 101 25
25 32 25
25 103 25
20 25 25
25 63 25
25 61 25
25 86 25
25 83 25
25 72 25
12 25 25
25 75 25
25 79 25
25 52 25
25 67 25
16 25 25
25 46 25
25 98 25
25 114 25
17 25 25
25 126 25
3 25 25
25 37 25
25 74 25
25 112 25
25 85 25
2 25 25
25 59 25
25 111 25
22 55 55
55 87 55
55 60 55
11 55 55
36 55 55
55 107 55
10 55 55
55 66 55
55 124 55
55 100 55
55 69 55
55 95 55
55 64 55
33 55 55
55 118 55
55 58 55
55 113 55
55 81 55
48 55 55
31 55 55
55 65 55
34 55 55
8 55 55
55 91 55
38 55 55
40 55 55
45 55 55
19 55 55
6 55 55
55 68 55
55 116 55
55 84 55
28 55 55
47 55 55
55 57 55
55 78 55
7 55 55
55 77 55
55 106 55
55 70 55
55 117 55
55 108 55
55 115 55
35 55 55
55 93 55
21 55 55
55 109 55
30 55 55
55 96 55
55 94 55
49 55 55
55 122 55
55 82 55
55 127 55
55 105 55
55 92 55
55 56 55
44 55 55
55 119 55
26 55 55
43 55 55
55 73 55
29 55 55
24 55 55
55 71 55
55 80 55
55 102 55
9 55 55
55 76 55
51 55 55
55 90 55
14 55 55
55 120 55
55 110 55
23 55 55
15 55 55
55 128 55
55 101 55
32 55 55
55 103 55
20 55 55
55 63 55
55 61 55
55 86 55
54 55 55
55 72 55
12 55 55
55 75 55
55 79 55
52 55 55
55 67 55
16 55 55
46 55 55
55 98 55
55 114 55
17 55 55
55 126 55
4 55 55
37 55 55
55 74 55
55 112 55
55 89 55
2 55 55
41 55 55
22 39 39
39 87 39
39 60 39
11 39 39
36 39 39
39 107 39
10 39 39
39 66 39
39 124 39
39 100 39
39 69 39
39 95 39
39 64 39
33 39 39
39 118 39
39 58 39
39 113 39
39 81 39
39 48 39
31 39 39
39 65 39
34 39 39
8 39 39
39 91 39
38 39 39
39 40 39
39 45 39
19 39 39
6 39 39
39 68 39
39 116 39
39 84 39
28 39 39
39 47 39
39 57 39
39 78 39
7 39 39
39 77 39
39 106 39
39 70 39
39 117 39
39 108 39
39 115 39
35 39 39
39 93 39
21 39 39
39 109 39
30 39 39
39 96 39
39 94 39
39 49 39
39 122 39
39 82 39
39 50 39
39 105 39
39 92 39
39 56 39
39 44 39
39 119 39
26 39 39
39 43 39
39 73 39
29 39 39
24 39 39
39 71 39
39 80 39
39 102 39
9 39 39
39 76 39
39 51 39
39 90 39
14 39 39
39 120 39
39 110 39
23 39 39
15 39 39
39 128 39
39 101 39
32 39 39
39 103 39
20 39 39
39 63 39
39 61 39
39 121 39
39 54 39
39 72 39
12 39 39
39 75 39
39 79 39
39 52 39
39 67 39
16 39 39
39 46 39
39 98 39
39 114 39
17 39 39
39 99 39
4 39 39
37 39 39
39 74 39
39 85 39
39 89 39
39 125 39
18 22 18
18 87 18
18 60 18
11 18 18
18 36 18
18 107 18
10 18 18
18 66 18
18 124 18
18 100 18
18 69 18
18 95 18
18 64 18
18 33 18
18 118 18
18 58 18
18 113 18
18 81 18
18 48 18
18 31 18
18 65 18
18 34 18
8 18 18
18 91 18
18 38 18
18 40 18
18 45 18
18 19 18
6 18 18
18 68 18
18 116 18
18 84 18
18 28 18
18 47 18
18 57 18
18 78 18
7 18 18
18 77 18
18 106 18
18 70 18
18 117 18
18 108 18
18 115 18
18 35 18
18 93 18
18 21 18
18 109 18
18 30 18
18 96 18
18 94 18
18 49 18
18 122 18
13 18 18
18 50 18
18 105 18
18 92 18
18 56 18
18 44 18
18 119 18
18 26 18
18 43 18
18 73 18
18 29 18
18 24 18
18 71 18
18 80 18
18 102 18
9 18 18
18 76 18
18 51 18
18 90 18
14 18 18
18 120 18
18 110 18
18 23 18
15 18 18
18 128 18
18 101 18
18 32 18
18 103 18
18 20 18
18 63 18
18 83 18
18 121 18
18 54 18
18 72 18
12 18 18
18 75 18
18 79 18
18 52 18
18 67 18
16 18 18
18 46 18
18 98 18
18 114 18
3 18 18
18 99 18
4 18 18
18 37 18
18 112 18
18 85 18
18 59 18
22 62 62
62 87 62
60 62 62
11 62 62
36 62 62
62 107 62
10 62 62
62 66 62
62 124 62
62 100 62
62 69 62
62 95 62
62 64 62
33 62 62
62 118 62
58 62 62
62 113 62
62 81 62
48 62 62
31 62 62
62 65 62
34 62 62
8 62 62
62 91 62
38 62 62
40 62 62
45 62 62
19 62 62
6 62 62
62 68 62
62 116 62
62 84 62
28 62 62
47 62 62
57 62 62
62 78 62
7 62 62
62 77 62
62 106 62
62 70 62
62 117 62
62 108 62
62 115 62
35 62 62
62 93 62
21 62 62
62 109 62
30 62 62
62 96 62
62 94 62
49 62 62
62 127 62
13 62 62
50 62 62
62 105 62
62 92 62
56 62 62
44 62 62
62 119 62
26 62 62
43 62 62
62 73 62
29 62 62
24 62 62
62 71 62
62 80 62
62 102 62
9 62 62
62 76 62
51 62 62
62 90 62
14 62 62
62 120 62
62 110 62
23 62 62
15 62 62
62 128 62
62 101 62
32 62 62
62 103 62
20 62 62
62 86 62
62 83 62
62 121 62
54 62 62
62 72 62
12 62 62
62 75 62
62 79 62
52 62 62
62 67 62
16 62 62
46 62 62
62 98 62
62 126 62
3 62 62
62 99 62
4 62 62
62 74 62
62 112 62
2 62 62
22 27 27
27 87 27
27 60 27
11 27 27
27 36 27
27 107 27
10 27 27
27 66 27
27 124 27
27 100 27
27 69 27
27 95 27
27 64 27
27 33 27
27 118 27
27 58 27
27 113 27
27 81 27
27 48 27
27 31 27
27 65 27
27 34 27
8 27 27
27 91 27
27 38 27
27 40 27
27 45 27
19 27 27
6 27 27
27 68 27
27 116 27
27 84 27
27 28 27
27 47 27
27 57 27
27 78 27
7 27 27
27 77 27
27 106 27
27 70 27
27 117 27
27 108 27
27 115 27
27 35 27
27 93 27
21 27 27
27 109 27
27 30 27
27 96 27
27 94 27
27 82 27
27 127 27
13 27 27
27 50 27
27 105 27
27 92 27
27 56 27
27 44 27
27 119 27
26 27 27
27 43 27
27 73 27
27 29 27
24 27 27
27 71 27
27 80 27
27 102 27
9 27 27
27 76 27
27 51 27
27 90 27
14 27 27
27 120 27
27 110 27
23 27 27
15 27 27
27 128 27
27 101 27
27 32 27
27 103 27
27 61 27
27 86 27
27 83 27
27 121 27
27 54 27
27 72 27
12 27 27
27 75 27
27 79 27
27 52 27
27 67 27
16 27 27
27 46 27
17 27 27
27 126 27
3 27 27
27 99 27
27 37 27
27 74 27
27 89 27
22 111 111
87 111 111
60 111 111
11 111 111
36 111 111
107 111 111
10 111 111
66 111 111
111 124 111
100 111 111
69 111 111
95 111 111
64 111 111
33 111 111
111 118 111
58 111 111
111 113 111
81 111 111
48 111 111
31 111 111
65 111 111
34 111 111
8 111 111
91 111 111
38 111 111
40 111 111
45 111 111
19 111 111
6 111 111
68 111 111
111 116 111
84 111 111
28 111 111
47 111 111
57 111 111
78 111 111
7 111 111
77 111 111
106 111 111
70 111 111
111 117 111
108 111 111
111 115 111
35 111 111
93 111 111
21 111 111
109 111 111
30 111 111
96 111 111
111 122 111
82 111 111
111 127 111
13 111 111
50 111 111
105 111 111
92 111 111
56 111 111
44 111 111
111 119 111
26 111 111
43 111 111
73 111 111
29 111 111
24 111 111
71 111 111
80 111 111
102 111 111
9 111 111
76 111 111
51 111 111
90 111 111
14 111 111
111 120 111
110 111 111
23 111 111
15 111 111
111 128 111
101 111 111
32 111 111
63 111 111
61 111 111
86 111 111
83 111 111
111 121 111
54 111 111
72 111 111
12 111 111
75 111 111
79 111 111
52 111 111
67 111 111
16 111 111
111 114 111
17 111 111
111 126 111
3 111 111
4 111 111
37 111 111
85 111 111
22 41 41
41 87 41
41 60 41
11 41 41
36 41 41
41 107 41
10 41 41
41 66 41
41 124 41
41 100 41
41 69 41
41 95 41
41 64 41
33 41 41
41 118 41
41 58 41
41 113 41
41 81 41
41 48 41
31 41 41
41 65 41
34 41 41
8 41 41
41 91 41
38 41 41
40 41 41
41 45 41
19 41 41
6 41 41
41 68 41
41 116 41
41 84 41
28 41 41
41 47 41
41 57 41
41 78 41
7 41 41
41 77 41
41 106 41
41 70 41
41 117 41
41 108 41
41 115 41
35 41 41
41 93 41
21 41 41
41 109 41
30 41 41
41 49 41
41 122 41
41 82 41
41 127 41
13 41 41
41 50 41
41 105 41
41 92 41
41 56 41
41 44 41
41 119 41
26 41 41
41 43 41
41 73 41
29 41 41
24 41 41
41 71 41
41 80 41
41 102 41
9 41 41
41 76 41
41 51 41
41 90 41
14 41 41
41 120 41
41 110 41
23 41 41
15 41 41
41 128 41
41 101 41
20 41 41
41 63 41
41 61 41
41 86 41
41 83 41
41 121 41
41 54 41
41 72 41
12 41 41
41 75 41
41 79 41
41 52 41
41 67 41
41 98 41
41 114 41
17 41 41
41 126 41
41 99 41
4 41 41
41 112 41
22 125 125
87 125 125
60 125 125
11 125 125
36 125 125
107 125 125
10 125 125
66 125 125
124 125 125
100 125 125
69 125 125
95 125 125
64 125 125
33 125 125
118 125 125
58 125 125
113 125 125
81 125 125
48 125 125
31 125 125
65 125 125
34 125 125
8 125 125
91 125 125
38 125 125
40 125 125
45 125 125
19 125 125
6 125 125
68 125 125
116 125 125
84 125 125
28 125 125
47 125 125
57 125 125
78 125 125
7 125 125
77 125 125
106 125 125
70 125 125
117 125 125
108 125 125
115 125 125
35 125 125
93 125 125
21 125 125
109 125 125
94 125 125
49 125 125
122 125 125
82 125 125
125 127 125
13 125 125
50 125 125
105 125 125
92 125 125
56 125 125
44 125 125
119 125 125
26 125 125
43 125 125
73 125 125
29 125 125
24 125 125
71 125 125
80 125 125
102 125 125
9 125 125
76 125 125
51 125 125
90 125 125
14 125 125
120 125 125
110 125 125
23 125 125
15 125 125
125 128 125
103 125 125
20 125 125
63 125 125
61 125 125
86 125 125
83 125 125
121 125 125
54 125 125
72 125 125
12 125 125
75 125 125
79 125 125
52 125 125
46 125 125
98 125 125
114 125 125
17 125 125
3 125 125
99 125 125
74 125 125
22 59 59
59 87 59
59 60 59
11 59 59
36 59 59
59 107 59
10 59 59
59 66 59
59 124 59
59 100 59
59 69 59
59 95 59
59 64 59
33 59 59
59 118 59
58 59 59
59 113 59
59 81 59
48 59 59
31 59 59
59 65 59
34 59 59
8 59 59
59 91 59
38 59 59
40 59 59
45 59 59
19 59 59
6 59 59
59 68 59
59 116 59
59 84 59
28 59 59
47 59 59
57 59 59
59 78 59
7 59 59
59 77 59
59 106 59
59 70 59
59 117 59
59 108 59
59 115 59
35 59 59
59 93 59
21 59 59
59 96 59
59 94 59
49 59 59
59 122 59
59 82 59
59 127 59
13 59 59
50 59 59
59 105 59
59 92 59
56 59 59
44 59 59
59 119 59
26 59 59
43 59 59
59 73 59
29 59 59
24 59 59
59 71 59
59 80 59
59 102 59
9 59 59
59 76 59
51 59 59
59 90 59
14 59 59
59 120 59
59 110 59
23 59 59
15 59 59
32 59 59
59 103 59
20 59 59
59 63 59
59 61 59
59 86 59
59 83 59
59 121 59
54 59 59
59 72 59
12 59 59
59 75 59
59 79 59
16 59 59
46 59 59
59 98 59
59 114 59
59 126 59
3 59 59
37 59 59
2 22 2
2 87 2
2 60 2
2 11 2
2 36 2
2 107 2
2 10 2
2 66 2
2 124 2
2 100 2
2 69 2
2 95 2
2 64 2
2 33 2
2 118 2
2 58 2
2 113 2
2 81 2
2 48 2
2 31 2
2 65 2
2 34 2
2 8 2
2 91 2
2 38 2
2 40 2
2 45 2
2 19 2
2 6 2
2 68 2
2 116 2
2 84 2
2 28 2
2 47 2
2 57 2
2 78 2
2 7 2
2 77 2
2 106 2
2 70 2
2 117 2
2 108 2
2 115 2
2 35 2
2 93 2
2 30 2
2 96 2
2 94 2
2 49 2
2 122 2
2 82 2
2 127 2
2 13 2
2 50 2
2 105 2
2 92 2
2 56 2
2 44 2
2 119 2
2 26 2
2 43 2
2 73 2
2 29 2
2 24 2
2 71 2
2 80 2
2 102 2
2 9 2
2 76 2
2 51 2
2 90 2
2 14 2
2 120 2
2 110 2
2 23 2
2 101 2
2 32 2
2 103 2
2 20 2
2 63 2
2 61 2
2 86 2
2 83 2
2 121 2
2 54 2
2 72 2
2 12 2
2 75 2
2 67 2
2 16 2
2 46 2
2 98 2
2 17 2
2 126 2
2 4 2
22 89 89
87 89 89
60 89 89
11 89 89
36 89 89
89 107 89
10 89 89
66 89 89
89 124 89
89 100 89
69 89 89
89 95 89
64 89 89
33 89 89
89 118 89
58 89 89
89 113 89
81 89 89
48 89 89
31 89 89
65 89 89
34 89 89
8 89 89
89 91 89
38 89 89
40 89 89
45 89 89
19 89 89
6 89 89
68 89 89
89 116 89
84 89 89
28 89 89
47 89 89
57 89 89
78 89 89
7 89 89
77 89 89
89 106 89
70 89 89
89 117 89
89 108 89
89 115 89
35 89 89
89 109 89
30 89 89
89 96 89
89 94 89
49 89 89
89 122 89
82 89 89
89 127 89
13 89 89
50 89 89
89 105 89
89 92 89
56 89 89
44 89 89
89 119 89
26 89 89
43 89 89
73 89 89
29 89 89
24 89 89
71 89 89
80 89 89
89 102 89
9 89 89
76 89 89
51 89 89
89 90 89
14 89 89
89 120 89
89 110 89
89 128 89
89 101 89
32 89 89
89 103 89
20 89 89
63 89 89
61 89 89
86 89 89
83 89 89
89 121 89
54 89 89
72 89 89
12 89 89
52 89 89
67 89 89
16 89 89
46 89 89
89 114 89
17 89 89
89 99 89
22 85 85
85 87 85
60 85 85
11 85 85
36 85 85
85 107 85
10 85 85
66 85 85
85 124 85
85 100 85
69 85 85
85 95 85
64 85 85
33 85 85
85 118 85
58 85 85
85 113 85
81 85 85
48 85 85
31 85 85
65 85 85
34 85 85
8 85 85
85 91 85
38 85 85
40 85 85
45 85 85
19 85 85
6 85 85
68 85 85
85 116 85
84 85 85
28 85 85
47 85 85
57 85 85
78 85 85
7 85 85
77 85 85
85 106 85
70 85 85
85 117 85
85 108 85
85 115 85
21 85 85
85 109 85
30 85 85
85 96 85
85 94 85
49 85 85
85 122 85
82 85 85
85 127 85
13 85 85
50 85 85
85 105 85
85 92 85
56 85 85
44 85 85
85 119 85
26 85 85
43 85 85
73 85 85
29 85 85
24 85 85
71 85 85
80 85 85
85 102 85
9 85 85
76 85 85
51 85 85
85 90 85
14 85 85
85 120 85
15 85 85
85 128 85
85 101 85
32 85 85
85 103 85
20 85 85
63 85 85
61 85 85
85 86 85
83 85 85
85 121 85
54 85 85
72 85 85
79 85 85
52 85 85
67 85 85
16 85 85
85 98 85
85 114 85
3 85 85
22 112 112
87 112 112
60 112 112
11 112 112
36 112 112
107 112 112
10 112 112
66 112 112
112 124 112
100 112 112
69 112 112
95 112 112
64 112 112
33 112 112
112 118 112
58 112 112
112 113 112
81 112 112
48 112 112
31 112 112
65 112 112
34 112 112
8 112 112
91 112 112
38 112 112
40 112 112
45 112 112
19 112 112
6 112 112
68 112 112
112 116 112
84 112 112
28 112 112
47 112 112
57 112 112
78 112 112
7 112 112
77 112 112
106 112 112
70 112 112
112 117 112
108 112 112
93 112 112
21 112 112
109 112 112
30 112 112
96 112 112
94 112 112
49 112 112
112 122 112
82 112 112
112 127 112
13 112 112
50 112 112
105 112 112
92 112 112
56 112 112
44 112 112
112 119 112
26 112 112
43 112 112
73 112 112
29 112 112
24 112 112
71 112 112
80 112 112
102 112 112
9 112 112
76 112 112
51 112 112
90 112 112
14 112 112
23 112 112
15 112 112
112 128 112
101 112 112
32 112 112
103 112 112
20 112 112
63 112 112
61 112 112
86 112 112
83 112 112
112 121 112
54 112 112
75 112 112
79 112 112
52 112 112
67 112 112
46 112 112
98 112 112
112 126 112
22 74 74
74 87 74
60 74 74
11 74 74
36 74 74
74 107 74
10 74 74
66 74 74
74 124 74
74 100 74
69 74 74
74 95 74
64 74 74
33 74 74
74 118 74
58 74 74
74 113 74
74 81 74
48 74 74
31 74 74
65 74 74
34 74 74
8 74 74
74 91 74
38 74 74
40 74 74
45 74 74
19 74 74
6 74 74
68 74 74
74 116 74
74 84 74
28 74 74
47 74 74
57 74 74
74 78 74
7 74 74
74 77 74
74 106 74
70 74 74
74 117 74
35 74 74
74 93 74
21 74 74
74 109 74
30 74 74
74 96 74
74 94 74
49 74 74
74 122 74
74 82 74
74 127 74
13 74 74
50 74 74
74 105 74
74 92 74
56 74 74
44 74 74
74 119 74
26 74 74
43 74 74
73 74 74
29 74 74
24 74 74
71 74 74
74 80 74
74 102 74
9 74 74
74 76 74
51 74 74
74 90 74
74 110 74
23 74 74
15 74 74
74 128 74
74 101 74
32 74 74
74 103 74
20 74 74
63 74 74
61 74 74
74 86 74
74 83 74
74 121 74
12 74 74
74 75 74
74 79 74
52 74 74
16 74 74
46 74 74
17 74 74
22 37 37
37 87 37
37 60 37
11 37 37
36 37 37
37 107 37
10 37 37
37 66 37
37 124 37
37 100 37
37 69 37
37 95 37
37 64 37
33 37 37
37 118 37
37 58 37
37 113 37
37 81 37
37 48 37
31 37 37
37 65 37
34 37 37
8 37 37
37 91 37
37 38 37
37 40 37
37 45 37
19 37 37
6 37 37
37 68 37
37 116 37
37 84 37
28 37 37
37 47 37
37 57 37
37 78 37
7 37 37
37 77 37
37 106 37
37 70 37
37 115 37
35 37 37
37 93 37
21 37 37
37 109 37
30 37 37
37 96 37
37 94 37
37 49 37
37 122 37
37 82 37
37 127 37
13 37 37
37 50 37
37 105 37
37 92 37
37 56 37
37 44 37
37 119 37
26 37 37
37 43 37
37 73 37
29 37 37
24 37 37
37 71 37
37 80 37
37 102 37
9 37 37
37 76 37
37 51 37
37 120 37
37 110 37
23 37 37
15 37 37
37 128 37
37 101 37
32 37 37
37 103 37
20 37 37
37 63 37
37 61 37
37 86 37
37 83 37
37 72 37
12 37 37
37 75 37
37 79 37
37 67 37
16 37 37
37 114 37
4 22 4
4 87 4
4 60 4
4 11 4
4 36 4
4 107 4
4 10 4
4 66 4
4 124 4
4 100 4
4 69 4
4 95 4
4 64 4
4 33 4
4 118 4
4 58 4
4 113 4
4 81 4
4 48 4
4 31 4
4 65 4
4 34 4
4 8 4
4 91 4
4 38 4
4 40 4
4 45 4
4 19 4
4 6 4
4 68 4
4 116 4
4 84 4
4 28 4
4 47 4
4 57 4
4 78 4
4 7 4
4 77 4
4 106 4
4 108 4
4 115 4
4 35 4
4 93 4
4 21 4
4 109 4
4 30 4
4 96 4
4 94 4
4 49 4
4 122 4
4 82 4
4 127 4
4 13 4
4 50 4
4 105 4
4 92 4
4 56 4
4 44 4
4 119 4
4 26 4
4 43 4
4 73 4
4 29 4
4 24 4
4 71 4
4 80 4
4 102 4
4 9 4
4 76 4
4 14 4
4 120 4
4 110 4
4 23 4
4 15 4
4 128 4
4 101 4
4 32 4
4 103 4
4 20 4
4 63 4
4 61 4
4 86 4
4 54 4
4 72 4
4 12 4
4 75 4
4 52 4
4 67 4
4 98 4
22 99 99
87 99 99
60 99 99
11 99 99
36 99 99
99 107 99
10 99 99
66 99 99
99 124 99
99 100 99
69 99 99
95 99 99
64 99 99
33 99 99
99 118 99
58 99 99
99 113 99
81 99 99
48 99 99
31 99 99
65 99 99
34 99 99
8 99 99
91 99 99
38 99 99
40 99 99
45 99 99
19 99 99
6 99 99
68 99 99
99 116 99
84 99 99
28 99 99
47 99 99
57 99 99
78 99 99
7 99 99
77 99 99
99 117 99
99 108 99
99 115 99
35 99 99
93 99 99
21 99 99
99 109 99
30 99 99
96 99 99
94 99 99
49 99 99
99 122 99
82 99 99
99 127 99
13 99 99
50 99 99
99 105 99
92 99 99
56 99 99
44 99 99
99 119 99
26 99 99
43 99 99
73 99 99
29 99 99
24 99 99
71 99 99
80 99 99
99 102 99
9 99 99
90 99 99
14 99 99
99 120 99
99 110 99
23 99 99
15 99 99
99 128 99
99 101 99
32 99 99
99 103 99
20 99 99
63 99 99
61 99 99
99 121 99
54 99 99
72 99 99
12 99 99
79 99 99
52 99 99
46 99 99
3 22 3
3 87 3
3 60 3
3 11 3
3 36 3
3 107 3
3 10 3
3 66 3
3 124 3
3 100 3
3 69 3
3 95 3
3 64 3
3 33 3
3 118 3
3 58 3
3 113 3
3 81 3
3 48 3
3 31 3
3 65 3
3 34 3
3 8 3
3 91 3
3 38 3
3 40 3
3 45 3
3 19 3
3 6 3
3 68 3
3 116 3
3 84 3
3 28 3
3 47 3
3 57 3
3 78 3
3 7 3
3 70 3
3 117 3
3 108 3
3 115 3
3 35 3
3 93 3
3 21 3
3 109 3
3 30 3
3 96 3
3 94 3
3 49 3
3 122 3
3 82 3
3 127 3
3 13 3
3 50 3
3 105 3
3 92 3
3 56 3
3 44 3
3 119 3
3 26 3
3 43 3
3 73 3
3 29 3
3 24 3
3 71 3
3 80 3
3 102 3
3 51 3
3 90 3
3 14 3
3 120 3
3 110 3
3 23 3
3 15 3
3 128 3
3 101 3
3 32 3
3 103 3
3 20 3
3 63 3
3 83 3
3 121 3
3 54 3
3 72 3
3 75 3
3 79 3
3 16 3
22 126 126
87 126 126
60 126 126
11 126 126
36 126 126
107 126 126
10 126 126
66 126 126
124 126 126
100 126 126
69 126 126
95 126 126
64 126 126
33 126 126
118 126 126
58 126 126
113 126 126
81 126 126
48 126 126
31 126 126
65 126 126
34 126 126
8 126 126
91 126 126
38 126 126
40 126 126
45 126 126
19 126 126
6 126 126
68 126 126
116 126 126
84 126 126
28 126 126
47 126 126
57 126 126
78 126 126
106 126 126
70 126 126
117 126 126
108 126 126
115 126 126
35 126 126
93 126 126
21 126 126
109 126 126
30 126 126
96 126 126
94 126 126
49 126 126
122 126 126
82 126 126
126 127 126
13 126 126
50 126 126
105 126 126
92 126 126
56 126 126
44 126 126
119 126 126
26 126 126
43 126 126
73 126 126
29 126 126
24 126 126
71 126 126
80 126 126
76 126 126
51 126 126
90 126 126
14 126 126
120 126 126
110 126 126
23 126 126
15 126 126
126 128 126
101 126 126
32 126 126
103 126 126
20 126 126
86 126 126
83 126 126
121 126 126
54 126 126
12 126 126
75 126 126
67 126 126
17 22 17
17 87 17
17 60 17
11 17 17
17 36 17
17 107 17
10 17 17
17 66 17
17 124 17
17 100 17
17 69 17
17 95 17
17 64 17
17 33 17
17 118 17
17 58 17
17 113 17
17 81 17
17 48 17
17 31 17
17 65 17
17 34 17
8 17 17
17 91 17
17 38 17
17 40 17
17 45 17
17 19 17
6 17 17
17 68 17
17 116 17
17 84 17
17 28 17
17 47 17
17 57 17
17 77 17
17 106 17
17 70 17
17 117 17
17 108 17
17 115 17
17 35 17
17 93 17
17 21 17
17 109 17
17 30 17
17 96 17
17 94 17
17 49 17
17 122 17
17 82 17
17 127 17
13 17 17
17 50 17
17 105 17
17 92 17
17 56 17
17 44 17
17 119 17
17 26 17
17 43 17
17 73 17
17 29 17
17 24 17
17 71 17
9 17 17
17 76 17
17 51 17
17 90 17
14 17 17
17 120 17
17 110 17
17 23 17
15 17 17
17 128 17
17 101 17
17 32 17
17 103 17
17 61 17
17 86 17
17 83 17
17 121 17
17 72 17
12 17 17
17 52 17
22 114 114
87 114 114
60 114 114
11 114 114
36 114 114
107 114 114
10 114 114
66 114 114
114 124 114
100 114 114
69 114 114
95 114 114
64 114 114
33 114 114
114 118 114
58 114 114
113 114 114
81 114 114
48 114 114
31 114 114
65 114 114
34 114 114
8 114 114
91 114 114
38 114 114
40 114 114
45 114 114
19 114 114
6 114 114
68 114 114
114 116 114
84 114 114
28 114 114
47 114 114
7 114 114
77 114 114
106 114 114
70 114 114
114 117 114
108 114 114
114 115 114
35 114 114
93 114 114
21 114 114
109 114 114
30 114 114
96 114 114
94 114 114
49 114 114
114 122 114
82 114 114
114 127 114
13 114 114
50 114 114
105 114 114
92 114 114
56 114 114
44 114 114
114 119 114
26 114 114
43 114 114
73 114 114
29 114 114
24 114 114
102 114 114
9 114 114
76 114 114
51 114 114
90 114 114
14 114 114
114 120 114
110 114 114
23 114 114
15 114 114
114 128 114
101 114 114
32 114 114
63 114 114
61 114 114
86 114 114
83 114 114
54 114 114
72 114 114
79 114 114
22 98 98
87 98 98
60 98 98
11 98 98
36 98 98
98 107 98
10 98 98
66 98 98
98 124 98
98 100 98
69 98 98
95 98 98
64 98 98
33 98 98
98 118 98
58 98 98
98 113 98
81 98 98
48 98 98
31 98 98
65 98 98
34 98 98
8 98 98
91 98 98
38 98 98
40 98 98
45 98 98
19 98 98
6 98 98
68 98 98
98 116 98
84 98 98
28 98 98
78 98 98
7 98 98
77 98 98
98 106 98
70 98 98
98 117 98
98 108 98
98 115 98
35 98 98
93 98 98
21 98 98
98 109 98
30 98 98
96 98 98
94 98 98
49 98 98
98 122 98
82 98 98
98 127 98
13 98 98
50 98 98
98 105 98
92 98 98
56 98 98
44 98 98
98 119 98
26 98 98
43 98 98
73 98 98
29 98 98
80 98 98
98 102 98
9 98 98
76 98 98
51 98 98
90 98 98
14 98 98
98 120 98
98 110 98
23 98 98
15 98 98
98 128 98
98 101 98
20 98 98
63 98 98
61 98 98
86 98 98
98 121 98
54 98 98
75 98 98
22 46 46
46 87 46
46 60 46
11 46 46
36 46 46
46 107 46
10 46 46
46 66 46
46 124 46
46 100 46
46 69 46
46 95 46
46 64 46
33 46 46
46 118 46
46 58 46
46 113 46
46 81 46
46 48 46
31 46 46
46 65 46
34 46 46
8 46 46
46 91 46
38 46 46
40 46 46
45 46 46
19 46 46
6 46 46
46 68 46
46 116 46
46 84 46
46 57 46
46 78 46
7 46 46
46 77 46
46 106 46
46 70 46
46 117 46
46 108 46
46 115 46
35 46 46
46 93 46
21 46 46
46 109 46
30 46 46
46 96 46
46 94 46
46 49 46
46 122 46
46 82 46
46 127 46
13 46 46
46 50 46
46 105 46
46 92 46
46 56 46
44 46 46
46 119 46
26 46 46
43 46 46
46 73 46
46 71 46
46 80 46
46 102 46
9 46 46
46 76 46
46 51 46
46 90 46
14 46 46
46 120 46
46 110 46
23 46 46
15 46 46
46 128 46
46 103 46
20 46 46
46 63 46
46 61 46
46 83 46
46 121 46
12 46 46
16 22 16
16 87 16
16 60 16
11 16 16
16 36 16
16 107 16
10 16 16
16 66 16
16 124 16
16 100 16
16 69 16
16 95 16
16 64 16
16 33 16
16 118 16
16 58 16
16 113 16
16 81 16
16 48 16
16 31 16
16 65 16
16 34 16
8 16 16
16 91 16
16 38 16
16 40 16
16 45 16
16 19 16
6 16 16
16 68 16
16 116 16
16 47 16
16 57 16
16 78 16
7 16 16
16 77 16
16 106 16
16 70 16
16 117 16
16 108 16
16 115 16
16 35 16
16 93 16
16 21 16
16 109 16
16 30 16
16 96 16
16 94 16
16 49 16
16 122 16
16 82 16
16 127 16
13 16 16
16 50 16
16 105 16
16 92 16
16 56 16
16 44 16
16 119 16
16 26 16
16 43 16
16 24 16
16 71 16
16 80 16
16 102 16
9 16 16
16 76 16
16 51 16
16 90 16
14 16 16
16 120 16
16 110 16
16 23 16
15 16 16
16 32 16
16 103 16
16 20 16
16 63 16
16 86 16
16 83 16
16 72 16
22 67 67
67 87 67
60 67 67
11 67 67
36 67 67
67 107 67
10 67 67
66 67 67
67 124 67
67 100 67
67 69 67
67 95 67
64 67 67
33 67 67
67 118 67
58 67 67
67 113 67
67 81 67
48 67 67
31 67 67
65 67 67
34 67 67
8 67 67
67 91 67
38 67 67
40 67 67
45 67 67
19 67 67
6 67 67
67 68 67
28 67 67
47 67 67
57 67 67
67 78 67
7 67 67
67 77 67
67 106 67
67 70 67
67 117 67
67 108 67
67 115 67
35 67 67
67 93 67
21 67 67
67 109 67
30 67 67
67 96 67
67 94 67
49 67 67
67 122 67
67 82 67
67 127 67
13 67 67
50 67 67
67 105 67
67 92 67
56 67 67
44 67 67
67 119 67
26 67 67
29 67 67
24 67 67
67 71 67
67 80 67
67 102 67
9 67 67
67 76 67
51 67 67
67 90 67
14 67 67
67 120 67
67 110 67
23 67 67
67 101 67
32 67 67
67 103 67
20 67 67
61 67 67
67 86 67
54 67 67
22 52 52
52 87 52
52 60 52
11 52 52
36 52 52
52 107 52
10 52 52
52 66 52
52 124 52
52 100 52
52 69 52
52 95 52
52 64 52
33 52 52
52 118 52
52 58 52
52 113 52
52 81 52
48 52 52
31 52 52
52 65 52
34 52 52
8 52 52
52 91 52
38 52 52
40 52 52
45 52 52
19 52 52
6 52 52
52 84 52
28 52 52
47 52 52
52 57 52
52 78 52
7 52 52
52 77 52
52 106 52
52 70 52
52 117 52
52 108 52
52 115 52
35 52 52
52 93 52
21 52 52
52 109 52
30 52 52
52 96 52
52 94 52
49 52 52
52 122 52
52 82 52
52 127 52
13 52 52
50 52 52
52 105 52
52 92 52
52 56 52
44 52 52
52 119 52
52 73 52
29 52 52
24 52 52
52 71 52
52 80 52
52 102 52
9 52 52
52 76 52
51 52 52
52 90 52
14 52 52
52 120 52
52 110 52
52 128 52
52 101 52
32 52 52
52 103 52
52 63 52
52 61 52
52 121 52
22 79 79
79 87 79
60 79 79
11 79 79
36 79 79
79 107 79
10 79 79
66 79 79
79 124 79
79 100 79
69 79 79
79 95 79
64 79 79
33 79 79
79 118 79
58 79 79
79 113 79
79 81 79
48 79 79
31 79 79
65 79 79
34 79 79
8 79 79
79 91 79
38 79 79
40 79 79
45 79 79
19 79 79
79 116 79
79 84 79
28 79 79
47 79 79
57 79 79
78 79 79
7 79 79
77 79 79
79 106 79
70 79 79
79 117 79
79 108 79
79 115 79
35 79 79
79 93 79
21 79 79
79 109 79
30 79 79
79 96 79
79 94 79
49 79 79
79 122 79
79 82 79
79 127 79
13 79 79
50 79 79
79 105 79
79 92 79
56 79 79
44 79 79
43 79 79
73 79 79
29 79 79
24 79 79
71 79 79
79 80 79
79 102 79
9 79 79
76 79 79
51 79 79
79 90 79
14 79 79
79 120 79
15 79 79
79 128 79
79 101 79
32 79 79
20 79 79
63 79 79
79 83 79
22 75 75
75 87 75
60 75 75
11 75 75
36 75 75
75 107 75
10 75 75
66 75 75
75 124 75
75 100 75
69 75 75
75 95 75
64 75 75
33 75 75
75 118 75
58 75 75
75 113 75
75 81 75
48 75 75
31 75 75
65 75 75
34 75 75
8 75 75
75 91 75
38 75 75
40 75 75
45 75 75
68 75 75
75 116 75
75 84 75
28 75 75
47 75 75
57 75 75
75 78 75
7 75 75
75 77 75
75 106 75
70 75 75
75 117 75
75 108 75
75 115 75
35 75 75
75 93 75
21 75 75
75 109 75
30 75 75
75 96 75
75 94 75
49 75 75
75 122 75
75 82 75
75 127 75
13 75 75
50 75 75
75 105 75
75 92 75
56 75 75
26 75 75
43 75 75
73 75 75
29 75 75
24 75 75
71 75 75
75 80 75
75 102 75
9 75 75
75 76 75
51 75 75
75 90 75
14 75 75
23 75 75
15 75 75
75 128 75
75 101 75
75 103 75
20 75 75
75 86 75
12 22 12
12 87 12
12 60 12
11 12 12
12 36 12
12 107 12
10 12 12
12 66 12
12 124 12
12 100 12
12 69 12
12 95 12
12 64 12
12 33 12
12 118 12
12 58 12
12 113 12
12 81 12
12 48 12
12 31 12
12 65 12
12 34 12
8 12 12
12 91 12
12 38 12
12 40 12
6 12 12
12 68 12
12 116 12
12 84 12
12 28 12
12 47 12
12 57 12
12 78 12
7 12 12
12 77 12
12 106 12
12 70 12
12 117 12
12 108 12
12 115 12
12 35 12
12 93 12
12 21 12
12 109 12
12 30 12
12 96 12
12 94 12
12 49 12
12 122 12
12 82 12
12 127 12
12 13 12
12 50 12
12 105 12
12 92 12
12 119 12
12 26 12
12 43 12
12 73 12
12 29 12
12 24 12
12 71 12
12 80 12
12 102 12
9 12 12
12 76 12
12 51 12
12 90 12
12 110 12
12 23 12
12 15 12
12 128 12
12 32 12
12 103 12
12 61 12
22 72 72
72 87 72
60 72 72
11 72 72
36 72 72
72 107 72
10 72 72
66 72 72
72 124 72
72 100 72
69 72 72
72 95 72
64 72 72
33 72 72
72 118 72
58 72 72
72 113 72
72 81 72
48 72 72
31 72 72
65 72 72
34 72 72
8 72 72
72 91 72
38 72 72
19 72 72
6 72 72
68 72 72
72 116 72
72 84 72
28 72 72
47 72 72
57 72 72
72 78 72
7 72 72
72 77 72
72 106 72
70 72 72
72 117 72
72 108 72
72 115 72
35 72 72
72 93 72
21 72 72
72 109 72
30 72 72
72 96 72
72 94 72
49 72 72
72 122 72
72 82 72
72 127 72
13 72 72
50 72 72
72 105 72
44 72 72
72 119 72
26 72 72
43 72 72
72 73 72
29 72 72
24 72 72
71 72 72
72 80 72
72 102 72
9 72 72
72 76 72
51 72 72
72 120 72
72 110 72
23 72 72
15 72 72
72 101 72
32 72 72
63 72 72
22 54 54
54 87 54
54 60 54
11 54 54
36 54 54
54 107 54
10 54 54
54 66 54
54 124 54
54 100 54
54 69 54
54 95 54
54 64 54
33 54 54
54 118 54
54 58 54
54 113 54
54 81 54
48 54 54
31 54 54
54 65 54
34 54 54
8 54 54
54 91 54
45 54 54
19 54 54
6 54 54
54 68 54
54 116 54
54 84 54
28 54 54
47 54 54
54 57 54
54 78 54
7 54 54
54 77 54
54 106 54
54 70 54
54 117 54
54 108 54
54 115 54
35 54 54
54 93 54
21 54 54
54 109 54
30 54 54
54 96 54
54 94 54
49 54 54
54 122 54
54 82 54
54 127 54
13 54 54
50 54 54
54 56 54
44 54 54
54 119 54
26 54 54
43 54 54
54 73 54
29 54 54
24 54 54
54 71 54
54 80 54
54 102 54
9 54 54
54 76 54
14 54 54
54 120 54
54 110 54
23 54 54
54 128 54
54 101 54
20 54 54
22 121 121
87 121 121
60 121 121
11 121 121
36 121 121
107 121 121
10 121 121
66 121 121
121 124 121
100 121 121
69 121 121
95 121 121
64 121 121
33 121 121
118 121 121
58 121 121
113 121 121
81 121 121
48 121 121
31 121 121
65 121 121
34 121 121
8 121 121
40 121 121
45 121 121
19 121 121
6 121 121
68 121 121
116 121 121
84 121 121
28 121 121
47 121 121
57 121 121
78 121 121
7 121 121
77 121 121
106 121 121
70 121 121
117 121 121
108 121 121
115 121 121
35 121 121
93 121 121
21 121 121
109 121 121
30 121 121
96 121 121
94 121 121
49 121 121
121 122 121
82 121 121
121 127 121
13 121 121
92 121 121
56 121 121
44 121 121
119 121 121
26 121 121
43 121 121
73 121 121
29 121 121
24 121 121
71 121 121
80 121 121
102 121 121
9 121 121
90 121 121
14 121 121
120 121 121
110 121 121
15 121 121
121 128 121
103 121 121
22 83 83
83 87 83
60 83 83
11 83 83
36 83 83
83 107 83
10 83 83
66 83 83
83 124 83
83 100 83
69 83 83
83 95 83
64 83 83
33 83 83
83 118 83
58 83 83
83 113 83
81 83 83
48 83 83
31 83 83
65 83 83
34 83 83
38 83 83
40 83 83
45 83 83
19 83 83
6 83 83
68 83 83
83 116 83
83 84 83
28 83 83
47 83 83
57 83 83
78 83 83
7 83 83
77 83 83
83 106 83
70 83 83
83 117 83
83 108 83
83 115 83
35 83 83
83 93 83
21 83 83
83 109 83
30 83 83
83 96 83
83 94 83
49 83 83
83 122 83
82 83 83
83 127 83
83 105 83
83 92 83
56 83 83
44 83 83
83 119 83
26 83 83
43 83 83
73 83 83
29 83 83
24 83 83
71 83 83
80 83 83
83 102 83
51 83 83
83 90 83
14 83 83
83 120 83
23 83 83
15 83 83
32 83 83
22 86 86
86 87 86
60 86 86
11 86 86
36 86 86
86 107 86
10 86 86
66 86 86
86 124 86
86 100 86
69 86 86
86 95 86
64 86 86
33 86 86
86 118 86
58 86 86
86 113 86
81 86 86
48 86 86
31 86 86
65 86 86
86 91 86
38 86 86
40 86 86
45 86 86
19 86 86
6 86 86
68 86 86
86 116 86
84 86 86
28 86 86
47 86 86
57 86 86
78 86 86
7 86 86
77 86 86
86 106 86
70 86 86
86 117 86
86 108 86
86 115 86
35 86 86
86 93 86
21 86 86
86 109 86
30 86 86
86 96 86
86 94 86
49 86 86
86 122 86
82 86 86
50 86 86
86 105 86
86 92 86
56 86 86
44 86 86
86 119 86
26 86 86
43 86 86
73 86 86
29 86 86
24 86 86
71 86 86
80 86 86
76 86 86
51 86 86
86 90 86
14 86 86
86 110 86
23 86 86
86 101 86
22 61 61
61 87 61
60 61 61
11 61 61
36 61 61
61 107 61
10 61 61
61 66 61
61 124 61
61 100 61
61 69 61
61 95 61
61 64 61
33 61 61
61 118 61
58 61 61
61 113 61
61 81 61
48 61 61
31 61 61
8 61 61
61 91 61
38 61 61
40 61 61
45 61 61
19 61 61
6 61 61
61 68 61
61 116 61
61 84 61
28 61 61
47 61 61
57 61 61
61 78 61
7 61 61
61 77 61
61 106 61
61 70 61
61 117 61
61 108 61
61 115 61
35 61 61
61 93 61
21 61 61
61 109 61
30 61 61
61 96 61
61 94 61
49 61 61
61 122 61
13 61 61
50 61 61
61 105 61
61 92 61
56 61 61
44 61 61
61 119 61
26 61 61
43 61 61
61 73 61
29 61 61
24 61 61
61 71 61
9 61 61
61 76 61
51 61 61
61 90 61
61 120 61
61 110 61
61 128 61
22 63 63
63 87 63
60 63 63
11 63 63
36 63 63
63 107 63
10 63 63
63 66 63
63 124 63
63 100 63
63 69 63
63 95 63
63 64 63
33 63 63
63 118 63
58 63 63
63 113 63
63 81 63
48 63 63
34 63 63
8 63 63
63 91 63
38 63 63
40 63 63
45 63 63
19 63 63
6 63 63
63 68 63
63 116 63
63 84 63
28 63 63
47 63 63
57 63 63
63 78 63
7 63 63
63 77 63
63 106 63
63 70 63
63 117 63
63 108 63
63 115 63
35 63 63
63 93 63
21 63 63
63 109 63
30 63 63
63 96 63
63 94 63
49 63 63
63 127 63
13 63 63
50 63 63
63 105 63
63 92 63
56 63 63
44 63 63
63 119 63
26 63 63
43 63 63
63 73 63
29 63 63
24 63 63
63 102 63
9 63 63
63 76 63
51 63 63
14 63 63
63 120 63
15 63 63
20 22 20
20 87 20
20 60 20
11 20 20
20 36 20
20 107 20
10 20 20
20 66 20
20 124 20
20 100 20
20 69 20
20 95 20
20 64 20
20 33 20
20 118 20
20 58 20
20 113 20
20 81 20
20 65 20
20 34 20
8 20 20
20 91 20
20 38 20
20 40 20
20 45 20
19 20 20
6 20 20
20 68 20
20 116 20
20 84 20
20 28 20
20 47 20
20 57 20
20 78 20
7 20 20
20 77 20
20 106 20
20 70 20
20 117 20
20 108 20
20 115 20
20 35 20
20 93 20
20 21 20
20 109 20
20 30 20
20 96 20
20 94 20
20 82 20
20 127 20
13 20 20
20 50 20
20 105 20
20 92 20
20 56 20
20 44 20
20 119 20
20 26 20
20 43 20
20 73 20
20 29 20
20 80 20
20 102 20
9 20 20
20 76 20
20 90 20
14 20 20
20 23 20
22 103 103
87 103 103
60 103 103
11 103 103
36 103 103
103 107 103
10 103 103
66 103 103
103 124 103
100 103 103
69 103 103
95 103 103
64 103 103
33 103 103
103 118 103
58 103 103
103 113 103
31 103 103
65 103 103
34 103 103
8 103 103
91 103 103
38 103 103
40 103 103
45 103 103
19 103 103
6 103 103
68 103 103
103 116 103
84 103 103
28 103 103
47 103 103
57 103 103
78 103 103
7 103 103
77 103 103
103 106 103
70 103 103
103 117 103
103 108 103
103 115 103
35 103 103
93 103 103
21 103 103
103 109 103
30 103 103
96 103 103
103 122 103
82 103 103
103 127 103
13 103 103
50 103 103
103 105 103
92 103 103
56 103 103
44 103 103
103 119 103
26 103 103
43 103 103
73 103 103
71 103 103
80 103 103
102 103 103
9 103 103
51 103 103
90 103 103
103 110 103
22 32 32
32 87 32
32 60 32
11 32 32
32 36 32
32 107 32
10 32 32
32 66 32
32 124 32
32 100 32
32 69 32
32 95 32
32 64 32
32 33 32
32 118 32
32 58 32
32 48 32
31 32 32
32 65 32
32 34 32
8 32 32
32 91 32
32 38 32
32 40 32
32 45 32
19 32 32
6 32 32
32 68 32
32 116 32
32 84 32
28 32 32
32 47 32
32 57 32
32 78 32
7 32 32
32 77 32
32 106 32
32 70 32
32 117 32
32 108 32
32 115 32
32 35 32
32 93 32
21 32 32
32 109 32
30 32 32
32 49 32
32 122 32
32 82 32
32 127 32
13 32 32
32 50 32
32 105 32
32 92 32
32 56 32
32 44 32
32 119 32
26 32 32
32 43 32
24 32 32
32 71 32
32 80 32
32 102 32
32 76 32
32 51 32
32 120 32
22 101 101
87 101 101
60 101 101
11 101 101
36 101 101
101 107 101
10 101 101
66 101 101
101 124 101
100 101 101
69 101 101
95 101 101
64 101 101
33 101 101
101 118 101
81 101 101
48 101 101
31 101 101
65 101 101
34 101 101
8 101 101
91 101 101
38 101 101
40 101 101
45 101 101
19 101 101
6 101 101
68 101 101
101 116 101
84 101 101
28 101 101
47 101 101
57 101 101
78 101 101
7 101 101
77 101 101
101 106 101
70 101 101
101 117 101
101 108 101
101 115 101
35 101 101
93 101 101
21 101 101
101 109 101
94 101 101
49 101 101
101 122 101
82 101 101
101 127 101
13 101 101
50 101 101
101 105 101
92 101 101
56 101 101
44 101 101
101 119 101
26 101 101
29 101 101
24 101 101
71 101 101
80 101 101
9 101 101
76 101 101
14 101 101
22 128 128
87 128 128
60 128 128
11 128 128
36 128 128
107 128 128
10 128 128
66 128 128
124 128 128
100 128 128
69 128 128
95 128 128
64 128 128
33 128 128
113 128 128
81 128 128
48 128 128
31 128 128
65 128 128
34 128 128
8 128 128
91 128 128
38 128 128
40 128 128
45 128 128
19 128 128
6 128 128
68 128 128
116 128 128
84 128 128
28 128 128
47 128 128
57 128 128
78 128 128
7 128 128
77 128 128
106 128 128
70 128 128
117 128 128
108 128 128
115 128 128
35 128 128
93 128 128
21 128 128
96 128 128
94 128 128
49 128 128
122 128 128
82 128 128
127 128 128
13 128 128
50 128 128
105 128 128
92 128 128
56 128 128
44 128 128
119 128 128
73 128 128
29 128 128
24 128 128
71 128 128
102 128 128
9 128 128
90 128 128
15 22 15
15 87 15
15 60 15
11 15 15
15 36 15
15 107 15
10 15 15
15 66 15
15 124 15
15 100 15
15 69 15
15 95 15
15 64 15
15 58 15
15 113 15
15 81 15
15 48 15
15 31 15
15 65 15
15 34 15
8 15 15
15 91 15
15 38 15
15 40 15
15 45 15
15 19 15
6 15 15
15 68 15
15 116 15
15 84 15
15 28 15
15 47 15
15 57 15
15 78 15
7 15 15
15 77 15
15 106 15
15 70 15
15 117 15
15 108 15
15 115 15
15 35 15
15 93 15
15 30 15
15 96 15
15 94 15
15 49 15
15 122 15
15 82 15
15 127 15
13 15 15
15 50 15
15 105 15
15 92 15
15 56 15
15 44 15
15 43 15
15 73 15
15 29 15
15 24 15
15 80 15
15 102 15
15 51 15
22 23 23
23 87 23
23 60 23
11 23 23
23 36 23
23 107 23
10 23 23
23 66 23
23 124 23
23 100 23
23 69 23
23 95 23
23 118 23
23 58 23
23 113 23
23 81 23
23 48 23
23 31 23
23 65 23
23 34 23
8 23 23
23 91 23
23 38 23
23 40 23
23 45 23
19 23 23
6 23 23
23 68 23
23 116 23
23 84 23
23 28 23
23 47 23
23 57 23
23 78 23
7 23 23
23 77 23
23 106 23
23 70 23
23 117 23
23 108 23
23 115 23
23 35 23
23 109 23
23 30 23
23 96 23
23 94 23
23 49 23
23 122 23
23 82 23
23 127 23
13 23 23
23 50 23
23 105 23
23 92 23
23 56 23
23 26 23
23 43 23
23 73 23
23 29 23
23 71 23
23 80 23
23 76 23
22 110 110
87 110 110
60 110 110
11 110 110
36 110 110
107 110 110
10 110 110
66 110 110
110 124 110
100 110 110
69 110 110
33 110 110
110 118 110
58 110 110
110 113 110
81 110 110
48 110 110
31 110 110
65 110 110
34 110 110
8 110 110
91 110 110
38 110 110
40 110 110
45 110 110
19 110 110
6 110 110
68 110 110
110 116 110
84 110 110
28 110 110
47 110 110
57 110 110
78 110 110
7 110 110
77 110 110
106 110 110
70 110 110
110 117 110
108 110 110
110 115 110
21 110 110
109 110 110
30 110 110
96 110 110
94 110 110
49 110 110
110 122 110
82 110 110
110 127 110
13 110 110
50 110 110
105 110 110
92 110 110
110 119 110
26 110 110
43 110 110
73 110 110
24 110 110
71 110 110
9 110 110
22 120 120
87 120 120
60 120 120
11 120 120
36 120 120
107 120 120
10 120 120
66 120 120
120 124 120
100 120 120
64 120 120
33 120 120
118 120 120
58 120 120
113 120 120
81 120 120
48 120 120
31 120 120
65 120 120
34 120 120
8 120 120
91 120 120
38 120 120
40 120 120
45 120 120
19 120 120
6 120 120
68 120 120
116 120 120
84 120 120
28 120 120
47 120 120
57 120 120
78 120 120
7 120 120
77 120 120
106 120 120
70 120 120
117 120 120
108 120 120
93 120 120
21 120 120
109 120 120
30 120 120
96 120 120
94 120 120
49 120 120
120 122 120
82 120 120
120 127 120
13 120 120
50 120 120
105 120 120
44 120 120
119 120 120
26 120 120
43 120 120
29 120 120
24 120 120
102 120 120
14 22 14
14 87 14
14 60 14
11 14 14
14 36 14
14 107 14
10 14 14
14 66 14
14 124 14
14 95 14
14 64 14
14 33 14
14 118 14
14 58 14
14 113 14
14 81 14
14 48 14
14 31 14
14 65 14
14 34 14
8 14 14
14 91 14
14 38 14
14 40 14
14 45 14
14 19 14
6 14 14
14 68 14
14 116 14
14 84 14
14 28 14
14 47 14
14 57 14
14 78 14
7 14 14
14 77 14
14 106 14
14 70 14
14 117 14
14 35 14
14 93 14
14 21 14
14 109 14
14 30 14
14 96 14
14 94 14
14 49 14
14 122 14
14 82 14
14 127 14
13 14 14
14 50 14
14 56 14
14 44 14
14 119 14
14 26 14
14 73 14
14 29 14
14 80 14
22 90 90
87 90 90
60 90 90
11 90 90
36 90 90
90 107 90
10 90 90
66 90 90
69 90 90
90 95 90
64 90 90
33 90 90
90 118 90
58 90 90
90 113 90
81 90 90
48 90 90
31 90 90
65 90 90
34 90 90
8 90 90
90 91 90
38 90 90
40 90 90
45 90 90
19 90 90
6 90 90
68 90 90
90 116 90
84 90 90
28 90 90
47 90 90
57 90 90
78 90 90
7 90 90
77 90 90
90 106 90
70 90 90
90 115 90
35 90 90
90 93 90
21 90 90
90 109 90
30 90 90
90 96 90
90 94 90
49 90 90
90 122 90
82 90 90
90 127 90
13 90 90
90 92 90
56 90 90
44 90 90
90 119 90
43 90 90
73 90 90
71 90 90
22 51 51
51 87 51
51 60 51
11 51 51
36 51 51
51 107 51
10 51 51
51 100 51
51 69 51
51 95 51
51 64 51
33 51 51
51 118 51
51 58 51
51 113 51
51 81 51
48 51 51
31 51 51
51 65 51
34 51 51
8 51 51
51 91 51
38 51 51
40 51 51
45 51 51
19 51 51
6 51 51
51 68 51
51 116 51
51 84 51
28 51 51
47 51 51
51 57 51
51 78 51
7 51 51
51 77 51
51 106 51
51 108 51
51 115 51
35 51 51
51 93 51
21 51 51
51 109 51
30 51 51
51 96 51
51 94 51
49 51 51
51 122 51
51 82 51
51 127 51
51 105 51
51 92 51
51 56 51
44 51 51
26 51 51
43 51 51
24 51 51
22 76 76
76 87 76
60 76 76
11 76 76
36 76 76
76 107 76
76 124 76
76 100 76
69 76 76
76 95 76
64 76 76
33 76 76
76 118 76
58 76 76
76 113 76
76 81 76
48 76 76
31 76 76
65 76 76
34 76 76
8 76 76
76 91 76
38 76 76
40 76 76
45 76 76
19 76 76
6 76 76
68 76 76
76 116 76
76 84 76
28 76 76
47 76 76
57 76 76
76 78 76
7 76 76
76 77 76
76 117 76
76 108 76
76 115 76
35 76 76
76 93 76
21 76 76
76 109 76
30 76 76
76 96 76
76 94 76
49 76 76
76 122 76
76 82 76
50 76 76
76 105 76
76 92 76
56 76 76
76 119 76
26 76 76
29 76 76
9 22 9
9 87 9
9 60 9
9 11 9
9 36 9
9 66 9
9 124 9
9 100 9
9 69 9
9 95 9
9 64 9
9 33 9
9 118 9
9 58 9
9 113 9
9 81 9
9 48 9
9 31 9
9 65 9
9 34 9
8 9 9
9 91 9
9 38 9
9 40 9
9 45 9
9 19 9
6 9 9
9 68 9
9 116 9
9 84 9
9 28 9
9 47 9
9 57 9
9 78 9
7 9 9
9 70 9
9 117 9
9 108 9
9 115 9
9 35 9
9 93 9
9 21 9
9 109 9
9 30 9
9 96 9
9 94 9
9 49 9
9 122 9
9 13 9
9 50 9
9 105 9
9 92 9
9 44 9
9 119 9
9 73 9
22 102 102
87 102 102
60 102 102
11 102 102
10 102 102
66 102 102
102 124 102
100 102 102
69 102 102
95 102 102
64 102 102
33 102 102
102 118 102
58 102 102
102 113 102
81 102 102
48 102 102
31 102 102
65 102 102
34 102 102
8 102 102
91 102 102
38 102 102
40 102 102
45 102 102
19 102 102
6 102 102
68 102 102
102 116 102
84 102 102
28 102 102
47 102 102
57 102 102
78 102 102
102 106 102
70 102 102
102 117 102
102 108 102
102 115 102
35 102 102
93 102 102
21 102 102
102 109 102
30 102 102
96 102 102
94 102 102
49 102 102
102 127 102
13 102 102
50 102 102
102 105 102
56 102 102
44 102 102
43 102 102
22 80 80
80 87 80
60 80 80
80 107 80
10 80 80
66 80 80
80 124 80
80 100 80
69 80 80
80 95 80
64 80 80
33 80 80
80 118 80
58 80 80
80 113 80
80 81 80
48 80 80
31 80 80
65 80 80
34 80 80
8 80 80
80 91 80
38 80 80
40 80 80
45 80 80
19 80 80
6 80 80
68 80 80
80 116 80
80 84 80
28 80 80
47 80 80
57 80 80
77 80 80
80 106 80
70 80 80
80 117 80
80 108 80
80 115 80
35 80 80
80 93 80
21 80 80
80 109 80
30 80 80
80 96 80
80 94 80
80 82 80
80 127 80
13 80 80
50 80 80
80 92 80
56 80 80
26 80 80
22 71 71
71 87 71
36 71 71
71 107 71
10 71 71
66 71 71
71 124 71
71 100 71
69 71 71
71 95 71
64 71 71
33 71 71
71 118 71
58 71 71
71 113 71
71 81 71
48 71 71
31 71 71
65 71 71
34 71 71
8 71 71
71 91 71
38 71 71
40 71 71
45 71 71
19 71 71
6 71 71
68 71 71
71 116 71
71 84 71
28 71 71
47 71 71
7 71 71
71 77 71
71 106 71
70 71 71
71 117 71
71 108 71
71 115 71
35 71 71
71 93 71
21 71 71
71 109 71
30 71 71
71 96 71
71 122 71
71 82 71
71 127 71
13 71 71
71 105 71
71 92 71
71 119 71
22 24 24
11 24 24
24 36 24
24 107 24
10 24 24
24 66 24
24 124 24
24 100 24
24 69 24
24 95 24
24 64 24
24 33 24
24 118 24
24 58 24
24 113 24
24 81 24
24 48 24
24 31 24
24 65 24
24 34 24
8 24 24
24 91 24
24 38 24
24 40 24
24 45 24
19 24 24
6 24 24
24 68 24
24 116 24
24 84 24
24 28 24
24 78 24
7 24 24
24 77 24
24 106 24
24 70 24
24 117 24
24 108 24
24 115 24
24 35 24
24 93 24
21 24 24
24 109 24
24 30 24
24 49 24
24 122 24
24 82 24
24 127 24
24 50 24
24 105 24
24 44 24
29 60 29
11 29 29
29 36 29
29 107 29
10 29 29
29 66 29
29 124 29
29 100 29
29 69 29
29 95 29
29 64 29
29 33 29
29 118 29
29 58 29
29 113 29
29 81 29
29 48 29
29 31 29
29 65 29
29 34 29
8 29 29
29 91 29
29 38 29
29 40 29
29 45 29
19 29 29
6 29 29
29 68 29
29 116 29
29 84 29
29 57 29
29 78 29
7 29 29
29 77 29
29 106 29
29 70 29
29 117 29
29 108 29
29 115 29
29 35 29
29 93 29
21 29 29
29 109 29
29 94 29
29 49 29
29 122 29
29 82 29
13 29 29
29 50 29
29 56 29
73 87 73
60 73 73
11 73 73
36 73 73
73 107 73
10 73 73
66 73 73
73 124 73
73 100 73
69 73 73
73 95 73
64 73 73
33 73 73
73 118 73
58 73 73
73 113 73
73 81 73
48 73 73
31 73 73
65 73 73
34 73 73
8 73 73
73 91 73
38 73 73
40 73 73
45 73 73
19 73 73
6 73 73
68 73 73
73 116 73
47 73 73
57 73 73
73 78 73
7 73 73
73 77 73
73 106 73
70 73 73
73 117 73
73 108 73
73 115 73
35 73 73
73 93 73
21 73 73
73 96 73
73 94 73
49 73 73
73 122 73
73 127 73
13 73 73
73 92 73
22 43 43
43 87 43
43 60 43
11 43 43
36 43 43
43 107 43
10 43 43
43 66 43
43 124 43
43 100 43
43 69 43
43 95 43
43 64 43
33 43 43
43 118 43
43 58 43
43 113 43
43 81 43
43 48 43
31 43 43
43 65 43
34 43 43
8 43 43
43 91 43
38 43 43
40 43 43
43 45 43
19 43 43
6 43 43
43 68 43
28 43 43
43 47 43
43 57 43
43 78 43
7 43 43
43 77 43
43 106 43
43 70 43
43 117 43
43 108 43
43 115 43
35 43 43
43 93 43
30 43 43
43 96 43
43 94 43
43 49 43
43 82 43
43 127 43
43 105 43
22 26 26
26 87 26
26 60 26
11 26 26
26 36 26
26 107 26
10 26 26
26 66 26
26 124 26
26 100 26
26 69 26
26 95 26
26 64 26
26 33 26
26 118 26
26 58 26
26 113 26
26 81 26
26 48 26
26 31 26
26 65 26
26 34 26
8 26 26
26 91 26
26 38 26
26 40 26
26 45 26
19 26 26
6 26 26
26 84 26
26 28 26
26 47 26
26 57 26
26 78 26
7 26 26
26 77 26
26 106 26
26 70 26
26 117 26
26 108 26
26 115 26
26 35 26
26 109 26
26 30 26
26 96 26
26 94 26
26 122 26
26 82 26
26 50 26
22 119 119
87 119 119
60 119 119
11 119 119
36 119 119
107 119 119
10 119 119
66 119 119
119 124 119
100 119 119
69 119 119
95 119 119
64 119 119
33 119 119
118 119 119
58 119 119
113 119 119
81 119 119
48 119 119
31 119 119
65 119 119
34 119 119
8 119 119
91 119 119
38 119 119
40 119 119
45 119 119
19 119 119
116 119 119
84 119 119
28 119 119
47 119 119
57 119 119
78 119 119
7 119 119
77 119 119
106 119 119
70 119 119
117 119 119
108 119 119
115 119 119
21 119 119
109 119 119
30 119 119
96 119 119
49 119 119
119 122 119
13 119 119
22 44 44
44 87 44
44 60 44
11 44 44
36 44 44
44 107 44
10 44 44
44 66 44
44 124 44
44 100 44
44 69 44
44 95 44
44 64 44
33 44 44
44 118 44
44 58 44
44 113 44
44 81 44
44 48 44
31 44 44
44 65 44
34 44 44
8 44 44
44 91 44
38 44 44
40 44 44
44 45 44
44 68 44
44 116 44
44 84 44
28 44 44
44 47 44
44 57 44
44 78 44
7 44 44
44 77 44
44 106 44
44 70 44
44 117 44
44 108 44
44 93 44
21 44 44
44 109 44
30 44 44
44 94 44
44 49 44
44 127 44
22 56 56
56 87 56
56 60 56
11 56 56
36 56 56
56 107 56
10 56 56
56 66 56
56 124 56
56 100 56
56 69 56
56 95 56
56 64 56
33 56 56
56 118 56
56 58 56
56 113 56
56 81 56
48 56 56
31 56 56
56 65 56
34 56 56
8 56 56
56 91 56
38 56 56
40 56 56
6 56 56
56 68 56
56 116 56
56 84 56
28 56 56
47 56 56
56 57 56
56 78 56
7 56 56
56 77 56
56 106 56
56 70 56
56 117 56
35 56 56
56 93 56
21 56 56
56 109 56
56 96 56
56 94 56
56 82 56
22 92 92
87 92 92
60 92 92
11 92 92
36 92 92
92 107 92
10 92 92
66 92 92
92 124 92
92 100 92
69 92 92
92 95 92
64 92 92
33 92 92
92 118 92
58 92 92
92 113 92
81 92 92
48 92 92
31 92 92
65 92 92
34 92 92
8 92 92
91 92 92
38 92 92
19 92 92
6 92 92
68 92 92
92 116 92
84 92 92
28 92 92
47 92 92
57 92 92
78 92 92
7 92 92
77 92 92
92 106 92
70 92 92
92 115 92
35 92 92
92 93 92
21 92 92
30 92 92
92 96 92
92 122 92
22 105 105
87 105 105
60 105 105
11 105 105
36 105 105
105 107 105
10 105 105
66 105 105
105 124 105
100 105 105
69 105 105
95 105 105
64 105 105
33 105 105
105 118 105
58 105 105
105 113 105
81 105 105
48 105 105
31 105 105
65 105 105
34 105 105
8 105 105
91 105 105
45 105 105
19 105 105
6 105 105
68 105 105
105 116 105
84 105 105
28 105 105
47 105 105
57 105 105
78 105 105
7 105 105
77 105 105
105 106 105
105 108 105
105 115 105
35 105 105
93 105 105
105 109 105
30 105 105
49 105 105
22 50 50
50 87 50
50 60 50
11 50 50
36 50 50
50 107 50
10 50 50
50 66 50
50 124 50
50 100 50
50 69 50
50 95 50
50 64 50
33 50 50
50 118 50
50 58 50
50 113 50
50 81 50
48 50 50
31 50 50
50 65 50
34 50 50
8 50 50
40 50 50
45 50 50
19 50 50
6 50 50
50 68 50
50 116 50
50 84 50
28 50 50
47 50 50
50 57 50
50 78 50
7 50 50
50 77 50
50 117 50
50 108 50
50 115 50
35 50 50
21 50 50
50 109 50
50 94 50
13 22 13
13 87 13
13 60 13
11 13 13
13 36 13
13 107 13
10 13 13
13 66 13
13 124 13
13 100 13
13 69 13
13 95 13
13 64 13
13 33 13
13 118 13
13 58 13
13 113 13
13 81 13
13 48 13
13 31 13
13 65 13
13 34 13
13 38 13
13 40 13
13 45 13
13 19 13
6 13 13
13 68 13
13 116 13
13 84 13
13 28 13
13 47 13
13 57 13
13 78 13
7 13 13
13 70 13
13 117 13
13 108 13
13 115 13
13 93 13
13 21 13
13 96 13
22 127 127
87 127 127
60 127 127
11 127 127
36 127 127
107 127 127
10 127 127
66 127 127
124 127 127
100 127 127
69 127 127
95 127 127
64 127 127
33 127 127
118 127 127
58 127 127
113 127 127
81 127 127
48 127 127
31 127 127
65 127 127
91 127 127
38 127 127
40 127 127
45 127 127
19 127 127
6 127 127
68 127 127
116 127 127
84 127 127
28 127 127
47 127 127
57 127 127
78 127 127
106 127 127
70 127 127
117 127 127
108 127 127
35 127 127
93 127 127
30 127 127
22 82 82
82 87 82
60 82 82
11 82 82
36 82 82
82 107 82
10 82 82
66 82 82
82 124 82
82 100 82
69 82 82
82 95 82
64 82 82
33 82 82
82 118 82
58 82 82
82 113 82
81 82 82
48 82 82
31 82 82
8 82 82
82 91 82
38 82 82
40 82 82
45 82 82
19 82 82
6 82 82
68 82 82
82 116 82
82 84 82
28 82 82
47 82 82
57 82 82
77 82 82
82 106 82
70 82 82
82 117 82
82 115 82
35 82 82
82 109 82
22 122 122
87 122 122
60 122 122
11 122 122
36 122 122
107 122 122
10 122 122
66 122 122
122 124 122
100 122 122
69 122 122
95 122 122
64 122 122
33 122 122
118 122 122
58 122 122
113 122 122
81 122 122
48 122 122
34 122 122
8 122 122
91 122 122
38 122 122
40 122 122
45 122 122
19 122 122
6 122 122
68 122 122
116 122 122
84 122 122
28 122 122
47 122 122
7 122 122
77 122 122
106 122 122
70 122 122
108 122 122
115 122 122
21 122 122
22 49 49
49 87 49
49 60 49
11 49 49
36 49 49
49 107 49
10 49 49
49 66 49
49 124 49
49 100 49
49 69 49
49 95 49
49 64 49
33 49 49
49 118 49
49 58 49
49 113 49
49 81 49
49 65 49
34 49 49
8 49 49
49 91 49
38 49 49
40 49 49
45 49 49
19 49 49
6 49 49
49 68 49
49 116 49
49 84 49
28 49 49
49 78 49
7 49 49
49 77 49
49 106 49
49 117 49
49 108 49
49 93 49
22 94 94
87 94 94
60 94 94
11 94 94
36 94 94
94 107 94
10 94 94
66 94 94
94 124 94
94 100 94
69 94 94
94 95 94
64 94 94
33 94 94
94 118 94
58 94 94
94 113 94
31 94 94
65 94 94
34 94 94
8 94 94
91 94 94
38 94 94
40 94 94
45 94 94
19 94 94
6 94 94
68 94 94
94 116 94
84 94 94
57 94 94
78 94 94
7 94 94
77 94 94
70 94 94
94 117 94
35 94 94
22 96 96
87 96 96
60 96 96
11 96 96
36 96 96
96 107 96
10 96 96
66 96 96
96 124 96
96 100 96
69 96 96
95 96 96
64 96 96
33 96 96
96 118 96
58 96 96
48 96 96
31 96 96
65 96 96
34 96 96
8 96 96
91 96 96
38 96 96
40 96 96
45 96 96
19 96 96
6 96 96
68 96 96
96 116 96
47 96 96
57 96 96
78 96 96
7 96 96
96 106 96
70 96 96
96 115 96
22 30 30
30 87 30
30 60 30
11 30 30
30 36 30
30 107 30
10 30 30
30 66 30
30 124 30
30 100 30
30 69 30
30 95 30
30 64 30
30 33 30
30 118 30
30 81 30
30 48 30
30 31 30
30 65 30
30 34 30
8 30 30
30 91 30
30 38 30
30 40 30
30 45 30
19 30 30
6 30 30
30 68 30
28 30 30
30 47 30
30 57 30
30 78 30
30 77 30
30 106 30
30 108 30
22 109 109
87 109 109
60 109 109
11 109 109
36 109 109
107 109 109
10 109 109
66 109 109
109 124 109
100 109 109
69 109 109
95 109 109
64 109 109
33 109 109
109 113 109
81 109 109
48 109 109
31 109 109
65 109 109
34 109 109
8 109 109
91 109 109
38 109 109
40 109 109
45 109 109
19 109 109
6 109 109
84 109 109
28 109 109
47 109 109
57 109 109
7 109 109
77 109 109
109 117 109
21 22 21
21 87 21
21 60 21
11 21 21
21 36 21
21 107 21
10 21 21
21 66 21
21 124 21
21 100 21
21 69 21
21 95 21
21 64 21
21 58 21
21 113 21
21 81 21
21 48 21
21 31 21
21 65 21
21 34 21
8 21 21
21 91 21
21 38 21
21 40 21
21 45 21
19 21 21
21 116 21
21 84 21
21 28 21
21 47 21
21 78 21
7 21 21
21 70 21
22 93 93
87 93 93
60 93 93
11 93 93
36 93 93
93 107 93
10 93 93
66 93 93
93 124 93
93 100 93
69 93 93
93 95 93
93 118 93
58 93 93
93 113 93
81 93 93
48 93 93
31 93 93
65 93 93
34 93 93
8 93 93
91 93 93
38 93 93
40 93 93
45 93 93
68 93 93
93 116 93
84 93 93
28 93 93
57 93 93
78 93 93
93 106 93
22 35 35
35 87 35
35 60 35
11 35 35
35 36 35
35 107 35
10 35 35
35 66 35
35 124 35
35 100 35
35 69 35
33 35 35
35 118 35
35 58 35
35 113 35
35 81 35
35 48 35
31 35 35
35 65 35
34 35 35
8 35 35
35 91 35
35 38 35
35 40 35
6 35 35
35 68 35
35 116 35
35 84 35
35 47 35
35 57 35
35 77 35
22 115 115
87 115 115
60 115 115
11 115 115
36 115 115
107 115 115
10 115 115
66 115 115
115 124 115
100 115 115
64 115 115
33 115 115
115 118 115
58 115 115
113 115 115
81 115 115
48 115 115
31 115 115
65 115 115
34 115 115
8 115 115
91 115 115
38 115 115
19 115 115
6 115 115
68 115 115
115 116 115
28 115 115
47 115 115
7 115 115
22 108 108
87 108 108
60 108 108
11 108 108
36 108 108
107 108 108
10 108 108
66 108 108
108 124 108
95 108 108
64 108 108
33 108 108
108 118 108
58 108 108
108 113 108
81 108 108
48 108 108
31 108 108
65 108 108
34 108 108
8 108 108
91 108 108
45 108 108
19 108 108
6 108 108
68 108 108
84 108 108
28 108 108
78 108 108
22 117 117
87 117 117
60 117 117
11 117 117
36 117 117
107 117 117
10 117 117
66 117 117
69 117 117
95 117 117
64 117 117
33 117 117
117 118 117
58 117 117
113 117 117
81 117 117
48 117 117
31 117 117
65 117 117
34 117 117
8 117 117
40 117 117
45 117 117
19 117 117
6 117 117
116 117 117
84 117 117
57 117 117
22 70 70
70 87 70
60 70 70
11 70 70
36 70 70
70 107 70
10 70 70
70 100 70
69 70 70
70 95 70
64 70 70
33 70 70
70 118 70
58 70 70
70 113 70
70 81 70
48 70 70
31 70 70
65 70 70
34 70 70
38 70 70
40 70 70
45 70 70
19 70 70
68 70 70
70 116 70
47 70 70
22 106 106
87 106 106
60 106 106
11 106 106
36 106 106
106 107 106
106 124 106
100 106 106
69 106 106
95 106 106
64 106 106
33 106 106
106 118 106
58 106 106
106 113 106
81 106 106
48 106 106
31 106 106
65 106 106
91 106 106
38 106 106
40 106 106
45 106 106
6 106 106
68 106 106
28 106 106
22 77 77
77 87 77
60 77 77
11 77 77
36 77 77
66 77 77
77 124 77
77 100 77
69 77 77
77 95 77
64 77 77
33 77 77
77 118 77
58 77 77
77 113 77
77 81 77
48 77 77
31 77 77
8 77 77
77 91 77
38 77 77
40 77 77
19 77 77
6 77 77
77 84 77
7 22 7
7 87 7
7 60 7
7 11 7
7 10 7
7 66 7
7 124 7
7 100 7
7 69 7
7 95 7
7 64 7
7 33 7
7 118 7
7 58 7
7 113 7
7 81 7
7 48 7
7 34 7
7 8 7
7 91 7
7 38 7
7 45 7
7 19 7
7 116 7
22 78 78
78 87 78
60 78 78
78 107 78
10 78 78
66 78 78
78 124 78
78 100 78
69 78 78
78 95 78
64 78 78
33 78 78
78 118 78
58 78 78
78 113 78
78 81 78
65 78 78
34 78 78
8 78 78
78 91 78
40 78 78
45 78 78
68 78 78
22 57 57
57 87 57
36 57 57
57 107 57
10 57 57
57 66 57
57 124 57
57 100 57
57 69 57
57 95 57
57 64 57
33 57 57
57 118 57
57 58 57
57 113 57
31 57 57
57 65 57
34 57 57
8 57 57
38 57 57
40 57 57
6 57 57
22 47 47
11 47 47
36 47 47
47 107 47
10 47 47
47 66 47
47 124 47
47 100 47
47 69 47
47 95 47
47 64 47
33 47 47
47 118 47
47 58 47
47 48 47
31 47 47
47 65 47
34 47 47
47 91 47
38 47 47
19 47 47
28 60 28
11 28 28
28 36 28
28 107 28
10 28 28
28 66 28
28 124 28
28 100 28
28 69 28
28 95 28
28 64 28
28 33 28
28 118 28
28 81 28
28 48 28
28 31 28
28 65 28
8 28 28
28 91 28
28 45 28
84 87 84
60 84 84
11 84 84
36 84 84
84 107 84
10 84 84
66 84 84
84 124 84
84 100 84
69 84 84
84 95 84
64 84 84
33 84 84
84 113 84
81 84 84
48 84 84
31 84 84
34 84 84
8 84 84
40 84 84
22 116 116
87 116 116
60 116 116
11 116 116
36 116 116
107 116 116
10 116 116
66 116 116
116 124 116
100 116 116
69 116 116
95 116 116
64 116 116
58 116 116
113 116 116
81 116 116
48 116 116
65 116 116
34 116 116
38 116 116
22 68 68
68 87 68
60 68 68
11 68 68
36 68 68
68 107 68
10 68 68
66 68 68
68 124 68
68 100 68
68 69 68
68 95 68
68 118 68
58 68 68
68 113 68
68 81 68
31 68 68
65 68 68
68 91 68
6 22 6
6 87 6
6 60 6
6 11 6
6 36 6
6 107 6
6 10 6
6 66 6
6 124 6
6 100 6
6 69 6
6 33 6
6 118 6
6 58 6
6 113 6
6 48 6
6 31 6
6 8 6
19 22 19
19 87 19
19 60 19
11 19 19
19 36 19
19 107 19
10 19 19
19 66 19
19 124 19
19 100 19
19 64 19
19 33 19
19 118 19
19 58 19
19 81 19
19 48 19
19 34 19
22 45 45
45 87 45
45 60 45
11 45 45
36 45 45
45 107 45
10 45 45
45 66 45
45 124 45
45 95 45
45 64 45
33 45 45
45 118 45
45 113 45
45 81 45
45 65 45
22 40 40
40 87 40
40 60 40
11 40 40
36 40 40
40 107 40
10 40 40
40 66 40
40 69 40
40 95 40
40 64 40
33 40 40
40 58 40
40 113 40
31 40 40
22 38 38
38 87 38
38 60 38
11 38 38
36 38 38
38 107 38
10 38 38
38 100 38
38 69 38
38 95 38
38 64 38
38 118 38
38 58 38
38 48 38
22 91 91
87 91 91
60 91 91
11 91 91
36 91 91
91 107 91
91 124 91
91 100 91
69 91 91
91 95 91
33 91 91
91 118 91
81 91 91
8 22 8
8 87 8
8 60 8
8 11 8
8 36 8
8 66 8
8 124 8
8 100 8
8 69 8
8 64 8
8 33 8
8 113 8
22 34 34
34 87 34
34 60 34
11 34 34
10 34 34
34 66 34
34 124 34
34 100 34
34 95 34
34 64 34
34 58 34
22 65 65
65 87 65
60 65 65
65 107 65
10 65 65
65 66 65
65 124 65
65 69 65
65 95 65
65 118 65
22 31 31
31 87 31
31 36 31
31 107 31
10 31 31
31 66 31
31 100 31
31 69 31
31 33 31
22 48 48
11 48 48
36 48 48
48 107 48
10 48 48
48 124 48
48 100 48
48 64 48
60 81 81
11 81 81
36 81 81
81 107 81
66 81 81
81 124 81
81 95 81
87 113 113
60 113 113
11 113 113
36 113 113
10 113 113
66 113 113
69 113 113
22 58 58
58 87 58
58 60 58
11 58 58
58 107 58
10 58 58
58 100 58
22 118 118
87 118 118
60 118 118
36 118 118
107 118 118
118 124 118
22 33 33
33 87 33
11 33 33
33 36 33
33 66 33
22 64 64
60 64 64
11 64 64
10 64 64
87 95 95
60 95 95
95 107 95
22 69 69
69 87 69
36 69 69
22 100 100
11 100 100
60 124 124
66 87 66
10 22 10
