256 6463
74 85 28
76 233 254
5 198 235
57 224 4
29 254 254
34 117 117
51 249 4
56 240 1
112 118 1
120 190 235
21 42 1
7 103 27
14 101 50
109 184 1
99 135 178
71 129 27
58 198 198
35 56 1
55 186 186
1 182 1
96 149 235
66 212 148
42 127 235
137 182 27
27 226 27
81 233 112
55 155 28
78 132 1
1 227 1
43 216 254
60 100 84
67 103 1
39 61 235
231 250 84
126 239 28
23 137 28
107 245 1
82 237 1
49 235 235
16 197 27
39 81 1
29 56 1
43 112 112
70 184 1
14 78 1
111 241 27
37 163 27
22 176 235
61 253 27
116 146 1
104 229 1
4 206 4
178 235 235
99 192 1
101 120 1
69 235 235
74 235 235
16 236 1
19 27 27
21 155 1
81 249 1
72 254 254
61 71 27
221 234 4
51 147 84
31 200 1
84 197 84
153 177 1
100 195 1
77 180 4
10 100 28
218 238 50
132 202 1
170 207 28
176 253 253
101 130 50
41 224 27
119 240 1
56 161 1
136 226 214
114 208 1
12 199 1
217 235 235
61 73 1
78 198 28
197 235 235
79 142 253
144 169 1
54 204 1
28 209 1
65 190 235
23 60 28
28 137 28
54 233 1
138 254 254
36 91 235
6 172 178
5 45 235
145 192 132
61 155 27
20 169 1
73 158 158
24 229 235
86 107 1
6 27 27
121 187 148
147 254 1
74 221 28
18 223 1
49 99 27
51 57 4
36 78 235
241 256 84
12 81 112
13 193 148
148 240 148
1 87 1
15 27 27
138 186 1
145 191 1
147 197 147
133 253 253
49 96 4
18 40 18
146 187 148
33 185 27
6 237 140
180 255 28
170 255 214
75 201 27
128 235 235
40 95 1
47 96 4
5 114 235
52 88 1
245 252 1
5 243 235
47 230 4
17 251 4
128 211 214
33 135 48
113 115 1
128 138 1
52 124 235
14 145 94
92 191 140
114 239 214
129 232 129
91 212 1
33 251 27
133 199 253
40 94 50
128 241 214
8 62 4
31 96 1
115 170 4
1 139 1
12 213 1
28 247 28
5 210 1
106 142 106
46 131 1
97 173 113
196 235 235
31 112 112
100 235 235
11 108 28
183 214 214
61 145 1
158 227 1
8 106 4
33 62 27
26 151 235
16 25 1
201 211 27
65 253 253
1 48 1
71 251 27
25 32 1
27 59 27
136 179 84
11 74 28
26 127 26
124 178 178
25 28 1
184 193 148
11 91 28
50 187 1
69 116 116
143 227 48
133 163 4
29 99 1
34 241 186
90 93 1
83 115 235
12 15 1
1 146 1
38 99 1
24 158 1
64 245 1
116 189 235
68 181 176
30 120 27
130 209 50
148 254 254
119 255 235
110 218 50
90 199 1
4 96 4
109 214 214
162 227 1
93 176 1
83 142 235
52 149 149
77 122 253
116 127 235
148 224 1
93 159 1
30 171 1
51 221 84
96 129 27
28 173 1
57 213 27
58 126 28
131 211 147
162 190 1
76 255 1
242 248 248
122 181 176
173 252 148
1 103 1
15 118 1
4 91 4
17 216 1
171 226 1
174 198 1
84 127 235
177 235 235
144 209 94
16 116 27
44 74 4
115 185 253
13 176 1
234 253 253
120 187 1
105 145 1
17 207 4
180 252 1
246 255 27
21 162 1
67 126 1
61 254 1
1 108 1
112 204 112
1 246 1
38 193 254
97 243 1
1 100 1
4 147 4
182 186 27
36 85 235
75 106 176
47 183 198
99 235 235
9 131 131
152 188 27
154 172 235
58 255 255
85 97 1
136 183 214
70 111 1
149 234 235
1 51 1
88 95 148
14 216 1
37 71 27
99 143 48
109 111 27
2 23 1
19 200 235
50 185 1
102 141 235
146 230 1
20 212 148
80 236 1
22 54 149
98 202 4
100 181 4
142 149 235
32 66 148
207 232 27
56 223 1
103 152 152
81 124 1
35 40 50
99 250 27
84 119 235
100 184 1
165 193 167
209 244 1
46 133 1
1 26 1
59 159 1
213 246 27
118 150 70
17 90 1
62 160 4
94 98 1
102 107 1
1 75 1
22 253 235
67 112 254
21 43 112
158 162 40
27 47 27
83 166 149
19 153 1
49 245 253
75 108 4
28 197 28
56 70 1
136 255 214
47 118 1
109 224 186
24 119 149
45 225 1
113 254 254
4 230 4
47 198 198
214 219 1
152 205 1
96 229 4
148 225 148
39 57 235
10 115 4
2 150 1
18 25 50
4 179 4
5 142 235
80 220 1
40 171 50
15 232 27
96 159 1
98 246 27
60 84 84
67 227 1
11 169 177
1 15 1
179 239 84
27 243 27
197 214 214
153 248 1
171 200 1
31 111 1
35 100 1
147 206 28
37 74 27
162 208 1
25 248 50
93 118 1
67 160 1
163 237 27
1 191 1
64 82 112
25 125 1
144 190 1
81 192 1
37 45 45
27 64 1
15 230 4
47 235 235
14 239 1
19 83 235
181 218 1
46 162 1
7 37 45
119 134 1
34 187 1
51 211 84
28 117 28
140 204 1
20 171 1
122 151 27
176 230 4
45 129 45
15 213 27
51 255 84
1 256 1
34 162 1
8 217 27
133 243 253
10 74 116
6 215 152
167 212 148
80 178 1
46 228 1
95 183 1
34 91 186
247 251 4
187 194 1
41 211 27
29 244 1
33 89 1
61 124 61
211 249 4
131 239 214
74 78 116
156 171 1
178 215 178
88 121 148
40 158 40
34 224 117
224 232 27
50 219 50
34 128 214
27 196 27
8 75 4
249 255 4
27 45 27
56 236 1
37 88 1
207 209 1
128 163 214
150 215 1
2 111 1
73 207 1
233 248 1
138 150 1
185 210 1
153 227 1
116 120 116
103 121 1
97 148 148
124 166 235
124 186 27
75 176 176
125 206 27
5 57 235
121 253 1
134 164 164
80 95 1
4 194 4
34 226 186
133 255 4
103 161 1
64 147 1
117 193 1
1 245 1
33 151 48
29 43 112
152 171 1
19 249 4
49 229 4
19 118 1
69 120 78
104 223 1
61 237 140
96 246 27
27 177 27
27 172 27
1 27 1
201 235 235
64 253 1
50 192 50
2 209 2
32 227 1
21 84 1
1 41 1
37 235 235
197 219 1
53 252 1
221 235 235
43 120 1
22 166 149
24 137 235
86 159 1
53 110 1
55 183 186
7 184 1
11 69 28
17 156 1
1 38 1
50 256 1
144 145 94
111 205 1
25 195 50
16 203 1
63 172 178
105 117 186
132 151 1
47 226 198
190 235 235
57 134 1
89 173 66
32 210 148
178 234 27
102 171 1
68 234 234
150 199 1
101 236 1
62 245 253
68 182 27
95 100 1
81 256 1
149 244 149
11 49 4
197 255 186
54 249 235
163 186 186
23 27 27
7 182 45
188 253 253
49 185 253
85 248 1
73 130 50
87 197 4
58 100 186
184 216 254
28 172 27
115 243 253
174 232 1
111 196 48
143 190 235
5 62 235
47 214 214
108 250 250
92 143 48
47 123 198
25 220 1
9 197 197
31 138 112
80 122 1
46 200 1
28 78 28
5 26 235
47 176 4
23 146 1
168 208 1
49 256 4
74 102 235
13 97 148
73 139 1
72 101 1
21 112 112
134 201 1
120 153 1
46 166 1
42 60 27
136 247 214
97 252 148
56 87 1
140 206 27
164 214 1
74 190 235
34 42 27
206 228 1
81 216 254
59 68 176
15 108 4
28 69 28
107 223 107
84 123 84
166 177 235
105 125 27
103 163 27
23 70 1
52 83 149
59 172 27
47 252 1
99 243 27
36 154 235
181 182 27
224 247 117
15 57 4
107 135 1
79 83 235
11 204 1
78 225 1
11 125 27
88 113 187
87 231 4
119 135 235
38 89 254
35 80 1
99 191 140
2 219 2
78 174 1
1 200 1
146 240 95
36 127 149
73 171 50
72 187 148
130 215 1
143 165 1
1 11 1
13 45 1
87 161 1
33 184 1
31 252 254
20 232 1
183 219 1
99 233 1
64 138 112
34 47 198
10 25 1
94 189 1
51 213 27
208 228 228
133 202 4
79 221 4
231 249 4
244 253 235
190 236 1
136 141 214
10 209 1
155 170 28
49 137 4
140 254 1
44 253 253
96 190 235
131 256 84
112 217 1
69 220 206
19 147 147
5 244 235
118 131 1
103 191 140
96 171 1
11 68 4
208 236 228
85 137 84
27 188 27
113 169 1
84 117 84
158 206 1
52 123 235
94 183 1
36 220 235
4 75 4
13 254 254
73 163 1
131 162 1
27 133 27
147 163 147
133 166 235
22 202 235
61 241 27
163 174 1
32 252 148
121 166 1
156 167 167
70 106 1
40 109 1
106 232 27
66 233 254
167 178 1
217 222 27
89 134 1
11 177 177
194 241 28
5 154 235
191 197 27
250 256 84
36 235 235
62 133 253
88 97 187
47 207 28
30 168 235
97 169 1
32 146 95
47 163 198
220 225 1
107 248 1
1 142 1
29 248 1
229 230 229
62 235 235
168 189 235
6 9 27
3 182 1
17 89 1
61 143 48
203 210 113
68 127 235
141 224 186
20 165 95
62 199 253
39 49 235
13 96 1
131 241 186
70 221 1
21 67 254
10 253 4
84 231 84
112 155 1
80 223 1
170 183 214
211 224 117
2 175 2
30 71 27
237 246 27
245 246 27
56 242 1
103 203 1
30 39 235
14 132 94
154 192 1
16 97 1
140 178 140
225 254 254
6 99 196
9 43 1
90 193 1
119 183 235
14 210 1
86 161 1
33 178 48
199 235 235
198 239 214
135 151 178
69 213 27
57 229 4
4 226 4
211 255 186
57 181 4
168 248 1
84 211 84
201 239 27
78 149 235
93 124 1
18 145 50
46 187 187
113 187 187
124 237 140
33 111 33
103 177 27
11 78 28
54 135 235
71 237 27
118 139 1
50 175 50
4 141 4
124 235 235
10 168 235
10 224 28
123 195 1
28 179 28
55 105 186
27 128 27
181 245 253
33 160 27
1 88 1
56 61 1
151 213 152
5 122 235
1 124 1
1 228 1
126 194 28
14 139 1
148 175 1
14 167 1
95 148 148
93 203 1
166 231 235
165 238 1
12 225 254
1 147 1
12 254 254
35 235 1
136 214 214
43 85 1
65 222 253
117 200 235
38 112 112
31 80 1
9 114 147
30 57 27
27 131 27
77 199 199
90 162 50
59 106 106
99 155 27
7 254 1
22 53 1
197 224 147
182 209 1
98 248 1
46 66 66
1 159 1
205 247 1
136 235 235
1 193 1
109 170 214
233 246 1
44 102 235
149 249 235
7 105 27
135 196 178
19 224 117
170 178 27
87 232 27
71 81 1
105 136 214
135 222 27
191 235 235
63 213 152
136 186 214
8 39 235
41 198 27
27 146 1
30 212 1
1 179 1
69 159 1
16 79 27
6 227 227
57 196 27
117 136 214
150 164 164
96 187 1
102 244 244
73 134 1
145 241 1
96 136 4
146 165 95
92 227 227
113 185 1
121 159 148
28 85 28
53 79 1
52 102 52
61 152 152
142 215 27
68 122 176
130 240 1
137 217 27
72 94 1
21 153 81
81 193 254
81 156 254
11 161 1
44 59 176
184 250 1
118 134 134
3 57 1
33 200 235
58 187 1
70 164 164
144 161 1
14 195 2
26 235 235
24 38 1
232 246 45
32 103 1
32 244 1
100 241 186
23 116 28
91 171 1
95 194 1
46 121 148
16 172 178
134 162 1
110 209 50
19 74 28
203 212 148
65 243 253
37 213 27
37 42 45
200 253 235
137 221 84
87 125 27
104 198 1
67 120 1
124 154 235
201 227 152
7 235 235
109 141 109
85 207 28
149 235 235
33 123 27
108 243 4
69 169 28
65 191 27
113 228 1
160 215 27
1 81 1
135 187 1
2 162 50
74 214 28
83 168 26
33 143 143
51 225 1
180 229 4
131 244 235
49 204 1
21 216 254
73 92 1
101 253 1
34 35 1
133 237 27
27 141 27
1 115 1
109 198 198
64 137 1
106 182 27
71 243 27
41 42 45
3 86 164
11 219 1
89 113 66
1 187 1
24 246 235
47 239 214
166 214 235
1 226 1
21 143 1
57 90 1
47 105 198
91 92 27
41 90 1
1 164 1
2 82 1
126 129 27
215 227 152
95 212 148
4 109 4
44 106 176
14 112 1
59 181 176
32 52 1
66 203 66
111 124 48
1 156 1
101 212 1
55 108 84
120 134 1
152 241 27
91 235 235
53 134 134
93 190 1
117 242 1
85 221 85
39 83 149
83 190 235
155 190 235
135 144 1
70 92 1
111 235 235
19 117 117
9 19 147
64 171 1
63 225 1
1 161 1
40 89 1
90 230 1
45 87 27
180 235 235
100 117 186
126 177 177
91 243 4
76 185 1
87 174 1
27 229 27
20 111 1
17 75 4
66 244 1
108 160 28
131 247 147
111 204 1
99 190 235
71 235 235
24 175 1
20 44 1
50 247 1
86 143 1
5 16 235
58 75 4
122 176 176
191 212 1
177 207 177
49 117 4
10 105 28
166 168 149
84 114 84
10 60 28
29 233 38
109 116 28
2 255 1
225 245 1
74 160 116
27 222 27
81 206 1
197 238 1
167 193 167
115 126 4
161 233 1
27 160 27
75 122 176
9 163 197
109 120 28
84 238 1
168 196 235
126 214 28
63 195 1
28 84 28
11 45 27
25 118 1
144 175 175
77 78 4
102 144 1
24 112 1
43 81 112
35 94 50
17 79 4
68 236 1
27 62 27
1 91 1
91 164 1
113 234 1
103 236 1
126 180 28
88 152 1
194 219 1
61 193 1
65 157 253
50 99 1
98 229 4
9 122 4
127 181 235
114 147 147
105 183 186
9 47 198
45 147 27
132 177 1
33 152 48
130 206 1
49 225 1
67 247 1
102 152 235
34 229 4
27 182 27
23 191 27
82 226 1
162 212 1
187 216 254
15 68 4
111 212 1
133 184 1
159 217 1
80 190 1
86 150 164
19 84 84
11 184 1
58 178 27
92 187 1
66 121 148
59 144 1
81 82 112
153 237 1
1 178 1
128 198 214
1 49 1
22 168 26
152 192 1
99 152 152
16 152 152
221 245 4
92 215 152
54 212 1
65 79 253
218 221 1
4 126 4
13 216 254
119 121 1
139 211 186
143 237 48
146 254 254
127 129 235
176 239 4
174 219 50
197 215 27
111 213 48
63 135 178
46 155 1
49 222 253
26 177 235
185 245 253
28 136 28
1 229 1
82 135 1
69 170 28
13 113 148
181 195 1
120 220 78
147 186 186
121 254 254
55 77 4
4 176 4
114 186 186
101 239 1
116 239 28
72 95 95
233 254 254
39 54 149
1 217 1
109 239 214
14 219 2
2 254 1
71 249 27
45 182 45
117 198 198
207 236 1
91 183 186
24 39 52
5 129 235
103 247 27
13 118 1
84 85 84
123 187 1
181 235 235
27 239 27
70 200 1
51 84 84
96 235 235
80 118 164
34 147 147
114 131 147
36 186 235
137 142 4
151 191 140
129 187 1
11 73 1
45 232 45
55 138 1
1 17 1
1 24 1
63 66 1
123 251 4
86 118 164
86 187 1
117 197 147
1 150 1
175 226 1
11 160 28
54 119 149
176 188 253
203 250 1
69 128 28
1 236 1
70 241 1
105 198 198
101 168 1
4 202 4
33 227 48
58 117 186
17 163 4
30 254 1
96 176 4
50 205 50
41 80 1
35 117 1
120 247 28
72 149 1
183 205 1
5 7 235
78 120 78
191 196 140
55 129 27
105 128 214
55 65 4
44 250 4
90 219 50
17 246 27
26 200 149
97 220 1
85 142 4
35 106 1
63 71 27
231 255 186
179 215 27
16 59 27
25 70 1
2 130 50
12 249 1
135 221 27
170 215 27
6 15 27
72 171 1
96 100 4
112 216 254
7 27 27
30 246 30
89 203 66
6 105 27
72 175 1
105 214 214
40 191 1
88 89 66
65 97 1
6 246 27
104 126 1
27 94 1
174 242 50
24 205 1
108 192 1
66 235 1
43 153 112
95 193 95
49 63 27
3 169 1
5 84 235
47 131 198
141 151 27
149 170 235
43 64 112
23 206 28
73 125 1
68 157 176
1 29 1
92 231 27
6 235 235
60 207 28
60 128 84
34 211 117
75 223 1
32 69 1
51 136 84
29 197 1
78 235 235
161 175 1
95 241 1
16 176 27
9 51 84
136 232 27
156 202 1
27 111 27
47 69 28
68 115 176
15 229 4
38 147 1
88 184 66
43 146 254
39 192 1
74 206 116
5 127 235
93 231 1
23 196 27
58 84 84
27 201 27
28 141 28
133 185 253
211 234 4
172 191 140
51 58 84
13 19 1
116 206 116
1 162 1
46 152 1
22 158 1
127 148 1
33 144 1
227 239 27
13 67 254
29 33 1
174 179 1
104 158 50
163 247 147
7 30 45
4 170 4
6 103 103
25 171 50
20 156 95
32 156 167
27 51 27
20 201 1
9 239 214
9 169 28
100 105 186
5 192 1
41 231 27
66 112 254
90 172 1
83 228 1
34 111 27
98 214 4
51 193 1
25 143 1
97 187 187
152 227 152
1 121 1
71 103 27
61 151 152
50 188 1
148 187 148
62 185 253
179 221 84
20 225 225
95 217 1
140 201 140
71 120 27
199 242 1
4 127 235
92 177 27
59 157 106
73 101 18
92 151 151
4 235 235
4 251 4
136 180 28
103 196 196
117 233 1
33 124 48
235 253 235
34 85 84
63 97 1
1 37 1
32 209 1
49 62 253
34 192 1
199 251 4
98 222 253
100 126 28
16 166 235
17 217 27
6 61 152
96 163 4
138 153 112
250 252 1
4 15 4
28 255 28
49 86 1
240 252 148
28 96 4
124 215 152
160 235 235
58 112 1
101 128 1
51 182 27
66 193 148
64 89 254
142 189 235
82 159 254
199 253 253
12 53 1
89 125 1
87 215 27
27 194 27
71 128 27
58 164 1
1 222 1
25 67 1
122 152 27
5 151 235
36 209 1
1 189 1
183 224 186
188 211 4
122 147 4
229 255 4
78 206 78
45 241 27
115 181 176
104 196 1
156 243 1
15 18 1
5 241 235
69 198 28
91 141 109
149 225 1
97 254 254
25 218 50
181 185 253
27 34 27
1 89 1
74 150 1
21 39 1
14 94 94
40 164 1
112 153 112
1 31 1
22 189 235
217 241 27
95 112 254
4 79 4
91 100 139
28 120 28
3 55 1
94 140 1
87 225 1
27 166 235
137 256 84
96 239 4
104 255 1
163 168 235
148 196 1
189 209 1
5 232 235
106 208 1
109 225 1
8 78 4
61 80 1
55 112 1
161 217 1
52 145 1
161 208 161
94 223 1
37 239 27
11 116 28
31 120 1
107 109 1
204 254 254
180 207 28
100 136 214
89 186 1
151 215 152
23 202 4
28 93 1
114 163 147
31 134 1
34 220 28
222 234 253
240 254 254
42 244 235
116 164 1
69 207 28
13 112 254
137 215 27
211 241 186
113 204 254
8 27 27
72 201 1
114 202 4
103 235 235
186 229 4
51 253 4
106 233 1
94 122 1
183 185 4
12 201 1
32 177 1
76 77 1
174 224 1
69 206 206
17 57 87
141 213 27
89 200 1
39 225 1
207 230 4
116 252 1
68 251 4
72 165 167
78 176 4
53 86 164
98 188 98
83 237 235
30 238 1
132 223 1
157 172 27
9 134 1
164 180 1
94 101 50
21 41 1
156 186 1
4 222 4
100 202 4
3 140 1
66 95 148
22 117 235
143 230 27
58 180 28
90 242 50
185 253 253
79 176 253
12 153 112
128 224 214
111 201 48
18 158 18
194 240 1
50 218 50
66 86 1
80 204 1
141 235 235
100 250 84
127 149 149
45 140 27
196 213 152
84 235 235
53 221 1
1 80 1
1 157 1
16 139 27
163 255 186
73 218 218
42 136 27
33 139 27
159 249 1
94 132 94
105 240 1
137 149 235
161 223 161
152 182 27
234 245 253
18 238 50
154 208 1
178 186 27
11 30 27
71 152 27
65 82 1
69 85 28
29 36 1
70 224 1
4 84 4
59 92 27
25 172 1
29 126 1
62 163 4
20 72 95
140 172 140
140 196 140
41 217 41
52 119 149
6 213 152
13 81 254
106 215 27
18 134 1
91 193 1
191 193 1
54 200 149
1 77 1
6 157 27
3 242 1
105 224 186
19 61 27
24 170 235
66 180 1
205 232 1
74 236 1
188 222 253
74 152 27
60 155 28
148 203 148
222 245 253
62 123 4
148 184 148
28 233 1
70 159 1
111 135 48
33 201 48
2 143 1
134 168 1
51 194 28
114 190 235
128 147 214
6 80 1
74 110 1
10 194 116
162 175 50
38 183 1
7 189 235
130 242 50
230 245 4
197 251 4
34 89 1
57 194 4
46 59 1
3 80 164
83 118 1
73 250 1
243 249 4
17 228 1
8 126 4
52 71 235
50 94 50
156 225 95
41 129 45
23 210 1
105 115 4
1 177 1
15 194 4
101 158 18
8 67 1
90 176 1
188 245 253
43 94 1
213 235 235
19 214 214
84 109 84
161 228 161
25 238 50
77 243 253
148 168 1
122 155 4
47 95 1
13 115 1
123 230 4
11 28 28
226 239 214
59 67 1
68 118 1
67 169 1
128 214 214
93 188 1
80 179 1
17 205 1
157 238 1
178 236 1
4 72 1
40 73 40
26 159 1
150 202 1
121 237 1
67 215 1
206 220 206
36 195 1
88 158 1
30 35 1
67 104 1
101 218 218
17 56 1
27 155 27
139 141 109
27 223 1
121 151 1
82 221 1
27 28 27
178 201 178
108 137 137
5 50 1
26 166 149
41 78 27
6 201 152
44 122 176
45 179 27
4 163 4
38 233 38
137 168 235
199 238 1
89 141 1
187 254 254
55 231 186
44 234 176
25 242 50
55 188 4
133 209 1
186 198 198
117 202 4
105 226 186
4 165 1
65 98 253
4 27 27
116 180 116
100 106 4
60 216 1
100 247 186
69 177 28
145 219 2
203 216 254
118 248 1
199 208 1
167 254 254
153 254 254
116 130 1
23 248 1
61 104 1
52 197 235
92 135 178
9 223 1
40 103 1
131 136 214
154 179 235
54 104 1
11 235 235
22 70 1
186 211 186
80 209 1
8 23 4
27 75 27
200 244 52
33 191 48
84 137 84
152 174 1
1 61 1
173 226 1
20 81 254
141 177 28
157 179 4
45 181 27
95 240 95
157 177 4
47 255 198
135 202 27
1 36 1
100 123 186
132 200 1
97 136 1
75 87 4
143 235 235
178 217 27
16 33 48
53 84 1
54 209 1
10 205 1
43 67 254
93 104 1
172 213 178
191 232 27
1 223 1
193 254 254
67 203 254
157 234 176
229 254 1
72 76 254
39 154 235
48 237 48
4 39 235
16 248 1
48 63 48
39 252 1
48 172 48
18 171 50
6 136 27
43 200 1
53 177 1
101 233 1
48 213 48
3 183 1
98 108 4
56 228 1
61 137 27
75 111 27
2 31 1
70 195 1
123 235 235
28 131 28
136 170 239
125 139 27
19 34 34
148 210 148
170 177 28
10 116 116
25 232 1
46 216 254
136 221 84
94 145 94
3 40 1
5 27 235
133 256 4
213 237 140
24 28 235
30 45 45
2 167 1
64 173 254
62 130 1
84 196 27
86 201 1
193 240 95
191 231 27
10 101 1
71 188 27
72 219 1
104 141 1
114 150 1
47 197 198
62 210 1
151 152 152
27 84 27
27 214 27
1 249 1
24 126 235
50 158 50
83 170 235
1 110 1
1 94 1
9 160 28
17 20 1
1 66 1
182 195 1
3 245 1
5 68 235
8 191 27
141 242 1
14 175 94
18 63 1
156 193 167
64 233 112
37 244 235
121 137 1
87 249 4
47 211 198
35 171 50
120 168 235
248 251 1
216 249 1
115 157 106
77 159 1
27 79 27
27 256 27
154 190 190
169 191 27
203 231 1
65 205 1
88 134 1
18 60 1
20 148 148
10 50 1
54 67 1
107 200 1
38 246 1
104 156 1
80 199 1
17 138 1
19 96 4
111 252 1
41 45 45
41 182 45
139 236 1
142 239 4
135 152 178
56 215 1
41 62 27
13 88 148
5 252 1
205 229 1
1 186 1
13 192 1
28 74 28
23 176 4
27 213 27
15 133 4
83 123 235
13 223 1
70 76 1
231 239 214
230 249 4
59 132 1
20 42 1
17 159 1
124 187 1
129 219 1
103 178 178
2 7 1
30 216 1
41 165 1
31 153 112
162 192 50
61 177 27
132 160 1
16 61 152
38 138 112
84 221 84
47 100 198
28 163 28
66 135 1
7 98 27
74 101 1
126 169 126
154 235 235
56 164 1
61 99 152
66 67 254
4 44 4
42 152 27
189 235 235
210 248 1
31 216 254
13 243 1
184 235 1
44 98 253
122 130 1
20 80 1
38 120 1
50 237 1
96 184 1
169 238 1
41 180 27
82 170 1
69 88 1
30 128 27
11 142 4
11 109 28
107 204 1
1 69 1
92 197 27
171 238 174
1 232 1
87 159 1
96 198 4
27 60 27
16 235 235
151 189 235
4 134 1
192 221 1
220 231 28
4 99 27
171 174 174
127 168 26
13 203 148
204 251 1
135 146 1
126 170 28
81 195 1
190 217 235
176 181 176
184 254 254
115 248 1
56 167 1
45 149 235
24 56 1
35 239 1
142 245 253
193 224 1
18 192 50
5 54 235
36 104 1
135 140 140
138 144 1
70 232 1
70 144 1
172 227 178
34 123 186
139 214 214
172 226 27
123 255 123
155 226 28
21 122 1
27 65 27
3 164 164
124 152 152
116 224 28
52 127 149
91 136 214
124 196 152
46 89 66
63 217 27
1 18 1
170 200 235
29 242 1
40 132 50
42 116 27
59 235 235
102 191 235
243 245 253
82 254 254
108 165 1
80 164 164
123 256 84
143 178 48
35 120 1
103 135 178
89 122 1
161 244 1
24 244 244
33 57 27
34 114 117
85 243 4
81 209 1
35 200 1
139 180 28
101 238 50
41 203 1
10 160 116
5 71 235
4 55 4
84 224 84
145 190 1
80 109 1
156 227 1
44 60 4
136 159 1
111 215 48
82 213 1
49 65 253
230 248 1
137 249 4
9 68 4
43 231 1
136 173 1
2 107 1
80 148 1
71 124 27
116 138 1
94 172 1
138 181 1
25 104 50
189 230 235
60 121 1
54 244 149
69 194 116
55 226 186
105 186 186
136 241 214
33 140 48
116 162 1
24 147 235
211 235 235
48 152 48
5 51 235
175 209 94
137 179 137
107 121 1
83 198 235
141 231 231
151 237 140
123 224 186
105 247 186
67 216 216
4 207 4
56 200 1
160 162 1
114 251 4
177 205 1
5 214 235
119 150 1
114 117 117
27 57 27
103 256 27
130 158 50
35 47 1
49 79 253
184 212 148
143 252 1
16 124 152
37 132 1
6 207 27
32 56 1
99 227 227
47 231 198
12 121 254
135 247 27
159 173 159
49 171 1
65 71 27
179 256 84
94 226 1
108 181 4
8 170 4
13 40 1
33 39 235
129 160 27
121 124 1
4 65 4
34 158 1
76 200 1
88 210 187
20 203 148
118 252 1
235 237 235
165 256 1
207 235 235
27 117 27
27 241 27
32 122 1
8 100 4
143 172 48
195 242 50
10 83 235
84 183 84
12 32 254
14 199 1
75 156 1
9 147 147
115 228 1
74 129 27
57 186 4
12 113 254
55 78 28
204 225 254
112 169 1
3 251 1
39 133 235
26 130 1
134 236 1
20 200 1
170 235 235
65 75 253
9 198 198
97 186 1
194 235 235
226 248 1
16 254 1
71 157 27
16 135 178
162 230 1
8 135 27
4 59 4
2 14 2
144 180 1
42 201 27
247 249 4
60 108 84
4 10 4
11 36 235
34 252 1
137 200 235
99 206 27
48 235 235
136 139 214
106 228 1
170 208 1
230 256 4
9 27 27
58 131 186
48 145 1
70 82 1
201 253 27
64 181 1
77 185 222
6 167 1
114 177 28
154 189 189
148 214 1
231 235 235
1 148 1
31 91 1
13 240 148
23 241 28
81 175 1
130 174 50
17 197 4
74 171 1
27 108 27
140 230 27
120 189 235
114 138 1
48 177 27
12 76 254
86 125 1
104 218 50
52 69 235
157 247 4
23 28 28
10 159 1
103 172 178
183 226 186
114 198 198
70 240 1
63 124 152
27 185 27
82 172 1
29 38 38
38 134 1
34 198 198
100 141 109
99 215 152
17 27 27
101 164 1
214 255 214
147 202 4
9 58 186
17 150 1
212 240 148
119 186 235
53 70 53
120 254 1
88 114 1
63 130 1
31 179 1
24 54 149
143 209 1
52 79 235
116 241 28
5 179 235
168 206 235
41 251 27
6 81 1
34 142 4
123 229 4
58 241 186
135 191 140
80 86 80
84 214 84
48 140 48
169 193 1
29 84 1
147 211 147
75 142 176
80 134 164
235 244 235
129 238 1
92 99 196
209 232 1
85 120 28
169 240 1
26 119 26
17 87 87
82 146 254
48 148 1
67 147 1
36 102 52
4 245 4
16 237 140
57 154 235
25 101 50
67 122 1
183 220 28
2 75 1
173 235 1
37 87 27
93 101 1
214 235 235
129 177 27
156 212 148
207 231 28
82 112 112
11 206 28
1 86 1
68 193 1
1 68 1
114 218 1
50 238 50
187 228 1
63 140 140
152 190 235
73 187 1
20 62 1
57 208 1
11 39 235
150 159 1
139 185 4
32 72 167
88 182 1
72 121 148
31 147 1
207 210 1
152 166 235
5 87 235
62 98 62
87 175 1
34 127 235
7 227 27
154 239 235
229 251 4
46 72 148
135 154 235
34 180 28
24 122 235
89 158 1
9 117 147
57 62 4
24 168 149
56 256 1
31 81 112
27 233 1
1 220 1
168 200 149
218 249 1
189 190 189
1 62 1
59 62 253
84 185 4
107 249 1
182 217 45
14 172 1
122 196 27
46 184 66
18 101 18
62 251 4
33 196 48
46 234 1
215 250 27
163 246 27
77 198 4
8 234 4
72 167 167
63 191 140
168 215 235
34 83 235
158 159 1
131 207 28
9 256 84
92 243 27
25 36 1
150 224 1
159 187 187
13 184 148
2 86 1
212 222 1
10 114 28
205 218 50
224 255 186
189 211 235
145 248 50
42 78 27
44 252 1
124 251 27
18 173 1
8 230 4
141 147 186
76 203 254
79 238 1
1 30 1
66 210 66
151 166 235
109 247 186
11 207 177
56 180 1
63 152 152
241 255 186
85 127 235
193 249 1
117 212 1
1 250 1
52 249 235
30 183 27
9 41 27
142 214 4
119 137 235
59 66 1
27 87 27
49 125 27
145 201 1
86 223 1
38 82 38
188 235 235
123 210 1
27 114 27
147 235 235
84 113 1
30 54 235
108 221 84
43 217 1
52 193 1
53 56 1
39 53 1
55 235 235
38 204 38
124 161 1
215 235 235
180 220 116
19 32 1
61 213 152
103 107 1
142 202 4
1 95 1
17 202 87
65 245 253
92 196 196
134 212 1
17 91 4
123 177 28
157 197 4
172 199 27
51 177 28
32 45 1
48 150 1
15 235 235
164 194 1
157 235 235
29 204 38
128 229 4
29 246 1
14 182 1
106 181 176
69 108 28
186 255 186
28 160 28
7 213 27
16 67 1
27 135 27
235 247 235
90 154 1
110 174 174
68 245 253
112 148 254
105 202 4
139 232 27
113 247 1
101 162 18
11 37 27
27 115 27
64 125 1
91 131 186
67 186 1
153 210 254
58 214 214
103 124 152
32 191 1
103 140 140
105 158 1
42 223 1
114 128 214
194 226 28
235 241 235
165 187 148
55 128 214
27 78 27
1 190 1
28 155 28
89 135 1
21 64 112
131 181 4
4 57 4
23 246 27
162 218 218
55 199 4
66 165 148
95 211 1
124 222 27
81 83 1
3 6 1
43 233 112
41 235 235
46 116 1
54 121 1
34 157 4
93 235 1
117 224 117
82 256 1
137 223 1
50 130 50
55 84 84
35 111 1
185 208 1
2 80 1
72 205 1
105 111 27
155 166 235
22 154 235
90 148 1
93 151 1
211 229 4
186 235 235
127 165 1
27 215 27
5 182 235
69 137 28
60 176 4
7 198 27
63 178 178
4 47 4
184 253 1
178 248 1
79 222 253
240 248 1
35 206 1
155 156 1
48 110 1
16 191 140
1 215 1
3 194 1
30 42 45
11 224 28
75 173 1
42 220 27
83 154 235
102 162 1
159 165 148
198 214 214
47 215 27
166 244 52
1 183 1
76 151 1
16 99 152
49 188 253
131 140 27
103 243 27
148 152 1
39 148 1
34 112 1
6 33 48
163 226 186
173 210 113
62 173 1
43 147 1
113 238 1
170 198 214
61 121 1
41 70 1
30 88 1
13 34 1
98 253 253
62 65 253
136 166 235
155 185 4
7 110 1
41 209 1
24 114 235
56 170 1
48 161 1
127 247 235
92 158 1
159 222 1
1 171 1
4 125 27
1 72 1
50 210 1
175 233 1
216 254 254
72 225 95
79 124 27
26 236 1
23 58 28
32 240 95
202 235 235
119 127 127
44 207 4
26 66 1
100 244 235
72 123 1
133 195 1
1 22 1
21 108 1
127 164 1
171 179 1
59 234 176
4 58 4
27 129 27
10 155 28
57 139 4
43 230 1
32 180 1
27 66 1
67 200 1
15 75 4
215 226 27
226 247 186
1 93 1
105 142 4
127 172 235
189 199 235
84 164 1
69 175 1
204 219 1
42 120 27
192 220 1
7 45 45
42 165 1
19 114 117
12 56 1
36 200 52
67 153 254
97 184 66
18 50 50
33 237 48
45 83 235
12 182 1
61 215 152
10 128 28
6 86 1
169 245 4
185 235 235
96 249 4
14 250 1
8 145 1
109 126 28
56 248 1
139 190 235
74 169 28
5 43 1
84 226 84
168 244 149
1 39 1
40 195 50
110 130 50
81 254 254
57 252 1
168 235 235
71 126 27
54 168 149
193 229 1
19 196 27
76 81 254
186 241 186
84 146 1
208 224 1
27 255 27
176 224 4
100 147 186
37 217 30
61 239 27
29 138 112
18 58 1
88 252 148
1 239 1
116 193 1
71 229 27
198 224 198
197 207 28
37 250 27
1 82 1
139 231 109
6 140 140
29 31 38
116 194 116
37 254 1
21 82 112
2 244 1
126 155 126
5 104 1
1 7 1
181 234 176
228 242 1
31 136 1
65 102 235
99 196 196
34 214 214
38 67 254
7 204 1
202 207 4
235 246 235
214 243 4
126 128 28
255 256 84
8 240 1
56 58 1
36 245 235
19 222 4
29 223 1
60 247 84
126 250 28
186 226 186
211 247 117
186 214 214
103 237 140
66 148 148
122 189 235
171 221 1
106 115 106
120 180 116
3 25 1
145 160 1
190 244 235
124 143 48
94 219 2
47 199 4
154 200 235
40 123 1
19 65 4
50 75 1
17 185 4
123 198 198
36 39 36
1 129 1
113 118 1
45 125 45
118 132 1
64 153 112
64 187 254
93 180 1
122 222 253
136 193 1
110 176 1
137 163 84
127 249 235
27 77 27
129 164 1
100 226 109
27 123 27
107 137 1
159 203 113
7 125 7
1 63 1
150 176 1
10 203 1
79 145 1
31 217 1
86 248 1
99 225 1
1 107 1
128 132 1
73 89 1
87 179 4
170 256 84
215 237 140
56 88 1
27 116 27
111 137 27
51 74 28
164 229 1
35 138 1
99 237 140
70 150 70
108 201 27
146 180 1
38 43 112
104 110 110
1 194 1
98 131 4
155 217 27
104 200 1
20 127 1
131 224 147
161 163 1
164 235 1
116 197 28
143 150 1
132 182 1
136 203 1
39 181 235
207 221 28
193 255 1
22 149 149
124 198 27
150 241 1
76 196 1
148 156 148
1 199 1
130 211 1
25 112 1
4 5 235
4 181 4
46 113 113
65 216 1
40 245 1
42 252 1
21 148 254
130 232 1
154 157 235
160 176 4
36 244 52
208 233 1
10 220 206
67 254 254
137 175 1
194 250 28
16 179 27
70 202 1
165 173 148
45 184 1
80 150 164
104 238 174
94 117 1
3 216 1
138 151 1
13 211 1
64 131 1
23 203 1
54 235 235
51 219 1
100 222 4
52 54 149
1 71 1
186 221 84
165 225 95
132 195 2
106 157 106
48 96 27
69 161 1
1 3 1
190 218 1
111 248 1
114 254 1
32 165 165
27 170 27
80 208 1
31 156 254
31 204 38
136 227 27
106 176 176
17 172 27
106 200 235
30 147 27
107 219 1
39 99 235
31 169 1
27 125 27
114 211 117
5 111 235
5 123 235
108 179 137
74 120 116
21 130 1
34 218 1
124 151 152
18 213 1
151 218 1
186 248 1
45 213 27
6 135 178
131 232 27
58 155 28
235 255 235
95 225 95
124 227 152
80 187 1
66 79 1
51 108 84
7 232 7
91 223 1
19 150 1
1 98 1
39 244 52
131 215 27
30 68 27
48 199 27
62 176 253
124 181 27
51 179 84
1 197 1
34 170 214
9 186 186
104 130 50
116 181 4
10 108 28
99 194 27
154 195 1
65 200 235
173 184 66
129 130 1
220 235 235
139 226 109
1 160 1
138 225 254
131 237 27
167 237 1
128 139 214
57 244 235
35 238 50
6 16 152
47 256 84
145 226 1
5 52 235
44 162 1
160 206 116
89 252 148
92 179 27
104 179 1
50 159 1
64 90 1
115 214 4
53 164 164
63 167 1
22 203 1
140 228 1
10 169 28
119 182 235
14 33 1
26 102 149
169 235 235
151 172 178
14 211 1
111 140 48
191 219 1
96 219 1
30 140 27
223 234 1
55 136 214
36 146 1
105 235 235
19 70 1
16 30 27
134 154 1
55 196 27
27 221 27
27 200 235
226 241 186
63 235 235
196 215 152
207 217 27
197 204 1
44 243 253
30 81 1
49 203 1
21 31 112
121 141 1
163 207 28
51 124 27
41 186 27
7 61 27
21 81 81
95 233 254
36 114 235
73 111 1
1 97 1
16 249 27
214 223 1
120 161 1
101 209 50
120 173 1
59 115 59
116 220 116
52 114 235
13 71 1
78 241 28
89 95 148
23 198 28
168 190 235
71 169 27
136 206 28
29 216 254
16 185 27
177 202 4
1 243 1
106 119 235
48 206 27
157 218 1
127 245 235
217 237 27
42 235 235
83 244 149
107 114 1
39 74 235
104 201 1
23 126 126
179 224 84
1 50 1
105 109 186
23 231 28
1 135 1
127 170 235
152 207 27
23 207 177
86 192 1
118 228 1
75 96 4
18 216 1
91 123 186
176 190 235
5 245 235
26 90 1
26 124 235
63 208 1
71 178 27
50 117 1
135 198 27
57 96 4
38 118 1
48 181 27
99 133 27
32 249 1
24 166 52
48 136 27
133 188 253
7 222 27
158 238 50
32 35 1
28 180 28
53 147 1
15 124 27
119 129 235
187 212 148
165 240 95
3 50 1
159 191 1
1 209 1
83 109 235
45 79 27
76 97 254
65 133 253
7 71 27
179 211 84
111 210 1
28 235 235
56 72 1
170 239 239
27 147 27
45 99 27
115 245 253
154 164 1
70 237 1
106 110 1
140 222 27
33 105 27
110 111 1
133 200 235
2 138 1
1 105 1
36 196 235
93 228 228
4 67 1
3 229 1
190 230 235
84 101 1
26 154 235
1 204 1
65 199 253
23 169 169
2 57 1
43 218 1
52 125 235
55 147 186
80 100 1
206 245 4
22 127 127
11 242 1
1 5 1
69 123 28
141 232 27
128 247 214
133 164 1
92 213 152
186 192 1
5 235 235
62 178 27
85 230 4
90 212 1
111 227 48
40 228 1
29 206 1
200 215 235
129 235 235
12 232 1
48 215 48
20 76 254
55 255 186
23 205 1
112 254 254
8 125 27
119 210 1
61 227 152
117 207 28
107 131 1
57 245 4
102 154 235
89 254 254
180 226 28
50 145 50
1 127 1
48 49 27
27 41 27
33 172 48
91 179 84
105 170 214
31 61 1
46 143 1
39 102 52
172 205 1
1 130 1
52 166 52
53 145 1
57 202 202
37 182 45
142 234 176
4 255 4
117 239 214
37 83 235
67 98 1
95 167 95
86 202 1
93 150 1
105 217 27
90 175 50
26 168 26
46 85 1
86 252 1
102 105 235
154 168 235
152 237 140
63 145 1
58 197 186
50 101 50
27 199 27
153 166 1
55 90 1
130 195 50
178 232 27
71 84 27
47 59 4
27 202 27
121 173 148
17 220 4
84 216 1
166 213 235
31 67 254
1 206 1
117 253 4
1 233 1
217 232 45
28 200 235
24 102 244
84 147 84
166 171 1
60 85 85
227 233 1
55 247 186
190 215 235
199 221 4
109 186 186
147 248 1
165 235 1
27 169 27
198 234 4
84 240 1
107 224 1
35 162 50
27 181 27
87 144 1
133 158 1
1 109 1
99 207 27
54 83 149
1 20 1
54 102 149
18 199 1
30 255 27
144 213 1
84 239 84
239 249 4
60 241 84
115 117 4
32 137 1
192 247 1
52 84 235
71 217 27
141 241 186
27 198 27
163 184 1
108 251 4
206 211 28
176 214 4
169 176 4
59 165 1
89 185 1
145 229 1
16 200 235
6 111 48
82 141 1
158 210 1
34 84 84
23 32 1
18 94 50
226 231 231
72 218 1
1 196 1
123 139 186
178 213 178
28 122 4
12 106 1
88 189 1
105 231 186
55 141 186
171 185 1
117 247 117
89 249 1
24 42 235
60 211 84
10 235 235
79 141 4
29 158 1
24 206 235
23 71 27
239 256 84
109 256 84
1 151 1
125 198 27
177 248 1
83 149 149
45 98 27
123 199 4
102 231 235
50 149 1
44 176 176
19 157 4
71 247 27
66 153 254
22 225 1
52 87 235
122 234 176
22 26 26
71 182 27
111 143 143
150 236 1
131 157 4
99 179 27
56 231 1
99 166 235
225 229 1
62 93 1
1 192 1
41 246 30
68 244 235
72 212 148
8 96 4
120 194 116
96 169 4
4 66 1
28 224 28
99 198 27
108 220 28
92 178 178
12 66 254
64 140 1
116 214 28
44 112 1
121 225 148
4 116 4
122 235 235
121 148 148
48 202 27
160 180 160
84 162 1
115 253 253
52 255 235
130 252 1
58 109 186
196 227 227
112 202 1
115 234 176
72 241 1
66 185 1
1 235 1
51 55 84
28 206 28
122 183 4
67 183 1
30 108 27
16 62 27
41 151 27
9 59 4
86 219 1
23 87 4
76 176 1
185 199 222
1 21 1
78 88 1
50 242 50
174 238 174
32 167 167
30 235 235
225 250 1
4 133 4
61 77 27
21 61 1
2 170 1
86 164 164
12 29 29
17 247 4
1 70 1
124 207 27
5 168 235
21 158 1
34 233 1
37 224 27
150 185 1
39 113 1
4 77 4
220 236 1
89 210 66
11 236 1
131 163 197
9 107 1
85 181 4
46 240 148
86 134 164
146 252 148
100 170 214
16 253 27
92 172 178
90 171 50
36 194 235
152 208 1
1 79 1
136 182 27
135 177 27
1 126 1
46 150 1
28 97 1
40 90 50
198 235 235
183 186 186
38 42 1
114 207 28
165 182 1
43 180 1
94 144 94
135 155 27
163 253 4
72 99 1
4 186 4
71 187 1
25 254 1
1 214 1
207 220 28
11 172 27
102 184 1
29 154 1
33 61 48
242 246 1
90 248 50
12 43 112
124 171 1
50 121 1
38 97 254
15 249 4
122 253 253
24 30 235
173 212 148
165 220 1
192 209 132
10 139 28
35 103 1
167 236 1
48 125 27
65 182 27
84 128 84
156 184 148
42 229 27
107 119 1
157 176 176
52 245 235
140 235 235
4 180 4
55 214 214
37 124 27
85 235 235
155 251 4
8 61 27
82 218 1
158 228 1
34 235 235
79 156 1
162 256 1
239 255 214
13 25 1
25 253 1
27 143 27
183 239 214
44 88 1
150 231 1
46 169 1
50 245 1
128 194 28
146 148 148
61 140 140
192 194 1
4 128 4
111 164 1
100 256 84
54 166 149
1 208 1
3 118 53
48 71 27
39 72 1
94 198 1
10 24 235
8 31 1
90 243 1
77 190 235
4 139 4
49 243 253
27 231 27
163 218 1
7 129 7
202 249 4
152 256 27
9 28 28
143 151 48
3 184 1
43 199 1
90 118 1
42 226 27
1 212 1
127 234 235
54 182 235
51 73 1
167 240 95
21 140 1
166 235 235
33 138 1
118 244 1
58 61 27
56 91 1
125 232 7
53 213 1
133 229 4
159 237 1
200 247 235
111 172 48
177 222 4
4 243 4
33 252 1
46 203 113
119 209 1
14 23 1
143 198 27
185 251 4
1 132 1
88 203 187
61 63 152
67 166 1
13 121 148
152 172 178
44 142 176
98 120 4
117 163 147
192 244 1
185 222 222
1 205 1
39 166 166
1 2 1
159 252 148
28 126 28
22 102 149
1 168 1
176 245 253
61 201 152
57 118 1
170 172 27
97 120 1
103 207 27
62 79 253
208 237 1
1 33 1
11 250 28
15 248 1
19 199 4
56 104 1
131 192 1
4 9 4
85 102 235
5 237 235
64 112 112
8 122 4
148 173 148
181 197 4
55 170 214
140 143 48
49 199 253
165 205 1
82 120 1
55 253 4
20 41 1
198 249 4
4 63 27
54 109 235
1 248 1
116 147 28
101 121 1
13 146 148
147 198 198
182 192 1
14 161 1
156 252 148
6 92 6
14 136 1
89 197 1
35 205 35
6 151 151
146 215 1
5 79 235
50 209 50
220 230 4
193 223 1
71 122 27
140 237 140
3 53 53
8 249 4
131 147 147
61 172 178
8 17 4
103 213 152
99 109 27
7 133 27
58 115 4
71 147 27
122 250 4
23 235 235
34 102 235
34 189 235
106 159 1
237 253 27
18 189 1
183 255 255
14 209 94
75 82 1
16 215 152
122 142 106
6 144 1
89 219 1
214 239 214
73 174 50
206 215 27
22 83 26
111 254 1
46 255 1
156 174 1
76 254 254
7 81 1
99 151 196
105 139 186
36 45 235
107 124 1
109 218 1
110 226 1
49 253 253
16 234 27
36 84 235
172 215 178
18 52 1
112 132 1
7 136 27
28 112 1
48 201 48
43 204 112
98 171 1
51 250 84
167 168 1
193 234 1
44 57 4
145 245 1
27 230 27
50 144 50
135 172 178
142 201 27
39 137 235
235 250 235
36 166 36
121 162 1
147 177 28
15 79 4
14 223 1
64 146 254
44 45 27
73 195 50
8 180 4
19 51 84
44 80 1
32 162 1
42 125 125
47 147 198
21 38 112
70 118 70
16 92 152
230 252 1
170 186 214
5 36 235
173 182 1
28 54 235
91 226 109
116 126 28
71 85 27
9 224 147
88 218 1
64 216 254
134 216 1
43 182 1
163 205 1
28 177 28
58 139 186
32 33 1
29 168 1
74 250 28
128 201 27
27 106 27
140 191 140
78 220 78
129 200 235
26 210 1
27 100 27
113 177 1
165 217 1
170 197 214
27 33 27
121 243 1
127 200 149
47 57 4
148 165 148
13 46 148
130 244 1
38 121 254
33 45 27
45 124 27
135 179 27
81 186 1
53 184 1
94 192 94
1 237 1
129 241 27
50 104 50
63 174 1
13 215 1
90 142 1
155 157 4
95 146 95
13 148 148
19 38 1
76 112 254
71 177 27
32 121 148
229 235 235
179 227 27
128 249 4
98 174 1
65 77 253
51 117 84
167 232 1
176 232 27
60 256 84
125 194 27
45 238 1
114 115 4
230 243 4
91 231 109
24 121 1
9 249 4
121 252 148
173 211 1
126 139 28
16 231 27
180 206 116
240 245 1
176 229 4
186 236 1
228 236 228
125 182 45
75 94 1
71 255 27
139 198 198
158 171 50
114 165 1
128 197 214
126 181 4
84 105 84
141 214 214
8 196 27
1 244 1
76 216 254
68 247 4
27 134 1
140 165 1
51 247 84
186 197 186
60 131 84
27 183 27
1 28 1
156 181 1
82 153 112
23 177 177
42 249 27
19 205 1
91 95 1
120 144 1
1 119 1
1 53 1
55 239 214
245 251 4
46 195 1
1 134 1
101 216 1
2 169 1
28 109 28
74 207 28
50 156 1
107 185 1
17 160 4
129 217 45
183 206 28
15 52 235
131 255 186
69 166 235
20 252 148
154 181 235
71 246 27
30 155 27
54 127 149
191 227 140
20 115 1
114 170 214
4 249 4
33 92 48
52 168 149
46 159 113
27 124 27
225 239 1
27 237 27
76 179 1
61 198 27
175 250 1
117 118 1
23 155 155
213 215 152
185 246 27
63 115 27
28 60 28
50 118 1
3 225 1
40 161 1
30 67 1
72 252 148
19 136 214
113 203 113
206 213 27
159 180 1
1 154 1
113 222 1
31 64 112
202 215 27
10 91 28
15 61 27
53 80 164
76 88 254
13 141 1
188 206 4
36 149 149
46 210 210
10 90 1
65 235 235
108 254 1
134 225 1
2 20 1
84 247 84
113 148 148
103 200 235
126 220 28
79 236 1
4 241 4
28 58 28
101 219 50
175 205 50
66 209 1
163 221 84
143 215 48
107 228 107
142 157 106
71 114 27
16 150 1
40 206 1
162 169 1
159 254 254
75 235 235
115 119 235
107 159 1
202 222 4
165 254 254
27 103 27
4 192 1
35 44 1
66 187 66
1 67 1
45 235 235
22 88 1
207 249 4
101 115 1
5 255 235
87 184 1
143 191 48
55 58 186
36 59 235
178 237 140
55 100 186
166 200 52
148 159 148
19 43 1
12 96 1
92 246 27
201 237 140
122 199 253
101 237 1
56 150 1
23 255 28
142 232 27
20 240 95
143 196 48
48 141 27
47 182 27
90 94 50
94 186 1
91 214 214
4 74 4
177 240 1
16 63 16
19 163 147
5 24 235
1 113 1
4 90 1
128 131 214
25 108 1
180 247 28
199 224 4
11 27 27
100 239 214
4 185 4
43 242 1
181 205 1
83 241 235
42 156 1
69 192 1
106 170 4
239 241 214
182 213 27
4 157 4
47 186 198
15 62 4
89 97 66
39 149 149
63 92 152
86 243 1
120 127 235
181 188 253
141 255 186
40 102 1
59 75 176
88 212 148
45 246 45
113 126 1
9 247 147
129 182 45
28 62 4
35 140 1
38 229 1
121 195 1
23 185 4
53 162 1
143 156 1
4 23 4
120 192 1
186 207 28
48 191 48
112 233 112
57 188 4
4 229 4
77 80 1
23 133 4
86 182 1
11 164 1
141 154 235
189 191 235
235 249 235
28 183 28
75 243 253
77 253 253
101 195 50
138 216 254
167 247 1
30 113 1
181 252 1
163 227 27
2 56 1
101 183 1
2 67 1
81 112 112
14 144 94
231 241 186
117 226 186
141 183 186
27 37 27
28 167 1
235 239 235
17 235 235
8 150 1
8 36 235
18 251 1
62 250 4
35 49 1
136 146 1
26 129 235
226 251 4
116 149 235
97 209 1
15 179 4
47 84 84
108 236 1
27 142 27
25 92 1
62 189 235
103 112 1
1 128 1
90 104 50
116 177 28
83 120 235
4 68 4
1 56 1
197 211 147
95 179 1
22 109 235
27 122 27
47 114 198
28 214 28
7 42 7
16 71 27
12 112 112
20 216 254
19 128 214
35 248 248
59 155 4
5 157 235
102 207 235
175 219 2
174 248 50
4 8 4
115 211 4
1 122 1
68 249 4
79 98 253
4 85 4
210 212 148
148 232 1
37 133 27
140 151 140
162 163 1
130 171 50
84 256 84
158 252 1
97 121 148
172 208 1
7 14 1
93 138 1
122 126 4
16 238 1
73 192 50
230 251 4
90 117 1
121 212 148
45 148 1
63 64 1
60 105 84
131 242 1
101 144 50
21 223 1
14 37 1
106 187 1
90 220 1
26 189 235
97 156 148
34 131 147
123 183 123
63 205 1
9 158 1
15 58 4
1 19 1
142 181 176
30 119 235
98 157 253
4 198 4
190 238 1
78 155 28
78 186 28
41 74 27
87 230 4
32 95 95
30 205 1
129 246 45
130 219 50
42 240 1
1 240 1
182 232 45
1 43 1
9 193 1
148 212 148
118 164 164
23 83 235
112 178 1
15 107 1
12 187 254
29 82 38
200 242 1
114 136 214
96 251 251
117 131 147
149 168 149
52 200 52
8 86 1
9 29 1
14 100 1
32 113 148
51 109 84
19 145 1
64 144 1
1 120 1
192 203 1
31 38 38
21 238 1
24 98 235
20 193 95
183 228 1
31 235 1
50 132 50
72 203 148
78 160 116
13 165 148
27 251 27
11 249 4
80 128 1
4 69 4
192 195 2
54 149 149
34 94 1
62 182 27
154 256 235
17 229 4
4 34 4
4 197 4
2 192 2
1 102 1
121 188 1
1 32 1
221 256 84
74 180 116
80 244 1
87 112 1
120 239 28
107 161 107
84 255 84
184 236 1
85 179 84
12 198 1
90 147 1
208 225 1
150 223 1
118 149 1
211 214 214
4 253 4
71 137 27
9 16 27
106 184 1
24 113 1
241 242 1
114 256 84
28 231 28
27 49 27
101 241 1
26 52 149
30 232 45
34 251 4
169 196 27
186 239 214
1 23 1
13 225 148
56 132 1
173 218 1
56 143 1
13 95 148
163 199 4
30 70 1
47 86 1
75 226 4
123 253 4
72 80 1
59 197 4
90 91 1
95 165 95
154 169 235
157 222 253
76 187 254
202 236 1
4 115 4
63 200 235
125 207 27
96 126 4
1 175 1
93 223 93
10 186 28
198 211 198
34 239 214
246 248 1
70 89 1
121 216 254
59 122 106
43 254 254
13 213 1
23 180 28
21 97 254
159 205 1
75 224 4
29 136 1
169 256 28
172 201 178
16 111 48
50 162 50
29 40 1
135 239 27
25 99 1
71 239 27
83 186 235
30 220 27
173 254 254
105 178 27
1 216 1
9 90 1
175 192 94
93 107 107
1 116 1
132 143 1
8 151 27
108 131 84
34 247 117
167 252 148
4 108 4
72 139 1
9 203 1
27 247 27
15 80 1
63 201 201
66 159 66
62 246 27
47 241 198
77 151 27
39 77 235
44 129 27
19 180 28
1 83 1
16 64 1
20 254 254
56 234 1
114 175 1
26 95 1
46 252 148
18 230 1
178 196 178
110 145 50
108 214 84
25 94 50
90 205 50
148 167 148
91 110 1
41 125 45
76 240 254
83 196 235
27 140 27
92 235 235
33 48 48
167 251 1
23 29 1
164 236 1
112 250 1
39 98 235
74 92 27
4 220 4
1 76 1
69 185 4
114 135 27
94 134 1
56 107 1
120 206 78
5 132 1
141 250 84
173 231 1
30 182 45
44 201 27
82 173 254
22 119 119
117 183 186
1 47 1
99 111 48
67 95 254
13 66 148
42 232 7
147 209 1
194 212 1
64 110 1
158 176 1
116 184 1
39 235 235
76 214 1
43 118 1
111 146 1
1 234 1
15 115 4
131 235 235
24 177 235
124 249 27
104 250 1
130 238 50
1 65 1
99 125 27
193 231 1
10 256 28
13 161 1
40 49 1
31 126 1
78 221 28
160 238 1
69 118 1
61 196 152
35 110 50
64 208 1
86 246 1
240 244 1
85 160 28
20 107 1
159 184 66
60 179 84
239 247 214
28 250 28
19 105 186
160 194 116
106 156 1
165 232 1
4 17 4
198 251 4
89 180 1
26 104 1
26 238 1
168 169 235
91 198 198
7 130 1
158 167 1
75 133 253
194 253 4
152 235 235
166 190 235
91 220 28
58 91 186
192 219 2
97 113 113
82 204 38
104 168 1
50 195 50
74 123 28
1 84 1
151 196 196
14 197 1
40 144 50
199 234 253
40 50 50
167 191 1
67 148 254
76 113 254
115 127 235
209 231 1
54 248 1
64 103 1
20 182 1
25 182 1
38 146 254
52 175 1
130 145 50
4 209 1
174 221 1
117 235 235
19 36 235
11 223 1
19 57 4
129 165 1
14 205 50
90 174 50
221 247 84
7 114 27
85 256 84
243 253 253
143 152 48
90 158 50
66 89 66
73 131 1
143 170 27
132 209 132
195 254 1
55 92 27
124 201 152
21 233 112
11 23 177
25 130 50
122 246 27
29 176 1
111 151 48
61 235 235
1 35 1
16 252 1
62 253 253
32 212 148
46 88 187
39 213 235
51 122 4
119 231 235
9 241 186
166 176 235
168 239 235
205 228 1
35 62 1
172 237 140
50 73 50
86 129 1
77 235 235
58 59 4
97 210 113
78 233 1
144 250 1
184 218 1
3 150 53
152 215 152
154 206 235
74 256 28
68 176 176
32 91 1
27 127 235
11 126 177
194 223 1
56 210 1
198 241 198
48 124 48
1 207 1
224 256 84
84 250 84
27 30 27
42 75 27
135 215 178
4 183 4
146 161 1
5 119 235
21 100 1
99 100 27
169 231 28
67 89 254
91 224 186
41 71 27
23 90 1
161 246 1
222 235 235
51 103 27
20 32 95
55 133 4
66 240 148
170 247 214
137 235 235
67 152 1
1 253 1
86 214 1
95 157 1
140 150 1
62 203 1
19 47 198
104 105 1
84 179 84
224 235 235
9 182 27
21 226 1
244 248 1
239 254 1
11 101 1
154 197 235
89 132 1
17 68 4
62 204 1
181 244 235
71 240 1
38 50 1
169 233 1
77 181 253
137 222 4
59 220 4
74 140 27
67 155 1
135 178 178
4 239 4
179 235 235
101 246 1
225 248 1
55 132 1
23 211 28
28 207 28
51 198 84
59 133 253
137 155 28
28 139 28
124 177 27
52 132 1
141 236 1
117 211 117
60 152 27
30 123 27
55 114 186
20 228 1
84 186 84
66 149 1
161 209 1
1 104 1
38 116 1
41 132 1
132 162 50
223 236 228
169 236 1
50 90 50
9 170 214
4 159 1
36 52 52
11 15 4
173 187 187
184 246 1
221 250 84
115 122 106
138 221 1
150 175 1
1 231 1
86 95 1
41 89 1
33 211 27
52 235 235
196 217 27
152 234 27
94 184 1
76 138 254
63 69 27
61 247 27
31 43 112
11 230 4
126 141 28
51 246 27
151 170 27
57 87 87
165 234 1
62 69 4
128 221 84
200 235 235
154 177 235
138 238 1
115 235 235
128 164 1
77 79 253
22 39 149
6 232 27
76 225 254
163 239 214
100 163 186
215 225 1
76 173 254
63 99 152
180 194 116
47 139 198
227 237 140
69 109 28
57 126 4
47 220 28
235 251 235
51 127 235
77 150 1
131 182 27
205 242 248
46 246 1
124 135 178
191 213 140
31 140 1
13 242 1
176 185 253
214 247 214
45 197 27
88 119 1
75 120 4
65 238 1
229 243 4
99 172 178
164 176 1
109 197 186
145 195 2
2 50 50
24 90 1
4 78 4
1 13 1
103 180 27
128 256 84
132 191 1
148 247 1
104 143 1
32 205 1
23 204 1
36 60 235
26 61 235
44 132 1
62 145 1
196 208 1
145 175 94
12 233 38
125 217 45
17 98 4
188 195 1
16 217 27
27 92 27
74 116 116
142 225 1
141 230 4
27 178 27
76 145 1
38 212 254
123 170 214
81 135 1
1 78 1
164 169 1
1 210 1
71 125 27
39 248 1
58 123 123
81 203 254
15 142 4
19 89 1
42 182 45
205 253 1
146 225 146
120 177 28
89 126 1
143 213 48
1 57 1
21 46 254
60 221 85
31 76 254
70 134 134
71 194 27
131 200 235
99 124 152
4 70 1
4 98 4
1 170 1
154 166 235
8 235 235
27 220 27
77 127 235
25 90 50
132 134 1
126 211 28
125 147 27
93 236 228
119 168 26
181 184 1
153 162 1
195 219 195
11 256 28
117 186 186
216 229 1
18 41 1
57 230 4
8 15 4
182 235 235
204 223 1
34 136 214
57 93 1
86 217 1
22 197 235
27 250 27
34 217 27
117 214 214
33 213 48
93 161 161
87 176 4
71 231 27
214 220 28
105 234 4
247 250 84
116 160 116
162 226 1
93 237 1
12 64 112
18 90 50
1 64 1
118 197 1
66 188 1
69 160 116
37 63 27
46 148 148
84 112 1
14 166 1
92 100 27
22 161 1
24 245 235
170 194 28
170 231 214
69 78 78
146 159 148
48 122 27
51 85 84
15 212 1
4 73 1
88 173 187
127 219 1
217 248 1
94 120 1
56 208 1
76 193 254
111 167 1
61 112 1
10 217 27
19 172 27
166 238 1
1 251 1
13 72 148
37 223 1
155 172 27
46 157 1
1 52 1
193 252 148
52 186 235
18 218 218
16 27 27
113 173 113
94 195 2
83 204 1
197 218 1
55 131 186
19 29 1
113 210 113
214 241 214
80 217 1
60 170 84
235 256 235
16 201 201
145 240 1
171 198 1
112 209 1
38 143 1
49 181 253
24 253 235
9 242 1
165 212 148
172 246 27
15 236 1
194 201 27
62 127 235
157 159 1
6 20 1
161 226 1
12 134 1
48 169 27
132 154 1
34 163 147
42 65 27
44 55 4
48 143 48
69 227 27
126 217 27
12 16 1
98 200 235
55 109 186
2 146 1
97 215 1
88 200 1
157 175 1
72 146 95
36 54 149
181 253 253
32 223 1
9 93 1
22 142 235
64 204 112
2 98 1
39 230 235
14 50 50
36 93 1
149 232 235
30 93 1
22 82 1
33 125 27
103 215 152
28 114 28
65 89 1
1 114 1
84 141 84
9 250 84
91 207 28
197 246 27
33 128 27
124 191 140
108 141 84
19 197 147
104 252 1
70 80 164
2 132 2
6 42 27
82 138 112
50 134 1
59 134 1
8 229 4
65 185 253
58 94 1
23 112 1
23 120 28
145 185 1
217 233 1
99 197 27
240 249 1
190 227 235
48 99 48
13 89 148
9 214 214
113 121 148
133 235 235
85 139 84
21 29 112
6 158 1
196 237 140
185 211 4
132 219 2
186 224 186
20 146 146
14 229 1
146 181 1
164 201 1
156 165 167
155 206 28
4 49 4
61 108 27
8 185 4
1 54 1
68 250 4
46 56 1
195 205 50
76 222 1
166 211 235
52 213 235
113 151 1
46 91 1
18 51 1
81 153 81
56 80 1
72 163 1
194 243 4
114 197 147
72 138 254
196 251 27
61 65 27
117 230 4
61 204 1
90 135 1
105 256 84
18 73 18
15 176 4
74 198 28
197 247 147
70 139 1
128 255 214
49 61 27
91 239 214
232 235 235
14 191 1
119 149 149
132 175 94
39 52 52
27 232 27
99 127 235
31 158 1
145 238 50
49 216 1
38 179 1
57 149 235
83 119 26
27 191 27
184 197 1
3 83 1
10 199 4
115 237 27
213 244 235
28 241 28
67 76 254
185 227 27
38 63 1
26 108 235
45 211 27
11 20 1
1 74 1
80 202 1
23 69 28
166 174 1
44 68 176
48 227 48
200 250 235
160 207 28
128 231 214
109 140 27
94 221 1
126 222 4
127 225 1
84 136 84
149 166 149
88 93 1
13 32 148
33 106 27
188 239 4
205 248 248
147 220 28
183 248 1
63 194 27
7 63 27
221 232 27
94 175 94
148 177 1
144 214 1
175 195 2
87 134 1
187 252 148
6 131 27
14 90 50
14 192 94
163 232 27
120 255 28
121 210 148
164 230 1
22 143 235
118 165 1
77 112 1
75 164 1
23 197 28
3 134 134
68 72 1
238 252 1
241 253 4
5 190 235
35 50 50
1 149 1
75 253 253
214 231 214
63 85 27
58 221 84
79 135 27
63 153 1
82 125 1
11 220 28
52 211 235
49 81 1
6 152 152
1 167 1
137 242 1
47 109 198
178 181 27
71 161 1
102 166 52
194 239 28
28 221 28
22 177 235
142 217 27
27 151 27
93 187 1
124 179 27
146 218 1
106 253 253
1 58 1
28 55 28
43 222 1
53 150 53
50 255 1
41 196 27
184 203 66
146 184 148
186 244 235
11 237 27
187 204 254
140 179 27
76 98 1
27 48 27
42 47 27
36 165 1
37 232 45
4 105 4
152 213 152
41 216 1
12 33 1
186 201 27
168 251 235
25 40 50
63 148 1
209 219 2
59 189 235
55 215 27
61 186 27
4 160 4
99 252 1
132 144 94
80 89 1
178 227 178
14 110 50
189 244 235
171 182 1
49 133 133
245 253 253
21 180 1
147 255 186
68 240 1
135 176 27
117 170 214
87 238 1
67 248 1
32 64 254
175 214 1
125 226 27
179 194 28
66 217 1
176 246 27
81 251 1
176 208 1
189 247 235
6 35 1
27 109 27
187 244 1
117 215 27
151 235 235
163 198 198
35 244 1
1 203 1
136 250 84
125 227 27
56 118 1
33 215 48
103 104 1
61 216 1
27 253 27
75 181 176
12 71 1
1 242 1
224 242 1
16 241 27
170 224 214
144 216 1
53 130 1
49 255 4
27 52 235
68 79 253
5 22 235
36 47 235
50 174 50
16 148 1
55 99 27
166 173 1
1 118 1
123 186 186
52 215 235
12 82 38
1 176 1
187 203 187
44 216 1
52 244 52
24 256 235
78 194 116
3 187 1
91 170 214
87 246 27
1 99 1
100 190 235
28 34 28
165 167 167
28 128 28
141 186 186
91 225 1
60 145 1
70 97 1
159 183 1
141 198 198
59 154 235
85 222 4
43 193 254
10 70 1
121 167 148
28 216 1
81 248 1
62 166 235
165 249 1
102 200 52
6 120 27
11 159 1
9 128 214
117 148 1
24 235 235
68 233 1
43 136 1
51 70 1
225 246 1
62 249 4
60 181 4
26 149 149
48 82 1
14 203 1
111 178 48
67 165 254
102 192 1
25 196 1
104 174 174
53 232 1
134 190 1
44 157 176
57 183 4
1 174 1
197 205 1
170 188 4
79 243 243
61 209 1
70 124 1
36 228 1
60 120 28
31 69 1
116 243 4
47 200 235
41 247 27
163 224 147
81 155 1
19 251 4
56 121 1
31 87 1
64 113 254
107 125 1
58 156 1
161 190 1
33 99 48
106 122 106
110 127 1
145 162 50
9 77 4
23 220 28
7 246 45
34 88 1
21 149 1
147 214 214
59 136 4
21 254 254
91 176 4
169 194 28
142 237 27
100 198 198
4 199 4
8 16 27
71 106 27
235 245 235
132 174 50
191 237 191
87 165 1
59 71 27
77 209 1
235 243 235
54 202 235
61 149 235
40 176 1
13 170 1
221 228 1
58 224 186
113 167 148
84 139 84
72 228 1
198 218 1
159 196 1
1 254 1
112 151 1
87 181 4
47 136 214
191 244 235
104 140 1
53 159 1
153 216 254
6 168 235
91 227 27
141 234 4
30 201 27
5 189 235
1 169 1
32 86 1
48 103 48
100 214 214
99 216 1
38 199 1
117 182 27
110 238 174
36 190 235
58 231 186
127 216 1
43 97 254
2 144 2
186 220 28
8 77 4
123 214 214
61 226 27
76 191 1
64 107 1
75 234 234
21 138 112
33 37 27
109 235 235
42 107 1
61 191 140
40 98 1
37 41 30
32 190 1
25 251 1
23 228 1
153 215 1
2 94 2
113 132 1
150 220 1
115 142 59
91 182 27
119 243 235
58 172 27
15 88 1
35 76 1
28 40 1
105 189 235
33 180 27
45 183 27
4 136 4
56 140 1
68 96 4
25 209 50
1 14 1
57 106 4
99 140 140
24 124 235
1 153 1
121 149 1
45 107 1
111 237 48
40 45 1
99 175 1
143 201 48
63 143 48
92 234 27
59 161 1
111 200 235
110 240 1
132 139 1
37 256 27
159 167 148
34 248 1
2 148 1
169 206 28
132 192 132
42 45 45
97 221 1
44 194 4
7 66 1
65 118 1
65 150 1
29 256 1
50 60 1
56 221 1
9 211 147
75 115 176
4 234 4
27 176 27
125 201 27
113 159 113
8 197 4
71 123 27
126 244 235
117 204 1
177 206 28
2 104 50
22 211 235
209 213 1
41 137 27
131 214 214
208 223 223
53 91 1
181 249 4
51 140 27
12 24 1
28 226 28
57 71 27
51 100 84
7 163 27
20 103 1
137 192 1
200 239 235
135 227 178
26 244 149
14 200 1
16 196 152
29 144 1
50 171 50
55 213 27
47 247 198
4 250 4
125 246 45
204 214 1
81 145 1
42 188 27
80 255 1
114 224 117
1 4 1
9 120 28
51 135 27
47 55 198
67 213 1
58 239 214
155 235 235
31 53 1
142 253 253
42 204 1
79 136 4
149 256 235
80 136 1
50 106 1
4 87 4
24 125 235
60 138 1
46 197 1
1 188 1
10 138 1
32 100 1
185 190 235
46 248 1
7 217 45
43 206 1
50 88 1
1 10 1
208 218 1
55 194 28
37 148 1
108 203 1
102 193 1
130 222 1
94 106 1
140 215 140
31 70 1
88 103 1
14 98 1
82 189 1
169 207 177
27 98 27
100 109 109
41 164 1
12 31 38
31 104 1
108 161 1
39 87 235
14 62 1
118 181 1
22 52 149
109 128 214
209 235 1
224 248 1
72 148 148
28 151 27
4 182 27
32 193 167
184 242 1
79 212 1
32 225 95
1 143 1
31 224 1
5 83 235
139 149 235
139 220 28
44 125 27
37 55 27
81 138 112
157 181 176
18 46 1
92 111 48
12 62 1
137 255 84
181 232 27
106 251 4
12 204 38
50 196 1
105 163 186
8 133 4
27 58 27
67 238 1
76 165 254
32 119 1
74 90 1
219 242 50
132 145 132
144 146 1
46 173 113
154 222 235
11 141 28
107 187 1
67 232 1
151 178 178
66 145 1
18 96 1
164 165 1
129 220 27
1 166 1
99 232 27
155 214 28
97 240 148
66 254 254
114 235 235
46 212 148
1 131 1
105 255 186
93 240 1
4 224 4
182 236 1
128 144 1
60 250 84
104 171 104
70 177 1
79 245 253
58 215 27
53 118 53
29 247 1
128 239 239
252 254 254
199 222 222
214 218 1
70 114 1
103 227 227
124 157 27
26 110 1
75 117 4
27 167 1
92 159 1
114 255 186
26 54 149
123 150 1
63 65 27
47 73 1
18 162 18
213 223 1
140 152 140
142 235 235
135 150 1
125 213 27
110 179 1
12 216 254
90 241 1
24 140 235
1 125 1
14 220 1
148 242 1
37 97 1
193 233 254
3 130 1
44 205 1
177 224 28
193 225 95
191 201 140
198 247 198
206 255 28
1 8 1
10 221 28
25 35 50
27 246 27
60 134 1
55 211 186
17 153 1
38 62 1
1 219 1
49 141 4
160 231 28
211 256 84
92 95 1
27 179 27
49 72 1
128 151 27
48 137 27
93 245 1
1 230 1
101 107 1
195 235 1
58 223 1
187 222 1
14 104 50
172 235 235
14 234 1
8 117 4
1 202 1
5 102 235
229 249 4
13 212 212
4 123 4
6 106 27
1 165 1
71 113 1
63 74 27
40 101 18
145 199 1
19 131 147
1 180 1
153 233 112
5 183 235
125 230 27
60 144 1
26 245 235
144 182 1
29 112 112
59 213 27
170 190 235
71 151 27
8 37 27
54 210 1
43 82 112
90 218 50
137 224 84
122 162 1
47 221 84
28 203 1
72 188 1
1 16 1
81 226 1
22 235 235
22 96 235
13 205 1
183 235 235
192 227 1
76 146 254
27 207 27
44 235 235
68 77 253
28 108 28
28 91 28
183 198 198
76 184 254
141 226 231
71 111 27
25 152 1
119 230 235
66 107 1
146 228 1
15 181 4
41 135 27
177 211 28
19 129 27
83 102 149
25 144 50
61 182 27
112 165 254
71 230 27
101 222 1
47 91 198
164 188 1
36 50 1
88 187 187
82 199 1
118 180 1
98 220 4
5 230 235
119 203 1
48 92 48
181 242 1
140 213 140
94 231 1
210 254 254
127 187 1
22 115 235
142 176 176
13 159 148
197 216 1
27 152 27
1 45 1
58 161 1
66 113 66
226 246 27
42 215 27
47 122 4
1 25 1
209 224 1
106 235 235
18 55 1
27 236 1
132 228 1
69 229 4
1 218 1
128 185 4
93 194 1
27 180 27
37 125 45
136 178 27
27 55 27
24 93 1
63 86 1
84 100 84
135 244 235
104 106 1
150 225 1
134 150 134
77 115 253
3 188 1
86 175 1
92 103 103
1 73 1
98 243 253
12 50 1
5 66 1
70 178 1
201 213 152
169 177 177
108 256 84
173 203 113
38 41 1
115 213 27
26 63 235
133 245 253
56 165 1
200 224 235
42 171 1
44 181 181
152 201 152
138 183 1
212 254 254
49 179 4
111 228 1
179 195 1
144 195 2
204 224 1
120 207 28
10 207 28
197 198 198
136 169 28
123 249 4
204 243 1
60 235 235
140 174 1
1 140 1
72 240 95
29 32 254
33 96 27
39 168 149
222 243 253
64 254 254
160 165 1
76 153 254
42 87 27
157 253 253
78 116 116
161 182 1
184 187 66
143 216 1
48 106 27
109 136 214
161 176 1
89 156 148
96 175 1
39 241 235
113 195 1
148 176 1
48 151 48
71 190 235
1 213 1
106 222 253
176 216 1
27 85 27
149 193 1
163 214 214
121 184 148
178 191 140
58 183 255
109 241 186
85 86 1
194 233 1
8 251 4
97 117 1
1 96 1
18 190 1
1 241 1
27 132 1
11 118 1
20 197 1
205 238 50
29 170 1
76 80 1
28 116 28
38 254 254
25 119 1
110 132 50
110 171 110
27 71 27
20 43 254
1 252 1
28 31 1
41 252 1
119 241 235
67 252 254
1 46 1
7 21 1
5 39 235
93 208 93
84 131 84
68 230 4
21 88 254
176 187 1
32 155 1
152 198 27
122 215 27
181 202 4
155 160 28
20 139 1
56 136 1
154 178 235
102 245 235
112 173 254
65 110 1
100 178 27
203 254 254
213 214 27
47 128 214
152 178 178
156 254 254
11 60 28
90 209 50
5 78 235
130 188 1
90 96 1
107 236 107
27 211 27
51 93 1
6 143 48
101 252 1
201 215 152
171 251 1
76 167 254
166 225 1
126 248 1
202 230 4
97 159 113
74 176 4
97 137 1
29 209 1
24 200 52
78 97 1
17 239 4
59 245 253
92 140 140
20 74 1
135 216 1
15 96 251
78 218 1
62 188 62
175 181 1
212 252 148
68 75 234
54 189 235
42 248 1
91 128 214
44 46 1
27 186 27
128 243 4
13 155 1
191 252 1
103 143 48
176 183 4
74 126 28
104 172 1
63 171 1
75 112 1
71 136 27
156 246 1
1 195 1
126 235 235
69 74 116
89 187 66
28 182 27
27 91 27
68 223 1
68 106 176
128 170 239
63 185 27
23 209 1
175 188 1
103 111 48
58 149 235
79 113 1
62 67 1
38 184 254
38 64 112
11 149 235
120 242 1
117 142 4
33 41 27
12 107 1
27 44 27
13 197 1
28 113 1
96 237 27
134 187 1
43 138 43
84 91 84
232 248 1
170 212 1
225 235 1
172 217 27
4 177 4
149 254 1
176 234 176
28 186 28
61 135 178
156 187 148
87 202 87
154 155 235
17 62 4
234 235 235
146 153 254
16 213 152
131 198 198
12 110 1
4 122 4
99 160 27
10 78 78
130 223 1
144 221 1
4 211 4
58 128 214
26 170 235
4 231 4
53 181 1
153 183 1
147 170 214
194 206 116
64 81 112
198 255 198
128 160 28
126 256 28
116 232 27
93 173 1
45 80 1
173 224 1
118 137 1
238 251 1
143 186 27
150 178 1
20 95 95
203 223 1
72 224 1
31 215 1
15 72 1
87 95 1
4 169 4
155 169 169
84 107 1
200 254 1
55 195 1
31 82 38
63 111 48
29 69 1
36 103 235
51 131 84
155 218 1
43 129 1
15 119 235
135 184 1
28 51 28
8 21 1
64 230 1
102 235 235
144 192 94
37 129 45
11 155 177
99 242 1
68 253 253
85 251 4
9 30 27
24 231 235
119 235 235
116 256 28
17 230 4
87 235 235
195 209 2
30 129 45
112 154 1
190 198 235
28 211 28
71 98 27
27 163 27
115 249 4
53 69 1
20 167 95
139 186 186
63 230 27
207 251 4
124 172 178
5 110 1
1 136 1
155 207 177
132 241 1
78 177 28
162 171 50
33 73 1
148 252 148
47 242 1
42 133 27
5 53 1
6 185 27
109 117 186
58 65 4
129 225 1
62 214 4
67 118 1
15 94 1
85 215 27
35 61 1
86 256 1
113 161 1
102 168 149
55 117 186
28 105 28
166 216 1
196 255 27
167 250 1
10 75 4
34 96 4
42 119 235
24 52 52
72 156 156
6 218 1
124 168 235
4 11 4
220 250 28
156 240 95
13 31 254
45 71 27
72 193 167
83 156 1
125 235 235
62 226 4
68 138 1
225 240 95
5 227 235
15 122 4
150 245 1
16 77 27
165 248 1
63 237 140
1 133 1
113 124 1
187 211 1
55 198 198
175 206 1
161 236 161
31 233 38
4 60 4
38 245 1
4 214 4
6 28 27
109 200 235
83 127 26
64 95 254
43 77 1
200 206 235
33 64 1
41 143 27
102 159 1
10 27 27
10 120 78
206 235 235
49 156 1
19 211 117
69 247 28
27 69 27
54 131 235
84 170 84
210 225 148
12 159 254
202 248 1
84 96 4
164 170 1
20 121 148
79 106 253
46 76 254
28 169 28
27 105 27
83 235 235
85 123 84
26 106 235
181 201 27
35 242 248
59 142 59
108 143 27
99 178 178
47 117 198
133 211 4
102 121 1
3 20 1
117 123 186
54 118 1
92 237 140
144 163 1
62 171 1
125 129 7
3 81 1
11 244 235
79 253 253
102 118 1
72 159 148
188 249 4
160 209 1
3 208 1
43 87 1
50 119 1
31 254 254
46 151 1
178 182 27
1 112 1
181 243 253
59 217 27
64 205 1
170 204 1
22 231 235
27 61 27
19 201 27
27 217 27
61 178 178
35 104 50
139 170 214
1 111 1
43 203 254
35 149 1
71 193 1
59 147 4
38 186 1
12 38 38
144 178 1
60 69 28
123 127 235
250 251 4
94 191 1
162 235 1
194 220 116
106 174 1
56 130 1
92 152 152
89 110 1
17 35 1
139 239 214
27 42 27
31 152 1
136 239 239
105 123 186
32 148 148
130 132 50
7 93 1
32 254 254
70 86 164
54 124 235
31 240 254
186 194 28
149 204 1
144 219 2
46 178 1
1 42 1
18 198 1
10 213 27
2 241 1
48 178 48
84 87 4
34 109 186
128 136 136
84 163 84
108 218 1
1 90 1
184 210 66
227 235 235
92 129 27
4 155 4
105 210 1
52 138 1
112 138 112
49 149 235
23 131 28
38 208 1
9 235 235
56 99 1
211 239 214
40 189 1
155 177 177
33 80 1
15 251 251
5 180 235
210 217 1
57 110 1
63 215 152
176 235 235
22 36 149
11 147 28
77 107 1
231 246 27
202 229 4
40 243 1
196 210 1
9 216 1
101 124 1
27 206 27
126 207 177
51 256 84
108 139 84
126 224 28
145 239 1
43 79 1
183 201 27
141 222 4
71 163 27
122 157 106
33 235 235
15 202 4
117 147 147
10 183 28
4 256 4
114 196 27
45 233 1
104 211 1
24 149 149
48 192 1
20 89 148
146 167 95
48 196 48
154 175 1
157 202 4
137 189 235
167 225 95
138 253 1
26 195 1
135 145 1
51 164 1
33 109 27
173 223 1
146 203 148
54 117 235
111 249 27
1 185 1
173 185 1
76 204 254
39 186 235
135 237 140
56 93 1
34 243 4
1 172 1
1 34 1
27 99 27
14 183 1
29 70 1
58 105 186
65 226 4
55 224 186
68 94 1
169 237 27
13 20 148
75 175 1
16 54 235
1 255 1
47 58 198
54 162 1
28 202 4
172 173 1
47 129 27
69 77 4
25 150 1
137 226 84
129 229 27
202 241 4
204 233 38
9 105 186
175 212 1
75 138 1
56 76 1
14 218 50
84 207 28
27 137 27
66 171 1
22 165 1
39 183 235
129 194 27
115 217 27
216 240 254
50 164 1
90 163 1
11 228 1
13 156 148
166 208 1
51 197 84
27 159 1
42 71 27
149 229 235
10 69 206
28 123 28
51 60 84
167 233 254
88 244 1
201 255 27
122 138 1
94 236 1
40 162 40
187 210 187
46 198 1
224 250 84
3 70 53
1 138 1
20 100 1
62 129 27
198 231 198
170 179 84
34 197 147
26 114 235
111 152 48
28 147 28
43 186 1
135 251 27
10 180 116
116 235 235
148 193 148
224 252 1
38 216 254
21 164 1
9 103 27
69 148 1
49 219 1
124 231 27
105 241 186
17 96 4
191 211 27
29 173 254
150 201 1
191 256 27
1 60 1
76 212 254
39 47 235
72 245 1
85 141 84
90 130 130
83 129 235
142 213 27
76 159 254
105 197 186
29 232 1
21 102 1
34 186 186
92 192 1
68 142 176
187 241 1
140 227 140
101 171 50
89 148 148
106 241 4
16 145 1
1 55 1
27 74 27
5 116 235
153 255 1
24 36 52
13 68 1
38 70 1
159 210 113
89 183 1
132 213 1
46 53 1
23 100 28
184 226 1
198 226 198
28 220 28
1 145 1
65 247 4
30 141 27
232 252 1
1 155 1
17 100 4
47 248 1
59 227 27
150 160 1
8 87 4
167 215 1
213 227 152
8 142 4
92 201 152
104 217 1
130 205 50
35 130 50
88 130 1
103 151 151
88 228 1
94 170 1
12 20 254
140 148 1
50 131 1
70 163 1
74 143 27
32 38 254
84 108 84
153 223 1
97 203 203
106 234 176
27 63 27
1 144 1
51 137 84
36 56 1
48 231 27
21 166 1
28 100 28
83 146 1
4 6 27
50 110 50
4 188 4
206 207 28
206 243 4
164 183 1
3 11 1
164 184 1
120 169 28
5 10 235
185 224 4
182 246 45
249 251 4
13 255 1
2 145 2
124 213 152
230 235 235
44 62 253
6 199 27
11 211 28
172 178 178
122 227 27
100 116 28
2 40 50
93 123 1
4 19 4
121 217 1
60 192 1
153 240 254
56 214 1
8 65 4
201 249 27
168 193 1
13 169 1
85 255 84
168 217 235
8 72 1
35 116 1
46 95 148
26 220 235
188 226 4
1 184 1
8 227 27
79 235 235
55 123 186
105 229 4
206 237 27
75 199 253
24 81 1
72 222 1
117 240 1
78 212 1
39 246 235
14 165 1
19 31 1
204 216 254
1 101 1
93 99 1
81 235 1
145 209 132
60 166 235
79 213 27
48 84 27
14 173 1
44 115 176
30 87 27
59 248 1
109 231 109
135 213 178
146 156 95
85 116 28
89 211 1
47 224 198
22 234 235
27 234 27
70 72 1
12 138 112
152 157 27
4 106 4
123 209 1
45 206 27
21 187 254
39 200 52
121 165 148
97 135 1
97 114 1
37 208 1
115 124 27
139 240 1
122 221 4
133 222 253
37 106 27
194 238 1
88 254 254
20 238 1
50 216 1
132 203 1
227 251 27
1 137 1
85 111 27
113 182 1
22 137 235
214 240 1
8 140 27
50 248 50
49 101 1
203 252 148
127 154 235
40 180 1
3 84 1
179 250 137
98 245 253
73 228 1
158 165 1
27 157 27
78 251 4
223 228 228
23 57 4
46 97 113
9 71 27
83 202 235
68 246 27
2 29 1
49 53 1
7 122 27
127 235 235
26 117 235
6 239 27
22 250 235
14 190 1
29 240 254
13 98 1
116 118 1
16 80 1
1 225 1
16 221 27
1 12 1
89 217 1
71 142 27
43 121 254
181 228 1
3 226 1
21 255 1
42 166 235
24 129 235
1 238 1
53 95 1
161 195 1
43 56 1
16 102 235
6 114 27
68 225 1
13 227 1
170 211 214
193 238 1
57 235 235
196 250 27
57 249 4
65 192 1
42 129 7
42 58 27
100 139 139
1 117 1
40 218 218
79 121 1
139 246 27
47 141 198
45 114 27
97 241 1
7 95 1
1 152 1
19 235 235
112 256 1
78 134 1
95 254 254
25 174 50
89 226 1
158 218 218
48 111 48
10 243 4
3 238 1
161 249 1
27 120 27
106 146 1
159 250 1
74 223 1
13 195 1
83 200 149
149 150 1
11 139 28
105 167 1
2 195 2
56 134 1
113 184 66
78 180 116
50 233 1
4 219 1
100 180 28
25 205 50
59 253 253
118 245 1
20 162 1
27 249 27
48 135 48
127 186 235
148 192 1
173 193 148
200 230 235
54 63 235
66 97 66
66 184 66
163 248 1
27 96 27
163 231 186
30 41 30
92 168 235
202 254 1
138 232 1
19 247 117
1 181 1
108 235 235
30 217 30
69 180 116
65 122 253
105 131 186
55 241 55
135 235 235
70 161 1
1 123 1
157 210 1
22 51 235
171 190 1
98 149 235
81 144 1
4 51 4
90 197 1
4 131 4
98 235 235
91 105 186
114 194 28
79 185 253
47 63 27
130 248 50
112 146 254
88 159 187
55 91 186
113 165 148
28 239 28
36 183 235
73 162 40
120 235 235
27 227 27
40 233 1
8 222 4
44 211 4
51 118 1
43 100 1
38 93 1
2 160 1
74 220 116
17 168 235
217 246 30
25 157 1
28 57 4
89 159 66
70 218 1
152 191 140
38 81 112
100 231 109
51 235 235
45 126 27
130 256 1
4 142 4
17 249 4
13 41 1
135 201 178
105 233 1
27 235 235
28 256 28
89 184 184
33 132 1
186 231 186
9 34 147
12 169 1
82 233 82
17 126 4
26 83 26
28 198 28
15 89 1
15 156 1
60 137 84
172 196 178
160 218 1
22 135 235
106 211 4
75 255 4
173 233 254
1 173 1
146 193 95
94 224 1
44 75 176
52 164 1
102 149 149
37 246 30
102 196 235
99 103 196
104 170 1
146 188 1
30 37 30
87 105 4
4 28 4
25 50 50
163 211 147
27 126 27
13 252 148
156 245 1
137 250 137
95 215 1
157 160 4
98 196 27
120 160 116
150 253 1
143 181 27
26 99 235
