256 8374
1 101 1
91 142 74
31 84 1
160 189 1
5 51 51
170 175 202
229 251 243
15 23 23
55 177 67
185 194 185
45 119 140
175 223 202
67 114 67
150 168 168
30 165 165
47 161 255
80 236 230
51 159 51
104 169 161
29 190 58
189 215 67
95 204 144
150 204 144
18 71 62
146 165 165
108 196 51
56 144 144
115 218 62
66 248 48
147 246 91
168 238 168
5 236 230
68 78 23
61 203 93
112 171 171
224 236 230
95 150 200
85 130 1
36 196 51
98 175 202
80 127 80
46 48 185
233 235 74
64 103 64
89 215 67
15 228 243
109 121 171
24 129 189
60 63 189
126 243 243
56 135 230
111 122 64
2 24 189
46 67 185
161 218 161
122 131 48
67 93 67
80 248 80
177 236 230
14 85 1
65 116 116
28 57 84
73 198 144
13 98 202
63 152 230
74 205 205
203 207 48
2 74 74
127 172 203
152 244 19
57 64 64
176 201 255
27 169 240
32 137 185
43 88 177
39 149 25
5 13 202
75 178 51
180 205 205
1 138 1
17 255 255
134 161 161
153 196 51
62 201 255
1 249 1
142 169 161
161 204 161
64 70 64
83 234 83
106 210 255
65 243 243
129 224 230
1 145 1
11 229 144
24 218 93
25 130 25
198 240 240
56 96 144
6 73 93
93 240 240
63 190 182
76 251 243
185 188 185
64 196 51
181 249 67
38 159 51
192 234 64
140 219 107
156 235 91
165 246 165
174 221 205
151 153 171
83 168 168
45 68 23
117 176 67
54 203 203
112 249 67
209 235 240
144 247 144
163 190 54
109 213 83
155 251 243
167 201 255
91 223 51
135 160 1
61 218 93
182 239 161
13 159 202
35 147 54
71 156 62
50 61 116
3 29 185
78 211 69
139 163 107
123 240 240
82 123 25
57 79 240
54 219 107
165 245 144
235 252 161
189 223 51
83 153 83
34 239 161
36 81 107
28 88 177
186 220 90
6 105 205
29 97 74
53 152 155
116 200 116
4 51 116
90 185 185
27 206 240
150 185 185
143 254 116
25 43 25
45 198 144
87 173 243
8 122 48
3 178 185
235 249 67
140 182 140
44 105 205
135 163 54
47 244 255
189 232 64
5 112 192
155 163 155
194 196 51
23 146 23
64 109 64
121 251 243
9 148 240
51 189 51
145 250 203
1 183 1
110 218 90
67 139 67
84 221 205
25 107 25
48 189 48
51 213 83
15 108 51
32 216 185
56 247 230
28 239 161
1 103 1
97 233 74
168 170 168
67 211 67
2 87 243
31 213 1
22 231 67
213 230 83
70 120 1
81 235 58
200 240 240
69 207 69
1 38 1
157 213 74
63 126 91
98 246 202
213 243 243
85 249 1
122 232 64
109 255 255
90 159 90
82 168 168
200 207 48
115 230 62
4 155 116
210 234 165
97 230 74
107 127 107
25 179 179
106 127 255
192 199 48
17 84 84
56 203 230
38 90 90
47 145 255
15 104 161
26 168 168
1 106 1
1 102 1
87 235 243
143 175 165
24 107 107
10 110 90
104 135 161
233 241 74
20 203 203
67 174 67
155 205 205
1 205 1
175 250 202
43 143 165
12 45 69
40 133 243
112 204 144
3 242 185
52 179 179
39 113 168
80 130 155
43 165 165
89 90 165
25 46 25
100 240 240
80 205 205
23 26 23
126 180 107
220 234 64
202 239 161
114 153 189
16 113 168
44 202 202
193 205 205
134 139 64
82 244 19
56 72 202
184 198 144
10 155 155
153 255 255
47 122 255
4 195 255
73 218 93
212 231 23
173 176 67
39 169 161
32 111 185
74 144 144
25 189 25
54 100 171
61 186 90
89 210 165
203 241 203
67 181 67
36 71 62
73 77 93
203 219 107
123 141 25
200 255 255
103 111 93
39 150 23
23 135 23
17 233 74
158 243 243
70 163 54
111 153 182
34 253 171
122 244 64
128 224 230
215 235 67
65 103 69
23 231 23
36 83 83
144 212 144
86 255 255
18 220 155
228 255 255
169 240 240
110 113 168
52 191 116
148 236 230
171 248 171
83 151 83
62 235 62
32 88 185
17 195 255
189 236 230
90 182 90
26 35 177
155 255 255
63 200 200
38 155 93
19 234 64
103 175 202
50 213 116
37 190 182
62 113 168
80 247 230
162 251 243
6 57 84
14 58 1
63 83 83
49 200 205
104 209 240
148 181 58
197 199 48
162 185 185
11 243 243
15 230 51
61 253 93
16 32 168
16 255 255
148 163 58
131 148 48
1 42 1
194 217 185
1 176 1
139 189 107
62 77 62
35 152 230
122 189 64
12 65 69
38 182 93
144 195 255
36 153 107
22 157 67
25 70 25
98 194 202
8 93 48
97 246 74
188 214 200
139 235 107
141 164 116
126 214 83
140 248 140
164 252 116
240 242 240
155 243 243
10 179 179
126 148 91
115 168 168
150 251 243
151 167 168
115 132 179
56 166 25
42 117 179
97 240 240
57 110 90
166 235 25
9 209 240
88 161 161
17 80 177
181 190 192
235 237 165
35 70 54
4 62 116
138 227 205
33 128 140
155 180 155
98 126 202
4 128 116
20 233 74
155 167 168
34 189 171
110 173 90
73 82 93
19 132 179
116 233 116
68 173 23
148 226 240
1 179 1
126 235 91
14 29 1
13 152 202
155 185 185
65 127 69
61 94 165
79 80 240
114 128 140
37 191 107
23 219 23
95 198 144
81 83 83
1 228 1
62 231 62
9 255 255
183 220 62
191 247 107
51 214 83
195 221 255
45 250 203
64 218 64
87 251 243
206 240 240
54 180 107
17 187 177
168 243 243
116 190 116
62 195 255
92 127 90
179 243 179
88 204 144
100 120 1
149 243 243
50 219 116
48 226 240
54 191 107
47 254 255
68 235 23
84 192 84
95 145 140
168 216 168
202 234 202
34 113 168
203 214 83
72 118 62
178 244 19
5 135 54
120 222 1
86 187 19
35 135 54
38 217 185
17 26 177
62 147 62
42 179 179
24 41 243
48 177 48
190 244 19
154 179 179
29 49 205
86 122 64
109 232 64
53 215 67
62 124 62
42 53 179
216 255 255
40 186 243
6 131 48
24 135 189
50 209 116
49 238 205
73 195 255
136 144 144
12 179 179
90 92 90
139 181 107
99 207 25
69 151 69
14 122 1
118 161 62
180 244 19
23 89 23
63 187 203
128 241 140
84 171 84
33 84 84
102 111 179
211 244 171
196 223 51
132 208 179
161 254 116
3 113 168
88 94 165
117 189 80
16 116 116
113 255 255
152 218 93
37 160 1
74 191 74
84 253 84
17 190 177
75 162 74
89 94 165
65 240 240
26 234 64
254 255 255
57 157 74
182 202 202
15 29 51
135 246 91
157 162 74
76 168 168
97 142 74
15 137 51
36 176 67
46 116 116
138 169 161
5 170 80
119 235 91
89 241 165
32 228 243
77 244 155
48 187 48
8 239 161
28 36 107
188 240 240
133 238 23
96 179 179
109 182 203
100 221 205
53 168 168
102 152 179
38 81 93
33 208 179
248 253 182
139 241 107
161 193 161
25 62 62
41 168 243
49 246 205
22 57 67
42 218 179
152 170 230
185 202 185
151 170 171
123 246 25
207 230 48
132 245 179
36 150 200
51 234 51
169 215 161
16 184 168
12 168 168
15 254 116
183 255 255
52 196 116
224 230 230
101 116 116
17 243 243
22 176 67
23 142 23
22 246 67
9 57 240
144 156 144
65 255 255
169 239 161
15 210 165
43 169 161
135 149 25
79 155 240
33 153 140
56 113 168
68 104 161
143 205 205
18 155 155
37 173 177
168 183 168
68 246 23
67 234 67
33 174 140
16 179 179
105 165 205
144 175 144
104 255 255
54 216 64
34 235 171
31 85 1
36 214 83
40 159 243
120 232 1
182 243 243
2 203 203
173 236 230
37 60 189
97 158 90
23 171 23
168 239 168
34 142 74
80 190 80
64 235 64
60 128 140
179 182 179
18 53 155
70 235 54
22 234 67
23 98 23
5 137 84
168 190 168
186 191 90
210 218 165
45 219 107
14 207 1
38 132 179
41 235 243
76 92 90
59 64 255
142 164 116
36 44 19
153 253 192
20 229 80
172 242 185
90 207 90
80 108 84
30 235 202
127 235 127
198 214 144
198 231 144
62 221 62
133 235 23
1 27 1
179 203 179
65 86 69
92 117 90
86 219 19
3 110 185
178 187 203
6 223 51
49 247 205
119 126 91
50 126 116
161 250 161
134 216 64
135 185 185
70 79 240
95 233 74
29 91 91
119 255 255
114 203 203
89 233 165
30 81 202
62 200 62
34 226 240
3 116 116
25 174 25
152 214 83
39 136 23
139 191 107
1 59 1
187 244 19
26 93 93
112 142 74
40 168 243
61 101 168
82 149 25
60 163 189
183 225 62
7 210 165
89 253 165
149 185 25
67 72 67
7 54 90
14 160 1
47 201 255
108 144 144
103 144 144
235 241 80
73 123 25
23 193 23
13 198 144
179 209 179
19 34 171
55 215 67
114 245 144
66 171 48
229 235 80
87 179 179
181 248 182
87 249 243
45 51 51
75 207 48
10 241 84
87 156 243
67 150 67
92 186 90
8 100 48
141 253 23
152 235 230
25 222 25
76 116 116
161 240 240
50 52 116
179 201 255
202 235 202
73 118 62
31 47 1
3 150 185
37 61 93
108 130 155
48 246 48
172 185 185
117 186 90
17 75 51
109 169 161
141 194 23
22 39 67
202 231 202
24 117 80
212 239 161
63 235 182
119 248 91
93 109 93
142 144 144
158 179 179
103 134 64
147 200 200
39 144 144
43 230 230
151 192 171
179 256 179
18 104 161
30 54 202
163 222 25
9 215 240
82 165 165
24 43 177
185 203 185
213 214 83
80 242 185
156 248 91
89 151 165
79 137 240
178 243 243
77 163 155
180 235 107
136 180 83
52 197 116
174 224 230
6 44 19
143 190 165
91 229 91
145 217 185
26 188 200
67 238 67
5 163 54
136 246 83
188 200 200
191 223 51
161 244 161
115 245 62
20 28 203
32 204 185
26 191 107
82 218 93
87 174 243
63 207 48
25 104 161
190 196 51
22 61 67
139 205 205
97 252 161
116 188 116
63 220 155
74 129 74
17 116 116
64 141 23
143 251 243
39 234 23
5 157 74
210 237 165
28 127 203
64 82 64
230 235 230
219 250 107
24 232 64
80 129 80
57 167 168
82 224 19
145 177 177
56 65 69
6 138 205
26 57 84
5 118 62
91 178 91
74 234 74
69 110 69
144 244 144
19 168 168
14 31 1
170 248 80
66 208 179
79 243 240
57 63 84
157 255 255
46 217 185
117 126 91
8 66 48
33 90 90
9 199 240
239 243 243
56 143 165
106 135 255
191 219 107
179 186 179
55 127 67
25 91 25
154 243 243
126 237 165
156 189 91
11 206 161
22 255 255
6 74 74
88 192 177
84 159 51
226 235 240
229 240 240
85 187 1
85 207 1
4 222 116
90 237 165
25 78 25
48 73 48
8 168 168
48 158 90
126 172 203
7 110 90
82 151 171
110 221 205
53 171 155
58 213 83
111 248 182
114 145 189
67 248 67
27 174 240
56 110 90
67 143 67
98 105 205
60 189 189
136 177 83
22 245 67
109 172 203
63 229 80
79 83 240
50 215 116
45 102 179
1 206 1
252 254 116
54 134 64
111 229 80
68 219 23
69 225 62
158 201 255
116 207 116
120 170 1
158 196 90
137 255 255
36 200 200
23 51 23
68 117 23
66 168 168
26 175 202
179 180 179
66 249 67
86 249 67
137 203 84
144 165 144
1 112 1
92 225 62
131 177 48
64 239 161
174 253 140
2 27 240
167 179 179
156 218 93
64 122 64
109 229 203
27 207 240
67 195 255
119 220 155
32 52 116
46 146 185
123 124 25
84 130 155
93 188 200
198 251 243
13 129 202
52 54 116
111 127 182
47 58 255
243 249 243
171 231 83
120 156 1
113 116 116
151 250 171
111 253 182
61 99 25
78 159 69
58 98 202
88 148 177
81 215 67
11 238 144
32 240 240
150 172 200
56 202 202
3 67 185
41 103 243
135 224 230
137 200 200
57 185 185
25 76 25
208 235 179
193 203 205
10 108 84
43 206 161
39 141 23
64 193 205
80 145 80
37 135 182
160 172 1
52 58 116
22 46 185
157 248 74
29 197 58
61 255 255
79 226 240
163 183 62
64 84 64
126 194 91
218 230 93
83 146 83
194 198 144
56 182 230
6 118 62
158 186 90
113 177 168
141 161 161
71 101 168
151 211 171
51 227 83
190 235 192
115 179 179
26 83 83
150 193 205
95 107 107
53 196 51
26 185 185
137 166 25
135 171 171
33 209 240
118 189 62
100 187 171
50 216 116
105 182 205
102 179 179
93 235 93
118 132 179
25 163 25
58 84 84
139 193 205
73 83 83
40 150 243
65 166 25
48 72 48
14 235 1
185 232 185
1 239 1
168 228 243
187 230 230
115 116 116
116 199 116
96 167 168
161 181 161
188 222 25
202 238 202
164 234 116
106 226 255
114 182 189
67 138 67
13 75 202
185 223 185
125 132 179
108 126 84
133 228 243
81 100 171
102 175 179
131 205 205
110 176 67
26 38 93
82 83 83
24 52 116
58 252 161
146 152 84
137 161 161
137 247 84
153 205 205
127 174 140
116 165 116
19 121 171
23 53 23
98 184 202
110 186 90
102 228 179
23 170 23
115 134 62
114 190 189
80 161 161
5 53 155
33 164 116
221 255 255
1 26 1
65 164 116
142 192 74
34 79 240
152 163 230
186 189 90
76 234 64
69 154 69
56 162 74
19 91 19
34 183 62
48 74 48
108 140 84
232 256 168
75 127 51
29 76 58
119 128 140
112 116 116
67 80 67
152 229 230
135 208 179
18 175 202
74 217 185
19 181 19
34 93 93
16 163 168
86 135 19
26 115 62
117 243 243
142 151 74
58 65 69
86 144 144
5 82 19
86 169 161
56 191 107
103 238 200
35 250 203
69 229 69
6 191 19
179 216 179
68 189 23
165 207 165
106 139 255
108 184 200
146 171 84
26 173 177
61 237 165
70 109 203
119 174 140
48 162 48
1 225 1
96 185 185
54 160 1
91 177 177
139 197 107
134 255 255
24 30 202
73 202 202
44 86 19
117 169 161
175 235 202
185 249 185
124 179 179
90 218 90
23 227 23
212 223 23
155 232 64
117 235 80
26 63 177
131 251 243
199 240 240
10 23 23
77 181 155
167 252 168
29 240 240
34 151 171
114 212 23
39 208 179
21 93 200
37 230 230
77 241 155
151 181 171
14 254 1
92 244 90
224 235 230
30 175 202
43 182 177
90 94 165
118 240 240
149 213 25
39 130 23
105 109 205
80 106 255
99 143 25
43 127 177
57 129 84
190 240 240
21 253 200
2 80 80
9 211 240
94 229 165
114 220 155
15 240 240
42 116 179
49 171 205
42 202 179
84 134 64
41 185 243
100 246 171
96 226 240
54 194 54
5 10 84
138 179 179
32 166 25
196 224 51
25 210 25
116 222 116
192 205 205
11 198 144
122 219 64
61 200 200
190 219 107
41 135 243
121 129 171
54 108 84
145 205 205
184 255 255
113 243 243
76 223 51
25 159 25
60 130 155
157 233 74
185 189 185
19 93 93
225 240 240
32 217 185
194 247 230
18 250 155
89 107 165
39 48 23
41 116 116
2 249 67
112 164 116
85 127 1
135 248 182
26 61 93
31 192 1
72 254 116
166 222 25
41 201 255
64 147 64
93 141 23
12 124 69
136 214 83
31 239 1
161 226 240
92 228 243
74 227 74
105 116 116
74 201 255
77 236 155
88 203 177
11 168 168
20 247 230
147 236 230
136 154 69
5 153 192
223 233 74
67 141 67
2 41 243
130 220 155
42 239 179
11 99 25
17 68 23
103 179 179
19 42 179
81 117 58
19 82 19
127 175 202
50 197 116
102 254 179
70 190 54
158 185 185
141 197 23
1 23 1
15 196 51
25 28 25
34 94 165
71 131 62
8 242 185
151 241 171
191 255 255
83 121 83
2 5 182
165 250 165
19 215 67
144 249 67
12 171 69
114 117 80
78 179 179
26 49 205
122 152 64
24 28 203
47 74 255
32 92 185
29 110 90
112 126 91
53 84 155
51 77 51
65 148 69
126 129 91
83 233 74
23 161 161
235 244 19
128 200 200
152 189 230
63 127 182
58 229 58
109 162 74
207 234 48
83 144 144
5 92 90
212 246 23
181 224 230
2 129 189
4 8 116
74 123 25
25 47 255
62 166 62
84 144 144
88 168 168
1 71 1
23 220 23
8 179 179
151 177 171
141 190 23
1 39 1
10 174 84
69 189 69
5 182 182
174 179 179
51 231 83
63 165 165
34 100 171
126 250 203
35 119 91
26 165 165
36 250 107
156 203 203
42 256 179
138 164 116
63 215 67
74 188 200
18 110 90
37 63 182
62 174 62
129 190 189
7 35 90
55 186 67
126 149 25
123 256 168
107 153 107
134 229 64
7 16 168
67 235 67
10 19 84
172 202 202
62 198 62
115 161 62
97 141 23
138 168 168
10 44 84
29 134 64
71 96 62
49 179 179
49 84 205
16 86 168
1 122 1
110 126 90
152 247 230
117 170 80
34 84 84
128 245 144
92 169 161
167 217 168
198 203 144
127 203 203
181 192 192
8 77 48
75 116 116
29 87 243
37 205 205
188 255 255
175 181 202
79 239 240
30 62 62
47 220 255
162 226 240
93 155 93
49 119 205
75 222 25
18 211 155
197 251 243
166 251 243
8 253 48
56 235 230
28 200 200
114 151 171
111 151 171
112 213 83
78 235 69
66 212 23
71 83 62
104 202 161
16 238 168
116 161 116
5 134 64
25 196 25
56 177 230
234 244 64
90 163 90
212 243 243
7 84 90
20 175 202
17 174 177
157 208 179
159 239 161
137 208 179
62 163 62
11 245 144
51 201 255
31 243 1
187 233 74
20 36 107
97 123 25
27 135 240
87 217 243
163 170 80
52 188 116
149 202 25
5 81 58
171 177 171
64 85 1
25 235 25
7 148 90
3 97 185
67 158 67
100 181 171
73 74 74
43 216 64
115 163 62
121 208 179
53 106 255
148 246 91
97 202 202
101 124 168
54 170 80
119 133 23
117 229 80
148 224 230
102 239 179
172 178 203
76 194 58
30 156 202
29 70 58
86 137 84
85 144 1
142 195 255
144 231 144
192 217 185
30 135 202
133 229 23
39 110 23
77 89 165
32 185 185
25 205 25
64 234 64
57 165 165
10 223 51
42 125 179
161 224 161
129 200 200
118 171 62
38 235 93
105 189 205
135 137 84
42 196 179
112 117 80
38 122 64
24 114 189
119 254 116
161 223 161
232 245 144
72 232 202
141 151 23
51 98 202
29 35 58
105 154 69
65 145 69
99 198 25
73 189 93
33 54 140
19 139 19
22 137 67
117 255 255
79 177 240
121 150 200
74 146 74
35 254 116
130 131 48
61 119 93
187 253 203
96 115 62
37 73 93
76 161 161
110 143 165
126 169 161
69 161 161
153 224 230
143 172 165
132 174 179
150 155 200
104 213 161
206 236 161
88 229 177
144 225 62
216 246 64
155 183 62
56 63 230
143 252 161
44 67 67
109 112 203
149 211 25
124 209 240
69 105 69
48 235 48
117 134 64
129 161 161
60 177 177
34 155 155
72 243 243
116 117 116
101 243 243
140 173 177
34 127 171
45 162 74
57 159 51
12 161 161
94 211 165
85 97 1
55 132 179
59 180 255
165 228 243
121 149 25
90 147 90
33 114 140
189 218 93
170 189 80
45 94 165
18 146 155
168 251 243
229 243 243
23 240 240
26 100 171
77 161 161
70 174 140
119 252 161
49 174 205
185 236 185
85 255 1
88 109 177
64 67 67
79 90 240
237 240 240
120 141 1
144 153 144
171 244 171
116 187 116
238 241 200
10 20 84
9 139 240
19 210 165
57 173 84
91 250 203
90 232 90
48 178 48
168 219 168
2 100 171
119 251 243
161 217 161
11 17 144
125 131 179
46 59 255
198 235 144
142 245 144
116 221 116
32 161 161
19 36 19
150 240 240
110 245 144
90 249 67
187 255 255
179 251 179
174 181 140
9 79 240
18 37 155
6 25 25
4 179 179
35 158 90
99 151 25
90 134 90
23 203 23
162 175 202
93 202 202
153 246 91
205 244 205
86 204 144
4 20 116
64 208 179
98 228 243
136 231 83
32 97 185
20 170 80
21 119 200
106 201 255
86 225 62
174 242 185
26 117 177
54 106 255
2 240 240
64 139 64
76 81 58
5 16 168
18 152 155
119 137 84
204 217 185
51 232 51
213 241 83
47 90 255
216 220 64
188 229 200
24 25 25
107 182 107
160 255 1
2 151 171
179 196 179
173 224 230
143 249 67
187 191 107
10 157 74
54 137 84
43 168 168
51 82 51
57 113 168
165 213 165
157 205 205
67 159 67
192 195 255
150 167 168
117 245 144
3 238 185
1 37 1
131 202 48
221 233 205
119 250 203
96 246 144
82 255 255
116 225 116
125 159 179
141 246 23
60 211 171
161 235 161
46 88 185
15 91 51
209 247 240
67 245 67
82 204 144
91 255 255
172 191 107
60 129 189
66 131 48
1 62 1
182 194 182
93 228 243
21 24 200
30 101 168
156 246 91
15 221 205
20 255 255
44 151 171
30 200 202
69 116 116
69 72 69
16 53 168
18 84 155
47 222 255
136 202 202
74 103 74
1 210 1
165 221 205
21 34 200
151 245 144
158 174 90
20 167 168
29 198 144
99 161 161
177 182 177
69 92 69
24 243 243
16 256 168
88 153 177
23 217 185
23 129 23
18 200 200
62 64 62
53 212 23
208 212 179
13 92 90
135 253 54
113 179 179
117 135 80
39 164 116
37 127 182
227 244 83
73 75 51
44 192 19
133 197 23
10 50 116
116 243 116
87 244 243
66 93 48
97 163 74
76 235 58
200 247 200
240 255 255
58 131 48
103 122 64
179 239 179
29 113 168
15 46 185
97 129 74
7 214 90
146 218 93
25 41 243
93 248 93
107 211 171
140 206 161
30 255 255
15 31 1
28 221 205
106 137 255
83 196 83
109 250 203
98 141 23
142 161 161
138 193 205
220 240 240
7 186 90
44 120 1
242 255 255
11 213 144
35 63 182
150 253 200
37 137 84
189 230 230
34 118 62
220 256 168
35 230 230
3 197 185
159 240 240
234 235 64
77 197 155
169 176 161
62 103 62
6 20 19
179 249 179
138 205 205
86 114 19
33 235 140
50 79 116
70 110 90
94 225 62
23 108 23
73 235 93
53 77 155
7 10 90
76 100 171
109 256 168
25 151 25
14 140 1
106 245 255
4 47 255
86 113 168
45 210 165
62 205 62
174 182 140
102 208 179
156 193 205
21 123 25
44 217 185
66 148 48
91 95 140
78 168 168
148 212 23
99 235 25
30 231 202
124 224 69
100 218 93
42 148 179
84 108 84
117 250 203
59 166 255
192 221 205
78 201 255
114 126 91
116 186 116
188 216 200
115 125 179
72 192 202
25 249 25
97 155 74
29 187 203
21 117 200
125 150 179
30 178 202
3 32 185
112 139 107
145 187 203
137 199 48
8 55 67
14 142 1
166 221 25
112 179 179
88 254 116
110 238 90
72 80 202
35 45 140
115 155 62
73 144 144
174 230 230
142 143 165
232 254 116
135 244 19
146 229 84
159 183 62
36 237 165
24 128 140
197 246 91
23 207 23
20 132 179
36 187 107
137 171 84
195 206 255
78 121 69
88 239 161
135 182 182
50 147 116
57 175 202
149 159 25
29 218 93
66 202 48
81 140 140
25 83 25
53 56 155
36 242 185
86 248 19
237 247 165
1 74 1
37 114 189
20 137 84
5 147 54
1 47 1
16 165 168
240 250 240
141 243 243
203 246 203
48 202 48
69 131 69
18 254 116
40 223 243
95 133 23
161 255 255
23 144 144
54 208 179
156 202 202
161 169 161
67 142 67
19 205 205
36 180 107
71 84 62
101 172 168
99 123 25
8 138 205
19 88 19
48 67 67
24 231 83
113 240 240
72 100 202
118 197 62
11 20 144
193 235 205
24 194 189
170 237 165
92 182 90
63 157 74
51 110 90
35 157 74
173 190 177
8 90 90
24 139 107
107 128 107
129 205 205
48 77 48
100 255 255
31 256 1
58 185 185
98 180 202
137 239 161
36 161 161
73 119 93
119 241 91
104 239 161
118 243 243
26 203 177
44 110 90
121 237 165
62 167 168
243 247 243
130 188 200
175 176 67
3 225 62
99 211 25
83 236 83
104 179 179
99 222 25
26 75 51
61 201 255
124 148 69
1 41 1
70 157 74
80 192 80
128 171 171
189 238 200
143 244 165
5 7 90
22 141 67
71 161 62
99 177 25
131 146 48
65 89 69
24 112 189
50 113 116
182 224 230
54 168 168
60 222 25
15 181 51
57 236 84
15 206 161
116 251 116
235 251 243
12 120 1
60 91 91
106 178 255
82 177 19
81 148 58
159 200 200
142 162 74
65 133 23
7 14 1
121 207 48
54 181 54
195 222 255
121 180 171
123 251 243
47 211 255
146 148 84
159 241 51
8 25 25
72 200 202
68 164 116
94 240 240
205 207 205
236 250 230
33 53 155
25 85 1
198 245 144
137 144 144
111 147 182
6 62 62
3 234 185
88 215 67
40 255 255
231 235 83
23 168 168
3 66 185
37 93 93
80 100 171
202 232 202
52 213 116
174 178 140
8 241 48
10 161 161
75 200 200
88 129 177
127 136 83
184 227 200
82 248 19
64 135 64
28 223 51
45 121 171
101 200 168
145 200 200
165 235 165
151 178 171
178 203 203
80 224 230
12 225 62
34 211 171
116 164 116
39 253 23
115 236 62
11 188 144
185 222 25
62 96 62
99 166 25
65 176 67
215 247 67
206 239 161
37 221 205
159 203 51
81 166 25
76 118 62
60 114 189
124 135 69
197 248 58
148 251 243
2 197 58
82 136 83
57 168 168
128 235 140
165 198 144
145 213 83
145 234 64
162 200 200
97 170 74
90 135 90
112 235 127
39 67 67
96 164 116
97 243 243
112 207 48
113 212 168
184 233 200
116 209 116
37 128 140
100 175 202
131 180 48
77 199 48
165 247 165
29 96 144
23 130 23
26 253 177
55 196 67
108 113 168
11 40 243
74 238 200
139 170 107
226 255 255
196 205 205
43 74 74
123 179 179
67 70 67
63 198 144
26 154 69
35 148 58
215 254 116
143 185 185
26 246 177
5 70 54
65 250 69
17 151 171
135 142 74
141 168 168
160 162 1
38 115 62
32 168 168
51 130 51
47 109 255
1 51 1
201 235 255
72 89 165
59 129 255
116 137 116
118 186 62
46 161 161
100 205 205
147 191 107
94 123 25
28 181 203
104 161 161
167 256 168
64 159 51
37 120 1
187 193 205
177 240 240
150 211 200
66 112 48
174 194 140
206 252 161
210 216 165
89 202 165
122 234 64
1 120 1
2 63 182
168 213 168
63 90 90
87 158 243
76 173 177
234 243 243
97 108 74
51 80 51
117 118 62
4 254 116
123 174 25
96 235 144
38 58 93
139 247 107
71 115 62
69 247 69
22 242 185
52 99 116
144 256 168
142 193 205
72 151 202
28 135 203
84 116 116
51 93 51
52 149 116
50 254 116
53 97 74
25 81 25
91 249 67
5 121 171
194 216 64
28 93 93
77 173 155
102 202 179
109 151 171
164 183 116
77 155 155
200 216 200
75 102 179
169 255 255
233 251 243
128 164 116
233 242 185
107 152 107
44 65 69
113 246 168
58 128 140
23 97 23
35 237 165
84 217 185
61 179 179
157 223 74
77 196 51
7 235 90
44 48 48
111 234 64
132 223 179
36 235 107
53 216 64
58 236 230
199 202 48
148 218 93
147 181 54
242 245 185
212 230 23
44 60 19
103 207 48
29 98 202
120 228 1
42 163 179
140 223 51
24 102 179
1 185 1
107 134 64
25 92 25
7 177 90
33 78 69
130 182 155
91 128 140
5 56 230
97 185 185
60 69 69
114 168 168
31 82 1
63 243 243
7 162 90
1 123 1
30 55 67
80 203 203
52 220 116
218 227 83
27 116 116
37 184 200
130 200 200
40 222 243
90 116 116
144 201 255
95 108 84
1 79 1
188 230 200
69 126 69
55 144 67
193 202 205
131 207 48
76 86 19
100 177 171
193 252 161
145 183 62
25 109 25
159 223 51
122 254 116
41 196 243
21 112 200
184 205 205
114 165 165
5 133 23
80 103 93
1 161 1
127 128 140
2 170 80
95 206 161
29 182 58
98 144 144
169 253 161
57 62 62
1 142 1
18 238 200
44 242 185
96 147 144
108 166 25
9 19 240
161 219 161
6 90 90
61 150 200
176 222 25
49 147 205
8 48 48
226 245 240
35 78 69
168 175 168
243 256 243
107 235 107
105 223 205
100 195 255
168 240 240
61 100 93
214 243 243
151 197 171
80 159 51
54 241 80
14 212 1
67 79 240
239 255 255
167 239 168
164 235 116
73 139 93
158 236 90
74 151 74
22 136 67
36 186 90
83 205 205
23 88 23
65 179 179
95 211 171
5 235 192
116 255 255
155 240 240
44 238 200
95 218 93
161 199 161
30 249 67
53 163 155
131 163 48
74 224 74
21 29 200
155 244 155
111 245 144
21 83 200
14 236 1
47 195 255
125 236 179
116 206 116
59 247 255
201 242 255
56 122 64
56 197 230
68 179 179
80 126 91
10 220 155
91 191 107
52 255 255
1 163 1
35 153 192
61 190 93
30 60 202
29 217 185
102 229 179
61 65 69
207 228 243
72 213 202
84 250 84
172 197 203
167 237 168
72 91 202
74 187 74
101 240 240
128 161 161
158 214 90
48 180 48
145 248 189
107 139 107
10 165 165
196 247 51
119 159 51
11 185 185
116 219 116
38 205 205
45 133 23
135 186 90
160 239 1
10 235 84
180 198 144
70 92 90
162 174 74
143 208 179
24 203 203
63 191 107
53 82 155
3 201 255
137 156 84
40 249 243
243 252 243
61 221 205
69 74 69
152 185 185
182 200 200
73 122 64
162 233 74
87 176 243
217 228 243
135 184 200
179 248 179
26 195 255
187 250 203
150 214 200
177 226 240
108 170 84
140 235 140
112 241 80
62 225 62
124 222 25
24 145 189
7 124 69
2 244 19
41 87 243
11 12 144
38 165 165
12 235 69
228 232 243
48 224 48
225 229 62
10 68 23
128 255 255
158 207 90
102 235 179
116 157 116
54 250 203
101 174 168
89 106 255
39 220 23
37 74 74
73 103 93
164 256 116
23 119 23
75 150 200
180 220 155
181 246 91
131 228 243
28 178 203
33 118 62
104 138 161
179 234 179
70 90 90
86 227 83
26 137 84
11 106 255
170 194 80
20 253 80
48 140 48
93 151 93
11 155 144
92 125 179
95 128 140
33 232 64
64 68 23
51 69 69
103 117 93
63 188 200
30 61 202
1 69 1
108 235 84
66 243 243
44 235 19
223 252 161
16 172 168
65 192 69
109 222 25
38 116 116
11 18 144
46 185 185
15 144 144
49 235 205
126 210 165
84 235 84
157 231 74
239 253 161
101 102 179
38 248 93
237 255 255
85 160 1
155 177 155
74 231 74
35 101 168
45 86 19
133 140 23
45 120 1
18 77 155
83 255 255
73 163 93
101 148 168
95 119 140
147 235 54
76 187 203
61 220 93
183 240 240
21 238 200
135 192 54
47 156 255
108 119 84
116 119 116
110 255 255
46 62 62
28 68 23
43 246 177
129 163 189
77 90 90
141 249 67
31 60 1
78 170 69
150 243 243
5 240 240
81 200 200
72 179 179
61 188 200
72 83 202
36 205 205
81 176 67
22 180 67
161 243 243
96 230 144
37 70 182
9 136 240
71 192 62
145 172 203
11 93 144
30 253 202
52 150 116
192 202 202
80 147 80
46 155 185
32 104 161
99 240 240
24 173 177
56 174 230
43 251 243
5 158 90
115 225 62
48 237 165
85 120 1
191 205 205
20 72 202
127 148 58
43 203 177
215 255 255
84 174 84
7 242 185
78 151 69
8 42 179
81 236 230
25 54 25
118 213 62
185 207 185
172 189 203
28 77 155
202 205 205
71 118 62
66 135 48
230 247 230
67 212 67
78 243 243
105 174 205
73 177 93
1 25 1
65 92 69
67 213 67
119 161 161
82 154 69
30 236 202
43 156 177
118 125 179
1 154 1
134 203 64
6 202 202
142 165 165
49 240 240
23 65 23
35 170 80
6 168 168
154 217 185
141 255 255
71 99 62
221 240 240
35 140 140
105 221 205
56 221 205
1 3 1
92 157 90
13 190 202
5 19 19
108 197 84
186 211 90
104 168 168
30 195 255
178 211 171
130 218 93
203 233 74
39 66 23
73 200 200
81 185 185
84 208 179
17 211 171
10 61 93
67 124 67
95 132 179
38 74 74
57 82 84
121 218 93
29 73 93
29 203 203
162 241 74
72 139 202
39 68 23
191 238 200
165 225 62
138 209 240
100 121 171
200 205 205
2 25 25
5 63 182
2 127 182
5 75 51
97 195 255
79 180 240
19 147 19
75 196 51
21 219 200
133 243 243
27 129 240
53 165 165
94 143 165
39 89 23
64 75 51
13 179 179
140 144 144
112 247 230
48 228 243
1 108 1
99 149 25
58 119 91
142 249 67
8 207 48
4 209 116
23 72 23
81 213 83
28 172 203
173 194 177
61 209 240
172 233 74
223 229 51
75 189 51
25 165 25
81 220 155
134 235 64
222 246 25
17 144 144
155 233 74
3 243 243
140 251 243
15 142 74
76 252 161
89 96 144
96 123 25
83 185 185
1 255 1
149 235 25
149 154 25
153 190 192
94 235 165
170 177 177
48 103 48
115 235 62
59 124 255
235 239 161
25 198 25
25 200 25
155 173 155
235 250 203
97 166 25
150 152 200
9 21 240
77 169 161
7 219 90
5 124 69
45 164 116
29 151 171
61 121 93
76 142 74
82 235 19
116 169 116
64 198 144
139 190 107
231 241 83
191 230 107
28 85 1
149 168 168
60 84 84
225 255 255
102 170 179
148 193 205
51 171 51
51 247 51
168 188 168
116 217 116
19 187 19
193 225 62
21 26 200
31 136 1
130 166 25
25 89 25
54 67 67
132 199 179
162 240 240
102 112 179
41 251 243
91 243 243
130 159 51
220 244 155
164 228 116
19 23 23
161 225 62
129 139 107
144 173 144
205 221 205
70 72 202
71 255 255
17 172 177
24 142 74
77 120 1
125 126 179
134 180 64
10 98 202
74 246 74
1 167 1
143 179 179
80 235 80
20 49 205
51 248 51
169 206 161
35 111 182
197 224 230
93 231 83
13 217 185
69 84 69
173 180 107
35 53 155
136 139 83
139 227 83
6 243 243
60 113 168
55 105 67
92 140 90
101 235 168
11 152 144
129 192 189
82 202 202
4 90 116
65 78 69
129 193 205
22 146 67
193 213 205
159 229 51
83 162 74
139 203 107
181 194 54
159 179 179
2 33 140
57 58 84
181 235 192
63 75 51
21 194 200
84 139 84
40 93 243
1 32 1
34 213 83
158 222 25
218 235 93
59 161 255
2 234 64
106 215 255
84 182 84
176 224 67
16 228 243
62 65 62
216 235 64
139 179 179
12 17 69
37 159 51
31 238 1
96 250 144
116 210 116
178 251 243
113 234 168
131 165 165
123 126 25
23 80 23
148 241 58
169 256 168
101 140 168
211 235 171
36 139 107
30 144 144
4 101 116
116 179 179
133 141 23
73 194 93
154 205 69
51 235 51
25 121 25
84 223 51
163 253 54
11 60 144
112 144 144
64 220 64
23 139 23
4 22 116
16 96 168
49 201 255
30 91 202
104 249 161
16 19 168
79 209 240
4 186 116
6 149 25
63 150 200
186 216 90
83 249 67
84 219 84
34 91 171
156 201 255
71 140 62
39 168 168
63 203 203
23 95 23
224 229 230
81 227 83
64 131 48
33 198 144
96 204 144
119 201 255
8 131 48
62 220 62
27 49 240
38 91 93
51 70 51
114 162 74
7 151 90
31 219 1
9 243 240
195 201 255
155 200 200
117 241 80
35 206 161
146 243 243
12 154 69
22 55 67
225 235 62
97 194 74
243 245 243
45 227 83
72 240 240
49 80 205
1 209 1
93 255 255
144 245 144
55 200 67
68 69 23
145 156 91
102 132 179
184 235 200
29 136 83
57 59 255
43 187 177
247 255 255
80 174 140
51 200 200
6 63 19
88 194 177
11 204 144
212 218 23
51 121 51
163 246 91
24 64 64
30 39 23
110 158 90
198 204 144
166 236 25
6 177 19
158 192 90
114 219 107
246 248 91
12 174 69
147 154 69
4 238 116
70 138 205
101 232 168
12 108 69
218 221 205
147 148 58
116 168 116
213 227 83
48 146 48
143 256 168
25 84 25
48 75 48
93 224 93
48 203 48
186 256 168
167 207 168
87 236 243
78 161 161
90 168 168
97 181 74
204 221 144
177 198 144
50 218 116
34 56 171
192 241 80
82 144 144
128 248 140
124 235 69
117 227 83
16 56 168
70 181 54
34 162 74
21 159 200
83 140 83
36 220 155
60 242 185
146 248 84
15 35 51
19 130 155
69 228 243
135 145 189
207 240 240
62 206 62
156 178 91
121 206 161
143 231 165
32 57 185
15 232 51
176 204 67
24 81 58
37 138 205
47 100 255
73 226 240
34 200 200
51 220 51
16 50 116
34 158 90
40 76 243
17 60 177
98 174 202
207 235 48
109 174 203
57 247 84
1 5 1
143 155 165
5 155 155
58 100 171
82 186 90
174 246 140
9 223 240
26 212 23
5 177 177
159 255 255
40 86 243
179 235 179
60 197 58
227 235 83
105 240 240
43 107 107
72 122 202
156 217 185
82 215 67
64 191 64
189 241 80
68 105 23
207 231 48
144 166 25
67 137 67
169 178 161
132 144 179
67 89 67
62 165 62
47 246 255
81 155 155
39 195 255
122 235 64
179 229 179
187 214 83
85 133 1
185 196 185
142 146 74
107 174 107
143 147 165
9 235 240
101 168 168
65 66 69
33 175 202
1 202 1
80 134 64
6 244 19
149 245 25
180 214 83
103 155 93
110 235 90
75 76 51
154 166 25
20 179 179
5 129 189
58 234 64
133 179 179
1 76 1
66 236 48
69 235 69
54 235 54
64 172 64
65 228 243
59 140 255
116 167 116
3 144 185
104 228 243
130 150 200
64 165 165
99 243 243
16 239 168
45 91 140
80 168 168
108 135 84
173 235 177
32 34 185
102 115 179
65 235 69
1 85 1
116 166 116
152 243 243
47 249 255
165 240 240
75 243 243
70 244 19
179 242 179
27 112 240
15 64 51
1 229 1
105 243 243
121 157 74
8 209 240
163 247 230
43 109 177
69 237 69
111 185 185
24 229 80
189 197 58
47 255 255
185 214 185
129 243 243
97 99 25
144 243 243
17 114 177
81 197 58
174 225 62
29 127 58
62 222 62
119 230 230
142 234 74
99 226 240
34 168 168
114 207 48
27 80 240
213 255 255
193 216 205
34 210 165
17 88 177
200 223 200
122 165 165
146 176 67
234 255 255
9 28 240
146 249 67
83 97 74
65 256 168
179 198 179
155 236 155
6 67 67
4 27 116
217 227 185
35 76 58
60 235 189
156 230 230
116 147 116
37 52 116
104 204 161
1 9 1
31 236 1
21 97 200
181 229 80
27 158 240
32 235 185
22 75 67
189 243 243
2 60 189
133 180 23
189 253 189
157 173 74
226 231 240
44 255 255
111 159 51
223 235 51
37 147 182
1 14 1
42 81 179
32 40 243
15 146 51
82 87 243
19 39 23
129 217 185
2 137 84
115 233 62
76 83 83
42 49 179
184 191 200
140 244 19
73 141 23
61 116 116
34 153 171
95 138 205
80 138 205
220 243 243
21 125 179
42 102 179
138 202 205
35 171 171
155 211 155
67 140 67
123 149 25
56 250 230
239 251 243
25 141 25
205 220 205
61 143 165
97 144 144
125 130 179
210 221 205
98 238 202
146 246 84
158 188 90
54 113 168
188 238 200
29 135 58
38 92 90
116 184 116
57 207 48
10 25 25
59 119 255
23 49 23
43 235 177
77 174 155
25 255 255
140 220 155
122 243 243
139 180 107
103 200 200
25 95 25
41 91 243
36 224 107
194 221 205
112 177 177
74 242 185
6 95 19
105 239 161
239 254 116
56 165 165
81 143 165
157 169 161
87 153 243
39 185 185
52 116 116
190 197 58
17 103 93
109 178 203
106 161 255
3 107 185
137 226 240
121 185 185
162 202 202
172 240 240
197 253 58
120 165 1
63 213 83
25 207 25
158 205 205
164 197 116
168 169 168
148 153 58
16 169 168
79 198 240
6 91 19
87 89 243
106 252 255
104 235 161
183 211 62
139 145 107
128 178 140
150 184 200
122 148 64
78 175 69
43 110 90
106 195 255
6 9 240
29 92 90
50 242 116
67 110 67
71 158 62
111 246 91
1 232 1
29 233 74
56 236 230
128 201 255
20 210 165
62 215 62
222 240 240
144 226 240
78 222 25
58 247 230
8 116 116
1 4 1
48 51 48
206 255 255
192 194 54
32 62 62
69 173 69
96 174 144
129 156 91
67 148 67
23 100 23
111 144 144
88 147 177
108 141 23
59 222 255
107 185 185
128 253 140
17 54 177
53 59 255
24 61 93
168 249 168
28 101 168
62 119 62
36 93 93
132 242 179
12 56 69
16 213 168
73 180 93
116 250 116
145 240 240
62 180 62
188 245 144
1 233 1
78 164 116
63 112 182
161 222 161
163 194 54
148 185 185
135 243 243
83 157 74
106 169 255
97 156 74
216 224 64
16 58 168
172 228 243
19 134 64
180 230 107
202 247 202
62 234 62
175 201 255
6 246 19
35 233 74
201 247 255
93 136 83
10 200 200
121 126 171
199 243 243
153 181 192
21 88 200
74 177 74
47 187 255
107 179 179
101 109 168
175 196 202
44 83 83
13 158 90
165 237 165
121 200 200
179 185 179
56 152 230
39 46 185
74 153 74
49 67 67
70 236 230
172 194 203
209 228 240
156 247 230
171 241 171
60 81 58
127 163 54
2 73 93
41 48 243
109 246 203
124 255 255
18 227 83
51 209 240
201 211 255
210 235 165
168 215 168
127 195 255
119 176 67
89 165 165
37 168 168
12 121 69
110 239 161
54 63 182
17 83 83
170 176 67
211 245 144
185 235 185
47 106 255
63 248 182
61 155 93
128 233 74
98 177 202
25 133 25
169 252 161
212 254 116
59 195 255
32 71 62
2 187 203
42 235 179
145 222 25
9 219 240
3 164 116
68 102 179
47 59 255
78 187 69
25 237 25
32 255 255
200 220 200
41 73 243
56 187 230
153 248 182
100 144 144
23 124 23
70 162 74
13 200 202
151 179 179
165 185 185
135 139 107
18 255 255
169 243 243
144 241 144
80 109 203
111 134 64
18 218 93
96 99 25
112 245 144
106 107 255
114 144 144
35 116 116
91 184 200
154 240 240
65 161 161
179 238 179
33 34 171
104 206 161
95 190 140
34 81 171
109 218 93
95 171 171
136 188 200
222 235 25
81 89 165
88 174 177
76 229 58
44 148 19
98 200 202
114 236 230
74 142 74
112 238 200
63 114 189
138 142 205
157 180 74
83 84 83
117 128 140
1 124 1
112 203 203
8 67 67
168 242 168
26 182 177
203 224 230
116 163 116
219 230 107
57 136 83
176 226 240
21 41 243
24 175 202
76 134 64
131 235 48
16 183 168
107 197 107
183 213 62
156 222 25
4 116 116
78 136 69
76 135 58
142 157 74
3 14 1
188 221 205
11 199 144
17 131 48
115 219 62
126 230 230
125 136 179
12 116 116
63 168 168
39 116 116
56 248 230
229 255 255
62 193 62
202 230 202
48 185 185
12 231 69
27 41 240
35 167 168
96 146 144
124 212 23
67 168 168
25 221 25
6 164 116
68 141 23
34 165 165
58 75 51
42 251 179
84 102 179
69 202 69
168 222 168
2 229 80
166 230 25
167 235 168
10 146 84
136 206 161
164 232 116
206 224 161
161 238 161
7 127 90
51 216 51
200 235 200
126 187 203
81 163 58
168 218 168
148 169 161
109 187 203
219 235 107
138 201 255
50 235 116
187 240 240
103 110 90
153 194 54
32 51 185
20 33 140
1 52 1
15 131 48
53 100 155
75 104 161
60 135 189
87 115 243
24 35 189
229 246 91
46 137 185
177 208 179
47 147 255
235 242 185
64 99 25
97 119 74
81 137 84
161 168 168
154 246 69
166 182 25
39 69 23
25 206 161
17 43 177
239 240 240
240 256 240
242 254 116
46 239 161
6 83 83
126 145 91
15 227 83
116 229 116
69 212 23
68 197 23
5 23 23
90 139 90
58 160 1
215 240 240
39 213 23
154 244 69
81 124 69
41 102 179
98 235 202
186 197 90
42 114 179
88 91 177
128 168 168
133 148 23
46 134 185
194 253 54
38 174 93
178 212 23
65 168 168
1 116 1
5 241 80
23 192 23
185 240 240
46 219 185
23 205 23
123 166 25
144 194 144
64 190 64
220 255 255
51 245 144
145 247 230
83 213 83
51 136 83
48 231 48
235 243 243
22 144 67
51 54 51
170 251 243
22 129 67
176 203 67
136 209 240
7 240 240
75 140 51
36 69 69
2 97 74
95 135 140
57 65 69
60 149 25
6 66 48
168 212 168
44 119 19
10 219 84
84 88 84
85 209 1
15 180 51
29 128 140
24 37 189
89 144 144
23 238 23
76 202 202
25 123 25
143 220 165
26 225 62
27 220 240
54 69 69
126 229 91
94 181 165
36 191 107
175 199 48
151 164 116
69 193 69
140 253 140
18 189 155
148 202 202
10 81 84
161 206 161
19 148 19
100 143 165
161 207 161
148 217 185
168 225 168
112 113 168
105 111 205
163 214 83
48 157 48
164 167 116
159 171 51
54 56 230
84 146 84
44 91 19
20 173 177
7 122 90
68 240 240
137 235 84
44 145 19
181 247 230
25 253 25
112 253 127
67 203 67
87 116 116
11 103 144
53 101 168
151 203 171
154 255 255
165 168 168
167 214 168
78 194 69
2 70 182
45 63 140
129 235 189
47 130 255
112 191 107
5 203 203
5 74 74
79 214 240
29 83 83
92 226 240
175 188 202
70 166 25
29 219 107
64 211 64
41 228 243
56 104 161
66 199 48
101 255 255
36 78 69
163 235 54
165 227 165
48 255 255
102 221 179
1 181 1
132 237 179
64 142 74
80 197 58
94 112 165
138 238 205
9 179 179
176 255 255
15 165 165
45 153 140
130 158 90
169 222 161
22 243 243
39 180 23
116 193 116
95 176 67
53 162 74
74 174 74
48 174 48
50 90 116
145 182 189
2 213 83
168 252 168
138 255 255
141 155 23
178 180 107
13 235 202
132 255 255
127 248 182
102 214 179
116 182 116
7 52 116
109 235 203
61 161 161
77 240 240
75 157 74
152 254 116
37 235 182
37 249 67
36 109 107
51 149 25
54 248 182
208 209 179
126 136 83
143 144 144
130 179 179
58 108 84
143 207 165
206 247 161
28 100 171
65 140 69
48 64 48
98 168 168
2 241 80
49 165 205
109 140 203
23 76 23
28 140 203
13 40 243
2 238 200
30 187 202
176 179 179
80 228 243
27 46 240
20 164 116
221 235 205
37 139 107
90 137 90
104 188 161
48 244 48
28 211 171
106 133 255
48 191 48
1 213 1
69 179 179
168 198 168
223 237 165
69 205 69
141 235 23
62 86 62
147 153 54
58 205 205
81 211 171
19 156 19
145 151 171
36 219 107
162 196 74
95 106 255
48 53 48
17 47 255
116 171 116
87 255 255
229 252 161
195 244 255
168 237 168
118 214 62
58 156 91
101 144 168
89 154 69
89 177 165
163 218 93
11 23 144
107 160 1
17 95 177
50 116 116
89 243 243
93 216 64
108 185 185
150 188 200
43 150 200
11 208 179
160 222 1
170 206 161
26 66 48
167 243 243
246 247 230
170 190 80
29 191 107
21 247 200
45 90 90
154 249 67
180 208 179
174 211 171
51 208 179
92 132 179
18 112 155
51 196 51
52 235 116
90 191 90
132 166 179
176 229 67
86 228 243
76 153 58
216 229 64
99 179 179
17 235 177
105 205 205
54 192 54
23 245 144
40 201 255
99 110 25
85 228 1
10 86 84
152 240 240
124 252 161
70 192 54
88 124 69
142 172 74
136 187 83
138 191 205
22 213 67
49 236 205
108 134 64
179 211 179
137 196 51
14 197 1
114 163 189
47 219 255
222 232 25
41 212 243
100 107 171
121 191 171
194 235 54
143 210 165
27 134 240
116 177 116
27 142 240
93 163 93
21 168 168
4 74 116
205 250 205
161 188 161
121 181 171
127 145 189
114 253 189
34 161 161
96 247 144
43 46 185
10 136 83
71 179 179
121 235 171
102 123 179
20 216 64
95 225 62
170 213 83
48 171 48
90 196 90
67 161 161
69 133 23
41 80 243
108 146 84
130 169 161
104 201 255
37 84 84
70 255 255
210 243 243
120 163 1
198 211 144
51 180 51
184 229 200
20 44 19
38 163 93
12 133 23
1 87 1
125 255 255
109 200 200
192 224 230
77 84 155
31 34 1
93 110 90
23 223 23
109 203 203
126 255 255
45 58 140
194 202 202
69 134 69
97 162 74
51 90 90
66 96 144
131 255 255
144 182 144
24 95 140
69 250 69
2 111 182
54 140 140
144 158 144
168 205 168
105 208 179
13 125 179
24 55 67
39 133 23
78 124 69
70 135 54
136 220 83
172 186 90
93 137 93
34 41 243
77 129 155
9 46 240
19 30 202
2 153 182
131 185 185
91 235 91
119 170 91
33 63 140
67 86 67
21 184 200
87 223 243
90 188 90
41 255 255
11 235 144
21 240 240
70 147 54
60 215 67
180 209 240
116 224 116
68 188 23
1 40 1
103 152 93
28 63 203
197 218 93
97 216 74
28 217 185
73 100 93
127 233 74
100 222 25
57 88 84
126 156 91
39 153 23
27 43 240
157 211 74
210 253 165
23 189 23
119 210 165
139 253 107
195 205 255
24 40 243
12 35 69
112 129 189
158 226 240
144 172 144
122 185 185
15 202 202
52 164 116
152 192 230
75 230 51
129 251 243
159 230 51
4 255 255
23 210 23
202 221 205
59 121 255
16 61 168
122 134 64
58 235 58
189 247 230
64 223 51
161 221 161
4 35 116
29 57 84
82 139 19
167 255 255
20 59 255
67 218 67
122 218 64
144 168 168
34 121 171
29 109 203
29 148 58
93 116 116
30 112 202
16 114 168
124 202 69
23 92 23
44 181 19
1 223 1
8 228 243
26 71 62
133 149 25
176 252 161
184 215 67
23 234 23
73 240 240
135 235 54
104 215 161
156 199 48
110 206 161
71 198 62
128 212 23
55 185 185
42 157 179
109 253 203
82 116 116
177 202 202
61 67 67
55 161 161
57 146 84
161 162 161
140 254 116
111 112 182
180 224 107
43 248 177
38 206 161
133 155 23
82 158 90
52 224 116
1 208 1
145 185 185
58 181 58
220 250 155
66 207 48
162 243 243
130 242 185
62 177 62
142 184 200
157 242 185
65 183 62
94 255 255
45 240 240
78 89 69
57 212 23
12 25 25
38 139 93
10 91 84
90 222 25
29 202 202
58 155 155
92 165 165
129 168 168
19 246 19
93 187 93
18 241 155
115 211 62
23 78 23
17 175 202
115 240 240
67 116 116
6 28 19
58 93 93
62 129 62
171 178 171
135 205 205
133 255 255
94 228 243
81 199 48
103 142 74
15 209 240
104 237 161
49 161 161
202 220 202
120 173 1
17 173 177
226 234 240
48 169 161
153 235 192
35 114 189
127 135 54
138 166 25
20 82 19
62 237 62
64 163 64
70 128 140
110 161 161
109 175 202
42 45 179
43 114 177
16 75 168
160 225 1
27 242 240
91 176 67
21 200 200
32 225 62
25 61 25
36 163 107
5 160 1
52 182 116
7 165 165
210 254 116
25 152 25
36 38 93
67 123 25
108 171 84
32 146 185
5 109 203
155 176 67
199 224 48
198 223 144
25 94 25
84 86 84
135 231 83
27 82 240
53 107 155
36 134 64
56 66 48
67 184 67
186 243 243
76 114 58
188 220 200
84 177 84
25 157 25
56 64 64
121 227 83
191 221 205
78 193 69
58 70 58
88 181 177
176 249 67
61 130 93
92 185 185
18 235 155
49 121 205
7 92 90
113 171 168
73 242 185
170 187 203
106 235 255
36 155 155
100 168 168
72 148 202
53 243 243
203 230 230
126 158 90
186 208 179
51 230 51
63 89 165
28 29 203
47 253 255
1 244 1
91 147 91
68 168 168
164 255 255
71 105 62
25 180 25
147 241 80
39 255 255
133 170 23
38 103 93
23 225 62
3 25 25
146 170 84
102 186 179
28 235 203
101 225 168
21 210 165
227 255 255
105 131 205
69 253 69
120 214 1
197 235 58
20 189 80
95 248 140
84 255 255
60 86 19
60 160 1
5 126 91
50 212 116
29 170 58
240 249 240
121 169 161
122 151 64
83 152 83
213 224 83
77 171 155
29 51 51
116 125 179
228 251 243
55 91 67
155 192 155
127 153 192
138 152 205
142 203 74
42 150 179
188 207 48
157 160 1
38 232 64
37 51 51
27 240 240
73 182 93
13 99 25
188 225 62
12 157 69
82 113 168
45 253 140
38 138 205
92 179 179
23 148 23
136 243 243
25 67 25
69 90 69
170 241 80
75 250 51
12 234 69
55 233 67
103 192 93
30 32 185
82 253 19
118 179 179
45 174 140
76 247 230
181 253 192
97 235 74
85 94 1
67 189 67
22 235 67
23 154 23
137 189 84
85 126 1
171 221 205
204 220 144
1 64 1
138 218 205
219 248 107
52 171 116
76 181 58
62 101 168
199 218 48
88 115 62
19 189 19
84 189 84
35 125 179
105 149 25
201 212 255
19 202 202
128 209 240
142 222 25
48 175 48
210 255 255
79 109 240
40 240 240
173 182 177
135 175 202
76 109 203
101 173 168
23 93 23
179 217 179
59 226 255
140 237 165
83 240 240
30 170 202
146 219 84
105 157 205
65 67 67
51 127 51
98 143 165
134 247 64
211 239 161
28 134 64
108 152 84
85 158 1
245 255 255
18 103 93
17 35 177
23 112 23
64 91 64
69 231 69
38 86 93
96 248 144
198 220 144
29 212 23
133 225 62
67 255 255
65 75 69
9 160 1
43 57 84
54 114 189
57 92 90
122 228 243
79 162 240
121 201 255
33 91 140
152 186 90
19 108 84
183 186 62
6 84 84
140 181 140
2 42 179
32 112 185
209 255 255
14 120 1
10 104 161
9 104 240
13 144 144
33 179 179
49 170 205
30 243 243
51 156 51
82 243 243
20 168 168
32 46 185
130 170 155
116 153 116
76 95 140
169 192 161
206 220 161
145 253 189
75 216 51
240 251 240
45 74 74
71 183 62
20 95 140
7 176 67
83 109 83
168 248 168
5 190 192
62 91 62
40 171 243
17 200 200
25 175 25
184 228 243
97 133 23
95 156 140
13 236 202
100 117 171
61 104 161
108 161 161
72 121 202
71 193 62
90 176 67
22 23 67
118 178 62
51 123 25
214 219 83
52 81 116
145 169 161
116 228 116
45 235 140
141 150 23
39 171 23
1 147 1
150 249 67
157 163 74
2 239 161
22 142 67
17 248 177
37 177 177
202 255 255
101 249 168
12 243 243
121 163 171
38 62 62
155 218 93
24 87 243
251 255 255
46 168 168
110 236 90
190 194 54
194 250 203
25 35 25
36 111 107
45 81 140
134 232 64
49 55 67
91 165 165
172 205 205
24 219 107
74 208 179
69 150 69
49 128 205
34 171 171
10 62 62
168 202 168
152 177 230
11 201 255
204 255 255
132 227 179
50 179 179
8 243 243
179 208 179
117 182 80
25 252 161
67 133 67
81 127 58
90 245 144
98 210 165
105 129 205
197 241 58
145 202 202
138 165 205
74 235 74
10 171 84
10 222 25
208 224 179
109 236 230
74 198 144
77 123 25
16 62 168
163 177 177
46 231 185
72 247 202
34 52 116
128 136 83
183 210 62
173 211 171
158 235 90
65 197 69
226 243 240
55 75 67
10 57 84
9 107 240
210 247 165
90 235 90
94 178 165
31 69 1
86 209 240
69 97 69
107 219 107
17 69 69
169 209 240
33 182 140
186 244 90
179 228 179
32 69 185
128 174 140
53 191 155
26 244 19
107 256 168
48 110 90
127 170 80
45 67 67
14 105 1
34 247 171
53 54 155
204 231 144
12 112 69
87 188 243
55 235 67
48 147 48
9 51 240
27 222 240
62 72 62
160 249 1
192 211 171
76 179 179
67 103 67
10 70 84
69 190 69
11 153 144
93 242 185
127 232 64
186 240 240
124 192 69
101 164 116
90 146 90
21 252 161
70 170 80
67 192 67
179 204 179
105 179 179
77 254 116
11 143 144
108 203 84
193 221 205
43 173 177
116 118 116
103 248 93
94 237 165
19 172 19
57 95 84
78 81 69
3 255 255
113 167 168
1 110 1
195 229 255
100 165 165
81 219 107
55 117 67
24 235 189
51 76 51
85 91 1
185 253 185
142 254 116
150 256 168
114 139 107
8 129 48
113 235 168
114 224 230
130 253 155
122 255 255
27 255 255
93 179 179
142 159 74
4 70 116
11 108 144
157 174 74
56 171 171
149 255 255
185 228 243
6 102 179
64 145 64
94 128 165
67 131 67
24 158 90
214 231 83
67 227 67
2 76 58
1 211 1
25 137 25
97 175 202
81 165 165
100 159 51
81 243 243
18 253 155
179 202 179
125 235 179
49 156 205
89 143 165
111 241 80
130 250 155
234 248 64
101 154 168
48 92 90
248 256 168
167 206 168
189 224 230
164 188 116
20 83 83
122 179 179
119 125 179
19 143 165
120 184 1
89 193 205
116 181 116
6 172 19
57 153 84
81 212 23
148 229 58
205 230 205
20 45 140
168 171 168
30 240 240
21 35 200
48 66 48
19 253 19
17 94 165
121 151 171
36 87 243
44 178 19
65 205 69
182 186 90
100 151 171
51 83 83
70 253 54
24 90 90
23 110 23
198 255 255
137 211 84
21 37 200
93 146 93
31 129 1
15 37 51
104 240 240
43 185 185
218 231 83
14 73 1
38 67 67
42 80 179
177 200 200
4 223 116
137 183 62
32 65 185
82 156 19
52 238 116
169 179 179
116 132 179
2 248 182
155 179 179
134 234 64
178 233 74
18 96 144
28 226 240
11 174 144
33 170 140
31 148 1
89 141 23
59 80 255
184 224 200
117 162 74
65 165 69
82 173 19
146 207 48
50 204 116
85 191 1
28 156 203
61 205 205
37 209 240
126 197 91
41 181 243
56 81 230
62 81 62
23 66 23
58 220 155
91 138 205
25 193 25
26 135 177
143 222 25
46 126 185
23 30 23
49 62 62
66 237 165
86 139 19
24 48 48
149 153 25
24 214 83
26 122 64
134 185 185
29 63 58
7 171 90
33 224 230
117 191 107
112 236 230
47 238 255
116 240 116
127 231 83
13 175 202
79 179 179
56 185 185
14 228 1
2 142 74
7 196 90
1 7 1
30 114 202
50 188 116
18 25 25
60 176 67
13 30 202
179 222 179
77 205 205
123 150 25
29 45 140
12 84 69
7 238 90
86 244 19
110 141 23
39 146 23
41 43 243
131 144 144
93 172 93
178 229 91
142 205 205
88 195 255
125 172 179
54 98 202
51 91 51
110 207 90
67 242 185
152 197 230
106 236 255
79 116 116
23 152 23
44 223 51
243 251 243
137 243 243
25 239 161
49 188 205
1 118 1
25 142 25
44 118 62
26 232 64
34 144 144
40 251 243
38 160 1
180 191 107
23 62 62
89 208 179
104 148 161
35 122 64
108 238 200
24 161 161
58 230 230
146 158 90
112 215 67
50 228 116
2 218 93
144 186 144
212 256 168
92 240 240
162 165 165
53 220 155
90 214 90
99 125 179
148 220 155
13 76 202
26 129 177
45 145 140
197 229 58
76 93 93
103 216 64
24 153 189
1 94 1
65 244 69
120 254 1
116 198 116
29 60 58
66 160 1
145 207 48
37 122 64
140 152 230
8 255 255
43 201 255
8 39 23
83 117 83
147 193 205
22 80 67
4 117 116
34 159 51
105 153 205
54 175 202
62 154 62
194 243 243
18 130 155
41 104 243
89 186 165
179 255 255
40 57 243
132 135 179
127 152 230
210 230 165
2 139 107
86 103 93
88 172 177
212 234 23
12 74 69
95 187 203
13 201 255
74 230 74
140 172 203
131 199 48
171 208 179
23 90 23
28 89 165
51 250 51
195 255 255
56 84 84
27 120 1
29 81 58
119 214 83
83 202 202
69 234 69
58 116 116
83 241 83
126 185 185
144 205 144
186 237 165
170 196 51
25 101 168
79 215 240
210 240 240
14 165 1
138 143 205
103 205 205
19 129 19
83 156 83
48 94 165
51 97 74
126 245 144
43 172 177
145 223 51
118 138 62
114 140 140
205 235 205
79 207 240
160 228 1
126 222 25
30 211 202
94 227 165
95 236 230
18 113 168
111 184 200
139 200 200
145 256 168
177 185 185
10 130 155
90 156 90
110 144 144
84 90 90
238 245 144
22 40 243
95 134 64
30 98 202
55 171 67
68 133 23
91 205 205
8 23 23
33 200 200
158 255 255
51 239 161
174 232 64
93 118 62
131 183 62
134 164 116
1 204 1
44 113 168
12 29 69
7 179 179
96 116 116
25 122 25
91 219 107
15 149 25
74 139 74
182 242 185
108 205 205
139 187 107
144 161 161
24 49 205
22 71 62
231 240 240
40 157 243
24 106 255
1 235 1
1 105 1
71 165 62
87 125 179
22 62 62
58 171 171
111 231 83
31 160 1
165 226 240
169 189 161
161 164 116
25 228 243
20 183 62
124 154 69
57 158 90
28 137 84
99 227 25
130 216 64
116 242 116
76 148 58
183 196 62
113 114 168
49 193 205
53 96 144
109 135 203
21 206 161
50 53 116
127 160 1
141 212 23
196 235 51
21 90 90
116 138 116
75 100 51
57 235 84
174 235 140
75 146 51
162 186 90
130 189 155
69 78 69
89 127 165
119 164 116
111 190 182
100 126 171
150 179 179
83 124 69
104 171 161
203 204 144
105 203 205
69 142 69
33 45 140
14 25 1
238 246 200
5 28 203
62 228 243
25 105 25
13 153 202
147 178 91
54 179 179
51 249 67
128 223 51
96 255 255
41 118 243
127 240 240
134 231 83
16 73 168
63 167 168
34 241 171
1 67 1
19 43 19
99 185 25
37 252 161
171 245 144
64 253 64
158 230 90
1 11 1
5 215 67
111 196 51
126 246 91
84 205 205
104 164 116
104 241 161
32 184 185
45 232 64
104 150 161
54 84 84
75 145 51
116 150 116
3 63 185
123 133 25
113 249 168
31 240 1
79 132 179
224 247 230
53 140 155
6 76 19
67 198 67
136 151 83
32 84 185
36 80 107
42 255 255
8 245 144
153 220 155
67 197 67
111 146 84
39 62 62
206 213 161
108 172 84
227 237 165
28 74 74
15 45 51
189 235 189
27 165 240
79 256 240
21 182 200
70 224 230
128 205 205
173 189 177
144 230 144
182 240 240
46 240 240
1 173 1
92 113 168
28 109 203
127 184 200
140 187 203
229 241 80
82 100 171
168 189 168
11 125 179
4 240 116
19 190 19
202 245 144
154 163 69
42 198 179
64 119 64
96 151 144
112 170 80
31 78 1
67 215 67
35 248 182
105 138 205
46 77 185
106 113 255
205 242 185
84 236 84
62 188 62
5 127 192
133 183 62
33 83 83
200 246 200
152 224 230
152 250 230
166 185 25
22 249 67
80 244 19
9 39 240
154 180 69
49 255 255
153 155 155
133 174 23
48 139 48
12 69 69
2 43 177
13 126 202
22 69 67
77 115 62
96 98 144
83 182 83
125 246 179
155 228 243
28 116 116
116 196 116
51 165 165
31 147 1
97 221 205
129 189 189
67 217 185
69 128 69
140 168 168
10 95 84
133 161 161
48 213 48
249 255 255
13 20 202
235 248 182
14 219 1
78 224 69
160 235 1
1 29 1
33 173 177
117 168 168
100 235 171
148 149 25
48 145 48
23 198 144
48 232 48
143 200 165
58 243 243
73 78 69
91 226 240
57 244 84
25 96 25
231 239 161
36 160 1
120 235 1
44 212 23
52 146 116
87 145 243
63 199 48
146 197 84
88 193 205
68 180 23
154 238 69
25 166 25
91 172 203
77 202 202
152 223 51
57 61 93
174 205 205
5 38 93
103 182 93
25 169 161
232 251 243
239 242 161
95 199 48
126 128 140
64 90 90
127 180 107
159 235 51
82 86 19
152 231 83
67 101 168
92 237 165
4 235 116
157 226 240
94 213 165
19 221 205
126 178 91
132 235 179
66 100 48
38 253 93
62 204 62
131 227 48
170 220 155
35 168 168
162 249 67
198 200 144
71 223 62
7 67 67
119 234 64
73 116 116
13 174 202
91 134 64
186 210 165
79 235 240
219 242 185
125 171 179
37 189 189
69 85 1
23 145 23
124 167 168
36 64 64
18 139 155
38 185 185
145 152 230
72 175 202
117 194 80
190 211 171
179 225 179
106 162 255
4 129 116
35 71 62
177 250 177
16 219 168
4 72 116
16 187 168
171 249 67
43 155 155
83 139 83
66 161 161
157 244 74
151 243 243
3 155 185
126 192 91
181 196 51
51 126 51
74 108 74
77 224 155
82 122 64
201 255 255
96 159 144
119 204 144
163 248 182
27 235 240
23 204 144
113 250 168
152 172 230
25 229 25
49 50 116
91 98 202
43 134 64
145 235 189
57 108 84
137 187 84
58 246 91
13 177 202
84 126 84
28 243 243
12 126 69
36 119 107
140 224 230
136 163 83
119 246 91
106 256 255
49 251 243
76 225 62
59 201 255
13 176 67
119 179 179
9 212 240
123 216 25
6 46 185
121 171 171
92 208 179
160 191 1
9 116 116
178 246 91
31 49 1
129 169 161
46 136 185
91 144 144
104 232 161
147 238 200
38 144 144
23 77 23
9 23 240
116 252 116
3 191 185
85 175 1
60 70 189
137 227 83
78 133 23
80 243 243
38 216 64
86 107 19
62 76 62
102 203 179
48 133 23
25 57 25
162 182 74
3 217 185
148 197 58
32 116 116
134 240 240
138 150 205
119 155 155
154 187 69
37 47 255
71 102 179
90 133 23
61 185 185
25 176 25
49 248 205
127 243 243
62 197 62
156 190 91
171 227 83
144 154 144
14 217 1
246 249 67
61 183 62
17 85 1
112 185 185
10 114 84
23 251 243
187 246 203
61 159 51
82 216 64
45 135 140
157 198 144
144 235 144
130 174 155
26 106 255
144 179 179
93 218 93
70 205 205
1 212 1
60 92 90
8 12 69
58 219 107
215 218 67
116 142 116
65 234 69
114 193 205
48 194 48
47 176 255
20 211 171
29 225 62
38 61 93
5 214 83
55 57 67
196 229 51
188 189 200
67 82 67
10 93 93
38 214 83
84 117 84
8 235 48
35 131 48
98 161 161
162 179 179
161 201 255
180 252 161
209 220 240
15 73 51
53 121 155
41 240 240
119 146 84
25 45 25
112 194 54
69 215 67
67 178 67
121 211 171
84 147 84
102 213 179
69 181 69
60 118 62
92 235 90
4 55 116
158 202 90
230 243 243
8 63 48
109 142 74
3 222 25
21 42 179
8 185 185
125 231 179
163 224 230
120 175 1
5 96 144
26 207 48
116 235 116
194 222 25
21 202 202
9 89 240
111 235 182
129 153 189
1 31 1
36 159 51
33 185 185
142 179 179
72 235 202
72 202 202
5 213 83
12 256 168
130 191 155
111 163 182
155 181 155
159 214 83
81 147 58
64 132 179
67 145 67
67 98 67
43 103 93
77 116 116
52 57 116
21 255 255
100 137 84
2 90 90
97 101 168
32 181 185
1 165 1
55 63 67
1 144 1
133 173 23
116 254 116
190 209 240
73 126 93
171 186 90
23 241 23
67 210 67
212 232 23
37 194 182
17 156 177
81 168 168
32 190 185
119 148 91
38 145 93
112 220 155
121 158 90
5 248 182
133 223 23
74 181 74
213 231 83
30 124 69
82 249 67
102 189 179
119 147 91
69 220 69
40 71 243
19 180 19
123 185 25
65 195 255
25 134 25
74 223 74
153 200 200
28 54 203
89 237 165
172 192 203
177 232 64
116 214 116
84 91 84
5 48 48
84 214 83
135 181 54
175 240 240
58 81 58
106 177 255
161 205 161
209 243 240
153 156 91
74 150 200
19 49 205
67 121 67
48 129 48
109 168 168
1 109 1
149 197 25
56 105 205
139 229 107
109 129 203
122 241 64
4 164 116
43 80 177
174 201 255
63 109 203
72 163 202
51 141 23
83 155 83
160 190 1
51 185 185
163 205 205
115 241 62
19 182 19
33 197 140
5 72 202
33 177 177
242 253 185
23 140 23
190 248 182
77 246 155
69 158 69
139 161 161
116 223 116
102 156 179
151 235 171
92 174 90
48 69 69
63 117 80
51 152 51
1 226 1
62 171 62
86 88 19
25 149 25
51 106 255
66 179 179
74 255 255
82 185 185
60 108 84
68 151 23
95 193 205
51 57 51
209 226 240
161 194 161
84 170 84
96 128 144
48 186 90
35 42 179
12 194 69
240 254 116
29 231 83
99 127 25
113 137 168
84 232 64
62 176 62
5 211 171
199 235 48
22 116 116
78 86 69
116 215 116
20 101 168
38 255 255
124 157 69
45 95 140
15 183 62
137 142 74
54 246 91
124 185 185
20 192 80
236 252 161
84 197 84
170 255 255
1 170 1
137 145 84
37 64 64
1 132 1
225 243 243
67 108 67
100 169 161
45 243 243
13 205 205
58 164 116
29 155 155
236 239 161
27 226 240
51 229 51
57 137 84
124 153 69
107 114 107
32 212 185
136 169 161
92 188 90
175 237 165
77 158 90
184 238 200
27 179 179
130 228 243
147 168 168
71 116 116
232 250 64
51 134 51
19 236 19
17 73 93
1 16 1
12 164 116
41 165 243
116 234 116
119 121 171
1 82 1
28 233 74
6 195 255
30 154 69
68 212 23
80 81 58
144 207 144
92 158 90
95 192 140
73 155 93
202 222 25
1 251 1
187 215 67
6 110 90
77 191 155
32 106 255
161 212 161
6 64 64
16 235 168
30 48 48
16 45 168
164 223 116
101 162 168
25 138 25
48 250 48
95 180 107
182 234 64
122 216 64
47 224 255
91 180 107
20 240 240
74 232 74
68 157 23
4 52 116
61 239 161
184 197 200
102 116 179
185 204 185
184 188 200
130 194 155
178 215 67
151 246 171
142 241 74
131 191 48
75 77 51
67 176 67
220 246 155
146 232 64
157 243 243
194 212 23
29 250 203
112 147 54
151 188 200
150 192 200
110 137 90
102 194 179
110 185 185
73 136 83
25 102 179
54 201 255
138 154 69
1 84 1
43 126 177
129 170 80
80 123 25
119 168 168
234 246 64
177 237 165
8 24 48
45 107 107
18 78 69
94 210 165
53 148 155
156 172 203
100 227 83
160 167 1
88 235 177
70 112 54
1 166 1
30 78 69
29 206 161
245 248 144
15 158 90
16 167 168
100 155 155
13 72 202
44 159 51
60 253 189
23 52 116
99 204 25
138 240 240
22 110 67
20 162 74
34 190 171
69 227 69
148 235 58
33 108 84
173 255 255
204 235 144
47 179 255
46 242 185
203 235 203
32 250 185
75 129 51
93 122 64
52 227 116
24 182 189
45 236 230
6 255 255
18 80 155
127 182 182
28 130 155
26 219 107
94 243 243
26 193 205
90 95 90
73 172 93
48 216 48
128 197 140
19 211 171
22 58 67
64 155 64
95 114 140
10 67 67
35 60 189
7 158 90
146 182 84
63 204 144
177 239 161
79 224 240
142 237 165
93 103 93
40 179 179
239 252 161
153 187 203
46 122 185
107 187 107
39 63 23
70 216 64
56 87 243
80 94 165
116 123 116
196 246 51
81 175 202
92 251 243
163 221 205
90 227 90
90 193 205
62 255 255
15 233 74
69 95 69
48 230 48
96 122 144
15 67 67
154 235 69
6 214 83
142 235 74
1 8 1
35 181 192
94 108 165
55 146 67
128 217 185
78 240 240
164 240 116
53 83 83
127 176 67
142 215 67
140 241 140
104 252 161
164 251 116
232 240 240
85 176 1
34 223 51
49 169 161
17 247 230
46 156 185
54 111 182
15 245 144
67 91 67
67 69 67
120 255 1
192 233 74
124 254 116
9 66 240
38 224 93
48 142 48
57 171 84
179 236 179
70 146 84
24 148 58
1 45 1
167 240 240
35 249 67
76 170 58
178 205 205
117 187 203
91 238 200
65 95 69
216 250 64
12 39 23
147 225 62
125 226 179
136 256 168
62 88 62
235 254 116
57 143 165
25 216 25
83 100 83
60 147 189
15 53 51
36 240 240
241 249 67
89 168 168
125 166 179
172 232 64
95 222 25
6 192 19
214 227 83
28 250 203
57 74 74
32 87 243
35 161 161
77 223 51
205 233 205
84 179 179
111 117 80
170 236 230
64 175 202
56 175 202
151 185 185
45 230 230
6 10 84
126 211 171
40 96 243
128 152 230
185 229 185
78 169 161
19 100 171
73 152 93
62 240 240
93 97 74
42 140 179
111 172 203
84 127 84
41 243 243
239 244 161
76 177 177
17 252 161
248 255 255
215 238 67
2 51 51
240 253 240
143 214 165
45 220 155
107 224 107
170 216 64
34 245 144
35 218 93
64 247 64
102 164 179
137 190 84
33 253 140
63 172 203
124 243 243
4 50 116
83 170 83
217 235 185
95 129 140
19 125 179
117 253 80
39 91 23
102 245 179
28 33 203
70 96 144
1 140 1
165 252 161
45 211 171
19 151 171
153 176 67
83 171 83
1 18 1
42 208 179
107 180 107
14 220 1
112 181 192
43 202 202
227 242 185
59 179 255
53 230 155
13 243 243
54 77 155
139 219 107
169 227 161
45 229 140
82 128 19
112 197 58
21 95 200
171 202 202
239 256 168
32 242 185
24 60 189
212 245 144
53 98 202
89 249 67
170 200 200
49 69 69
43 84 84
63 111 182
1 30 1
129 198 144
79 190 240
7 168 168
76 230 230
29 66 48
18 219 155
135 197 58
71 240 240
179 207 179
130 177 155
88 217 185
186 235 90
69 162 69
138 241 205
130 185 185
44 172 19
226 227 240
56 164 116
71 196 62
213 220 83
101 136 168
250 256 168
46 235 185
86 183 62
177 235 177
219 224 107
188 235 200
137 218 93
146 164 116
20 152 230
20 182 80
55 135 67
151 194 171
43 179 179
19 256 168
1 2 1
100 147 171
110 246 90
35 253 192
92 145 90
80 144 144
185 241 185
84 162 74
35 173 177
62 243 243
97 200 200
133 247 23
62 216 62
196 215 67
24 77 155
67 216 67
178 217 185
114 147 189
171 230 171
44 63 19
95 254 116
33 58 140
1 201 1
34 126 171
28 187 203
81 82 19
13 123 25
95 250 203
33 237 165
118 212 62
26 69 69
66 217 185
103 232 64
67 250 67
54 119 91
235 236 230
47 135 255
109 217 185
85 230 1
143 235 165
22 205 67
89 161 161
2 19 19
19 250 19
1 217 1
51 224 51
64 101 168
29 80 58
214 216 83
117 139 107
171 182 171
97 157 74
69 137 69
162 208 179
100 135 171
62 211 62
116 256 116
100 188 200
9 16 240
144 227 144
155 156 155
68 145 23
159 242 185
101 147 168
90 143 165
28 43 177
64 108 64
139 230 107
98 114 202
157 224 74
19 179 179
129 151 171
204 230 144
30 110 90
23 67 67
8 195 255
29 236 230
3 148 185
156 253 91
42 200 179
51 122 51
11 129 144
94 165 165
57 84 84
114 129 189
18 72 202
170 202 202
193 208 179
221 243 243
157 194 74
108 244 84
41 68 243
240 243 240
68 162 23
179 218 179
215 249 67
140 245 144
102 220 179
112 135 54
64 144 144
96 198 144
168 179 179
211 236 171
98 205 205
45 114 140
66 228 243
55 62 62
37 236 230
220 242 185
74 148 74
12 115 62
168 207 168
41 130 243
116 213 116
25 65 25
195 220 255
61 223 51
1 222 1
203 247 230
139 152 107
48 179 179
54 99 25
24 71 62
140 178 140
92 163 90
152 253 230
112 158 90
47 123 255
81 145 58
108 221 205
103 218 93
129 188 200
146 236 84
82 183 62
78 154 69
86 238 200
155 165 165
142 200 200
136 170 83
211 219 171
25 97 25
50 87 116
19 195 255
77 242 185
116 141 116
33 99 25
54 128 140
19 157 74
186 234 90
31 170 1
166 170 25
16 74 168
26 29 177
150 235 200
70 150 200
66 186 90
7 62 62
24 189 189
144 187 144
10 236 84
75 223 51
107 221 205
66 115 62
117 156 91
80 140 140
216 232 64
24 105 205
125 179 179
124 200 69
160 237 1
191 235 107
127 151 171
43 200 200
66 244 48
129 173 177
1 248 1
25 75 25
9 240 240
47 248 255
72 206 161
140 175 202
158 168 168
50 240 116
115 139 62
6 239 161
127 249 67
167 170 168
142 236 74
230 245 144
208 255 255
195 245 255
31 114 1
41 150 243
48 84 48
59 60 255
59 130 255
88 216 64
110 135 90
119 139 107
138 219 205
165 194 165
107 243 243
79 105 240
127 228 243
85 92 1
56 69 69
25 136 25
166 215 25
1 254 1
106 179 255
82 109 19
124 214 69
228 250 243
71 241 62
37 198 144
25 114 25
26 88 177
161 231 161
185 193 185
13 185 185
35 74 74
165 253 165
73 223 51
187 202 202
82 107 19
24 104 161
216 240 240
6 75 51
33 206 161
41 46 243
164 227 116
13 184 202
34 156 171
189 208 179
181 182 182
205 240 240
25 69 25
168 196 168
227 231 83
32 179 179
30 168 168
186 227 90
164 172 116
243 255 255
159 243 243
110 223 90
131 241 48
115 183 62
6 17 19
7 184 90
165 218 165
98 212 23
111 237 165
5 35 192
156 208 179
34 196 51
179 199 179
17 237 165
111 120 1
146 253 84
23 127 23
152 165 165
63 176 67
103 178 93
43 130 155
242 243 243
52 218 116
241 253 80
56 112 230
76 82 19
78 177 69
42 91 179
25 53 25
185 247 185
166 192 25
132 215 179
51 255 255
60 74 74
10 218 93
93 237 165
46 83 185
124 181 69
74 256 168
29 168 168
54 189 189
78 116 116
63 181 182
170 247 230
6 19 19
50 164 116
1 188 1
48 125 179
162 181 74
2 26 177
132 179 179
48 100 48
90 186 90
55 176 67
120 250 1
12 67 67
17 93 93
140 203 203
194 227 83
10 111 84
66 116 116
118 224 62
109 240 240
22 123 25
62 224 62
53 175 202
23 35 23
1 92 1
25 185 25
144 149 25
62 146 62
60 145 189
187 212 23
79 240 240
18 36 155
116 227 116
136 237 165
200 236 200
1 58 1
33 171 171
135 190 54
62 238 62
37 243 243
30 241 202
197 216 64
1 113 1
17 223 51
25 34 25
61 250 93
126 140 140
92 148 90
22 225 62
46 80 185
138 141 23
9 226 240
23 179 179
15 134 51
23 41 243
200 231 200
151 184 200
115 172 62
60 194 189
16 54 168
17 97 74
74 100 74
44 88 19
104 170 161
35 110 90
150 180 200
9 20 240
45 53 155
44 232 64
10 163 84
39 232 23
43 249 67
172 218 93
36 48 48
142 206 161
103 224 93
11 67 67
243 254 116
60 142 74
17 46 185
35 225 62
89 158 165
75 159 51
19 192 19
135 209 240
1 162 1
35 190 192
54 60 189
168 176 168
172 230 230
94 134 165
67 147 67
87 126 243
140 161 161
107 223 51
5 93 93
23 138 23
232 234 64
141 244 23
153 207 48
28 121 171
36 230 107
26 170 177
68 220 23
24 244 19
70 231 83
61 178 93
121 178 171
173 192 177
23 244 23
24 174 140
65 84 69
79 85 1
26 92 90
117 150 200
140 158 90
41 60 243
121 202 202
14 214 1
108 137 84
66 181 48
54 136 83
27 190 240
105 107 205
147 182 182
133 145 23
155 170 155
1 151 1
154 252 161
25 161 161
118 244 62
74 184 200
63 116 116
165 171 165
30 35 202
43 104 161
19 170 19
21 73 200
178 253 91
17 74 74
57 199 48
61 73 93
133 207 23
164 241 116
46 246 185
7 118 62
39 250 23
213 240 240
228 240 240
100 180 171
106 131 255
115 243 243
129 135 189
31 38 1
192 235 192
112 229 80
90 189 90
51 173 51
6 150 200
20 191 107
151 162 74
34 199 48
27 245 240
7 93 90
59 137 255
85 161 1
46 208 179
54 251 243
21 57 200
64 151 64
165 233 165
58 198 144
8 76 48
120 169 1
127 181 192
86 102 179
27 225 240
67 146 67
135 203 203
58 158 90
72 227 202
167 177 168
188 192 200
120 130 1
111 178 91
137 174 84
126 217 185
36 128 107
22 67 67
62 89 62
168 227 168
61 147 93
142 233 74
46 186 185
135 210 165
173 217 185
124 246 69
170 229 80
83 98 202
45 80 140
123 183 62
25 191 25
25 58 25
177 243 243
22 25 25
113 117 168
113 168 168
1 164 1
212 255 255
10 189 84
55 209 240
12 127 69
85 231 1
41 114 243
2 217 185
1 234 1
111 205 205
19 51 51
49 105 205
8 202 48
5 187 203
126 196 51
150 212 23
48 128 48
199 251 243
37 112 182
98 153 202
83 214 83
173 245 144
59 138 255
74 155 74
71 225 62
57 148 84
33 244 19
70 91 91
182 183 62
24 72 202
62 186 62
21 199 48
90 184 90
217 231 185
156 158 90
81 216 64
70 155 155
113 190 168
136 165 165
114 123 25
56 108 84
86 165 165
74 200 200
153 182 182
149 240 240
30 173 202
152 252 161
130 235 155
151 171 171
69 171 69
116 226 116
145 181 189
74 219 74
53 173 155
36 255 255
30 43 202
69 211 69
16 79 240
59 97 255
62 179 179
107 253 107
35 235 192
203 225 62
108 247 84
150 238 200
137 225 62
91 206 161
80 208 179
8 59 255
82 196 51
37 180 107
148 240 240
16 64 168
179 246 179
26 228 243
165 234 165
137 178 84
2 161 161
61 83 83
51 217 185
51 179 179
65 125 179
74 75 74
64 185 185
7 133 23
65 154 69
60 192 189
1 72 1
203 252 161
57 81 84
83 160 1
2 106 255
168 217 168
96 100 144
50 173 116
27 209 240
179 237 179
144 232 144
94 171 165
13 170 202
12 78 69
2 23 23
19 86 19
122 126 64
122 239 161
48 207 48
76 80 58
127 168 168
35 255 255
143 250 165
2 128 140
114 146 84
246 255 255
187 234 64
152 194 230
109 155 155
177 189 177
19 191 19
116 127 116
8 196 48
53 118 62
1 75 1
62 149 62
146 235 84
40 197 243
73 97 74
36 188 200
192 255 255
22 85 1
18 153 155
81 103 93
87 229 243
149 222 25
79 94 240
19 26 19
84 239 161
64 251 243
9 185 240
124 205 69
66 123 25
43 69 69
21 138 205
30 252 161
178 235 91
57 221 205
63 100 171
45 128 140
2 255 255
154 256 168
35 193 205
101 210 168
71 168 168
182 228 243
122 164 116
37 246 91
155 158 90
123 211 25
141 185 185
194 220 155
10 191 84
77 168 168
66 177 48
61 184 200
47 235 255
20 50 116
104 123 161
6 235 19
135 239 161
202 236 202
58 117 58
136 227 83
62 134 62
91 153 91
163 175 202
12 122 69
18 252 161
15 235 51
72 248 202
1 252 1
112 211 171
145 173 177
82 92 90
187 247 230
170 172 203
112 254 116
92 205 205
56 67 67
2 96 144
26 197 177
144 150 144
31 54 1
215 245 67
25 242 25
43 247 230
168 193 168
77 157 74
111 194 182
180 243 243
105 213 205
171 233 74
5 130 155
6 8 48
21 54 200
84 168 168
5 181 192
210 224 165
5 114 189
15 77 51
97 146 74
9 27 240
156 220 155
13 251 243
54 158 90
87 189 243
62 68 62
60 230 230
53 76 155
157 193 205
36 182 107
88 173 177
12 59 255
225 247 62
192 208 179
60 220 155
45 142 74
69 230 69
47 202 255
19 223 51
196 220 51
118 225 62
44 121 171
42 233 179
92 110 90
149 156 25
48 218 48
252 253 161
241 254 116
35 127 192
38 202 202
107 236 107
107 255 255
4 43 116
2 192 182
82 94 165
44 142 74
181 197 58
11 46 185
170 253 80
103 115 62
64 213 83
21 167 168
147 248 182
191 192 107
149 203 25
96 118 62
25 182 25
194 226 240
3 132 179
135 237 165
235 238 200
222 249 25
44 169 161
127 197 58
2 226 240
17 253 177
16 243 243
17 105 205
56 205 205
162 168 168
70 173 177
169 236 161
21 243 243
115 118 62
136 138 205
147 152 230
120 127 1
81 240 240
23 243 243
1 158 1
90 153 90
23 61 23
76 99 25
117 153 80
11 225 62
61 140 93
3 184 185
179 212 179
45 71 62
107 200 200
87 228 243
40 51 243
151 199 48
50 199 116
75 235 51
55 208 179
121 221 205
75 98 202
155 247 155
111 113 168
70 73 93
19 199 48
10 188 200
166 255 255
26 240 240
9 198 240
87 184 243
153 191 107
26 118 62
78 254 116
60 87 243
76 192 58
26 123 25
19 76 19
109 139 107
200 202 202
122 180 64
33 233 74
26 108 84
24 223 51
96 187 144
75 231 83
32 48 185
1 177 1
172 250 203
24 227 83
59 126 255
137 214 83
226 238 240
39 239 161
77 93 93
45 54 140
146 244 84
101 163 168
85 237 1
140 148 140
58 132 179
61 134 64
247 256 168
112 168 168
148 159 51
165 203 165
96 245 144
45 159 51
15 160 1
26 40 243
114 201 255
4 76 116
113 182 168
39 224 23
145 163 189
51 240 240
169 207 161
23 96 144
123 198 25
35 210 165
39 120 1
153 164 116
162 214 74
36 202 202
49 158 205
167 242 168
45 196 51
153 170 80
80 110 90
30 157 202
125 208 179
80 148 58
1 169 1
12 38 69
5 117 80
23 157 23
87 105 243
24 50 116
20 228 243
75 84 51
117 177 177
1 242 1
19 235 19
28 148 203
61 212 23
171 199 48
44 143 165
50 161 116
126 152 230
61 172 93
20 60 80
29 235 58
44 69 69
130 180 155
9 113 240
67 83 67
182 241 80
77 230 155
31 76 1
44 215 67
38 173 93
43 119 177
55 249 67
1 13 1
90 100 90
95 109 203
103 162 74
32 70 185
147 190 54
76 110 90
33 82 19
67 74 67
136 225 62
15 75 51
159 196 51
10 87 243
26 43 177
100 196 51
114 232 64
161 247 161
51 203 51
54 184 200
155 171 155
6 88 19
29 244 19
20 26 177
20 43 177
67 223 67
1 160 1
57 155 155
36 42 179
179 240 179
2 202 202
23 43 23
179 206 179
95 202 202
9 146 240
3 80 185
122 217 185
153 202 202
28 165 165
5 168 168
36 138 205
36 67 67
83 181 83
2 18 155
45 248 140
157 235 74
205 231 205
85 113 1
199 207 48
185 191 185
60 117 80
46 227 185
45 139 107
44 191 19
1 54 1
70 139 107
70 115 62
1 91 1
76 246 91
162 180 74
153 229 80
143 225 62
67 105 67
95 111 140
19 131 48
2 236 230
144 159 144
179 214 179
110 122 90
137 146 84
1 89 1
60 167 168
141 158 23
32 67 185
2 81 58
62 105 62
115 237 62
135 147 54
13 85 1
20 241 80
6 72 202
52 55 116
79 115 240
5 197 58
63 153 182
212 213 23
68 161 161
63 182 182
50 255 255
116 136 116
177 253 177
103 116 116
97 148 74
23 213 23
142 150 200
30 33 202
73 89 165
23 255 255
22 191 67
69 98 69
54 163 54
25 128 25
84 240 240
6 126 19
23 162 23
95 235 140
17 179 179
118 199 62
157 212 23
69 217 185
93 249 67
12 185 185
62 92 62
169 238 161
37 81 58
13 23 23
36 157 74
179 213 179
78 144 144
116 218 116
53 141 23
101 157 168
202 207 48
56 199 48
173 203 177
62 202 62
20 96 144
1 134 1
205 210 205
239 241 161
90 158 90
89 221 205
188 250 200
34 46 185
236 247 230
65 239 161
187 220 155
182 235 182
67 200 67
41 145 243
3 100 185
3 167 168
15 223 51
144 213 144
54 214 83
30 210 165
114 197 58
20 153 80
214 235 83
101 113 168
25 143 25
45 156 140
44 137 84
141 252 161
3 112 185
189 244 19
43 53 155
15 199 48
24 176 67
92 247 90
179 215 179
153 188 200
103 130 93
29 72 202
105 202 205
2 37 182
26 37 177
169 223 161
74 128 74
42 142 179
179 245 179
108 213 83
19 163 19
53 151 155
77 226 240
7 230 90
38 218 93
10 132 179
44 244 19
93 126 93
174 187 203
60 203 203
91 114 91
68 90 23
134 179 179
126 182 91
187 235 203
3 185 185
1 240 1
28 39 23
228 235 243
137 185 185
31 120 1
13 223 202
210 246 165
9 201 255
76 130 155
129 159 51
17 168 168
20 117 80
129 145 189
28 117 203
64 221 205
1 111 1
140 197 140
12 144 144
85 178 1
220 222 25
18 58 155
120 160 1
167 168 168
63 253 182
194 225 62
68 114 23
61 224 93
52 119 116
25 184 25
165 188 165
70 134 64
178 197 91
43 48 48
78 163 69
211 215 67
30 123 25
139 199 48
107 206 161
28 256 168
69 130 69
112 137 84
44 173 19
147 209 240
96 243 243
193 255 255
93 139 93
8 92 90
91 174 140
33 195 255
127 173 177
80 180 107
148 223 51
39 235 23
129 162 74
121 156 171
14 243 1
26 70 177
77 124 69
123 163 25
31 135 1
30 179 179
96 139 144
113 160 1
174 185 185
47 171 255
16 203 168
64 238 200
95 104 161
152 239 161
120 176 1
170 235 80
187 213 83
154 232 69
179 226 179
83 142 74
123 235 25
37 165 165
32 125 179
35 163 54
235 240 240
204 245 144
139 174 107
93 134 64
67 78 67
125 218 179
43 242 185
29 152 230
60 227 83
5 108 84
105 255 255
49 220 205
28 185 185
116 146 116
11 217 185
168 185 168
157 158 90
24 205 205
82 205 205
43 81 177
83 200 200
83 220 83
98 245 144
143 169 161
116 149 116
230 241 230
66 75 48
118 144 62
122 233 74
73 179 179
94 175 165
2 49 205
90 244 90
18 99 25
52 180 116
21 27 240
202 250 202
23 105 23
188 212 23
23 117 23
69 210 69
64 224 64
220 253 155
36 231 83
86 162 74
89 116 116
153 161 161
97 197 74
39 111 23
30 72 202
51 135 51
41 67 243
116 231 116
235 253 127
10 48 48
25 254 116
23 184 23
181 213 83
165 231 165
41 128 243
170 197 58
89 123 25
15 92 90
72 204 144
89 226 240
5 115 62
172 234 64
52 85 1
136 200 200
8 237 165
30 49 205
64 201 255
28 111 203
165 184 165
57 220 155
74 216 74
62 245 62
134 200 200
83 126 83
167 231 168
174 199 48
114 161 161
79 238 240
69 157 69
39 84 23
31 255 1
116 185 116
107 181 107
8 186 90
146 159 51
124 244 69
218 244 93
34 68 23
35 177 177
15 86 51
3 161 161
29 189 58
169 235 161
169 212 161
73 250 93
89 175 165
168 206 168
226 240 240
16 240 240
67 231 67
63 194 182
113 252 168
125 202 179
25 243 243
82 190 19
41 195 255
15 226 240
47 185 255
43 49 205
7 106 255
58 256 168
80 170 80
109 117 203
103 194 93
81 84 84
21 140 200
19 173 19
93 169 161
235 246 91
1 245 1
7 185 185
81 190 58
218 243 243
20 147 80
57 219 84
164 219 116
108 153 84
25 212 25
225 250 62
107 184 200
220 235 155
168 255 255
72 238 202
96 137 144
118 218 62
23 73 23
51 228 243
67 135 67
172 236 230
79 81 240
67 84 67
22 181 67
12 136 69
82 121 171
13 62 62
54 229 80
135 204 144
218 247 93
142 154 69
235 247 230
70 241 80
213 235 83
179 252 179
48 127 48
1 22 1
148 219 107
64 87 243
103 235 93
159 195 255
121 177 171
47 71 255
63 197 58
143 237 165
49 93 205
141 216 23
26 162 74
140 198 144
70 202 202
94 151 165
185 255 255
74 121 74
119 240 240
44 58 19
36 129 107
181 209 240
51 53 51
71 184 62
34 97 74
54 200 200
32 196 185
132 251 179
154 161 161
105 128 205
137 206 161
23 233 23
95 148 140
90 211 90
69 206 161
109 147 203
7 115 62
12 143 69
15 74 74
103 236 93
38 172 93
35 84 84
54 156 91
64 246 64
20 197 58
10 255 255
131 179 179
111 192 182
140 246 140
156 231 83
40 41 243
116 154 116
159 221 205
73 211 93
67 119 67
83 112 83
16 115 168
1 80 1
34 112 171
19 219 19
78 246 69
143 238 165
69 218 69
39 57 23
71 243 243
79 229 240
180 219 107
18 183 62
94 241 165
139 185 185
78 197 69
6 86 19
3 111 185
108 189 84
10 202 202
97 116 116
50 195 255
26 107 107
70 153 54
26 179 179
69 236 69
160 200 1
44 201 255
46 79 240
115 208 179
60 182 189
27 66 240
19 81 19
21 131 48
112 148 58
31 235 1
13 212 23
126 177 177
120 225 1
174 188 200
49 221 205
77 130 155
147 231 83
60 251 243
95 221 205
59 255 255
109 248 203
141 159 23
133 212 23
69 122 69
29 119 91
30 172 202
1 190 1
116 143 116
126 233 74
132 206 179
216 221 205
54 117 80
185 212 185
40 87 243
127 214 83
161 216 161
134 144 144
161 239 161
132 198 179
200 225 62
121 139 171
61 103 93
63 88 177
173 251 243
7 43 90
116 249 116
20 149 25
107 244 19
24 47 255
87 215 243
16 199 168
58 83 83
107 159 51
79 151 240
122 146 64
53 139 155
9 97 240
84 135 84
102 136 179
116 134 116
101 167 168
23 202 23
59 237 255
25 146 25
8 199 48
81 241 58
159 165 165
107 196 51
83 180 83
20 156 91
61 78 69
43 60 177
159 161 161
147 163 54
48 196 48
63 80 80
26 202 202
69 243 243
77 215 67
47 207 255
57 90 90
95 229 140
127 200 200
27 79 240
29 247 230
143 165 165
183 243 243
27 217 240
23 199 23
33 166 25
138 235 205
37 111 182
19 114 19
72 195 255
74 214 74
111 186 90
48 113 168
98 215 67
113 210 168
143 199 165
27 243 240
76 216 64
112 153 192
192 232 64
113 154 168
206 235 161
169 197 161
34 69 69
195 233 255
159 236 51
144 196 144
3 168 168
224 239 161
2 204 144
47 103 255
8 127 48
193 233 205
156 170 91
42 174 179
151 155 155
81 129 58
51 169 161
79 211 240
132 256 179
90 129 90
12 232 69
113 198 168
108 181 84
69 88 69
173 233 74
165 174 165
128 204 144
114 235 189
81 253 58
94 111 165
54 197 58
144 204 144
103 127 93
56 210 165
172 222 25
9 248 240
45 155 155
215 216 67
67 96 67
16 37 168
37 185 185
166 176 25
19 200 200
64 202 202
71 121 62
110 193 205
128 158 90
101 179 179
82 194 19
127 220 155
30 215 67
23 25 25
112 190 192
244 255 255
80 87 243
117 148 58
50 202 116
121 205 205
119 156 91
144 223 144
172 235 203
151 201 255
186 226 240
62 256 168
5 88 177
118 255 255
10 97 74
100 167 168
144 176 67
54 120 1
64 171 64
67 204 67
187 245 144
134 152 64
146 180 84
30 247 202
19 102 179
128 183 62
114 233 74
97 226 240
30 209 240
187 228 243
15 33 51
25 215 25
134 155 64
183 232 62
170 181 80
99 160 1
194 241 80
60 181 189
19 198 144
170 184 200
174 229 140
127 256 168
171 220 155
94 182 165
7 128 90
128 148 140
56 224 230
234 249 67
160 198 1
22 134 67
151 165 165
143 234 165
33 35 140
25 181 25
6 89 165
10 115 62
114 222 25
11 255 255
53 217 185
229 236 230
19 240 240
178 241 91
48 188 48
185 234 185
168 172 168
120 248 1
126 146 84
96 222 25
195 203 255
86 235 19
185 242 185
70 74 74
67 207 67
113 183 168
145 170 80
175 202 202
202 211 202
79 223 240
181 227 83
25 194 25
29 145 58
143 215 67
16 84 168
161 177 161
147 216 64
92 256 168
112 200 200
66 98 48
131 253 48
135 152 230
152 232 64
15 217 185
39 165 23
38 106 255
84 132 179
57 85 1
153 179 179
63 136 83
136 235 83
100 211 171
64 222 25
2 54 182
164 254 116
91 189 91
31 245 1
6 220 155
216 254 116
6 82 19
123 222 25
66 124 69
48 161 161
116 156 116
21 161 161
134 208 179
13 109 202
146 227 83
31 118 1
32 144 185
171 194 171
140 153 140
17 18 155
105 186 205
161 200 161
137 232 64
147 155 155
140 159 51
151 163 171
56 73 93
89 111 165
77 88 155
134 181 64
168 229 168
52 222 116
179 193 179
33 190 140
112 145 189
33 144 144
1 50 1
2 36 107
57 240 240
34 60 171
119 196 51
61 198 144
100 150 200
51 139 51
93 206 161
107 249 67
85 229 1
39 81 23
11 88 144
62 223 62
83 251 243
18 128 155
40 214 243
88 128 177
164 179 179
124 216 69
137 215 67
22 118 62
5 142 74
109 116 116
90 220 90
193 198 144
17 250 177
177 247 230
143 206 161
33 194 140
37 39 23
122 186 90
238 255 255
86 90 90
23 212 23
74 157 74
81 153 58
62 210 62
168 191 168
1 168 1
15 48 48
175 200 202
83 227 83
49 239 161
80 193 205
101 185 168
147 194 54
155 246 155
216 238 200
182 192 182
7 243 243
79 131 240
33 86 19
1 46 1
13 45 202
20 235 80
67 232 67
85 223 1
47 256 255
109 179 179
4 176 116
40 47 255
26 235 177
133 144 144
6 59 255
52 169 116
128 173 177
240 244 240
171 246 171
150 165 165
70 111 182
62 208 179
65 124 69
116 144 116
75 128 51
31 232 1
19 238 200
29 112 58
213 217 185
126 130 155
43 73 93
26 111 177
151 231 83
112 202 202
119 200 200
161 245 161
20 245 144
46 215 185
1 48 1
11 96 144
39 244 23
233 243 243
177 201 255
39 43 23
5 89 165
2 29 58
74 210 165
87 182 243
44 79 240
168 180 168
37 195 255
141 208 179
168 235 168
40 50 116
100 108 84
128 147 140
88 155 155
103 190 93
89 240 240
137 222 25
20 112 80
31 105 1
6 175 202
107 117 107
92 116 116
148 207 48
66 89 165
78 229 69
135 229 80
93 129 93
2 235 182
57 237 165
53 235 155
35 48 48
48 239 161
73 143 165
132 213 179
161 233 161
96 225 62
82 178 19
98 188 202
45 126 140
1 34 1
93 128 93
63 244 19
29 44 19
62 183 62
217 255 255
153 163 54
11 90 144
22 215 67
40 235 243
161 220 161
37 144 144
21 235 200
161 249 161
77 83 83
85 235 1
102 174 179
35 112 192
2 48 48
189 251 243
54 112 54
96 120 1
8 234 48
8 215 67
93 250 93
12 205 69
116 139 116
48 243 243
102 185 179
33 196 51
114 159 51
112 201 255
6 158 90
12 255 255
111 224 230
27 140 240
144 145 144
155 253 155
25 158 25
176 215 67
15 93 51
99 223 25
17 203 177
76 144 144
215 233 67
144 234 144
76 197 58
138 148 205
107 202 202
13 18 202
63 241 80
202 244 202
34 224 171
175 224 202
21 150 200
34 217 185
65 110 69
149 161 161
163 203 203
72 130 202
177 218 93
87 168 243
84 247 84
58 72 202
76 239 161
189 203 203
40 252 243
35 207 48
106 255 255
119 216 64
107 239 161
191 202 202
210 213 165
69 165 69
99 255 255
161 215 161
147 149 25
67 233 67
83 132 179
76 199 48
195 235 255
25 124 25
167 219 168
4 60 116
42 67 179
31 104 1
51 198 144
195 247 255
19 80 19
86 97 74
170 192 80
3 119 185
118 247 62
210 238 165
53 248 155
165 172 165
151 169 161
232 235 64
92 255 255
97 100 74
133 168 168
135 153 54
103 217 185
154 231 69
71 235 62
193 232 205
217 242 185
32 243 243
8 50 116
152 175 202
112 196 51
145 147 189
206 228 243
135 225 62
127 155 155
62 74 62
39 212 23
103 153 93
216 217 185
161 195 255
149 241 25
19 106 255
40 167 243
50 107 116
192 245 144
81 231 83
93 219 93
91 122 64
45 190 140
155 248 155
99 221 25
50 101 116
39 225 62
205 206 161
85 157 1
216 234 64
153 240 240
107 177 107
59 234 255
176 240 240
110 130 90
195 231 255
161 211 161
146 184 200
152 249 67
138 192 205
93 232 64
54 222 25
137 179 179
135 252 161
4 86 116
108 129 84
135 232 64
160 229 1
90 213 90
25 256 168
186 209 240
149 166 25
42 132 179
21 188 200
201 233 255
91 169 161
73 145 93
136 186 90
42 65 179
61 112 93
63 178 91
73 151 93
26 64 64
33 241 140
9 78 240
125 187 179
50 78 116
58 253 58
102 128 179
112 125 179
167 225 168
113 256 168
25 120 1
232 253 64
31 39 1
118 168 168
179 254 179
14 185 1
88 256 168
5 162 74
69 141 23
30 185 185
50 170 116
91 126 91
86 147 19
33 178 140
31 108 1
37 48 48
118 235 62
193 242 185
24 192 189
180 227 83
152 196 51
35 241 80
52 117 116
43 137 84
46 111 185
66 128 48
15 220 51
13 27 240
37 142 74
94 220 165
45 222 25
3 224 185
44 133 23
171 203 171
44 55 67
181 223 51
192 240 240
10 158 90
138 230 205
57 86 84
189 229 80
44 248 19
167 215 168
129 182 189
83 148 83
26 248 177
187 248 203
25 99 25
25 144 25
32 171 185
2 201 255
3 46 185
20 246 91
110 131 90
214 252 161
23 68 23
6 130 155
76 145 58
62 214 62
36 238 200
67 88 67
173 184 200
23 38 23
168 186 168
26 196 51
51 87 243
161 174 161
134 249 67
39 117 23
14 184 1
22 102 179
68 144 144
90 179 179
35 105 205
28 143 165
59 136 255
95 189 140
175 246 202
181 183 62
184 246 200
70 76 58
12 47 255
178 255 255
61 235 93
101 178 168
59 106 255
6 165 165
44 117 19
64 228 243
143 255 255
1 86 1
100 156 171
142 170 74
115 255 255
69 186 69
38 249 67
124 240 240
35 109 203
27 30 240
32 39 185
54 225 62
155 235 155
14 182 1
98 146 202
8 204 144
116 208 179
5 192 192
165 192 165
106 230 255
83 177 83
142 229 74
2 245 144
31 130 1
75 214 83
31 46 1
156 162 74
54 161 161
102 255 255
1 49 1
63 146 84
17 152 230
86 180 19
3 235 185
14 180 1
108 116 116
75 115 62
109 165 165
14 65 1
185 245 185
199 226 240
100 256 168
104 218 161
96 213 144
60 243 243
39 202 23
25 213 25
73 146 93
52 71 116
154 253 69
16 57 168
58 126 91
161 202 161
81 170 58
122 127 64
29 94 165
161 183 62
8 200 48
97 177 74
175 205 205
83 230 83
7 19 90
143 229 165
19 29 19
23 69 23
22 109 67
205 232 205
105 195 255
19 21 200
26 47 255
44 107 19
105 211 205
72 98 202
28 152 230
12 152 69
102 125 179
60 191 107
93 176 67
35 219 107
80 246 91
118 129 62
152 160 1
40 141 243
95 103 93
28 224 230
126 241 91
33 213 83
139 175 202
10 224 84
70 175 202
62 115 62
18 185 185
77 220 155
64 249 67
77 91 155
78 205 69
48 131 48
66 141 23
17 192 177
49 231 205
27 170 240
85 189 1
53 133 23
137 234 64
142 255 255
136 249 67
192 212 23
111 129 189
71 153 62
140 200 200
26 220 155
83 235 83
22 185 185
103 125 179
135 194 54
172 207 48
140 184 200
19 243 243
183 235 62
115 207 62
97 110 90
89 122 165
1 243 1
70 94 165
186 241 90
140 179 179
7 17 90
89 185 185
118 216 62
56 141 23
179 241 179
2 15 51
7 69 69
26 229 177
7 48 90
9 48 240
55 120 1
112 221 205
74 96 144
116 183 116
154 172 69
2 104 161
89 235 165
155 230 155
147 192 54
34 115 62
63 93 93
62 229 62
6 186 90
128 129 140
40 228 243
43 234 64
141 145 23
116 131 116
49 175 205
50 157 116
62 246 62
34 244 171
20 194 80
123 243 243
24 70 189
15 215 67
6 107 19
88 135 177
159 250 51
157 207 48
69 216 69
41 132 179
146 225 62
2 113 168
144 184 144
212 235 23
117 141 23
29 234 64
160 164 1
6 100 171
130 249 67
52 60 116
90 157 90
149 179 179
83 211 83
8 140 48
21 74 200
78 192 69
102 193 179
180 240 240
33 151 171
135 206 161
49 216 205
27 56 240
43 100 171
165 208 179
165 243 243
106 224 255
50 128 116
10 121 84
13 116 116
10 201 255
140 250 203
46 70 185
1 125 1
119 213 83
70 140 140
19 112 19
37 255 255
33 80 140
18 168 168
53 184 200
61 118 62
176 235 67
101 230 168
179 244 179
5 69 69
167 200 168
32 149 25
15 59 255
48 116 116
70 86 19
30 116 116
132 165 179
142 201 255
8 120 1
135 168 168
41 131 243
61 154 69
56 246 230
144 216 144
127 250 203
76 205 205
109 206 161
95 174 140
119 187 203
128 190 140
43 171 171
127 189 189
107 252 161
12 230 69
116 237 116
63 217 185
37 248 182
1 196 1
24 236 230
91 139 107
69 214 69
112 239 161
11 62 62
59 235 255
34 191 171
6 140 19
84 220 155
67 186 67
90 224 90
135 218 93
37 229 80
6 161 161
177 224 230
88 164 116
7 207 90
105 193 205
97 179 179
124 178 69
45 170 140
11 221 144
156 191 107
67 164 116
77 139 155
144 215 67
190 241 80
69 241 69
90 219 90
18 154 69
69 255 255
16 23 168
90 174 90
76 128 140
48 109 48
94 126 165
17 145 177
28 177 177
48 89 165
56 154 69
193 240 240
39 78 23
207 232 48
178 219 107
25 72 25
171 235 171
209 240 240
184 200 200
23 221 23
162 235 74
147 211 171
138 221 205
174 245 144
156 179 179
110 132 179
52 240 116
51 81 51
112 184 200
5 111 182
218 234 64
49 205 205
181 214 83
29 224 230
71 254 116
57 208 179
48 168 168
105 238 205
151 176 67
67 162 67
34 236 171
61 168 168
235 256 168
163 192 54
1 198 1
36 181 107
35 154 69
90 136 90
137 240 240
197 198 144
62 138 62
195 256 255
69 175 69
14 50 1
175 185 185
17 148 177
165 170 165
7 88 90
57 224 84
161 186 161
26 243 243
64 156 64
104 116 116
20 97 74
70 145 189
117 146 84
101 133 168
67 163 67
175 228 243
177 191 107
3 88 185
126 249 67
10 137 84
161 185 161
108 200 200
77 183 62
69 121 69
48 184 48
48 126 48
180 204 144
6 241 19
25 164 116
57 186 90
143 243 243
90 161 161
30 171 202
37 54 182
105 233 205
41 193 243
110 175 90
148 205 205
94 144 144
155 190 155
84 194 84
49 190 205
201 218 255
29 173 177
22 108 67
44 140 19
34 255 255
6 77 155
68 243 243
202 246 202
144 147 144
32 219 185
105 161 161
30 232 202
63 231 83
252 255 255
119 178 91
68 208 179
24 113 168
200 233 200
150 255 255
53 195 255
39 129 23
241 252 161
14 170 1
129 255 255
110 202 90
29 241 58
51 177 51
145 157 74
21 124 69
53 130 155
220 248 155
33 95 140
38 73 93
57 172 84
190 253 192
75 112 51
144 167 168
53 55 67
120 245 1
39 123 25
121 209 240
72 105 205
62 104 62
116 212 116
156 237 165
54 80 80
150 189 200
171 198 144
132 155 179
103 202 202
17 81 177
21 103 200
34 249 67
58 178 91
105 192 205
121 131 48
67 127 67
11 70 144
86 173 19
92 172 90
34 64 64
83 229 83
83 114 83
36 203 107
105 235 205
118 150 62
1 21 1
221 245 144
175 189 202
73 243 243
152 236 230
49 153 205
29 242 185
1 19 1
83 246 83
6 144 144
89 164 116
137 170 84
49 138 205
179 195 255
60 148 58
119 219 107
112 248 182
25 82 25
90 119 90
64 226 240
220 224 155
85 152 1
146 179 179
1 63 1
229 256 168
59 155 255
10 147 84
132 184 179
250 255 255
6 171 171
118 183 62
69 108 69
81 179 179
115 193 62
58 114 58
121 243 243
7 81 90
77 235 155
69 144 144
153 214 83
66 82 48
33 160 1
241 250 203
26 174 177
89 152 165
230 234 64
70 85 1
223 240 240
198 227 144
5 54 54
127 251 243
21 155 200
126 181 91
220 252 161
73 176 67
90 151 90
47 174 255
45 147 140
235 255 255
127 201 255
16 101 168
60 72 202
30 50 116
147 252 161
30 86 202
142 202 202
31 111 1
166 169 161
43 91 177
76 182 58
140 171 171
8 222 25
19 85 1
23 180 23
18 51 51
114 192 189
63 240 240
12 53 69
91 181 91
230 240 240
129 155 155
8 83 48
17 27 240
124 161 161
53 202 202
23 235 23
159 172 51
90 199 90
127 194 54
186 249 67
46 229 185
107 109 107
43 148 177
128 243 243
112 244 19
59 205 255
121 203 171
63 163 182
194 239 161
118 201 255
31 66 1
117 230 230
66 206 161
237 251 243
86 202 202
196 216 51
24 121 171
82 169 161
20 135 80
32 124 185
165 193 205
52 156 116
215 231 67
66 235 48
48 99 25
52 88 116
1 195 1
200 203 200
196 240 240
178 213 83
74 110 90
33 121 171
135 196 51
209 229 240
72 215 67
56 119 230
73 164 116
101 228 243
23 216 23
97 150 200
113 236 168
76 250 203
15 159 51
51 75 51
54 231 83
34 170 171
168 256 168
36 122 64
38 80 93
101 166 168
127 130 155
34 95 171
44 82 19
146 155 155
181 237 165
24 33 140
7 123 25
104 175 161
38 247 93
205 241 205
24 254 116
7 234 90
68 255 255
86 195 255
62 116 116
24 190 189
90 210 165
67 220 67
140 143 165
32 75 185
52 254 116
209 256 240
8 104 161
62 239 62
207 255 255
130 240 240
70 194 54
81 126 91
69 199 69
126 223 51
72 255 255
27 213 240
31 33 1
156 184 200
93 130 93
127 190 192
171 176 67
19 209 240
136 213 83
74 180 74
101 256 168
14 255 1
105 210 205
67 165 67
148 166 25
51 68 23
188 241 200
40 243 243
90 165 165
137 149 25
177 244 19
2 91 91
93 211 93
39 128 23
21 160 1
83 238 200
7 12 69
66 229 48
3 133 185
62 69 62
235 245 144
117 188 200
88 146 84
74 97 74
19 107 19
13 25 25
131 168 168
185 199 185
102 104 179
211 255 255
133 250 23
10 206 161
146 200 200
102 219 179
219 233 74
18 107 155
63 115 62
129 136 83
80 202 202
84 95 84
226 237 240
43 112 177
94 140 165
172 187 203
77 186 90
168 245 168
3 50 116
94 168 168
140 205 205
145 164 116
93 234 64
