8192 4095
4826 4895 918
165 5585 3317
3110 4954 990
3738 3865 434
1093 3442 7158
619 3346 6791
1851 4797 4849
3082 6896 5414
646 3193 2415
3388 7381 6933
1037 8142 2821
655 2686 2507
4009 7680 5729
1611 3584 1446
5603 7678 7970
343 2600 4173
1361 5394 7155
7014 7080 5055
2483 7733 3782
2750 6170 3451
4239 7978 2244
4044 5233 5043
7426 7725 236
3371 4042 7569
1585 7833 5880
716 5660 3332
2005 7546 1528
437 4488 247
5952 6048 3325
7 3359 6492
1274 4512 3292
489 4379 6856
142 5408 2554
1489 5289 5274
2553 7919 5324
7485 8121 3368
4363 6278 535
4236 5222 5265
3258 5541 7373
756 4445 56
2336 2470 5540
56 6409 2063
6506 7407 1253
143 6228 6025
5343 7704 3300
292 6382 6662
2982 5067 2846
5345 5699 5890
2546 3768 6034
651 6626 3979
3092 7357 4970
574 5313 5205
133 2076 1235
1711 5255 1688
858 5406 7226
5806 5839 6055
5422 6985 1162
3358 6063 6721
2344 4375 4084
6601 7408 808
4916 6724 306
2637 4722 1390
6366 6673 5576
591 2525 1781
2014 2485 3205
5595 6588 491
1874 4721 4731
2745 3130 5532
4945 7009 8127
2211 6306 3018
7207 7747 7915
1181 5776 4858
3688 6330 1090
4431 5654 2570
1969 3237 3418
761 5647 6707
3204 3958 4021
5675 7791 7225
1067 5403 2765
5122 5409 3664
358 1148 537
2307 8020 4337
5247 5249 2651
5959 7702 2618
1815 5696 4250
671 1744 5401
5221 7286 6320
1691 6199 4840
577 2154 1643
3614 4621 3186
1339 5252 4876
4818 6830 7961
692 803 7655
4277 5429 7043
3736 5729 4609
2794 6515 4663
1596 5322 7087
1965 6954 6501
2415 6642 4933
2596 4246 311
1178 4801 1348
4899 5059 5108
3435 6631 5597
2323 5872 7990
1414 6650 7498
238 2340 3663
847 7619 7441
1636 5288 7466
2724 3284 3752
1328 4969 6397
6009 7973 6084
5355 6856 3652
3745 5669 4887
2587 8009 923
1992 5013 281
2302 3075 7979
942 2584 5636
1954 3956 4673
4876 5676 3101
2993 6339 2218
3221 4905 90
903 4414 1494
3232 3292 4301
567 4026 2212
1574 3672 3659
2012 2314 2718
6091 6374 5829
5283 7962 4010
1385 7281 1410
994 7943 8044
393 5737 6621
2842 5994 5342
648 7735 5556
3797 4568 634
1444 2264 6827
6799 7478 988
5427 6688 5351
852 6049 5313
4590 7736 4908
4399 5239 742
2406 6749 6875
2258 7307 2389
2528 4238 3701
3357 5692 1927
4462 7874 5738
782 1473 4622
767 4956 2157
1768 2944 2316
2770 2857 4539
4717 7488 2340
1730 7520 2421
947 7990 3560
4163 7527 4078
198 240 1500
21 3399 3055
3661 8192 928
2435 7851 53
2763 7777 5104
6002 6602 7398
2516 7458 2776
1948 4405 1466
1147 1863 6578
5114 7096 7844
1961 2590 7105
1786 3879 3789
7455 7839 5810
454 1867 3597
305 3868 3633
3360 7548 2882
2081 6327 5109
627 6360 7560
1662 6871 6225
2625 8139 24
5426 6669 7399
810 1674 4184
573 1665 2608
6474 7467 5711
3726 3808 7712
4946 6131 3181
5534 5947 7142
3073 4301 8170
2312 5769 4267
3546 7039 8032
6150 6329 5484
1102 6050 2819
2295 5972 1300
160 4791 2928
1784 2771 3466
250 7971 7083
2477 3414 155
816 4300 1952
4191 7819 4808
2550 5573 4132
4518 6963 611
4798 5196 168
1654 4672 4068
3149 6637 6214
3196 6625 3353
873 6776 5285
3080 5537 7214
5396 5896 1261
1392 4249 555
1630 2094 2641
5791 6727 5196
2727 8041 1129
1918 6084 32
6743 6757 4456
3341 6326 7455
458 6634 2248
1525 7338 3958
1911 5936 7813
2426 7454 7763
97 4434 8014
3892 5082 2970
1581 5893 7823
1017 4382 7631
2628 3147 7726
3800 3963 7637
1074 1446 6937
3488 7684 5135
2263 5572 6064
229 4237 2669
6433 6672 851
2091 5954 3327
883 7334 4461
6370 7532 8075
518 6986 6417
6442 7087 4051
1970 6962 83
3525 3921 1490
6075 7932 6384
4835 4930 7803
5713 7258 8088
4952 5301 3270
2410 5863 5977
2925 5983 7804
4187 6939 6412
6054 6403 1229
3791 6575 6710
583 4911 6074
2832 5854 1533
5662 7637 1492
28 6410 4205
5790 7846 7540
6922 8109 7428
2657 7985 6103
2222 6232 407
2281 4211 152
3704 3731 3473
252 4466 2945
4603 5385 6926
6690 7664 3670
6087 8045 1407
1095 1621 7344
3925 6686 2697
5470 7489 4761
1423 2452 1354
2292 4857 4522
920 4229 1943
7461 8062 5180
523 2431 3637
3427 7335 1784
1352 5158 2594
1457 4240 7203
1125 8168 3124
3451 5834 589
3978 7193 1329
2561 5363 2490
2380 4744 3396
5137 5461 1472
3439 7957 1777
2796 6451 5238
3029 7870 1365
3968 5246 7092
697 7949 2023
3475 7350 7632
5744 7234 2124
2509 3314 3385
2777 6618 7526
5120 7894 6279
4737 7373 5516
1173 2581 2311
6777 7181 715
2938 7347 1589
1132 4464 5223
1657 4687 882
442 471 3934
298 5564 2179
4936 6404 7235
623 2140 64
4953 6869 6906
1221 4628 6695
6493 7822 7437
3250 4251 4841
1831 4846 7370
1974 3794 5671
5964 7094 3150
3025 3452 1290
2191 4950 6069
3031 8144 2845
1659 7386 4049
2293 7074 4911
6099 6840 6440
2723 7501 3005
3880 8124 6903
3743 4840 7925
695 2324 6052
2134 4595 3257
3872 6390 7020
2634 7326 4371
1702 7731 25
2595 3531 5394
1499 7554 2386
3046 7681 6230
3326 3573 6032
4499 6641 1874
2736 5542 2372
1347 6589 3331
3144 6553 4759
1932 3694 1787
4066 7008 4851
4914 6460 7390
385 732 7933
1750 2536 8131
5824 6311 2547
5620 8147 4429
978 8006 4588
3611 7304 4057
1829 4385 1470
1615 5150 4589
86 3502 5873
4792 7669 7246
390 1878 4130
1511 1551 1882
7073 7534 1526
1883 2417 6145
2268 7968 6655
2045 3526 7306
388 1151 8133
138 7565 5471
100 952 1497
2753 4949 7319
879 2053 2634
2758 8082 7729
2718 4497 2755
5395 8038 3008
2170 6138 4829
2655 2906 6978
1720 3097 4656
147 1219 5074
1723 7390 765
2080 4256 2268
420 5046 2956
5471 5752 1833
3586 6040 125
4200 5128 3600
368 1165 7957
2468 3393 7106
660 8167 7618
563 6153 1251
998 1011 5780
3539 5548 7725
3515 3706 442
1480 5576 3504
96 5891 570
1407 1766 5660
1179 4805 5167
572 5382 7841
3277 5738 3863
107 2228 7269
5367 7880 1306
762 1529 8092
1910 6245 2512
2931 7107 978
1997 4166 3020
2001 4689 2926
5478 7491 6780
3192 6260 2703
4503 7198 905
4485 5782 7129
2206 4282 1499
3446 8146 4929
5466 7214 3515
3275 6810 5497
1605 4747 5555
943 4638 2723
721 1788 6111
1502 2720 1585
3981 7542 6467
3407 4612 1213
1227 2157 6745
2049 3477 5230
974 5980 4543
4597 7566 3889
666 869 670
5154 7095 5363
3234 5883 268
1029 2846 2259
1324 5217 5365
1959 3778 7846
1686 5276 5474
6593 7856 2058
1468 7151 6314
5721 7992 2796
3518 5230 4426
2959 4144 3260
817 7228 3839
2118 3003 5100
6443 8080 2875
5075 6836 5574
2930 4081 7243
1382 3239 6805
461 3786 6536
2447 5592 3454
781 2400 2440
794 7340 5312
754 7298 5658
5472 7624 5693
2092 7646 7951
5720 7476 6123
1699 1964 7871
2765 3306 3070
3648 5441 2729
4154 4998 4751
4281 5885 1573
3953 6269 253
3114 5060 6767
1447 1597 1737
4671 5007 1888
514 5269 2106
4605 7091 1195
5818 7282 4828
6155 7577 5391
4430 5553 3803
2240 5504 439
315 7416 5163
3066 7165 5796
2934 4476 5577
949 6229 2963
4724 7999 8160
2945 5979 2216
2695 5624 3432
4098 4957 575
5803 7935 331
378 2877 1978
4343 4624 2140
2735 8130 4136
2861 3377 4574
1297 4865 6706
3270 3710 1680
687 1984 3507
1887 3615 4317
7591 7901 884
1645 1957 8148
997 4942 2632
2793 6953 2371
293 7643 7870
2612 3316 7369
11 4844 1829
584 2601 5479
1068 3942 7245
1973 7033 1457
3298 5700 7295
3658 7649 2246
3445 7845 1083
5584 8123 1687
5904 7104 7954
1777 5306 7599
2158 3960 2790
5085 5201 7529
5421 7967 5571
7255 7785 5044
3561 6950 6226
488 1033 639
395 1438 5947
2241 3725 4624
4082 7955 2001
1376 7419 914
5020 7399 438
717 4837 7177
222 8040 1851
7764 7910 3307
1025 7306 5510
588 7182 1961
1718 4681 6509
532 3063 2694
522 6525 3366
3289 7572 982
1034 2684 2213
4740 7333 92
2214 5606 7485
5575 6507 2822
2811 6708 4364
177 7524 1875
1464 7633 5594
4686 7156 1982
2585 6463 1
5356 7075 1024
752 3418 6305
5570 7021 7227
4972 5977 7194
2743 6682 4402
832 7746 5087
6504 7442 686
301 1850 7302
3671 4920 5247
4455 7225 1477
102 1972 1188
1133 6512 781
4232 5762 7071
1580 5474 2321
7292 7929 3905
1655 2245 2740
863 1231 3197
394 6668 486
4469 6990 1912
3408 4725 4345
3867 4631 5299
57 4193 7059
235 6321 8142
1634 3077 1448
1013 1570 3951
6165 6518 7894
528 3847 3090
484 1620 3802
1058 1079 3520
5888 7507 6416
26 4441 5781
2301 6296 1880
5459 5685 1923
1193 6454 7743
2939 5435 1031
2125 6043 1664
2486 2781 2320
703 7240 1663
2697 5544 4180
2636 4034 210
3339 7873 4753
3304 3954 2148
6864 8100 2973
2378 7505 1563
5431 8181 214
3279 4218 4679
346 5787 433
731 6964 2954
1216 3051 2357
1975 5125 4495
3137 3767 7947
1989 4726 5262
5006 5066 5093
1366 7998 7898
4000 4991 1605
3214 5514 7921
7238 7944 2359
2321 3938 8087
6006 7057 778
813 5903 5217
5024 6946 3792
443 4076 490
1321 5476 6193
1825 3493 4331
629 8048 2309
677 4071 2544
273 6852 565
3625 3937 1094
1556 6022 6276
3145 5026 7152
1182 2726 7787
990 2801 7859
5400 6211 8113
4263 6247 5884
1241 3905 7307
2156 4775 5073
1976 8017 845
162 2690 2913
3296 4083 2814
5496 7063 5971
790 7401 3623
3466 5242 5293
7308 7580 2100
626 3662 3553
4292 6367 1366
1682 4513 3940
20 3093 5102
1749 5369 7856
3262 3967 1990
1104 2508 104
2148 6747 6850
1648 6047 1003
2893 5290 7005
1546 5280 3853
3990 7519 1344
3651 6340 96
659 1257 444
2443 4632 1065
5586 6156 7193
4750 6221 3505
340 3670 4960
2971 4542 480
3486 6246 7747
345 5678 2553
2155 5039 3677
2000 6649 508
1362 8071 7891
4468 5275 5094
16 3390 5082
2918 4063 5554
853 4257 4399
6017 6469 1215
6038 6456 5009
4177 8034 1172
1014 3727 1900
1065 3989 50
7343 8114 4740
837 5209 1556
1839 5928 4523
2499 6014 1120
341 3524 6517
3641 5814 1443
1901 6281 5404
1509 6659 8000
1242 2135 4048
2401 2738 2380
5709 7916 4860
3226 6689 7584
54 5414 3123
4157 6762 450
1668 3599 2362
5033 7036 1996
880 7626 3598
3355 7249 2730
2095 2769 4204
2020 2985 5218
710 2915 834
1201 5953 2939
783 7132 4056
3667 6804 3689
6445 6988 6126
166 195 1359
3538 6078 622
6177 6215 6047
4208 4883 3963
1338 2199 4653
1694 2482 6511
801 5511 971
2823 7131 5802
4310 6842 4553
435 1277 3794
4995 5645 4672
4411 4710 4796
4139 7164 5069
384 4832 6811
2899 3385 4441
3240 3717 7309
1463 6817 3281
1370 3471 6196
3455 7098 4691
2036 6485 5924
521 5687 2163
1421 6218 1575
4427 4463 5462
4679 5485 4976
5402 7710 1153
4226 7113 4824
5767 7594 5202
5423 7679 2065
1692 3638 591
3782 6308 4199
515 2598 6134
3171 4108 4232
1486 3861 2625
6491 6766 5023
6420 8054 7101
1396 7093 3834
605 3986 3921
5147 7213 6540
1949 7693 3533
1660 8180 2732
1448 5245 7413
1820 6031 3929
306 1547 945
6081 7102 1778
459 4130 2805
1758 1919 7750
463 4879 601
3294 6909 1335
2631 7124 6081
3676 8031 4619
2176 4824 4956
1096 1367 6834
6500 8043 1864
3249 8140 2468
1627 3354 7834
3992 5741 1421
4577 7621 391
4685 5521 7531
593 2142 6164
3474 7134 4685
760 1260 4603
3061 3424 6153
913 8073 8093
1958 4407 7536
1225 7991 6491
4756 7592 4702
5777 6097 4734
3362 5157 3907
6147 7889 5138
2175 7159 3991
5529 7147 5117
1560 2106 1402
1608 3178 7415
7368 7436 571
1143 1801 4756
3734 5503 1972
561 5375 5111
4795 6004 6940
2747 8076 4388
6635 6968 2229
3630 6233 7202
3839 5627 2041
906 4228 6661
2017 7786 1582
178 3261 3862
1623 4509 4129
1606 6349 4490
1496 2347 1546
538 7370 3313
266 2337 4233
1945 3052 8084
1430 4561 203
2250 7589 6636
1157 3883 7255
1811 7717 2921
5601 7445 2160
3212 5997 719
6929 6945 3475
3256 5173 7439
4168 6933 3302
3534 4103 4862
2051 2710 7422
2990 3677 1828
3370 7920 3896
745 7026 3559
30 4929 7073
823 6784 78
4627 6035 4369
4216 4250 4239
2334 5467 6941
1753 7744 5997
8001 8179 1496
911 5089 7537
3038 8153 5191
2969 3633 7854
1325 5833 6405
1658 5681 569
751 5204 936
3428 6698 3421
1695 4377 3369
3297 3887 3456
2841 4716 1452
380 3621 8099
3719 6773 5341
2556 4222 3484
763 1955 790
4019 5822 6356
3463 7724 6046
6621 6764 5213
1236 6597 3780
3310 5547 1653
316 976 5175
1248 4574 4657
2756 6677 5528
1409 5798 2937
4341 7766 1806
118 1828 2833
4565 4732 5936
4008 6415 3756
3548 7203 4557
3251 4576 7855
5859 7259 5046
155 625 1617
71 1375 2296
5190 5916 5272
1196 4361 906
434 6822 5178
4648 5796 4583
4440 7035 5128
682 4510 4951
1301 6202 7987
1390 4003 3002
208 451 5710
1881 7085 6817
3776 5105 2452
3181 4171 6029
5257 6782 5972
5048 5310 7880
53 7251 5451
5921 7299 3684
3440 6495 1303
5219 6886 5586
5701 8178 869
4843 5851 2342
704 7843 2076
5555 7510 166
2034 3495 4943
447 5970 1966
5420 6319 6990
1255 5650 7737
3853 7459 4376
3483 3503 3132
3115 7742 4133
2705 6316 4470
5739 6079 5649
4347 6472 3012
2803 6034 6170
3895 5171 4598
1990 8072 2674
3860 6070 4818
3090 6000 1137
289 5962 2405
3607 6691 2004
6391 6737 6989
3013 8164 4193
2408 7737 7777
2365 4197 1636
4049 6923 7780
1380 8014 7535
3478 3730 5137
1044 3103 2141
2284 5608 3970
2069 4018 6
5935 7153 4375
3005 6297 2488
2603 6748 3696
2028 3389 3591
2471 4196 5707
2865 7404 5321
843 2729 5623
4421 8174 6700
2372 6514 7755
3522 4892 7791
742 3693 7549
4149 7081 3134
4480 7654 325
948 7795 7885
3756 8030 3321
2711 6036 2924
1794 4305 7358
1516 1806 5916
3818 5934 3363
2046 5413 5798
5115 5711 170
5640 5945 6693
186 6947 2345
478 4815 4407
5292 7883 2914
4075 7019 7756
203 2789 7492
984 1024 857
60 1882 7460
4073 4195 861
109 4918 5652
2212 2591 393
4754 7921 5416
606 5578 5777
1198 3165 5894
5339 6818 121
1306 4586 5841
1139 3770 4945
1035 8155 5252
3507 6772 1495
3939 7904 282
1429 5609 4264
3049 5399 1226
3430 4507 3985
1108 8136 3797
1203 4804 3153
2642 5809 5184
1940 3202 5788
2086 8173 7577
1027 3529 6643
5374 7886 7184
4415 5526 5480
2024 7947 919
72 2580 3106
1832 6418 4076
347 5780 7315
2964 3053 8052
3472 4111 6048
472 4206 668
6549 6700 227
4904 6841 901
2393 4267 5949
770 962 2850
665 3094 5304
1877 5837 7653
5473 7605 115
5425 7571 114
2606 3683 451
3686 4898 4699
5263 6039 7710
2027 6176 2611
3203 4611 7418
1018 7184 2026
1393 2050 4615
924 1016 2534
1288 7983 2391
1395 6434 6459
4614 5719 2546
503 4572 7734
3789 4254 6113
2124 3691 4742
1085 2399 6382
2737 5300 3817
5989 7657 7323
1128 4657 503
5862 6032 852
921 6142 7775
4122 6285 6685
4921 6129 4135
4575 7891 7026
1508 6587 4358
786 1906 3200
1684 2609 925
269 6380 1994
814 6208 1412
3245 6375 689
3420 7471 1332
6059 6492 4443
534 3792 5842
719 4504 1392
1527 4546 3198
4704 4923 6671
4188 7509 7029
971 6648 4664
785 1080 334
4401 7161 2777
2654 3391 2050
3372 3635 4698
3000 7309 3194
918 6824 1262
412 1282 5345
3368 5419 2185
1980 3295 2060
4311 7976 4473
1812 7082 7708
541 8092 5134
4015 5008 5390
4436 4601 6508
1704 4102 604
2831 7878 7330
1536 3285 4386
1824 4691 694
5302 6069 6795
1417 4241 7808
1454 6486 763
2883 7453 7003
1700 3505 2744
3795 5694 7467
4913 7881 7352
7154 7169 5557
1000 1054 726
6624 8127 149
1105 2937 4963
2663 4763 1629
110 7302 3697
2890 8176 3494
2487 6671 1106
4825 7248 5033
3364 4828 2211
6981 7821 7641
2995 6064 4323
1722 7887 7213
7607 7745 5078
322 6016 2563
2887 4889 5792
580 1267 6748
3373 7384 49
734 5001 6970
4772 5849 2066
527 1991 6053
7695 7951 3625
350 2830 7548
2575 3620 5364
3300 4354 4770
2073 2694 6473
3209 5992 3605
2070 6342 1386
6152 6450 3001
2136 6890 4081
3150 4900 2960
3896 7754 8012
892 6956 234
362 5333 7429
1458 1796 5002
370 1633 3487
1554 5376 2962
3598 4439 5292
150 2505 8043
787 4397 4318
2941 7615 5421
1647 7244 6630
1166 3560 500
4255 8112 4229
2820 3348 5076
4864 6381 3050
2629 6874 1659
4928 7750 4820
1365 4304 69
861 5914 4712
2104 3843 4265
6111 6538 3120
342 632 3952
2335 3351 3627
3048 6132 6703
5488 6511 7403
296 7890 3391
675 2065 2844
1295 6976 7551
6854 7254 4155
2652 3441 4780
2025 5940 7488
3411 5828 5395
7698 7751 7647
3914 6488 7805
730 5443 6577
645 4833 40
894 7389 6347
3907 7895 991
1471 2345 4113
2151 3500 1711
3481 5415 6638
4940 7311 4750
2244 4458 6422
3849 5899 1819
1419 7371 1468
6320 7508 3577
3709 5460 4987
3893 5004 1979
3674 3817 5863
1112 2514 2978
2203 2828 2459
4906 5021 6358
1721 1834 2737
4800 6778 5456
2898 3859 8033
4739 7344 3441
4501 5401 8007
108 6435 7416
6566 7954 8157
2643 4491 824
6188 7557 2276
7770 7937 193
2269 7513 6020
1929 3010 3125
2524 2949 3044
4258 6045 4034
2304 6674 6043
1467 3698 4425
4897 7503 7028
753 6615 300
609 1042 6060
5773 7089 4270
2331 3040 256
2567 6837 7308
4429 5165 747
2039 3973 198
3290 3697 4591
4872 7576 3647
2390 6859 7606
3597 7296 1138
2126 6656 4782
1302 5346 2672
2455 3552 4577
1724 4454 5126
258 2311 46
1449 7029 6506
3312 7284 7900
2267 2835 2951
218 7688 5600
1908 3246 7353
5631 6181 829
33 2583 4544
1683 3530 7134
6207 7430 3738
3906 4661 3077
6 549 2599
5682 6276 4845
3431 6290 4067
173 7830 3539
713 6037 6277
4563 7553 4792
5596 7969 841
3649 5294 5951
2818 8088 1422
1405 2501 2027
4709 7348 6525
6220 8025 2053
3230 6816 7607
1284 5109 2071
1629 6498 1317
1895 5287 7450
4198 6068 376
2109 7599 1555
80 4417 3428
3161 5531 5811
1515 7928 3585
448 4437 4745
714 5943 3791
1603 5358 2532
608 2881 7936
3006 6331 934
2290 6092 4877
5985 6557 6127
267 807 1839
2733 8125 291
874 3254 7368
1988 2219 2997
1963 4787 4559
73 4324 3831
1159 2394 7434
4658 5198 1328
4268 6386 3445
2234 5860 1584
2886 3469 2136
517 2611 4379
1545 5447 1985
1378 4358 5035
6919 7423 5870
42 6284 2367
274 5493 6808
1251 7266 4724
7267 7941 2473
7652 8104 1169
3632 4683 2774
1452 1798 5017
5160 6713 1981
6738 7987 6548
3057 7898 6832
1561 6323 6185
662 5009 1679
1355 4616 5014
363 379 226
5623 6282 3601
569 7242 967
4599 4856 7896
187 1985 8013
1114 5563 5558
1244 3436 7240
6827 7114 3698
1591 5634 5837
1706 6025 2330
4965 5963 58
4245 5064 6371
1673 2859 88
106 5267 4430
5628 5688 779
727 1819 6210
2147 6814 4606
462 2503 2002
38 2183 3924
5680 6490 1712
2043 2907 131
3447 4738 6006
5956 7209 8096
3274 6351 2034
2115 6955 4825
1022 7472 1047
520 7552 5010
3286 3824 5129
1433 7055 6814
546 1833 6189
4609 5037 5123
199 3035 3739
1305 6416 1275
1336 1651 1247
1493 7603 3144
1012 7907 2433
4822 6826 6183
2967 3696 4004
598 1865 4341
1283 5993 1764
2929 4823 2537
1008 8021 2325
5667 7431 2981
1046 2187 8174
1089 7769 5700
1652 7692 6809
1317 7515 664
5342 7420 6868
1577 4831 7591
159 7486 4147
2099 3020 6859
1640 5357 7261
4877 6582 4257
3401 4494 4571
6926 7031 477
3862 5618 7392
1202 2844 463
7598 7899 7595
302 1913 856
5672 7212 3438
809 4854 7983
1875 3617 4340
3334 5104 5522
2681 4453 7764
6024 7331 4045
1903 3553 559
3331 8005 5162
2968 6849 4059
1117 5370 5527
2639 6104 3857
6639 8026 4028
1826 7824 2319
7028 8002 1062
135 7713 3414
3746 4380 2566
4579 7864 4111
5117 5760 7085
2882 5197 6828
589 4115 7354
391 7727 212
1494 5430 6708
3759 5589 4298
3016 5049 7772
6275 6829 3370
310 8117 797
6752 7551 7371
3387 5407 1398
3805 6858 6551
6863 7141 3732
6057 6703 7394
5180 7349 5079
5224 6160 2748
1922 7232 248
4659 5368 580
1019 3908 1631
1476 4161 228
1713 4233 1850
805 8120 111
2507 6611 5854
415 2319 2007
2721 2760 4213
2274 3944 8165
3715 4566 2904
4549 6684 3482
4718 6843 4895
4024 6620 756
4910 5151 2483
1599 5215 4117
956 3775 4392
5143 7040 3814
1846 2208 7752
1460 5392 2952
236 6576 4994
2391 7960 513
495 656 3709
5079 5298 1245
74 2669 5630
6534 7908 507
6457 8089 1481
773 1307 5866
5444 8075 185
3922 4112 3245
1211 4705 576
6015 6210 4438
5256 7541 3540
610 6972 3164
4626 6753 6521
5982 7966 1270
1427 3242 6983
1192 3011 6199
4005 7328 8040
1534 2132 1173
3927 5710 1203
2869 7660 2681
2056 8126 7113
2424 3622 4451
5141 5723 7209
738 1194 3499
2038 2416 8046
1876 4915 1058
4552 5446 3576
175 3383 1771
509 1400 1201
2044 5655 1758
3821 7719 5511
986 6931 4736
4656 6735 4279
3273 7788 16
6444 7854 7765
291 2707 6104
1098 2506 5399
1859 7233 482
1602 7493 3027
6440 6505 4165
275 8107 1540
3317 7506 5038
2878 5065 6896
4442 6622 1843
4022 5463 1969
2089 4516 1785
413 5315 6669
5731 7149 5291
2247 2617 4065
4933 6562 5449
3299 4594 5664
1304 1488 2935
1373 7829 7463
1275 2497 3644
6715 7268 7586
4027 5145 1520
5610 5949 6364
1579 6369 124
4502 6555 3935
1781 3159 1567
1021 6193 6471
3537 6707 6345
1041 6094 7702
536 2653 3992
1163 3173 1699
4451 6893 3914
1207 7763 447
2703 6870 2478
3009 4176 3411
2984 6510 5169
93 1261 1171
6573 7641 3604
3071 7946 5603
261 5551 968
4711 5068 4855
1142 4180 4412
4335 5612 1296
982 1280 7648
4425 6619 1061
3678 5617 5215
2230 8070 4090
1123 2392 3665
2589 4329 2817
1364 7437 4687
6101 7069 1054
4334 5656 3111
576 3595 2885
1649 6191 7691
2296 6028 14
6086 7329 6258
2618 5981 2364
3629 7351 3724
1868 5404 3255
5468 7600 2953
1176 5621 6750
1816 2863 6984
431 1389 5276
5633 6742 1360
149 2456 4604
493 7468 6760
1899 7730 4569
5181 7243 2780
2889 5835 4011
5973 7068 5188
4151 4996 3760
2947 7590 5739
2742 4768 3249
3213 4540 3606
1129 6168 2457
6383 7787 2502
1563 4922 1937
3219 5011 7658
582 3809 3642
1869 7613 7487
2498 7877 3820
5735 7204 4827
1462 3744 8138
5213 6658 4313
1126 3951 1435
254 6825 3824
210 1705 3118
5483 7112 3899
672 6076 6623
1091 5195 2097
1979 2288 3925
2512 4290 981
4368 7993 377
4808 5193 5565
4978 6741 6881
234 356 3904
181 2445 2451
1617 3340 7461
747 1206 6367
6253 8078 5774
1229 1568 6995
2446 3394 350
564 4891 2437
6304 8057 132
2033 6920 1724
6166 7761 3694
4473 4748 3869
1638 7358 5706
2888 2916 5733
857 5665 327
127 3422 1221
895 983 2679
5271 7757 5210
3902 6813 4332
2339 2908 7442
2469 3799 3912
848 1616 849
1756 7372 1987
5108 5832 5060
1532 1871 262
130 5389 7427
1052 1208 4009
1443 2453 5604
4259 7395 6333
5293 7496 1277
2111 4973 6024
3248 3663 2287
1635 6894 4334
4536 6605 101
664 1732 288
891 4807 867
6509 8134 2528
167 1656 1451
4212 5416 2784
6085 7838 1503
6891 7504 1200
3379 3583 4406
4615 7860 2186
2150 6173 5322
2122 7850 7865
1388 6400 2388
5528 7002 4215
5232 7186 7564
411 5364 1155
5438 6406 1211
3416 4788 2173
6122 6164 3174
4400 4706 912
8000 8119 904
3163 6356 1539
711 7492 4682
5684 7863 1307
2792 4668 1076
3608 5286 3999
3153 6171 505
153 3976 1704
1930 3997 3312
1455 7892 5857
27 6532 7007
1641 3589 7994
1233 1760 8089
3397 6289 427
741 6608 4291
3643 5045 8185
4077 5297 940
35 8148 1992
201 7982 4671
2696 6292 200
1754 4372 4496
366 3813 6404
1420 6552 6600
866 2144 218
369 2255 3425
4878 6259 3666
1520 2450 3964
5296 8133 3108
4296 4934 4931
3965 6438 552
4523 6466 7850
7523 7738 3620
2145 5047 3962
2573 7220 6943
3184 7537 1554
85 1106 2888
3701 7942 4786
3640 7930 893
6388 8106 80
46 8039 4507
3133 3567 7395
1586 7320 2
928 4634 2722
237 1300 7425
2855 5522 332
828 2768 5240
2195 5750 2349
374 1986 1383
1501 7202 7888
614 7378 19
1678 5518 369
2310 3392 7435
214 1217 2908
1327 6556 8126
6960 7150 4335
1594 4261 7462
1847 2389 1669
557 1334 1067
2473 4907 6337
168 3634 7168
2692 7989 5267
2728 7263 4101
864 7484 1230
5756 6758 2873
79 6754 3876
5508 6239 6184
1920 5227 4921
3612 5341 3881
740 7295 4373
2880 4086 5176
4252 6222 2735
58 5034 6089
4593 4816 6557
1914 1917 6224
2936 3569 6534
1026 2702 5130
602 3784 7228
958 4092 5318
1612 6283 75
2185 7016 1761
4408 7246 4247
4114 5649 7576
4217 6746 3299
403 1971 3784
1293 6012 783
419 6812 360
1135 5418 4660
409 7741 5667
1318 3421 7697
1360 5691 3356
5069 5380 3887
744 784 1023
1212 1303 6904
1245 5458 2254
3002 7707 2807
1357 2119 6803
7062 7353 6712
5677 6010 349
3465 7007 373
1264 7848 7899
1431 5273 3354
67 5169 2666
63 5611 7948
4987 5119 6605
1562 3779 975
987 5520 5282
3457 7661 2630
4014 4720 3933
566 5569 3648
850 5516 3610
575 1748 509
4517 5134 5945
2223 2814 2767
6151 7433 7892
3072 4207 5429
2535 7583 7913
1109 7656 1949
399 3519 1264
193 7849 3407
4947 6702 7579
733 3004 413
1149 6519 7262
1076 7620 2862
355 2713 7578
424 4052 1351
4935 7402 4368
685 860 6936
349 2375 4631
2354 2902 4363
7010 7191 6599
1402 2174 1892
2644 3323 4767
163 2248 2582
1916 7004 2131
2827 7648 4661
5638 6599 2217
34 4020 1064
105 7512 3676
1679 6897 4246
2382 3014 4025
1588 7405 1935
2848 7606 186
2163 2574 3939
3484 3765 6354
722 1038 1108
1960 3748 6994
4084 5727 3324
4901 6093 145
1751 3504 4248
1994 5445 2785
1573 6115 487
1853 3303 674
2819 4231 8057
2551 3911 5993
1934 2558 3542
230 2411 4347
970 3763 5047
1371 2359 7977
144 2227 6946
5178 7604 4252
3271 6540 4599
681 2071 1089
2449 3575 3481
5016 6904 4224
1774 2894 2598
5911 7914 175
2787 3132 3217
494 1709 2665
2067 2520 567
3600 5902 3444
1544 5038 5065
8 7001 1257
1072 2350 1081
1426 4882 1310
4851 5984 6751
132 7593 137
5138 7208 4546
402 6913 2989
1345 4980 6825
1066 5116 6932
164 6970 1893
2003 6539 6428
297 3517 7135
190 855 3624
830 2817 6027
1413 1512 5231
3654 6313 3874
278 8095 5858
2826 3760 6604
5161 7587 3169
6910 7714 3761
1185 4389 4540
586 5805 3355
1836 4860 5004
145 1069 4937
6803 7544 6797
544 3229 3920
450 3955 5980
373 7840 5062
4886 6751 4555
285 6711 3769
2422 6705 5259
212 6800 5295
2504 4004 706
3480 4060 1125
1406 5149 6759
119 4939 5572
3568 3881 7806
1344 6448 649
2353 6541 6450
3467 5615 6878
4362 5761 2159
4326 4745 6713
519 4349 5141
7200 8151 4935
3747 5428 1756
2261 4174 4616
964 7631 4866
171 6363 1327
2515 5939 8125
4067 8016 4889
2874 3918 5797
465 1807 147
3356 6524 3702
3870 7865 2265
612 2754 2209
25 5561 7469
6368 6719 3966
2259 5855 2540
1146 5768 2541
1268 6958 5944
3815 4712 8070
1368 6077 7019
1792 4147 8118
2521 3987 4393
5848 6480 6309
4352 5742 7975
868 1023 6909
3680 7024 2909
5028 6971 3483
5015 5451 8169
5250 7122 753
3265 5078 5851
5391 6182 5885
898 3882 201
6249 6345 510
4769 6175 5853
728 5388 3208
5126 7196 2204
1938 1998 5388
2746 5643 341
3157 7044 2881
2131 5148 4182
7215 7217 4218
1849 6194 4580
3280 7705 7603
5291 6067 4444
1639 5825 6765
3050 4346 6779
365 3510 1051
47 900 5032
2948 6262 4013
40 6820 7301
2376 8172 1005
3376 6071 1109
3758 6189 6539
4131 7666 1855
766 2802 3246
594 1351 3318
2572 2897 2086
1205 2434 2308
2291 5933 1352
7183 7628 4655
1688 7817 2571
3151 4760 1821
1939 3458 7052
6287 7674 8152
1590 4288 348
455 7088 3189
2055 7762 5021
239 4500 1625
4031 4199 1434
3864 5880 1149
474 2892 6361
1782 4622 4156
4365 7948 5086
6235 6980 1865
5248 6103 1458
3996 4753 3284
1063 1644 122
1435 2220 7762
6967 7205 1269
3139 5166 1130
934 2791 5529
5644 5728 7513
6807 7171 4066
4369 6572 7636
6736 7500 5650
5501 7199 2734
4182 4977 73
4534 5270 1930
1278 2366 3458
1156 6917 550
838 2207 151
2277 5990 6275
529 4677 3589
4723 6080 2042
24 4119 648
7188 7781 3796
652 6697 816
2800 7642 955
2517 4162 3529
1549 5683 6835
5309 7645 2270
1424 2624 3745
3143 3233 1078
5875 7539 3805
5491 5853 346
4396 7975 4418
3485 3852 2485
2022 5986 4202
1308 6352 5651
3206 4142 7233
4696 7032 4613
1681 4433 7705
939 1951 4954
360 693 3486
4410 6186 1157
6934 7144 353
777 2058 8144
6760 7499 2314
5783 6401 2139
3037 3142 4940
7084 7582 1190
445 6902 6280
2833 4867 2336
3438 3946 4668
1809 2749 875
68 191 1509
4970 7716 7171
5091 7596 782
5801 7682 322
1646 3516 1445
1168 3618 3243
2622 4990 6861
6771 6979 2471
5434 7290 3519
5556 5995 7628
3828 5540 4064
4117 5187 1845
2845 6908 1060
4484 5318 1640
7100 7177 1779
513 2933 6523
2565 3811 762
4859 7517 586
2273 8066 3051
5484 8004 6125
3682 7818 986
4736 8068 7367
3585 5050 6470
3211 7300 3322
5000 5515 994
5383 7127 4042
7721 8028 5028
4143 7771 2481
313 7811 2245
4695 5879 2676
2186 6494 3165
2673 5061 8050
601 3969 5695
3737 7315 636
975 6439 7282
2739 7448 1603
469 929 4118
5324 5489 1075
3713 7655 8080
216 3111 7254
2645 6701 6388
3509 6853 492
2891 6020 8008
2413 3327 4765
4589 7291 2373
539 4051 3346
3690 5894 8001
1780 1982 6584
1495 7533 7722
4412 7145 1098
5133 7663 3139
516 3834 1523
4126 7157 5683
3410 5112 5887
2605 5605 355
3762 5925 3948
3402 7952 2293
1256 6364 1096
4016 5320 335
4806 6280 1231
3844 4181 3655
4560 7422 1884
3705 7775 4547
846 7273 758
1118 4653 946
3616 5930 358
1247 6478 424
679 4524 7801
7260 7487 1135
3222 4881 3296
888 7345 120
3878 7740 7714
2533 4735 2275
1343 3835 3808
3252 6127 4978
3971 7278 750
4607 5817 1093
4428 6821 1114
4110 4141 2856
2748 7689 4999
1800 2224 1110
1845 4847 2905
642 3501 2108
793 6809 499
7798 7808 3157
899 7697 5631
2357 3512 5347
935 1669 7633
2912 4204 4701
6123 7965 6833
590 1921 3015
7046 7858 7949
2370 5312 6594
4931 5674 2521
1739 8161 5194
103 6464 6746
1729 4210 2455
1675 2458 4542
2123 6791 123
4985 5155 5420
558 4109 7021
4755 4951 7115
4381 6951 7287
3382 7115 4195
1036 4863 7903
736 4156 6360
1226 5864 2442
6768 6833 5225
5192 7753 143
6942 7866 5869
4011 5410 1485
6090 7374 6899
1513 1542 5195
2560 6393 2224
1243 5666 1177
1174 2884 805
3120 4152 6639
2755 7050 5954
7413 7602 2155
5136 5747 5703
2491 3833 3753
4443 5653 5990
3384 7535 7040
4555 7443 6406
3722 6066 2472
3668 7469 6021
4419 5081 4023
1491 3160 4949
2363 5659 4706
202 5177 1301
439 2225 2228
248 6265 714
1821 3235 172
5087 5495 6762
1752 6623 2443
1432 3623 3923
3998 6436 1036
779 3244 7608
6533 8084 5742
3085 6944 7837
3349 7481 5590
1056 8052 4760
2965 5637 1293
3131 7549 2668
156 4535 7666
631 2444 1921
3220 6108 4787
3333 7584 7391
6663 7644 1401
668 7574 1063
319 3977 5400
2216 2691 4251
2660 2913 231
1670 7218 8111
2317 3450 2435
1235 2788 3373
1358 2576 4342
3787 5588 5481
507 3361 2635
101 5337 3662
3499 6883 5685
1048 2640 7140
1661 6190 4658
2666 4729 2595
1565 1791 6928
3008 3375 1660
429 8032 3714
600 4968 6456
726 1808 560
6295 7712 4839
2052 7961 2037
977 5354 2107
359 4887 3810
1401 5253 3247
4639 6767 3660
2481 3231 6248
2332 2977 3720
2463 7805 2623
1900 4790 3682
1223 5626 720
3155 4164 6815
2420 7867 7281
3247 8069 2067
5658 7673 6873
3449 5858 4762
3941 6130 6348
6336 7060 5625
725 3991 2341
4976 6072 2462
3533 7816 952
6936 7862 457
3492 7665 7299
4080 5456 628
2096 3551 1222
3536 4629 2279
2161 4036 4585
283 3319 5131
4214 8035 109
3460 7837 637
4104 6862 3536
3207 4617 1887
6584 7495 1825
2627 4578 6677
2002 4449 7314
1864 7451 1872
2708 6335 5895
128 6248 3161
3403 7670 4521
802 1453 2360
2057 6205 1552
5281 5432 5999
4320 8163 1513
3112 3257 4242
353 7143 4060
3812 7844 7190
271 2783 5305
287 4875 3583
1111 3021 566
872 1379 6640
1595 6140 5447
1776 5188 4219
2946 5146 6479
4337 7516 3211
5480 7514 5661
4046 6361 1460
2532 5517 7447
5153 5866 7049
1531 4105 2219
2232 2922 7538
4874 6600 6160
1728 1830 7553
2648 5220 2568
2975 7980 1904
765 1469 1181
954 7230 2828
1548 6638 4677
581 2862 6112
3302 4158 2398
4457 4610 2441
1987 4422 7258
758 7963 1475
2035 2646 2161
884 2955 7229
396 7959 2476
7133 8108 4905
44 5725 4351
2986 3489 4355
1592 1795 679
410 4751 6430
5639 6459 5542
2110 3964 3319
95 4733 5938
2847 7312 878
845 1685 7310
1083 6574 4732
3396 6860 2642
3945 6808 6317
6603 6978 4491
249 3708 6247
1946 2960 6162
3121 6528 1736
3267 5184 8158
7083 8135 5171
3657 5579 432
4404 7086 4795
3653 5629 7179
1348 3263 6110
4447 7814 4711
1856 3508 5872
2251 6670 558
2678 6286 5996
2647 7529 3919
4032 4730 3326
3134 4284 7934
4100 4757 6420
6585 6848 1163
6781 6847 5681
3227 6536 4244
6750 7528 683
2850 6144 811
1189 6811 1447
1082 7332 6366
336 5590 3840
649 2015 3357
3189 4190 5107
3916 6455 2499
5770 7756 8164
1734 2467 6635
4006 4498 7585
2816 4495 171
1246 7768 4991
2202 4490 2588
699 2740 3092
4719 6216 804
991 7875 2221
36 1092 7086
15 4644 3621
4646 5938 5686
3459 7293 5513
3773 4827 5515
1050 2837 2264
120 876 1453
113 3210 1926
840 5873 8071
2836 7479 7959
1530 4383 2620
3188 6940 2892
255 3851 7730
2330 4339 526
211 1103 5110
1607 2924 3266
1523 4803 5582
1312 4345 7424
18 5876 4899
3034 8097 1260
506 2511 1033
1320 3278 6250
75 6365 2866
7053 8081 3219
5167 8137 5749
1403 7597 5696
5462 7289 7974
1663 1977 4888
808 3177 898
930 5597 4898
1814 2914 2299
151 7470 8161
2545 2953 6806
1498 2904 2350
2510 6293 330
1487 4569 3304
3293 4701 7731
1213 2262 403
637 2068 3654
886 2440 2573
206 3119 2000
3088 6643 3135
3412 5083 3575
4299 7252 3030
5378 8022 3516
1482 4384 556
5481 5751 2936
7354 7563 7230
134 6225 889
1177 5332 7776
4848 7362 2948
706 993 3915
4700 7428 2593
3549 7015 478
1090 1716 7015
5924 8154 6151
6548 7924 5455
613 6875 7827
4150 7586 3401
3929 7170 6490
647 5946 6922
3917 6432 4688
364 2414 1174
996 7383 7799
7480 7722 7819
6801 7709 6011
2526 6974 182
2236 3855 1406
2010 4160 4241
3604 4116 6696
5525 5533 4297
2188 4132 6378
5519 6358 911
126 5317 7500
188 4880 4525
2088 2963 524
4533 7834 6627
427 2773 5920
2397 4127 6163
2265 2522 1334
748 6405 1698
696 1335 3767
4992 5753 6656
2021 6426 7292
4371 4387 5136
2616 4184 4127
3581 3610 5504
2396 4713 5547
6250 7138 3308
4684 5668 3508
117 3276 7082
5452 6428 4942
4486 7398 1282
2360 7525 1720
2385 5129 6036
3164 5772 1382
6775 7034 7089
1696 6479 3171
5543 6471 1609
2460 3984 6092
2843 6481 3931
3873 6759 2699
2641 5436 6100
842 5216 6902
4665 4896 5112
428 4146 469
707 4496 1399
6431 7815 7080
2570 4001 1665
1557 8115 880
2266 6558 2815
4994 7272 620
4526 4810 2579
1880 4333 7687
676 7585 1239
1862 3156 4457
2557 3579 2426
3692 3876 1853
798 7449 3003
1045 7000 769
2329 4331 5930
1124 3582 4965
1064 2194 7449
7482 7778 5606
1676 6937 3932
2221 3041 6705
5412 5931 4427
821 7588 3148
4842 6583 7219
114 6056 6394
104 2867 2156
2342 4779 1922
1924 7521 5608
444 4993 4089
4175 7221 7430
7414 7927 7182
1855 7440 2011
1672 5636 6338
279 5889 672
4694 6728 1250
339 7327 2018
959 7187 1238
556 1183 7270
1220 6892 1377
2764 7174 6841
1697 5041 7644
4537 7463 3609
1340 1719 3916
5829 7779 7389
3898 4120 2678
2090 3118 5263
973 6797 7778
554 4178 1420
1341 2121 4414
2066 3822 1817
3476 5266 6646
5698 7792 3522
3042 3170 858
351 7569 6744
3437 6662 1940
91 889 1942
4764 4966 2708
3952 7601 5715
2184 4283 7935
1492 8010 2368
3994 7884 4743
1461 4065 5340
988 2395 6845
865 2719 7790
2418 3108 6493
2635 6596 1936
4424 5231 2838
3559 4314 4167
757 7996 3967
233 4030 6844
2107 4541 1962
902 4219 6158
2093 7160 3944
1947 4988 710
875 3365 5049
5057 6694 2609
4068 6629 4844
6453 6468 5493
3012 3823 7139
6118 7871 6068
2927 6796 1557
1838 2320 7800
6414 6900 4955
1337 5053 7985
3236 6467 4948
3764 4138 2760
152 1931 1178
423 7755 7550
5371 6710 7815
5207 5810 2165
2356 4743 647
77 3018 1325
7139 8085 6195
2137 5454 8150
1374 4344 2761
5689 6695 4272
2087 6866 1017
3985 4909 3490
1576 4682 1425
1967 2238 1308
3840 6905 7216
800 6376 6753
3838 5513 6530
2586 7703 3599
422 2651 6567
3660 5348 6386
6706 7662 5211
2548 4522 3847
1747 5261 3038
4465 7807 6774
2757 6666 3285
6314 7265 4288
1049 4562 5726
1078 8191 2033
2956 3311 2294
5095 5360 2831
1119 4213 6117
1999 7903 6537
1737 7650 1886
5602 6726 3523
1204 2714 6096
1626 7434 7195
4137 6578 2298
323 1287 5575
925 3554 5619
183 981 1193
6678 7511 7148
2322 2547 2143
6100 7852 2480
5897 7393 1861
381 2701 6563
545 2530 4283
3565 3577 2610
7210 8087 6340
4778 7178 2378
1743 7800 2172
3780 7923 7464
4558 6652 4030
2237 7926 6991
2326 4325 7643
99 3429 838
4602 6563 7099
449 5874 2029
4960 6274 1920
1169 5268 688
7415 7561 4592
5558 8049 3734
2430 6198 5405
1474 6998 1915
5405 7397 2239
926 4317 519
5084 8122 2460
217 2383 3395
1785 2306 6128
3479 7540 7133
2544 5546 2115
5789 7970 5514
2805 7387 7030
2519 6441 6268
4209 7672 6407
1086 5329 1389
10 6422 7588
2810 5321 7198
14 4861 5284
5923 6733 6610
3215 3594 7692
4460 6885 1279
7518 7913 328
2795 4838 3719
4202 5724 4188
4699 5913 3358
2813 3083 6475
4205 4374 1209
2667 6172 860
2217 7988 7332
64 4307 2045
7536 8149 8176
5487 7231 4913
2664 7634 38
2979 5236 2080
1804 3433 1550
729 4528 5730
2582 4584 3980
2537 5183 1055
446 535 3993
1191 5754 1945
5708 6348 2515
2838 6846 6645
2098 2298 6974
4072 4841 3380
3096 5846 2234
674 822 7955
2412 6865 196
6224 7253 6323
1507 1543 1474
7105 7627 2622
1827 1912 5320
1412 2996 2454
3166 4297 5052
908 4731 6400
2921 5229 5417
141 5600 1426
1107 6343 6849
220 6567 4644
963 3856 1045
2806 7460 4372
3802 6003 4431
1578 3434 3961
2102 4089 5786
938 7435 6349
209 1209 5492
3806 8037 2655
5951 7876 4498
1262 5077 4509
1120 2910 4513
1077 1478 6886
1040 7986 3502
3841 7099 5541
4783 7310 7918
2231 4272 284
5926 6258 108
2141 6332 4643
2541 6201 3704
1097 1572 6853
2427 4989 1210
841 5206 6742
6427 7022 470
1170 6096 6179
3425 5929 4981
5641 7560 7297
7630 8113 631
6161 6952 1661
1472 2980 3350
1893 3890 1897
1852 7809 3638
2650 6126 4128
2162 2623 1783
1238 7279 3273
5785 6765 1205
6217 6729 4669
408 5944 4556
878 6957 4172
882 2494 5174
328 2725 6241
4319 4767 1316
482 5566 7568
1057 4318 3640
3406 7375 3700
48 7256 561
2709 4591 2854
1130 1272 606
2988 5285 2648
1134 6907 512
3487 7018 3628
327 2177 494
3022 5003 6368
2338 7250 5826
7005 7677 1984
4040 8188 2008
260 5507 7682
2367 4170 2190
6606 6924 8066
2668 5113 2562
700 6413 2664
2180 5040 5446
1329 6851 3550
2658 7175 8155
3269 5582 3517
6026 7403 3216
2871 6568 8107
6529 7708 976
3070 6513 6269
417 1154 6002
5594 6609 5588
537 2327 6787
844 5100 4946
244 1996 7770
452 4855 4958
979 4312 4842
4438 7363 3035
560 3825 394
282 8171 1194
3874 6550 6754
3718 3948 1678
669 4406 5812
3168 6324 6037
1622 3194 230
1428 5845 2741
7640 7823 153
1506 2782 2895
1896 8165 1012
628 2113 8083
314 6408 3335
1073 2751 4033
1331 5706 3079
3405 3721 6334
2472 2778 3191
551 2168 786
3931 5448 7877
1589 7711 4054
1342 6793 6463
1771 3099 1701
1144 3609 7388
5259 7108 910
937 6346 1989
3448 7247 7078
2961 4338 6408
2767 5955 2095
936 5784 4361
5010 5568 7336
2166 7189 5559
497 7573 527
6234 7925 1831
1101 4033 4562
307 7872 881
3628 5567 5066
407 6925 660
5311 7490 255
1043 3001 1598
3044 4811 4914
3342 6154 7638
4483 7173 260
3750 5132 4282
7148 7622 309
2167 3901 3289
2619 8055 1618
2675 3974 1788
2564 6636 2670
4070 4697 6310
812 4997 5150
5968 8012 2934
2204 6676 3901
1886 7690 5413
4456 4630 387
4814 5299 3254
4532 8166 8079
650 6899 4551
999 5152 7596
1190 4220 2857
912 3959 6715
1002 4342 5754
5599 6423 3372
2597 6334 7468
2488 6680 3443
245 2566 7663
2128 3023 3861
690 6106 6090
498 6704 2804
5362 7324 564
771 5909 7858
4870 5625 705
2563 4986 3593
2466 5890 7539
3761 7166 3639
1978 5847 472
7288 7364 2716
604 1224 6075
2942 7126 2241
769 8058 4752
512 4348 6674
2362 3578 7950
1866 3777 5496
2404 6903 6965
1535 5524 6177
2761 6419 4873
3413 4544 4428
4538 7049 2427
123 7117 2569
3444 6058 7559
6872 7319 4044
4035 7261 6140
3055 5437 2039
227 3415 462
3556 6121 4071
3086 3338 2812
2085 5097 4185
4727 5331 2859
5740 6243 1613
3335 7882 352
6522 7305 7654
2475 6261 732
466 7269 3178
4173 7984 4651
3687 7067 6855
4247 6266 3419
1857 4834 5592
5763 7116 3852
4941 7760 2191
2555 3141 3102
1755 3078 1430
531 6997 6142
2181 6516 7484
6007 6503 4885
6992 7498 8081
1451 4802 7889
1928 2554 2702
4829 5800 5678
7301 7810 2861
2441 5500 5573
1490 7025 3226
3426 4556 7931
231 3116 2233
1004 5205 6094
2160 3301 3224
2256 6546 4813
1764 2260 4148
2688 7078 4812
909 8036 6996
1441 4435 7174
856 1823 229
5646 7385 409
3711 5265 4047
8077 8150 7605
5347 5919 6633
197 778 5407
2952 7847 5346
2568 7842 7567
200 4964 2998
1841 6887 5808
1397 5111 3434
2358 2951 1414
66 5670 1141
3656 4871 1111
3714 4459 4716
2243 7321 4099
1618 4012 290
4069 6060 5628
4478 6200 2877
5135 7570 7064
1677 7855 7039
491 2031 303
2798 6661 708
247 7497 7781
715 2649 1048
1100 1214 7068
1738 5630 7293
246 330 6355
3875 4364 2070
3975 4215 2557
7450 8110 5124
6651 7934 2617
2283 7728 4920
2905 5912 3083
5766 6594 7825
4714 7172 2017
3650 4983 5428
3999 6301 271
6379 6476 1960
2442 7410 7149
1767 4527 4567
5820 6780 3447
31 2873 1718
6769 7651 7206
5506 6279 1973
5017 6483 646
2242 5361 7200
2500 5304 365
4390 5450 2382
2127 8008 7660
4265 8042 5203
242 4596 1028
540 7743 814
595 6973 4901
6185 6975 2092
1569 7578 2171
332 3928 2129
5278 5758 3842
4474 4592 996
1666 7802 8055
3993 7264 1450
1162 2381 695
2349 5850 4833
5808 5886 2549
5043 6665 3775
4481 7979 4995
3933 4350 1916
607 5574 665
2369 7827 3757
2117 7158 5825
568 6999 437
2197 7128 307
1995 4062 3607
641 1398 5927
1822 7222 5258
4641 7342 2501
3497 7793 6284
3742 6640 1583
904 1218 1013
4758 5604 2446
1484 6179 6009
3700 6272 484
6387 6930 4380
1510 7547 5585
1160 2632 2235
1292 5202 1976
1624 2305 2128
835 4553 1140
1698 4505 5898
4121 7806 4050
259 7391 3880
2373 4967 1297
2064 5830 3436
5648 7638 7304
2656 4262 1826
3 2299 3783
985 7043 4614
1422 7377 5694
2689 5235 3256
3019 4179 691
1466 2146 2837
922 6881 2719
1188 1479 2087
4201 5023 3192
401 5080 5998
1885 2459 3799
4113 5182 6441
587 5121 3653
2419 7522 3215
5497 6966 2531
893 2083 3275
2825 3255 5303
505 4961 3253
29 6489 3859
457 5918 4179
6083 6310 702
4774 6545 6343
2722 3570 5465
4248 6267 4166
1500 6299 7298
400 6125 5132
4135 5908 8114
1524 7180 8132
4651 7853 6843
4519 5996 5698
1526 7906 2802
5469 6755 2079
6465 7675 3274
2699 6740 6702
7972 7981 4019
1689 8105 299
4045 5831 7093
5440 6633 2343
2620 6018 7360
485 1369 1805
797 7694 653
3723 4013 5750
6192 7474 2199
4392 4647 642
4655 5070 7090
2026 4703 827
3988 7706 5632
1843 6876 3679
1315 1746 5323
4028 4492 7821
4244 6312 174
1084 6042 7001
562 2294 2687
2133 7567 8178
4836 7610 2104
826 3733 7294
1757 2371 6929
78 871 3866
284 1541 7661
226 1810 2509
907 4047 5937
547 1650 3556
496 3857 4210
6023 8152 1857
2983 8024 2365
6027 6452 998
70 3647 7191
2807 7316 1214
3619 4850 6290
1897 2328 1502
2316 3190 2656
1890 3332 1291
578 7201 7042
1902 3260 2567
2674 3947 5677
1309 5703 792
3183 5397 5888
1583 7322 7335
768 6838 1112
2143 5549 733
3148 5212 7192
3827 7030 6733
6011 6526 6667
941 1434 3675
4511 4613 98
22 3904 6934
2523 4423 1910
7659 7723 1511
661 6731 7744
1714 7801 3781
5819 5967 3813
4650 5786 832
456 5661 3641
3125 6982 3022
1514 7027 7280
1061 5974 4245
124 1020 250
414 7365 3631
2974 7885 965
2097 5852 2430
3462 5140 6469
1254 2797 3405
3587 6212 1834
2465 3169 3538
337 2149 6041
3175 5094 4835
5185 6117 1565
4693 7054 5099
1889 4378 6178
2920 6196 1504
796 1708 6554
5718 7917 909
1140 4107 506
4079 5749 1424
2476 6579 5254
2101 6145 3491
320 6786 6109
3869 7857 1427
2679 7058 295
1642 2630 6146
438 2116 3416
3197 8129 5960
4302 4830 2307
552 1394 3727
6612 7425 3276
7038 7767 7406
1769 7237 3222
6564 7257 2959
2276 2917 7169
3820 7065 7104
6116 7056 3328
3095 7759 7340
4780 6717 624
2840 6337 8095
901 3461 4327
2112 7465 953
2998 4269 3818
1001 3101 5670
2165 3741 4329
3259 7052 582
2994 6098 6570
169 7749 2986
92 5663 5144
6095 7813 2941
5417 6916 2252
371 6943 6124
2824 3419 5125
4912 5587 5994
5237 5841 6254
6832 7748 6229
1445 3897 6044
2407 6630 7867
116 204 729
526 1731 2757
1363 4645 2902
724 2670 8166
1250 5622 1947
3950 5840 7807
2495 2730 4022
1707 4085 2096
1285 6779 7159
525 3739 6381
1637 6178 1574
2542 2676 1146
1858 6373 4299
6470 6857 7223
2364 3045 5356
5384 7997 5309
3665 6477 6761
3930 6559 5552
361 1311 7365
2439 4366 629
317 7841 146
910 3129 2745
2153 7280 8037
5651 5907 2170
3785 6268 5637
2454 5214 7594
3810 6687 6732
1944 5607 3588
3313 5892 6353
1475 2215 5584
377 3199 1077
4452 7812 1913
2075 5920 1954
1439 6592 1019
6148 7097 6165
4799 7575 5746
490 6877 8051
1632 4059 735
2190 3774 2036
820 5172 1208
430 5211 5906
4308 4571 7600
389 1372 5687
3464 6965 6988
775 6163 7494
189 1171 5450
5736 5898 6790
1936 4819 6802
354 1387 1957
2063 5335 5116
3720 8128 5684
2992 7059 2205
3350 6033 7886
5328 5398 6935
1332 4637 4535
418 6523 6730
5884 6915 6819
280 1538 1587
4194 6061 2987
3320 5838 1350
6685 6927 4209
4866 7452 3500
5284 6300 523
533 7106 2301
7236 7464 84
502 2716 5624
1763 7274 2510
3511 3934 3930
1187 3732 2043
644 6385 1192
7194 7782 181
136 6384 3316
2885 5241 6259
45 7003 4916
723 750 3433
4321 5743 5917
2461 5234 6608
3167 8157 2715
5019 6790 3172
290 3871 584
182 1237 2572
849 5027 5819
877 5110 8076
2325 3728 4809
243 3863 7187
2082 7632 1883
1745 6795 6726
1566 2048 3007
3679 5988 6099
2682 3831 5045
3636 4140 5958
1710 4550 3127
1456 4054 5289
5652 6531 3545
2539 5479 7404
1483 8007 1749
4315 5557 3362
1664 2348 3423
1888 7686 5362
1803 2935 4436
4097 5254 4515
1873 7129 6321
3752 6722 1744
5303 6238 635
3453 3490 2226
4708 5778 2685
1240 1279 6796
303 6535 5287
1349 4183 2403
3380 6560 5271
7330 7796 2281
3343 7111 4183
839 2909 7231
441 624 1742
946 6372 2335
2409 6614 8181
3644 6912 1132
6734 7192 2103
207 3027 286
4618 7994 6233
3572 5915 2049
1717 4649 5098
5 331 4095
1465 6595 1579
2303 7608 6192
262 2671 3406
94 6604 4880
2432 4796 5580
2614 6055 800
4340 7939 7054
720 3109 1746
5035 6794 21
5316 7950 5879
5044 5844 7768
1773 7835 6415
6237 7079 4098
3325 8101 4690
253 2704 2035
1197 4839 2236
6417 7130 4110
2233 5593 6555
6660 7185 6007
1153 4884 4126
2037 3603 5901
3107 4742 7321
4123 5999 7205
2809 7466 1046
2042 2762 2751
3056 7360 5835
6112 7696 4063
4271 6823 7587
2991 5779 7204
2201 5238 7887
4746 6744 337
17 7790 6598
4467 5686 3086
1962 6709 4077
1047 8056 7109
4234 6521 7178
1703 7804 2406
5714 6378 2860
1314 6845 585
1410 4094 2439
3798 6458 4704
3755 5340 7338
6761 8090 667
3200 6788 7167
2858 4926 6874
6725 7752 1088
232 792 3068
2159 2786 7523
5144 6389 6393
1477 4169 3988
4734 6770 2208
4 1155 5366
1793 3627 4686
468 4224 8024
4394 6203 6453
256 6502 2475
4667 6948 2958
499 972 3424
3064 6174 1042
5260 6449 1340
1269 5325 4997
5336 6397 6271
129 7125 1320
1671 4702 5732
2061 2464 6670
3076 5099 7465
304 1519 4968
4398 8060 7527
1234 7636 2166
5976 6720 1092
2895 6783 3972
1485 2009 4764
4088 7179 2256
702 7784 4710
1564 5826 7704
1765 6309 855
7462 8064 6634
881 927 1670
3659 7119 4934
654 7556 891
698 3637 897
3186 4432 6108
530 2853 1710
670 2932 3305
2402 4948 1577
4153 4165 4633
950 5905 2858
3032 6353 3798
5208 7888 7989
2804 6149 2972
223 3363 2467
2870 3308 6373
678 2205 5620
4669 6315 3080
2079 7820 2331
2876 3432 3230
5987 6074 4359
5867 7653 5026
663 8050 6045
7671 7977 8117
2139 5813 6826
1384 6162 7131
3757 7831 1535
890 5577 5053
1232 1299 7274
270 2610 5424
2981 7773 3884
1779 7400 3936
2815 8175 1034
397 5900 3376
321 8138 1044
464 7616 6251
3100 3102 5583
2428 4021 6486
1818 2285 5744
4581 6928 2644
4633 6411 791
3378 6774 8104
885 3769 2132
653 3547 4140
3423 7110 2424
4087 4539 7728
2108 3685 6581
1323 3217 6956
1567 3729 3121
5074 5775 2794
180 2866 6701
272 7323 1747
3060 5092 7616
2502 5538 1353
6855 6882 6480
1740 7245 7966
1835 6819 7879
1727 8046 2586
1031 5512 6489
4280 8079 2285
3024 7418 7038
288 1571 1794
3699 7216 7761
2599 6167 958
1505 7366 6625
680 4984 5551
4322 7477 99
2172 3829 1656
125 8159 2232
1383 5189 5075
4664 6073 5839
3645 8011 48
352 3819 999
4789 5707 2966
268 2196 4321
3176 6473 2587
69 4477 6080
4587 5366 4772
5338 7531 5177
3684 5581 7917
241 5941 87
543 603 2121
7023 7918 5881
6136 6696 4805
3187 6745 7721
834 4276 3971
1258 6873 7032
4776 6763 1281
2355 2490 7503
3456 7629 4857
4316 6632 5925
7803 7940 7642
4707 7726 6236
3796 5096 6205
5836 7530 2158
4189 7352 4485
7564 7912 944
4186 6305 3009
1172 1381 2984
2374 6828 4177
7424 8019 1176
2318 4471 2847
1425 3039 6692
300 5022 983
432 6839 6568
1726 4673 1102
112 917 7318
638 4654 1924
759 5565 3661
7077 7109 5836
1353 4741 3342
1259 6288 1559
295 7676 2305
3613 7092 7486
6089 6135 1413
508 7361 7519
3972 7136 655
1923 5433 3717
1028 4074 333
225 7047 3680
712 1799 287
318 6996 4680
1693 2287 4722
2059 2462 989
2540 7475 5915
2923 6551 1667
3208 7356 6969
2004 4416 1901
4893 7226 304
1631 3043 2742
219 1359 5779
4862 7283 7118
4444 7701 6220
3926 6590 5646
5690 6412 7681
5679 6693 6985
1925 6645 4434
6628 7729 5290
1055 5186 5192
774 5906 813
324 5960 6919
2105 4393 2576
405 683 1951
2659 4323 2946
1555 5464 4910
5449 6723 4207
1161 2989 2605
357 3182 3435
2451 4061 13
3593 5795 6569
3826 3894 5329
4606 8184 2448
1088 2543 2849
4938 6692 5235
5827 6815 6522
3152 4962 603
3602 6657 7378
4295 5223 7047
2588 4635 4527
5036 8083 4174
5086 5457 7809
7275 7936 3528
3885 6520 4415
1907 2007 2820
4450 4943 5778
3532 8170 6410
1081 4620 5384
2333 2987 2436
2060 6344 1429
2297 8044 3036
3318 6653 7173
6357 6921 5472
140 4514 1965
5917 7483 6973
1741 6407 5615
176 2772 2949
382 6021 6545
1296 5635 5409
7271 7550 1537
139 1319 3389
2928 7303 265
1210 1404 2482
831 2173 2942
4660 5821 4720
49 8103 1476
914 3122 992
88 5530 6997
701 2138 2414
2741 5393 6497
3528 6987 7490
477 3888 593
251 7229 977
1761 4489 6520
425 1070 6106
1993 8027 6302
1614 2734 3105
3521 7206 3688
621 4293 7684
2496 3850 2931
154 5305 1681
3652 6424 3420
3079 5816 4338
3675 6580 5976
1956 4155 7524
1582 5314 4287
969 4958 4260
640 7687 1944
3571 6756 2977
6577 7794 8018
41 2633 4266
795 1609 4776
4064 6499 4303
3283 4642 6180
6487 6806 4962
7219 8156 7517
3591 4625 33
4223 5107 8045
2171 3837 7946
599 6554 63
1537 6005 1683
6255 7421 1773
416 5090 2879
2957 3979 3463
1870 6302 1586
1271 3923 2797
1113 7893 1438
3128 4698 1717
3804 4781 3582
13 3062 5396
2790 4530 5950
6338 7869 4666
1593 2665 3856
9 4604 7290
3669 8158 5090
3543 5794 2538
148 4623 7238
6429 6941 7914
5052 5942 498
4446 4520 7164
3268 3473 7552
50 4286 7511
480 3065 6235
5922 6581 7096
4582 5076 3048
5327 5505 7160
1953 5058 2551
87 7061 4175
501 5163 7186
686 5755 6141
3272 5802 7351
4090 4608 3715
5619 7797 3749
3126 4680 1592
1712 2950 6432
3915 5598 7610
32 7945 7175
6377 8096 652
1006 4136 3926
1904 4403 4236
1778 3400 7478
5693 5764 1151
6242 6482 1630
3105 5545 4709
622 5975 2069
5793 5881 5616
1983 5194 4725
5051 6616 7285
4777 6350 4763
6446 7635 4302
4692 6146 4322
2438 3982 6939
1094 6565 6864
799 5632 1116
1894 6983 7217
708 5804 7590
2901 3098 1418
3123 7045 8190
1909 7013 5361
854 867 651
825 8099 2738
4979 5123 5992
433 4058 551
4678 5168 6592
940 2872 3448
1943 5031 7414
905 2271 536
4643 5771 761
1968 4313 362
1840 8143 2266
3228 3664 5940
1533 6898 1980
764 2229 4578
157 2029 3712
3015 6644 5969
811 6307 4394
3606 5697 6212
5030 8132 4040
2999 7211 5761
4821 5334 3858
5424 6051 368
6537 7828 2250
2379 6721 5317
65 3920 3185
1266 7071 5327
1604 5130 1154
5580 7911 5260
1115 6159 5672
1613 4106 7751
1680 5277 7341
992 3146 428
5554 6133 842
386 1062 7097
228 806 7458
3058 5323 3708
2018 2868 3844
5032 7609 7829
6654 8118 3095
2569 6263 6216
524 3347 4312
196 2346 924
4050 8094 7419
2008 6977 5294
4037 6802 6617
2903 7064 3816
264 5657 8011
5562 5871 4850
3491 6918 6116
1517 4148 1164
5055 6544 4573
897 4975 294
111 2479 3754
2578 3036 3210
2047 6240 3561
281 6699 280
39 5870 4595
2538 5379 3471
2700 3216 5353
3496 5937 5910
5386 5712 206
2978 3886 6884
5127 6994 743
286 5932 7758
2808 5583 3066
3540 7241 3160
2549 7897 6402
2257 7406 2746
131 6889 449
2030 4221 4985
3017 5616 2994
4023 5243 7479
657 3576 4316
3783 6318 6085
5124 7379 7566
4285 6932 4032
1610 3913 3028
4812 5882 4777
4974 7394 6960
3772 6241 397
1552 4203 5084
5705 6475 3091
3943 8033 5221
4662 6124 3478
3624 7611 4024
2457 3836 3264
2766 4761 4419
7195 7614 6077
3631 4479 4714
6914 7772 5154
2286 3281 6771
4095 7612 3770
788 6251 3422
3395 6547 6813
5857 5865 7771
4908 7562 4447
6226 8186 1104
3995 7783 4810
1966 2638 2985
2604 3605 392
789 3962 3566
1522 6044 6253
383 6789 5383
2579 6527 5389
5998 7438 6423
5499 5550 389
965 2527 6040
780 3816 7715
1131 6231 5579
6901 7101 7512
2103 6561 7421
3241 5746 5986
819 5695 7740
5179 6236 1611
1411 3919 5071
2900 5203 7651
4294 4332 837
1015 4902 5281
3404 7339 6731
953 4771 2154
2997 3681 4142
4955 6714 1675
3858 4328 633
2759 4670 1223
5387 7037 701
5025 5969 6737
1137 2661 3203
776 6739 6219
172 6398 313
6598 7121 3469
4852 7152 6907
553 5812 7257
3135 4508 7571
213 2235 269
3180 6082 6848
344 7318 2302
4264 5965 7034
1817 6256 7565
5535 7691 3341
483 3535 8143
3087 4937 617
1386 7718 1232
1715 5614 1357
1164 1772 160
6204 6655 7657
12 265 4104
3601 7325 2491
2246 4043 6031
5093 5948 4621
658 1861 8029
1228 6141 1276
772 5018 4570
1167 4782 7864
6895 7618 3476
4353 5390 161
5359 7042 4883
4570 5005 2267
3842 4545 384
6209 8029 6379
4666 7359 1995
1497 5536 3804
2011 8003 7493
2972 4924 5423
3409 5210 6660
4529 6647 2493
4999 6120 3872
170 3238 1175
3329 6497 8047
3054 6206 3558
4487 8177 2222
2513 6627 6601
4548 4944 6804
5228 6183 135
5350 6134 3170
2594 4306 6427
859 1598 2793
1180 1981 6188
2352 4583 7048
2480 3830 2464
3305 5226 3397
3646 5757 3596
1099 5774 1628
1450 8182 1185
7017 8131 5721
5372 7392 383
1354 7581 1871
4420 7715 2048
426 2361 6986
2308 7224 2523
3067 5523 1862
4636 7227 3860
1087 5510 6972
1762 3081 5595
2006 4885 8177
5765 8111 3894
2613 4078 6482
3506 3940 5783
1184 2744 461
4376 6257 5286
3523 6421 3142
5927 5957 1635
3891 6052 7667
1550 1842 5103
158 7441 4607
689 815 5794
1141 7953 5838
3089 3558 7504
3751 5532 5398
1316 5377 2182
4373 5063 5983
5807 6935 4310
2864 6517 4871
406 7825 4516
43 3091 2135
630 2926 6718
2386 5716 532
2966 5498 1428
1625 5251 6001
1009 7568 3287
1408 2209 1715
453 6271 2600
1356 4470 2338
5162 5326 7180
5240 7956 3913
294 1790 7972
4010 5279 4638
5792 7197 950
1030 1952 7345
194 5098 448
1060 2278 6930
3454 3903 692
2423 7780 2982
3557 7559 142
2433 3877 2111
3104 4493 3793
3264 6008 6999
4056 7861 1768
1195 2189 4020
5056 5455 7445
3443 4253 4645
933 2943 873
1252 6214 6243
3158 4426 5443
487 2282 3179
5274 7137 6729
3337 3482 5634
2732 4506 7719
2130 6128 1530
4688 7006 1273
1276 4959 4325
5811 5878 381
1725 4243 6370
404 7369 8097
2852 3225 2361
5559 7162 7060
4809 7836 1774
960 4260 3498
1742 7051 4627
2834 6105 7546
4128 4275 1601
957 5054 8073
5673 5895 323
2387 4573 744
2032 4981 3950
82 1898 342
6949 7902 3115
2712 3936 1150
1927 6461 5454
5560 6884 4273
3513 5262 4120
615 3328 5201
3179 3949 3994
4007 6107 2628
6542 6878 6086
1787 8015 454
5958 6264 6150
5349 8190 3283
1121 1628 4194
257 3642 3440
4786 5072 4311
1926 6879 18
7625 7799 1707
2023 8183 6324
1418 2896 3716
4395 8059 5720
966 3884 5041
4925 5971 285
1200 8187 1333
215 3702 1948
2940 4525 6105
6683 7933 1811
5176 7456 191
1619 5353 6396
1391 5282 2580
3712 7103 1863
571 5475 6614
2484 7167 5352
81 667 5562
5073 7457 2384
2621 4888 772
550 3854 6831
5164 5671 1053
3574 5901 1581
1377 1735 6516
5759 6355 6942
2249 3345 5499
705 3673 2051
308 1281 7116
1330 7313 807
694 4357 5301
1199 5732 547
1273 3563 1431
311 3910 4027
923 2752 5204
1553 3068 4103
470 1152 6173
2478 4640 7237
944 5815 4853
2973 4225 2376
2213 2829 7393
1759 3550 6758
1263 4619 7069
951 5868 1572
916 4057 6283
1584 6187 4735
4903 7297 6755
1440 4129 6288
121 5642 481
836 2448 6464
2040 6396 1562
3900 6569 1849
548 4125 3081
5071 8053 1387
2774 7444 1934
5613 5910 810
1005 7176 7893
4588 7639 951
2054 4266 82
62 4118 6728
2715 7076 1789
2779 7235 6413
7832 8169 1832
2531 2851 8163
3754 4029 4164
6613 7432 4983
1003 7558 7211
2016 3724 6944
633 870 7111
421 6712 7991
1175 6062 6175
4053 6530 4817
3588 5319 8112
2562 6664 3096
3287 8061 2383
2493 7239 7
2687 7623 7582
2120 4585 4466
4291 6681 4980
4551 8091 4149
4391 7776 6690
5199 5352 7313
3689 7909 1841
1860 1884 2696
338 1701 3986
542 1470 7244
6347 8065 455
2529 7765 27
5106 6679 3446
3033 4461 3497
1521 6785 3104
1075 2577 970
5131 6223 6385
4287 5101 3968
4766 5527 4896
5509 6508 5095
3596 5734 4953
19 5088 5467
980 6805 7346
334 5978 7362
945 2074 1415
1051 6213 757
3703 3957 2606
4388 7123 41
2200 3932 2310
329 7341 5964
3801 3899 116
1789 7868 3234
2198 4676 1750
5142 6991 7795
2780 8189 1295
52 4270 3995
2100 5486 3455
1265 6394 4397
2489 3106 5275
3807 5781 2782
691 6197 2249
2693 4817 7448
1813 4515 5051
555 2072 5470
2388 3790 5508
1459 4858 3006
436 6317 1080
1249 4759 1204
3592 7168 4471
592 3814 6200
829 2615 1482
919 3788 2880
673 4849 8022
2384 3026 390
2698 7896 4529
1127 7667 6589
1879 2218 7902
1298 2860 6595
4982 7090 514
2559 6230 7986
1891 2672 2535
1322 3084 6801
1138 2300 4678
1415 3909 7141
570 4159 7542
1937 5118 2565
1941 2436 4733
1416 6362 712
5717 6254 4605
1559 3074 1543
4663 7555 5899
2593 7938 6913
4192 4770 2312
2429 2970 6688
5704 6402 1156
2315 5465 1914
3224 4330 8041
718 3191 4652
968 3223 4138
1350 4409 722
3291 7439 3982
221 7336 4214
5029 5175 425
2685 7146 872
4298 5745 320
2717 5365 361
3735 7647 2353
83 3315 6785
4274 7223 1403
6835 7789 2728
1687 3344 2839
6273 7429 4799
1289 7163 5520
2731 4598 6107
2252 2253 6161
185 709 2749
2 4890 6921
55 7526 1822
2592 7758 2081
4279 7412 4992
479 1230 2085
1326 3007 1621
643 3924 5523
3366 6911 495
1150 6591 6436
1158 2421 6426
2254 4728 2993
7668 8098 1274
5722 7012 4576
2571 6114 1441
1854 4242 2964
309 7826 6818
263 3172 2197
597 6718 1374
4360 4813 8102
989 1007 1068
1215 6252 129
7545 8160 1651
7346 7382 1953
4273 7317 684
3321 4124 4915
3562 4327 2759
3566 8086 7522
1905 4547 2938
325 5490 5617
3541 4386 3658
2084 7447 169
6325 6732 7199
1950 5439 1369
2403 3468 6784
620 3117 150
4521 6088 6793
1032 3195 4510
3417 8074 5256
4145 7020 6237
3322 3740 2726
4025 6484 4641
2114 4820 2584
475 5191 6606
179 6277 4005
3749 6341 6757
1797 2822 1103
2169 3966 5476
5225 7277 7027
4002 7287 3957
2879 4038 3776
743 6399 3974
6425 6501 2030
2289 7900 900
2776 7041 2979
2775 7595 4122
3781 4869 587
3514 4543 6892
3983 6844 1807
1116 7905 5478
6046 6294 139
1145 7376 6231
1518 5062 4784
4785 7118 2317
1643 5453 7364
2785 3047 530
3793 8141 71
115 3766 2673
473 5351 5935
1837 5258 768
1653 3470 833
3980 6119 7037
1601 3564 3349
224 8051 704
4675 6110 6054
1558 7879 8082
2518 6053 6792
6303 8047 7890
4749 4845 3835
376 2210 4676
486 6102 654
1186 5411 6782
392 5799 6362
2152 7579 1993
3970 6244 2412
6792 6938 4837
2602 3542 4944
1286 5733 239
2239 7543 2863
2179 3154 7122
1253 5264 1866
1290 6496 3229
76 8093 4261
90 5539 8059
2164 4133 2010
5102 6437 2874
2821 6959 6684
6184 6270 5334
3136 6995 289
4370 5788 1145
1399 4674 3602
596 3198 398
3398 6969 6240
61 4652 6311
1436 2405 2013
3666 7473 1786
737 6861 3535
1053 6359 5270
824 4309 140
3266 6392 162
2182 5373 6374
2534 3832 3571
4794 6328 1998
4448 5726 6082
2680 4873 2852
862 7294 4162
1222 5170 305
460 6029 4100
1437 2398 2313
387 5748 5668
3162 6041 7112
634 4091 7874
1783 2192 319
1291 7720 4727
23 8023 5830
3253 4927 5533
3845 6001 7812
5856 6180 3722
1010 6333 2366
3127 7066 2399
2474 5295 5234
1313 4048 7964
2041 5477 1433
4773 7155 5709
1294 7538 2772
1848 4853 8021
1528 5877 2781
833 5042 6287
4230 7427 4998
5950 6447 6597
333 6139 6867
818 961 6727
611 3386 7830
3307 3846 339
3848 6850 3527
559 3288 809
7380 7915 3687
2854 3059 828
827 3367 4271
2856 4554 241
1844 4784 1289
967 4475 937
4303 6395 5054
6430 6607 4617
481 4235 5283
2683 3174 1488
5842 8162 7012
1805 5307 7201
3243 7700 6885
375 6787 2337
2062 4690 6613
2275 5156 6672
618 2279 6963
2013 7958 2556
6013 8102 548
565 6543 2280
3330 5330 5368
184 5174 3010
6868 6961 4499
1915 5482 1967
4762 7685 4446
504 4418 3054
59 1540 7619
192 4093 1143
4055 6867 7334
3527 3771 5310
579 2849 6716
3866 7446 1322
1333 3113 4667
277 6354 8074
3580 5103 1123
3544 4963 1159
2270 4971 731
5823 7142 5040
1442 8145 7520
4289 6906 6438
1942 5702 4596
299 5502 5080
7011 7739 3060
161 4482 1515
467 1504 5644
1667 5591 3452
2911 4765 3069
684 7774 1442
5200 6716 4558
174 896 7675
3369 7396 1015
2368 7411 3330
1775 3028 2530
4472 7314 5083
2626 6158 37
205 4167 4800
955 6065 1133
3124 3590 6888
585 4413 5057
3374 3961 273
3352 6195 7668
1733 7367 6679
887 7859 5889
688 6675 1616
4567 5961 1633
4402 5012 4015
4564 5715 6446
3140 3639 3388
755 6831 1649
6730 7072 6174
326 2313 6186
3030 6157 6958
2309 5244 7035
4017 7974 2667
5139 7135 379
1690 6984 8105
3336 5869 3922
146 1071 372
2272 2812 3744
749 6109 1959
7494 7699 961
276 4580 5859
98 2799 1725
1587 3555 4442
2425 6617 2291
1539 2677 4984
4557 4932 1708
511 636 3404
4101 7337 2144
1039 2608 7273
3545 5861 4293
4041 7734 23
2784 7922 5589
3324 5159 6739
2280 6030 4377
1270 4531 4398
7409 8185 2496
510 4227 7723
1059 6113 2227
5492 7995 5655
492 5381 3339
3069 3218 572
2078 3205 4713
7140 7417 1760
931 2437 1986
1770 3753 4590
2341 3695 5172
639 4868 3618
2019 4351 4794
137 4278 5412
3498 6019 5001
3353 7683 2975
6298 7262 5657
372 3626 6481
2129 4367 1830
995 3803 6042
2193 3520 6130
6989 6993 4823
2077 5218 6414
4099 4894 3195
440 1872 7739
367 6888 5397
1346 2226 6316
6880 7285 7181
3138 6219 1115
5272 8063 4151
476 1736 2901
1802 2954 7670
4559 7617 6951
89 1892 2943
4752 5442 7013
500 6137 2883
122 4134 1243
84 4039 612
37 7732 4093
2351 5887 2237
4359 5843 148
932 2343 6781
348 7276 112
791 8067 3492
1935 2607 3233
7070 7270 3632
1136 5797 6682
3935 6291 4838
1310 2492 962
51 2875 3646
1481 7120 3261
804 6462 5758
739 6610 7613
617 4356 5725
4172 7502 119
4600 7658 20
3282 6667 1510
3201 5571 5587
1933 3185 4070
2976 6570 7941
2962 4336 5909
3655 6571 1666
312 6371 3733
2839 5991 4816
6227 7931 1970
3381 6646 2631
4917 8013 554
635 4715 4941
2662 5664 2555
1239 1600 1755
3309 5552 1889
6322 7048 7573
4355 6143 6871
1110 2178 7161
3889 6169 5386
2377 3912 1022
1122 5014 638
398 2919 3462
915 6834 2416
7355 7388 1395
1503 5966 3149
851 6798 2363
5002 8116 3133
335 746 3402
735 3707 5564
6586 7964 5596
2706 5730 5439
1575 4096 6812
4919 7190 6587
2552 3716 7366
3494 4793 3182
616 2958 1117
5344 8018 4105
4185 5308 7405
