128 8128
64 92 64
3 118 118
90 95 90
58 124 58
29 35 29
42 84 42
22 28 22
71 85 85
76 106 106
62 102 102
91 95 95
36 85 85
86 115 86
78 83 83
22 115 22
52 118 118
27 87 87
6 71 6
66 91 66
3 122 122
3 34 34
42 78 42
31 47 47
15 70 70
17 45 17
8 64 64
29 57 29
58 102 102
52 123 52
45 63 45
68 83 83
49 62 62
24 49 24
27 86 86
9 81 81
5 29 29
67 96 67
38 42 42
42 126 126
13 119 119
3 48 3
32 68 32
5 51 5
67 77 77
23 122 122
59 76 76
71 86 71
104 121 104
82 90 82
50 51 50
80 96 80
40 77 40
32 122 122
110 125 110
79 102 102
117 126 126
40 96 40
30 60 30
3 117 3
66 73 66
10 65 10
14 74 14
19 128 19
92 105 92
18 29 29
20 60 20
52 62 52
49 123 123
27 97 27
2 68 2
97 106 106
9 80 9
31 88 88
7 128 128
32 121 121
59 108 108
37 97 37
97 111 97
22 75 75
3 7 3
2 11 2
21 26 26
7 66 66
12 46 46
32 70 70
90 99 99
5 54 54
82 85 85
102 116 102
9 41 41
54 117 54
52 107 52
37 62 62
45 77 45
68 87 87
111 127 127
53 126 53
6 48 6
8 125 125
67 80 67
45 81 81
94 114 94
18 49 18
11 38 11
7 100 100
45 57 45
7 109 109
41 60 41
37 113 37
90 118 118
16 35 16
54 119 54
10 42 10
15 64 64
31 118 118
38 96 38
10 43 10
53 67 53
4 76 76
29 97 29
29 71 29
62 65 62
18 126 126
40 90 40
22 33 22
37 110 37
11 44 11
7 65 65
9 59 59
6 12 6
54 116 116
35 60 35
73 128 128
44 106 106
6 40 6
2 123 2
15 100 100
26 44 26
87 128 87
95 120 120
112 117 112
21 74 21
34 128 34
33 43 43
58 108 58
33 123 33
49 53 53
21 93 93
7 64 64
59 113 59
32 61 61
24 101 101
64 88 88
43 45 43
69 103 69
40 45 40
1 105 1
12 78 78
37 71 71
40 112 112
4 96 4
93 109 93
44 85 85
31 36 31
22 120 22
39 51 39
37 112 112
4 99 99
6 119 6
62 104 104
38 89 89
74 84 84
28 51 28
35 86 86
105 124 124
8 16 16
6 75 75
12 80 12
15 31 31
14 108 108
22 63 22
2 16 16
38 80 38
66 110 66
69 76 76
25 69 25
55 82 55
7 112 112
43 76 76
2 108 2
70 89 70
24 60 24
56 102 102
11 58 58
79 84 79
63 74 74
22 81 22
61 83 61
36 120 120
9 51 9
42 43 43
68 79 79
62 106 106
66 76 66
66 75 75
39 47 47
89 119 89
1 80 1
14 48 14
39 114 39
12 37 37
20 65 20
20 34 20
25 76 76
77 101 101
37 42 42
12 73 73
103 123 123
39 127 127
68 96 68
79 96 79
23 101 101
76 89 76
66 118 66
15 122 122
66 84 66
122 123 122
60 111 60
74 128 128
103 115 103
1 26 1
38 61 61
15 75 75
9 14 14
13 64 64
1 51 1
42 127 127
5 63 5
82 113 82
2 63 2
23 113 113
67 113 67
97 123 123
44 45 45
80 128 128
30 96 30
85 107 85
70 112 112
89 110 89
20 83 20
66 122 66
57 74 57
97 98 98
80 108 108
101 121 101
90 115 115
15 116 116
25 84 25
30 39 30
16 128 16
33 53 53
26 91 26
14 79 79
44 59 59
42 87 87
19 120 19
23 62 62
24 59 24
5 46 46
27 59 27
4 41 41
25 62 62
31 79 79
67 95 67
5 124 5
14 86 86
19 60 19
51 113 51
56 83 56
33 114 33
16 70 16
93 99 93
14 17 17
20 51 20
12 44 44
18 58 58
15 67 67
40 115 40
58 93 93
1 29 1
37 75 75
50 103 50
64 122 122
71 105 71
54 87 87
13 46 46
4 120 4
30 42 30
31 105 31
25 111 25
42 103 42
44 95 44
10 123 10
83 97 83
45 108 108
25 94 94
90 96 90
78 107 107
17 117 17
38 111 38
19 118 19
37 84 84
4 109 4
85 116 85
72 81 72
37 82 37
2 37 2
46 109 46
7 94 94
43 121 43
59 125 125
113 118 118
36 72 72
85 118 85
25 36 25
96 120 120
17 54 17
9 61 61
113 128 128
5 83 83
114 120 120
96 113 113
32 34 32
43 112 112
36 117 36
21 22 22
62 99 99
7 82 82
64 76 76
48 89 89
76 108 76
37 126 126
49 91 49
90 123 123
42 94 94
31 59 31
25 123 25
98 118 118
7 103 103
33 117 33
83 87 87
9 89 89
6 68 6
34 73 34
9 39 9
52 59 52
24 86 24
63 128 128
71 118 118
12 29 29
64 97 64
57 106 106
39 50 50
9 57 57
99 126 99
14 49 14
119 127 127
55 115 55
68 104 104
20 128 20
32 67 32
81 98 81
69 116 69
85 115 85
10 38 10
60 103 103
46 117 46
64 111 64
33 125 33
5 9 9
3 115 3
17 32 17
12 31 31
56 81 81
75 84 75
32 108 108
19 122 19
59 94 94
61 128 61
7 84 84
26 41 41
76 85 85
31 38 31
58 100 58
51 67 67
85 99 85
97 99 99
19 51 19
15 38 38
14 83 14
77 117 77
29 61 29
19 54 19
18 54 18
28 53 53
13 52 52
22 118 118
42 59 42
34 51 34
6 84 6
72 90 72
108 126 126
11 97 11
71 82 71
66 113 66
1 47 1
59 68 59
53 72 53
35 73 35
10 49 10
64 116 64
93 100 93
103 124 103
20 87 87
40 66 66
55 78 55
38 66 66
115 127 127
97 115 115
24 111 24
55 70 70
57 115 57
2 94 94
120 121 121
13 123 123
59 122 122
8 113 8
71 113 71
45 97 45
86 102 102
16 41 16
74 80 74
74 90 74
37 122 122
81 111 81
57 72 72
14 119 14
27 113 27
68 76 76
80 82 82
13 69 69
49 117 49
43 126 126
80 114 80
34 50 50
9 77 77
60 71 71
10 81 10
59 83 83
1 21 1
3 111 3
53 93 93
70 113 70
59 102 102
64 91 64
66 116 66
57 69 69
40 60 40
18 97 18
41 86 41
3 47 47
35 113 35
29 81 29
6 127 127
47 84 47
1 12 1
10 47 10
9 74 9
33 87 87
45 79 79
6 126 6
11 128 11
62 82 62
67 85 85
15 59 59
60 99 99
27 61 61
14 88 88
5 31 31
21 89 89
39 42 42
58 115 58
18 20 18
2 114 2
73 115 115
9 47 47
90 114 90
35 111 35
23 94 94
36 76 76
14 56 56
9 87 87
52 82 52
47 124 47
62 122 122
97 102 102
30 44 30
58 101 101
75 91 75
54 71 71
1 116 1
99 109 99
26 81 81
64 93 93
25 118 118
81 83 81
84 89 84
58 97 58
39 120 120
15 95 15
34 97 34
18 75 75
87 94 87
6 7 6
4 110 4
24 89 24
39 58 58
41 58 58
19 99 19
10 35 10
26 105 26
39 99 99
92 97 92
52 112 112
47 121 47
17 44 17
28 89 89
58 105 58
33 78 33
19 27 19
57 111 57
1 30 1
56 106 106
35 112 112
68 123 123
95 96 96
24 41 24
25 53 53
2 81 2
21 55 55
41 111 41
84 85 85
60 87 87
22 127 22
1 120 1
38 84 84
36 57 57
19 53 19
105 110 110
74 86 86
3 126 126
41 126 126
63 69 69
28 118 118
25 70 25
106 112 106
37 93 93
92 116 116
3 85 85
55 63 55
85 104 85
74 110 110
1 121 1
68 114 68
33 64 64
69 72 72
11 85 85
21 35 35
74 102 102
14 94 94
7 97 97
46 105 46
11 93 93
53 106 106
22 66 66
23 41 41
43 101 101
17 122 122
98 101 101
17 78 17
3 81 81
10 99 99
105 127 127
7 58 58
58 79 79
45 92 45
54 98 98
4 100 4
29 125 29
21 95 21
27 74 27
27 45 45
83 118 118
26 67 26
23 34 34
28 68 28
56 124 56
98 106 106
65 101 101
32 57 57
37 101 101
4 116 4
11 61 61
8 57 57
49 59 59
10 86 10
72 108 108
44 125 125
34 68 34
15 87 87
21 82 82
70 74 70
14 89 14
75 102 75
32 41 41
109 117 109
9 75 75
10 12 10
6 102 102
25 107 25
25 126 126
54 121 121
20 67 20
3 23 3
50 101 101
70 103 70
47 123 47
19 29 29
32 40 40
16 90 16
47 118 118
15 27 27
106 121 106
33 104 104
87 101 87
62 70 62
36 55 55
13 74 13
112 120 112
52 70 52
64 121 64
28 112 112
10 122 122
14 120 14
63 89 89
35 46 46
15 121 121
105 123 123
59 73 59
4 15 4
5 126 126
28 65 28
121 125 121
15 73 73
69 81 69
31 69 69
78 121 121
40 128 40
33 105 33
45 84 45
27 40 40
115 128 128
85 109 85
43 56 43
4 65 4
17 123 17
27 116 116
13 101 101
82 95 82
105 115 115
67 86 86
37 43 43
50 114 50
38 118 118
17 24 24
14 50 50
40 83 40
88 94 94
35 128 35
15 65 65
9 104 104
44 118 118
17 85 85
108 115 108
13 30 30
46 65 46
74 122 122
2 90 2
26 115 26
82 122 122
44 52 52
17 102 17
90 108 108
97 100 100
31 75 75
27 121 121
58 99 99
3 84 84
59 95 59
39 81 81
18 108 108
19 86 19
11 91 11
21 125 125
36 100 100
123 124 123
95 97 97
6 117 6
76 83 76
22 88 88
8 77 77
59 72 72
25 117 25
33 52 52
37 111 37
58 127 127
41 98 41
46 59 46
32 89 32
54 118 118
60 121 121
56 64 64
93 94 94
9 114 9
32 125 32
24 102 24
61 70 61
5 65 65
27 102 102
102 111 102
14 44 14
37 92 37
3 86 86
28 44 28
87 98 87
111 112 112
42 69 42
80 118 118
4 55 4
8 102 102
7 18 18
77 112 112
11 68 11
5 30 30
2 92 2
40 72 40
35 43 43
105 117 105
27 63 27
41 89 41
26 36 26
58 73 58
59 74 59
39 78 78
58 86 58
57 114 57
3 62 62
98 120 98
110 128 110
91 111 111
3 14 3
55 114 55
43 117 43
11 47 11
18 28 18
24 114 24
22 26 22
2 73 2
8 12 8
52 76 76
1 66 1
95 127 127
56 95 56
23 92 92
65 70 70
66 98 66
53 122 122
54 78 78
84 114 84
7 107 107
3 92 3
44 48 44
42 113 42
16 57 16
11 15 11
81 95 81
4 10 10
77 105 77
73 89 89
26 60 26
50 57 50
22 35 22
17 95 17
17 55 17
22 54 22
13 128 128
1 72 1
35 72 72
32 109 32
24 126 24
105 116 116
69 97 69
25 27 25
67 78 78
70 81 81
16 127 16
52 67 52
27 112 112
84 90 84
36 58 58
2 41 2
8 52 52
109 122 122
47 109 47
45 73 45
22 25 22
11 52 52
5 55 55
1 61 1
51 65 65
36 71 71
18 72 72
58 95 58
76 90 76
40 70 40
84 88 88
58 61 61
20 122 122
84 93 93
37 64 64
2 54 2
57 62 62
60 112 112
40 75 75
54 56 56
77 81 81
9 100 100
20 118 118
19 100 19
11 69 11
95 117 95
66 103 66
63 122 122
24 55 24
90 116 116
30 103 30
76 91 76
71 103 71
32 124 32
13 75 75
35 54 54
54 65 54
18 55 18
39 90 39
36 104 104
31 42 42
73 106 106
55 83 55
11 95 11
14 91 14
45 112 112
24 116 24
15 94 94
36 96 36
37 50 50
81 123 81
10 119 10
12 94 94
18 112 112
80 88 88
92 121 121
99 110 99
72 128 72
30 107 30
80 117 80
23 81 81
118 119 118
29 75 29
2 125 2
9 107 107
8 63 8
110 119 110
91 109 109
55 77 77
14 63 14
37 70 70
78 123 78
24 85 85
20 43 43
45 85 85
20 71 71
14 16 16
77 122 122
84 100 84
31 101 101
20 120 20
9 73 9
59 64 64
65 72 72
30 59 30
8 70 70
81 106 106
3 71 71
12 75 75
37 53 53
33 37 33
31 80 31
122 124 122
25 48 25
71 117 71
82 84 84
24 98 24
6 107 6
14 32 32
55 95 55
84 87 87
9 109 9
11 98 11
33 54 33
55 127 127
87 125 87
39 62 62
35 103 35
35 36 35
38 125 38
46 94 94
24 118 118
37 108 108
59 107 107
71 100 71
18 86 18
95 102 102
1 41 1
122 127 122
32 69 69
70 80 70
4 38 4
19 125 19
32 37 32
23 85 85
96 108 108
6 86 6
12 89 89
12 76 76
33 41 41
100 117 100
39 87 87
53 101 101
51 62 62
6 96 6
35 84 84
19 113 19
29 96 29
48 77 77
63 105 63
31 95 31
68 97 97
9 26 26
20 79 79
87 117 87
44 97 44
8 83 83
44 68 44
88 124 88
28 114 28
50 73 50
64 71 64
70 97 70
27 94 94
82 114 82
104 115 104
81 97 81
108 125 108
65 111 65
98 114 98
65 112 112
10 62 10
19 40 19
10 14 10
92 108 108
39 68 39
13 107 107
82 107 107
84 103 84
4 13 4
18 42 42
40 113 40
19 63 19
119 123 123
26 127 127
30 38 30
41 74 41
16 31 16
96 111 96
112 114 112
11 32 11
4 19 19
11 77 11
77 119 77
79 118 118
21 44 44
27 70 70
47 58 58
10 98 10
44 91 44
92 107 107
2 127 127
41 47 41
57 59 57
13 49 13
6 18 6
4 18 4
31 52 52
15 47 47
83 85 85
39 49 39
27 111 27
51 60 51
67 91 67
37 79 79
116 126 126
64 96 64
85 128 85
56 123 56
116 124 116
4 69 4
91 127 127
1 54 1
49 75 75
9 17 17
70 115 70
41 88 88
28 100 100
61 92 61
81 102 102
12 127 127
2 100 2
73 101 101
46 95 46
51 119 119
36 45 45
41 50 50
33 112 112
35 75 75
62 107 62
50 94 94
3 45 45
14 43 43
106 117 106
63 94 94
91 96 96
8 56 56
78 120 78
18 104 104
52 71 52
78 99 99
20 68 20
57 125 57
27 120 27
2 67 2
74 117 74
3 60 3
28 39 28
12 54 54
10 127 127
77 111 77
50 61 61
66 123 66
18 27 18
33 39 33
18 22 22
34 104 104
6 81 6
24 121 24
102 109 102
1 113 1
63 73 73
54 102 102
118 128 118
72 105 72
83 84 84
93 107 93
30 89 30
32 92 32
58 67 58
82 126 126
1 24 1
84 111 84
29 55 29
48 55 55
66 125 66
26 90 26
30 116 30
69 83 69
77 118 118
37 98 98
4 31 4
48 114 48
64 94 94
55 120 55
74 98 98
114 119 119
48 54 54
24 83 24
34 89 34
64 84 64
33 106 106
7 126 126
77 113 77
3 18 18
85 98 85
35 93 93
31 120 31
46 107 46
71 81 81
61 75 75
47 65 47
7 113 113
106 126 106
32 79 79
37 87 87
74 88 88
113 126 126
2 69 2
22 52 22
4 124 4
52 128 52
109 111 109
30 56 30
73 125 125
14 115 14
52 80 52
1 69 1
73 99 99
19 50 19
32 86 86
61 113 61
16 88 16
3 33 33
14 60 14
5 64 64
88 127 88
57 101 101
48 84 84
64 114 64
97 101 101
54 95 54
94 103 94
21 42 42
1 84 1
21 126 126
41 65 41
1 67 1
56 100 56
106 125 106
5 16 16
40 119 40
5 12 5
16 68 16
64 79 79
10 120 10
53 115 53
53 88 88
81 127 127
10 72 10
109 115 115
1 96 1
108 109 108
14 90 14
92 94 94
28 83 83
70 107 107
34 79 79
49 82 82
56 79 79
39 57 57
42 116 42
73 123 123
32 118 118
20 24 24
15 103 103
38 102 102
39 74 39
73 122 122
7 19 19
69 78 69
23 105 105
40 106 106
88 100 88
26 107 26
56 89 56
16 38 16
82 102 102
29 102 29
52 60 52
64 117 64
29 122 29
9 115 9
25 38 25
3 105 3
17 67 17
46 67 46
13 27 27
2 60 2
6 20 6
33 120 33
21 66 66
40 84 40
23 72 72
14 84 84
19 105 19
86 105 86
75 88 75
116 121 121
89 114 89
39 69 69
107 125 107
37 89 37
24 117 24
94 99 94
88 117 88
50 84 50
55 67 55
59 85 85
63 67 67
31 56 31
22 62 22
7 120 120
37 81 81
62 112 112
101 124 101
51 98 98
47 52 52
37 100 100
36 41 41
27 128 27
60 117 60
43 50 50
34 78 34
67 103 67
49 109 49
110 122 122
22 27 22
82 117 82
20 115 20
21 58 58
102 126 102
31 116 31
6 13 6
22 69 22
57 88 88
3 67 3
45 50 50
26 40 40
101 103 101
45 104 104
23 87 87
1 44 1
30 73 30
69 124 69
30 101 101
14 42 42
53 103 53
22 107 22
27 85 85
10 27 10
87 126 87
80 123 123
38 119 38
92 125 125
98 126 126
55 72 72
29 32 29
39 121 121
2 40 2
80 111 80
22 126 22
31 127 127
9 34 34
113 120 120
19 115 19
52 117 52
77 120 77
6 101 101
1 53 1
19 55 19
11 109 11
67 110 110
36 109 36
62 94 94
22 94 94
76 99 99
30 64 30
62 125 62
66 69 66
11 27 11
26 68 26
55 89 55
14 30 30
3 88 88
77 123 77
89 116 116
80 100 100
32 119 32
66 106 66
1 37 1
50 120 50
64 127 127
71 119 71
51 90 51
26 93 93
64 67 64
27 49 27
24 108 24
36 79 79
51 77 77
35 40 40
62 121 62
10 22 22
52 96 52
19 43 19
29 90 29
20 84 20
2 30 30
36 52 52
15 30 30
28 117 28
35 109 35
6 27 6
68 113 68
4 92 4
62 64 64
107 120 107
9 110 110
96 119 119
12 72 72
11 120 11
72 96 72
27 31 31
76 110 76
48 124 48
31 65 31
58 88 88
25 83 25
94 104 94
5 102 102
26 31 31
29 56 29
71 106 106
94 102 94
44 82 82
65 127 127
49 126 126
11 99 99
68 90 68
64 98 64
63 101 101
27 36 27
56 84 56
1 33 1
54 68 54
5 27 27
54 67 54
40 48 40
80 126 126
46 125 46
59 96 59
36 111 36
23 51 51
63 71 71
71 97 71
45 89 45
60 118 118
19 71 19
94 111 94
15 20 20
25 32 25
75 119 75
57 66 66
102 119 102
50 82 50
11 49 11
31 93 93
5 104 104
18 121 121
114 117 114
92 127 127
10 32 10
45 91 45
51 68 51
108 111 108
67 75 75
5 17 17
42 111 42
7 61 61
81 82 81
47 128 47
63 127 127
55 119 55
21 25 25
16 108 16
74 85 85
95 101 101
93 95 93
62 120 62
75 82 75
53 59 53
61 98 61
76 82 76
64 74 64
31 73 31
55 93 93
86 127 127
9 126 126
15 98 98
41 101 101
36 67 67
40 122 122
95 105 105
5 112 112
32 110 32
37 124 37
15 55 55
57 96 57
15 106 106
23 45 45
55 117 55
26 89 26
73 113 73
19 25 19
93 127 93
75 97 75
17 91 17
19 97 19
23 120 120
21 69 69
57 113 57
53 71 53
81 115 81
17 90 17
5 90 5
33 83 33
67 116 116
10 93 93
9 49 9
56 99 99
3 54 3
12 92 92
8 38 38
79 115 79
52 94 94
57 117 57
3 49 3
80 122 122
35 48 35
15 49 15
20 42 42
65 66 66
65 125 125
68 98 98
29 85 29
25 68 25
81 101 101
18 67 18
51 58 58
15 110 110
27 96 27
54 120 54
26 87 87
28 111 28
42 75 75
5 128 128
23 109 109
78 95 78
106 120 106
86 100 86
54 107 107
88 101 101
6 78 6
11 119 11
86 123 86
80 92 92
74 89 89
41 71 41
36 82 82
18 83 18
39 73 73
45 59 45
91 119 119
5 47 47
27 104 104
2 61 61
64 66 66
57 105 57
65 100 100
48 119 48
28 85 85
23 128 128
110 118 118
9 36 9
97 114 97
3 83 3
44 113 44
40 108 40
52 101 101
18 91 18
67 73 67
89 95 89
85 94 85
98 110 98
72 88 88
61 67 61
14 40 40
39 64 64
64 68 64
36 84 84
118 123 118
21 72 72
43 65 43
8 84 84
65 120 120
98 121 121
63 117 63
18 64 64
41 42 41
8 103 8
22 114 22
12 39 39
114 115 115
3 112 112
20 77 20
61 116 61
74 95 74
37 115 37
52 56 52
4 89 4
23 93 93
25 49 25
30 120 30
92 123 123
83 93 93
79 126 126
40 59 40
51 63 51
13 95 13
107 123 107
53 61 61
38 115 38
73 119 73
15 91 15
3 107 107
41 91 41
42 128 42
85 122 85
31 119 31
20 69 69
48 102 102
21 43 43
30 108 30
53 54 53
43 77 43
35 118 118
25 31 25
71 89 71
2 36 2
71 123 71
51 72 72
30 109 30
57 100 57
11 22 22
86 93 93
36 101 101
47 72 47
23 124 124
10 125 10
102 128 102
2 29 29
23 59 59
36 51 36
42 45 42
17 27 17
21 60 21
1 20 1
58 122 122
40 69 40
38 60 38
60 81 81
13 42 42
25 115 25
29 115 29
6 29 29
33 126 126
65 104 104
93 128 93
52 61 61
34 62 62
33 121 121
19 68 19
37 72 72
76 105 76
29 67 29
11 30 30
25 125 25
35 100 100
25 64 64
7 119 119
23 46 46
38 108 108
95 112 112
26 59 26
71 124 71
9 117 9
60 96 60
55 69 69
40 118 118
48 52 52
22 43 22
116 117 116
77 92 77
18 19 19
84 121 121
20 127 127
84 124 84
8 32 32
53 119 53
47 110 47
4 88 88
73 93 93
9 40 40
17 114 17
103 114 103
64 126 126
36 90 36
1 101 1
16 59 16
92 110 110
16 96 16
47 89 47
17 86 17
43 71 43
35 102 102
33 85 85
58 121 58
8 59 8
87 116 87
24 27 24
28 106 106
86 97 86
7 16 16
56 120 56
9 86 86
44 119 44
27 107 107
36 128 128
24 91 24
33 73 33
12 67 67
127 128 127
102 114 102
54 96 54
10 39 10
6 59 6
61 112 112
13 81 81
65 116 116
9 10 10
3 32 32
2 65 2
100 110 100
28 126 126
18 127 127
81 104 104
49 93 93
9 20 20
31 107 31
13 86 86
23 78 78
17 43 17
59 98 98
24 90 24
66 114 66
109 123 123
82 116 116
11 66 66
32 127 127
6 39 6
31 108 108
122 128 122
58 126 126
12 125 125
1 9 1
40 101 101
27 89 89
79 120 79
31 62 62
19 73 19
60 94 94
14 21 14
33 36 33
97 117 97
6 97 6
32 58 58
51 97 97
84 125 84
35 74 35
6 21 6
55 91 55
6 43 6
8 68 8
58 85 85
36 94 94
83 108 108
6 80 6
28 36 28
19 62 19
57 109 57
93 112 93
27 75 75
16 29 29
33 51 33
19 101 19
97 121 121
43 105 43
30 118 118
4 108 108
48 65 65
66 72 66
19 109 19
35 116 116
59 99 99
48 109 48
11 41 11
34 120 34
73 102 102
36 116 116
15 46 46
3 37 37
6 106 106
30 63 30
3 101 101
63 92 92
50 58 50
27 78 78
12 100 100
51 79 79
23 79 79
75 85 75
9 71 71
32 36 32
99 107 99
92 120 120
61 118 118
49 55 55
11 88 88
48 86 86
56 90 56
73 79 79
32 123 32
6 46 6
14 46 46
17 127 17
50 67 50
12 90 12
24 69 24
1 19 1
23 52 52
25 102 102
28 86 86
69 107 69
12 98 98
25 41 25
26 88 88
47 100 47
47 95 47
92 104 104
50 88 88
70 125 70
67 105 67
22 125 22
44 86 86
4 111 4
29 43 29
27 100 100
30 88 88
13 76 76
1 60 1
89 108 108
4 72 4
87 91 87
6 122 122
12 81 81
19 79 19
10 53 10
66 121 66
58 74 58
38 81 81
29 95 29
25 124 25
23 25 25
67 92 67
82 115 82
48 69 69
54 81 81
46 47 47
18 122 122
20 110 20
1 63 1
39 91 39
85 121 85
11 121 11
91 124 124
9 50 50
17 96 17
55 97 55
5 50 50
94 110 94
53 65 53
78 100 100
82 98 98
49 79 79
20 59 20
31 78 31
20 55 20
41 56 41
5 76 76
11 48 11
88 121 88
88 97 88
73 83 83
2 101 101
73 109 73
1 52 1
10 87 87
17 20 17
55 73 55
79 81 79
50 76 76
46 57 46
3 26 26
12 59 59
20 100 20
5 95 5
44 101 101
19 96 19
34 67 34
36 49 36
5 25 25
117 121 121
124 126 126
25 116 25
63 119 119
6 25 6
19 108 19
73 112 112
101 112 101
52 122 122
98 115 98
39 67 67
53 97 53
40 58 40
79 98 79
43 109 43
13 125 125
14 105 14
91 115 115
33 50 50
18 118 118
107 114 107
26 37 26
10 54 10
4 87 87
41 128 41
50 75 75
31 103 31
47 83 47
70 122 122
28 95 28
22 48 22
16 18 16
32 107 107
82 101 101
85 89 85
28 50 50
54 61 61
48 73 48
24 32 24
56 80 56
37 116 116
1 18 1
24 122 122
3 128 3
41 127 127
64 128 64
52 85 85
2 86 2
58 98 58
50 52 52
17 81 17
4 63 4
78 126 126
4 125 4
36 83 83
71 126 126
31 117 31
87 120 87
29 92 29
20 26 26
50 109 50
17 93 93
75 109 75
45 47 47
45 125 45
7 51 51
17 59 17
45 113 45
10 66 66
10 45 10
29 128 29
34 109 34
10 92 10
34 40 40
4 11 11
100 127 127
59 70 70
21 83 83
1 48 1
9 27 27
17 65 17
9 15 9
14 27 14
92 124 92
48 110 110
2 126 2
30 57 30
44 122 122
100 126 126
28 80 28
9 96 9
5 40 40
9 112 112
56 63 56
41 61 61
55 79 79
8 94 94
95 109 109
12 65 65
86 118 118
65 77 77
5 110 110
25 40 40
43 59 43
15 125 125
5 96 5
73 116 116
62 67 62
4 82 4
53 77 53
79 117 79
53 76 76
73 81 81
26 116 26
89 118 118
95 107 107
1 97 1
43 67 43
36 48 48
78 103 78
19 98 19
93 116 93
6 94 94
37 128 37
51 94 94
102 127 127
35 39 35
7 20 20
100 122 122
102 110 102
53 75 75
4 9 4
4 56 4
27 42 42
56 126 126
37 86 86
38 121 121
22 56 22
19 48 19
89 120 89
95 104 104
50 98 50
72 82 72
17 46 17
44 47 47
14 122 122
68 71 71
107 111 107
9 67 67
78 104 104
121 122 122
64 75 75
7 15 15
49 54 54
84 113 84
48 85 85
87 127 87
80 84 84
8 119 8
54 108 108
34 60 34
101 118 101
50 118 118
102 117 102
96 101 101
44 80 44
87 99 87
8 99 99
17 118 118
19 35 19
50 68 50
10 19 19
84 99 99
84 118 118
72 100 72
38 128 38
1 16 1
64 115 64
4 128 4
5 23 5
107 108 108
88 114 88
83 104 104
39 52 52
25 66 66
46 74 46
31 99 99
12 40 40
34 106 106
72 106 106
78 114 78
67 126 126
106 124 106
29 126 29
40 104 104
17 68 17
10 23 10
56 60 56
119 120 120
20 96 20
27 65 27
73 111 73
8 86 86
26 33 26
30 127 127
2 45 2
11 101 101
97 103 103
94 115 94
2 31 2
49 110 110
21 49 21
53 87 87
72 114 72
28 58 58
87 115 87
60 66 66
42 119 42
3 35 3
16 28 16
117 119 119
95 123 123
15 60 15
10 79 10
43 74 43
100 111 100
35 98 98
111 118 118
26 52 52
50 116 50
12 87 87
100 105 100
34 39 34
34 58 58
58 82 58
1 82 1
47 101 101
26 65 26
36 86 86
9 125 125
80 120 120
25 61 61
4 102 102
29 89 29
21 118 118
59 84 84
26 43 43
47 51 47
41 78 41
3 56 56
13 84 84
46 90 46
69 99 99
5 61 61
18 101 101
11 81 11
57 118 118
50 83 50
27 82 82
1 118 1
45 74 45
44 56 56
29 107 29
6 100 6
29 48 29
38 113 38
33 62 62
106 127 106
73 124 73
67 76 76
63 68 68
70 116 116
106 114 106
18 79 79
5 109 5
20 108 108
45 52 52
36 54 54
46 113 46
1 102 1
40 88 88
72 116 72
64 86 64
88 115 88
90 94 94
73 107 107
66 80 66
27 32 32
52 90 52
18 56 18
86 88 88
54 111 54
25 59 25
38 52 52
32 84 84
10 70 10
8 71 71
17 121 17
47 68 47
68 124 124
38 103 38
39 65 65
8 45 45
31 51 31
29 83 29
10 104 10
48 122 122
60 76 76
100 101 101
8 66 66
104 106 106
77 115 77
7 122 122
21 90 21
43 78 43
72 123 72
35 125 125
52 73 52
59 92 59
21 76 76
102 120 102
9 88 88
18 34 18
51 85 85
96 105 105
105 111 105
30 82 30
16 104 16
82 123 82
3 87 87
20 64 64
26 29 29
55 81 81
64 124 64
10 51 10
31 125 31
29 34 29
20 37 20
46 126 126
11 17 17
5 8 8
108 119 108
22 68 22
91 118 118
19 76 19
2 44 2
12 104 104
5 68 5
11 76 76
24 45 24
79 114 79
56 93 93
39 123 123
22 93 93
58 72 58
70 88 88
17 128 17
32 117 32
72 102 102
101 123 101
62 100 62
75 104 75
84 109 84
39 103 103
61 103 61
54 93 93
53 55 53
27 91 27
20 29 29
42 44 42
49 63 49
20 45 20
24 66 66
47 69 47
9 122 122
2 23 2
84 112 112
92 95 92
65 124 65
31 40 40
52 69 52
121 123 121
75 95 75
118 121 118
36 64 64
85 114 85
62 63 62
69 119 69
109 128 128
37 67 37
1 22 1
37 73 37
16 48 16
9 124 9
82 109 82
20 80 20
8 88 88
76 125 76
87 108 87
42 102 102
72 109 72
25 81 25
17 39 17
9 111 9
13 24 24
62 105 62
51 111 51
25 92 25
63 125 125
38 106 106
62 75 75
77 78 77
21 36 21
34 101 101
46 97 46
5 89 89
25 42 25
29 37 29
26 126 126
3 124 3
19 90 19
19 126 19
84 95 84
3 97 3
30 69 30
61 74 61
81 90 81
19 78 19
15 41 41
21 100 100
12 106 106
50 77 50
3 77 77
75 108 75
32 55 55
11 89 11
6 67 6
7 125 125
55 118 118
39 84 84
44 115 44
103 113 103
11 16 16
7 108 108
16 74 16
98 117 98
3 11 11
73 117 73
26 64 64
33 40 40
27 39 27
73 85 85
48 99 99
16 116 16
62 98 62
66 68 66
96 116 116
44 74 44
29 47 29
60 98 98
45 78 45
63 109 63
30 79 30
26 121 121
7 89 89
47 112 112
84 120 84
1 4 1
106 119 106
7 54 54
51 104 104
34 124 34
46 80 46
38 85 85
80 90 80
36 92 92
28 103 28
44 53 53
8 11 11
27 37 37
31 90 31
71 93 93
78 96 78
39 70 70
31 82 31
94 96 94
67 119 67
12 56 56
71 72 72
15 108 108
71 84 71
17 64 17
18 48 18
42 83 42
87 123 87
107 112 112
45 99 99
22 103 22
105 109 109
1 127 1
25 96 25
7 10 10
35 66 66
40 89 40
80 109 80
50 106 106
24 36 24
4 91 4
50 66 66
5 73 5
30 43 30
50 70 50
84 105 84
82 128 82
43 83 43
30 126 30
3 61 61
95 114 114
61 79 61
57 71 71
24 30 24
57 102 102
53 69 53
31 60 31
11 43 43
17 119 17
36 127 127
52 124 52
35 81 81
5 21 5
47 107 47
66 101 101
109 127 127
12 36 12
103 112 112
72 76 76
25 74 25
2 38 2
22 34 22
33 71 71
29 69 29
52 87 87
10 85 85
19 119 19
99 121 99
113 123 123
14 126 126
36 62 62
86 119 86
38 82 82
18 59 18
60 77 77
79 127 127
90 106 106
48 90 48
49 120 120
24 96 24
23 35 35
12 128 128
34 45 45
103 128 128
54 92 54
35 78 78
97 122 122
20 109 20
77 88 88
58 111 58
1 6 1
39 45 45
67 120 120
34 61 61
57 81 81
19 112 19
50 121 50
86 91 86
20 88 88
48 123 123
46 122 122
115 122 122
94 126 94
44 98 98
9 54 54
9 35 35
9 70 70
12 118 118
17 38 17
60 68 68
17 89 17
63 112 112
65 102 102
33 35 33
9 97 9
15 17 17
39 102 102
23 110 110
23 98 98
13 59 59
123 128 123
119 126 126
53 82 53
75 101 75
21 85 85
27 119 27
38 73 38
84 101 101
63 76 76
35 63 35
34 37 37
35 59 35
59 97 59
37 80 37
9 101 101
3 99 99
49 96 49
43 96 43
91 106 106
24 58 24
53 83 53
5 82 82
64 100 64
30 119 30
4 126 126
55 59 55
16 87 87
48 127 127
16 21 16
49 111 49
100 107 107
41 120 41
16 112 16
52 102 52
28 110 110
38 112 112
5 115 5
16 103 16
14 121 121
23 112 112
57 58 58
20 103 20
52 64 52
60 61 61
30 54 30
19 106 19
59 87 87
79 111 79
37 99 99
1 108 1
79 93 93
35 83 83
47 61 61
16 93 16
13 96 13
44 93 93
48 64 64
34 55 55
11 14 11
22 60 22
90 103 103
34 35 34
66 85 85
50 96 50
31 66 66
47 125 47
5 93 93
59 105 59
41 103 41
95 110 110
80 115 115
43 66 66
2 85 85
55 102 102
7 111 7
17 100 17
29 68 29
53 118 118
108 124 108
82 92 82
57 64 64
18 87 87
45 100 45
37 74 37
98 113 98
13 71 71
42 90 42
78 118 118
42 60 42
34 99 99
70 84 84
71 128 71
36 103 103
32 49 32
96 121 121
48 101 101
88 98 88
5 26 26
40 44 40
28 102 102
89 94 94
15 28 28
27 69 69
80 125 125
69 128 69
30 34 30
4 42 4
72 95 72
44 128 44
33 88 88
30 117 30
97 112 112
19 21 19
115 120 120
91 101 101
8 97 8
59 116 116
120 126 126
13 118 118
81 103 81
62 86 62
46 112 112
8 106 106
47 67 47
35 108 108
16 79 16
61 101 101
20 104 104
33 82 33
81 89 81
96 127 127
57 60 57
75 120 75
12 66 66
1 74 1
93 121 93
109 112 112
57 120 57
32 126 126
46 104 104
53 62 53
55 61 61
35 47 47
92 126 126
30 31 30
14 111 14
28 71 71
38 68 38
18 81 81
35 89 89
52 105 52
80 113 80
6 115 6
6 52 52
8 75 75
88 111 88
16 37 16
13 50 50
39 116 116
21 41 41
15 104 104
4 117 4
8 51 8
9 68 9
79 104 104
23 75 75
86 117 86
89 107 107
36 37 37
61 125 61
55 121 121
49 115 115
17 31 17
77 98 98
68 85 85
11 36 11
32 44 32
71 111 71
56 75 75
11 96 11
69 71 69
16 50 16
96 126 126
41 82 41
18 62 62
92 117 92
59 117 59
81 91 81
28 109 28
41 68 41
50 72 50
14 22 22
29 99 29
61 71 61
81 99 99
43 86 43
3 55 55
23 30 30
19 20 19
38 101 101
17 26 17
42 120 42
5 44 44
69 91 69
18 96 18
58 113 58
25 26 25
51 107 107
8 39 8
38 54 38
59 62 62
34 93 93
17 42 17
13 126 126
69 122 122
25 29 29
17 120 17
35 44 35
42 125 42
53 81 53
7 23 7
5 72 72
8 110 110
25 114 25
66 102 66
1 114 1
60 79 79
5 71 71
40 81 40
51 71 71
11 51 11
59 126 126
12 33 33
61 66 66
74 116 116
112 116 112
5 58 58
34 95 34
42 48 42
48 60 48
110 126 126
9 58 58
36 61 61
56 67 56
101 117 101
38 117 38
73 105 73
11 90 11
97 110 110
97 105 97
13 106 106
91 94 94
81 121 121
88 113 88
57 122 122
103 105 103
46 49 46
4 104 104
72 91 72
68 94 94
44 96 44
12 17 17
13 20 20
15 90 15
8 90 8
101 116 101
11 118 118
4 93 93
28 41 41
38 75 75
34 125 34
7 127 127
48 71 71
69 109 69
17 113 17
7 50 50
57 79 79
78 106 106
66 74 66
18 105 18
124 128 128
39 122 122
25 127 127
43 104 104
10 33 10
43 107 43
4 54 4
89 97 89
29 79 29
18 35 18
74 114 74
24 115 24
56 104 104
67 100 100
25 63 25
73 80 73
25 43 43
84 97 84
37 119 37
59 82 82
65 115 65
28 108 108
20 119 20
70 124 70
21 108 108
57 86 86
23 60 60
86 89 86
105 118 118
20 126 126
76 95 76
33 34 33
71 83 71
43 124 43
52 100 52
84 117 84
4 7 4
10 74 10
16 77 16
64 65 64
50 123 50
63 100 100
2 47 2
46 77 46
41 116 41
67 79 79
83 110 83
8 67 8
47 57 47
77 127 127
70 101 101
4 103 4
47 49 47
57 116 116
29 74 29
27 118 118
84 128 84
32 120 32
117 125 125
23 24 24
1 75 1
6 17 17
64 81 64
2 122 122
72 124 72
43 90 43
3 40 40
81 94 94
103 109 103
95 98 98
56 94 94
39 77 77
77 107 107
69 74 69
22 40 22
37 77 77
24 107 24
114 126 126
40 68 40
113 122 122
82 105 82
71 104 104
40 92 40
50 64 50
10 114 10
30 113 30
37 59 37
96 128 128
64 119 64
56 111 56
3 125 3
24 93 93
27 123 27
5 87 87
83 117 83
105 107 107
7 116 116
41 113 41
28 120 120
2 102 102
18 111 18
119 124 119
24 94 94
56 68 56
36 105 36
25 39 25
91 93 93
76 124 76
53 120 53
17 101 101
20 72 72
73 90 73
69 113 69
72 125 72
21 86 86
47 77 47
9 56 56
42 81 42
78 124 78
111 122 122
39 105 39
87 114 87
49 99 99
3 41 41
76 100 76
51 59 59
19 41 19
17 40 17
31 91 31
67 69 69
29 36 29
15 82 82
71 73 71
57 84 57
53 84 53
29 88 29
52 116 52
117 124 124
16 56 16
56 125 56
101 122 101
33 44 33
70 76 76
111 117 111
28 66 66
36 114 36
6 112 112
45 119 45
38 56 56
30 35 30
14 62 62
25 45 25
50 111 50
72 73 72
78 94 94
59 60 59
23 117 117
89 103 89
10 46 10
70 75 75
87 88 87
66 87 87
4 127 127
43 47 43
84 86 86
11 112 112
84 126 126
36 73 73
29 72 29
102 113 102
56 88 88
14 51 14
13 109 13
15 57 57
80 121 121
5 53 53
49 60 49
12 88 88
7 45 45
32 112 112
55 62 62
22 119 22
51 69 69
28 82 82
21 53 53
72 115 72
22 96 22
28 98 98
9 31 31
81 125 81
43 55 43
42 70 42
73 108 108
44 127 127
61 89 61
10 56 10
67 128 67
46 102 102
62 80 62
23 115 115
85 113 85
25 50 50
10 25 10
28 55 55
61 110 61
35 42 42
25 44 25
63 99 99
63 64 64
2 52 52
62 68 62
104 118 118
1 5 1
5 59 59
54 99 99
41 66 66
15 77 77
24 73 24
10 77 10
57 77 57
24 56 24
78 84 84
105 122 122
3 64 64
61 64 61
13 19 19
48 113 48
37 51 37
64 77 64
49 69 69
67 109 67
44 58 58
61 84 61
31 122 122
90 120 120
40 110 40
7 87 87
61 91 61
21 98 98
88 89 88
65 94 94
45 75 75
75 89 75
22 77 22
46 120 46
119 125 125
71 78 71
57 75 75
56 108 108
31 98 98
1 8 1
72 112 112
51 52 52
58 120 58
71 101 101
15 43 43
49 90 49
20 50 50
69 114 69
48 107 107
96 124 124
10 105 10
24 48 24
7 86 86
81 124 81
7 46 46
45 90 45
106 128 106
2 82 2
69 80 69
1 109 1
76 115 76
46 114 46
12 61 61
6 58 6
24 74 24
7 37 37
2 113 2
53 114 53
34 107 107
6 99 99
15 42 42
31 89 31
21 63 21
12 69 69
86 124 86
44 99 99
51 101 101
38 65 38
53 98 53
58 110 58
42 110 42
89 104 104
33 81 81
19 91 19
34 46 46
31 81 81
7 115 115
85 125 85
34 87 87
6 34 6
59 69 69
55 104 104
54 73 54
41 105 41
66 77 66
24 34 24
78 80 78
39 46 46
68 109 68
15 72 72
7 93 93
9 55 55
89 112 112
23 65 65
20 76 76
18 120 18
22 49 22
85 124 85
27 88 88
43 100 43
19 49 19
49 102 102
88 120 88
67 106 106
30 114 30
1 15 1
10 31 10
47 113 47
55 65 55
111 125 125
6 50 50
16 39 16
28 92 28
101 119 101
24 51 24
3 82 82
92 100 100
21 87 87
8 121 121
56 59 56
25 52 52
74 79 79
23 38 38
47 78 47
8 112 112
13 92 92
1 17 1
8 9 8
15 81 81
101 126 101
68 106 106
15 35 35
38 126 126
6 35 6
25 73 25
28 99 99
23 32 32
30 93 93
19 110 19
49 85 85
20 124 20
95 108 108
90 117 90
64 69 64
10 58 10
52 110 52
5 81 81
84 94 94
24 124 24
92 106 106
6 118 118
16 99 16
53 108 53
41 104 104
54 76 76
13 115 115
14 77 77
50 80 50
32 83 32
32 47 47
11 20 11
70 90 70
19 64 19
20 116 20
49 94 94
7 88 88
23 48 48
22 82 22
29 51 29
56 115 56
70 111 70
9 63 9
7 28 28
48 72 72
46 116 46
45 68 45
94 95 94
5 107 107
59 115 59
8 107 107
46 81 46
54 57 57
75 117 75
58 112 112
5 78 78
33 116 33
49 84 84
65 97 65
13 61 61
42 58 58
41 52 52
16 43 16
87 118 87
76 92 76
58 60 58
103 126 126
14 28 14
12 114 12
88 105 88
41 114 41
34 66 66
7 26 26
43 97 43
35 123 35
36 123 123
99 128 99
85 102 85
30 40 30
28 43 43
16 125 16
43 114 43
42 96 42
2 99 99
41 70 41
111 121 121
13 102 102
57 123 57
20 93 93
8 54 54
96 110 110
28 121 121
59 90 59
38 105 38
19 31 19
44 120 120
44 111 44
17 29 29
78 119 78
48 105 48
80 94 94
91 123 123
11 64 64
60 95 60
16 27 16
20 78 20
110 124 110
55 80 55
60 116 116
45 122 122
11 106 106
79 106 106
83 107 107
32 72 72
61 108 61
61 106 106
18 102 102
9 66 66
26 94 94
52 83 52
88 106 106
113 115 115
8 30 30
62 71 62
13 93 93
30 37 30
49 57 57
84 110 84
38 76 76
38 55 55
63 81 81
55 124 55
32 90 32
76 88 88
56 98 98
15 58 58
55 60 55
65 80 65
85 103 85
26 57 26
62 113 62
26 38 26
99 114 99
49 56 56
72 113 72
16 20 16
28 61 61
15 79 79
111 119 119
55 58 58
35 94 94
43 87 87
115 118 118
9 53 53
7 49 49
91 121 121
27 57 57
1 55 1
18 128 18
1 2 1
54 80 54
86 121 121
45 124 45
39 48 48
76 127 76
16 98 16
24 52 24
53 113 53
85 117 85
13 97 13
44 94 94
26 106 106
80 124 124
12 70 70
54 127 127
50 90 50
56 128 56
30 124 30
9 13 9
57 108 108
53 95 53
69 70 69
3 91 3
49 52 52
32 91 32
87 121 87
116 127 127
61 107 61
108 116 108
79 90 79
55 112 112
77 104 104
35 52 52
24 123 24
46 53 53
115 116 116
85 92 85
22 100 22
35 62 62
54 101 101
15 18 18
28 107 107
39 112 112
14 95 14
19 26 19
14 99 99
36 125 125
23 64 64
5 80 5
42 109 42
49 58 58
74 78 78
56 58 58
47 64 64
13 66 66
12 112 112
6 49 6
14 93 93
117 122 122
50 69 50
17 22 22
9 78 78
81 116 81
23 118 118
54 104 104
2 95 2
79 121 79
96 102 102
67 97 67
25 85 85
74 104 104
26 100 26
27 126 126
66 71 66
31 97 31
15 88 88
26 46 46
64 87 87
50 115 50
14 69 69
51 89 89
72 103 72
6 85 85
41 51 41
26 63 26
75 77 75
25 35 25
79 124 79
7 42 42
33 75 75
46 124 46
68 127 127
17 87 87
27 77 77
58 87 87
2 51 2
105 112 112
60 93 93
40 102 102
27 38 38
86 111 86
29 59 29
6 61 61
88 102 88
104 114 104
1 23 1
111 115 115
17 52 17
58 94 94
99 122 122
69 96 69
7 105 105
16 85 16
50 85 85
19 83 19
5 45 45
40 67 40
22 112 112
76 109 76
29 109 29
23 28 28
83 116 116
22 47 22
18 53 53
12 116 116
19 61 19
11 122 122
29 45 29
66 93 66
81 107 81
83 92 83
5 100 100
2 66 66
51 76 76
21 104 104
101 127 101
87 111 87
30 55 30
83 99 99
50 128 50
77 94 94
71 120 71
25 109 25
101 111 101
8 74 8
4 61 61
41 122 122
93 111 93
33 67 33
43 115 43
24 46 24
75 114 75
6 32 6
34 108 108
73 97 73
38 99 99
1 115 1
11 28 11
59 124 59
72 126 126
30 97 30
11 74 11
79 99 99
16 94 16
12 53 53
30 47 30
23 95 95
63 123 123
94 97 94
49 77 77
16 126 16
7 81 81
85 96 85
20 102 102
6 44 6
79 91 79
29 116 29
63 87 87
21 68 21
12 34 34
93 114 93
75 86 75
15 107 107
68 72 72
96 104 104
59 109 59
26 56 26
49 103 103
82 86 86
69 111 69
17 103 17
8 72 72
43 57 43
73 75 75
1 110 1
7 96 7
8 10 10
82 87 87
32 96 32
27 41 41
46 71 46
13 26 26
49 127 127
37 94 94
89 124 89
50 99 99
92 118 118
30 45 30
28 93 93
76 126 76
25 99 99
28 37 37
28 60 28
86 128 86
98 109 98
88 109 88
50 97 50
10 11 10
2 4 2
55 106 106
48 97 48
7 11 11
36 47 47
24 113 24
14 47 47
89 113 89
13 103 103
14 102 102
1 65 1
19 59 19
19 107 19
30 52 52
94 120 94
22 32 22
13 83 83
100 128 100
65 68 65
66 90 66
9 123 123
16 80 16
37 83 37
47 104 104
18 76 76
6 124 6
88 107 88
29 105 29
24 125 24
16 61 16
59 119 59
17 106 106
23 66 66
51 118 118
36 42 42
25 33 25
16 54 16
30 87 87
8 28 8
14 70 70
10 73 10
37 107 107
8 20 20
85 86 85
14 85 85
78 110 78
14 25 25
7 114 114
32 50 50
7 117 7
65 99 99
76 80 76
26 72 72
91 110 110
67 108 108
80 104 104
126 128 126
4 101 101
75 87 87
39 75 75
102 118 118
44 63 44
67 114 67
101 109 101
13 91 13
39 40 40
46 119 46
5 92 92
89 93 93
51 92 92
29 113 29
108 113 108
41 99 99
71 127 127
46 121 121
25 72 25
42 121 121
47 116 47
18 73 18
8 37 37
17 126 17
21 116 116
28 29 29
28 64 64
93 124 93
2 128 2
5 33 33
30 84 30
23 67 67
112 113 112
28 70 70
12 121 121
75 116 75
46 70 46
52 55 52
1 117 1
53 63 53
12 84 84
17 41 17
45 110 45
88 99 88
86 104 104
86 114 86
63 86 86
32 115 32
69 95 69
65 118 118
46 100 46
40 71 40
113 121 121
8 13 8
54 86 86
1 83 1
27 117 27
17 105 17
2 111 2
26 75 75
7 9 9
93 110 93
40 61 61
41 119 41
45 94 94
49 107 107
40 99 99
77 85 85
3 44 3
100 102 102
120 125 125
41 115 41
24 71 24
10 60 10
48 115 48
66 127 66
2 58 2
64 102 102
3 8 3
37 40 40
9 52 52
77 93 93
63 121 121
62 77 62
60 83 83
40 125 40
27 58 58
25 98 25
52 97 52
83 114 83
68 93 93
74 115 115
49 92 92
76 102 76
10 17 17
17 69 17
54 66 66
24 37 24
66 100 66
11 75 75
35 115 35
25 88 88
60 127 127
11 23 11
67 70 70
29 120 29
43 80 43
79 128 79
90 100 100
62 111 62
21 73 73
12 26 26
50 117 50
49 125 125
30 86 30
54 77 77
16 36 16
6 70 6
15 127 127
88 95 88
24 35 24
48 118 118
16 113 16
34 43 43
90 93 93
64 89 64
55 116 116
17 111 17
58 76 76
44 65 44
4 86 4
20 61 61
21 75 75
93 104 93
15 89 89
2 27 2
108 123 108
87 103 87
21 105 21
16 102 16
45 114 45
8 114 8
32 111 32
40 107 40
20 49 20
22 58 22
72 101 101
46 75 75
69 120 69
68 110 110
40 126 40
59 77 77
67 115 67
11 34 11
5 94 94
51 78 78
80 112 112
17 53 17
27 73 27
2 115 2
13 90 13
52 115 52
35 65 35
53 85 85
7 57 57
42 107 42
1 13 1
73 118 118
3 127 127
44 87 87
3 52 52
52 66 66
15 101 101
22 74 22
110 111 110
27 55 55
6 56 6
67 118 118
83 96 83
7 34 34
73 77 77
102 122 122
26 110 26
39 54 54
41 79 79
115 117 115
59 128 59
114 127 127
18 32 18
15 74 15
5 66 66
62 114 62
1 50 1
69 121 121
71 116 71
101 128 101
109 121 121
120 127 127
56 66 66
42 46 42
106 123 106
26 118 118
12 32 32
7 106 106
2 35 2
78 127 127
9 45 45
26 85 85
47 75 75
52 106 106
1 119 1
33 94 94
19 82 19
1 85 1
59 110 110
16 122 16
106 107 106
34 85 85
88 128 88
20 58 58
31 104 104
17 36 17
7 12 12
44 62 62
61 124 61
50 127 127
10 50 10
5 120 120
50 102 50
22 36 22
102 105 102
65 114 65
12 115 115
87 96 87
74 113 74
26 128 26
49 124 124
10 112 112
28 125 125
32 60 32
54 55 55
1 46 1
42 67 42
25 101 101
33 84 33
51 102 102
66 104 66
54 94 94
70 73 70
17 47 17
87 122 87
48 120 120
43 60 43
2 120 2
31 67 31
85 126 85
44 83 83
22 38 22
62 76 76
62 92 62
25 30 30
69 73 69
12 57 57
13 124 13
69 108 108
44 57 57
6 73 6
59 103 59
28 96 28
40 123 40
10 55 10
43 52 52
14 67 14
1 122 1
16 45 16
16 83 16
5 19 19
78 90 78
7 33 33
11 94 94
97 124 97
69 115 69
26 125 26
31 53 53
12 48 48
20 66 66
96 117 96
62 119 62
98 102 102
45 111 45
20 92 20
34 77 77
53 125 53
4 51 4
58 62 62
36 118 118
52 111 52
46 91 46
5 34 34
21 96 21
8 14 14
81 88 88
42 80 42
73 86 86
33 65 33
31 115 31
18 69 69
25 71 25
82 110 82
69 85 85
17 71 17
29 119 29
61 62 61
48 56 56
69 125 69
41 109 41
74 97 97
23 58 58
46 123 46
40 80 40
46 82 46
3 70 70
40 53 53
57 126 126
55 74 55
90 110 110
23 83 83
68 128 128
26 123 26
10 116 10
41 118 118
41 90 41
70 86 86
33 79 79
45 66 66
51 95 51
22 64 22
60 100 100
2 10 10
5 101 101
34 42 42
23 77 77
28 75 75
34 114 34
27 44 27
98 119 98
61 69 61
54 69 69
14 109 14
103 120 120
40 49 40
69 106 106
88 116 88
72 89 72
96 123 123
71 109 71
20 123 20
22 91 22
71 77 71
5 113 5
9 113 9
75 81 75
47 94 94
52 75 75
15 37 37
74 106 106
33 76 76
5 42 42
9 83 83
1 43 1
65 87 87
105 114 105
91 105 105
10 82 10
46 76 76
45 60 45
9 30 30
15 39 39
27 92 27
19 57 19
42 65 42
22 89 22
52 119 52
56 65 56
49 64 64
64 70 64
50 100 50
24 88 88
7 98 98
91 92 92
28 115 28
52 89 52
23 47 47
57 85 85
3 39 3
5 7 5
9 84 84
66 108 66
20 106 106
14 92 14
61 96 61
45 116 116
35 114 35
5 60 5
82 118 118
4 90 4
23 86 86
74 101 101
15 56 56
39 71 71
80 127 127
32 54 32
50 71 50
4 43 43
1 112 1
38 87 87
4 48 4
19 36 19
54 123 54
43 58 43
41 46 41
34 69 69
58 64 64
3 65 3
20 48 20
1 56 1
13 89 89
38 127 127
71 107 71
49 100 100
16 95 16
29 31 29
61 123 61
5 117 5
7 99 99
22 41 22
51 103 103
56 117 56
59 120 120
41 125 41
85 88 85
67 102 102
25 95 25
5 118 118
80 81 81
8 49 8
19 95 19
47 93 93
11 73 11
70 83 70
10 64 10
3 90 3
40 86 40
80 119 119
115 124 115
45 82 45
29 103 29
50 124 50
61 94 94
53 66 66
99 104 99
29 111 29
108 112 112
35 49 35
83 126 126
52 103 52
78 113 78
2 76 76
22 61 61
53 56 53
15 19 19
109 114 109
75 80 75
63 95 63
4 113 4
9 12 9
13 41 41
6 110 6
46 103 46
15 124 15
94 116 94
39 100 100
42 49 42
87 110 87
17 33 17
11 105 11
56 107 56
28 97 28
70 108 108
46 108 108
20 28 20
36 56 56
83 106 106
55 103 55
38 107 107
15 24 24
86 98 98
8 95 8
29 118 29
6 103 6
85 119 85
26 83 26
100 114 100
20 44 20
48 50 50
17 34 17
23 36 36
28 116 116
27 34 34
29 101 29
47 60 47
60 102 102
80 110 110
42 54 42
3 100 100
55 109 55
2 80 2
34 84 84
111 113 113
35 92 35
2 105 2
53 96 53
35 41 41
38 120 38
31 124 31
45 83 45
11 108 11
35 119 35
72 120 72
27 108 108
63 82 82
20 31 31
27 110 27
35 99 99
18 30 30
47 98 47
30 50 50
71 79 79
81 109 81
75 115 75
13 117 13
15 128 128
27 71 71
68 125 125
90 126 126
82 127 127
38 69 69
107 127 127
23 43 43
56 101 101
8 98 98
18 68 18
25 67 25
17 63 17
74 81 81
9 28 28
13 33 33
43 44 43
21 119 119
38 92 38
74 103 103
83 123 83
23 49 49
100 112 112
29 41 29
28 42 42
41 100 41
67 83 83
31 74 31
85 93 85
62 126 126
85 123 85
51 66 66
7 22 22
34 80 34
106 110 106
32 45 45
55 76 76
75 90 75
41 112 112
3 74 3
59 75 75
12 111 12
4 98 4
14 117 14
18 125 18
31 64 64
23 74 74
77 126 126
23 123 123
25 121 25
19 103 19
23 84 84
5 98 98
76 122 122
32 64 64
38 44 38
35 45 45
70 119 70
10 124 10
3 20 20
66 105 66
30 106 106
30 46 30
5 6 6
72 94 94
86 110 86
45 61 61
17 57 17
100 104 104
94 106 94
42 97 42
59 106 106
38 110 38
95 100 100
38 46 46
43 120 43
2 24 24
2 26 2
86 120 86
75 106 75
80 107 107
53 89 53
7 35 35
57 63 57
24 82 24
51 100 100
37 55 55
56 127 127
33 100 33
92 122 122
76 96 76
57 128 57
8 65 8
63 96 63
15 44 44
22 116 22
70 79 79
51 86 86
34 81 81
77 102 102
25 100 25
100 118 118
64 118 118
83 101 101
46 111 46
12 23 12
60 86 86
54 89 89
64 109 64
47 70 47
62 93 93
9 99 99
47 88 88
2 14 2
57 94 94
16 114 16
47 106 106
49 81 81
36 106 106
37 105 37
45 70 45
15 29 29
15 62 62
3 98 98
19 94 19
68 118 118
47 97 47
46 115 46
12 83 83
36 46 46
40 111 40
2 28 2
11 57 11
55 84 84
98 112 112
55 126 126
99 113 99
15 25 25
10 97 10
3 10 10
42 64 64
13 105 13
81 85 85
8 85 85
24 26 24
17 21 17
29 100 29
20 40 40
7 68 68
18 114 18
100 119 100
2 59 2
11 123 11
28 72 72
56 82 56
19 127 19
43 116 43
38 72 72
79 89 79
58 83 58
2 15 2
91 102 102
17 108 17
46 86 46
73 78 78
2 74 2
95 118 118
121 124 121
107 126 126
85 101 85
7 85 85
4 58 58
22 97 22
54 125 54
93 118 93
51 114 51
61 78 61
75 126 75
59 121 121
10 21 10
124 127 127
60 85 85
73 121 121
48 125 125
100 125 100
16 111 16
3 25 25
54 113 54
90 128 128
101 115 101
8 44 8
33 42 42
91 128 128
8 43 43
28 123 123
12 101 101
87 90 87
11 56 11
73 100 100
83 109 83
55 110 55
107 116 116
33 91 33
33 118 118
5 105 5
7 74 74
80 98 98
14 116 116
38 83 83
37 48 37
18 66 66
26 54 26
50 126 50
105 126 126
20 38 20
64 103 64
6 10 10
58 103 58
89 105 89
1 88 1
47 92 47
41 49 41
74 125 125
4 75 75
60 78 78
62 83 62
43 82 43
80 97 97
1 3 1
8 15 8
15 54 54
86 125 86
104 124 104
9 21 9
7 78 78
118 124 118
113 127 127
73 120 120
40 109 40
17 66 66
2 117 2
33 107 33
61 63 61
19 28 19
54 105 54
26 61 61
22 67 22
8 53 53
33 109 33
59 88 88
2 96 2
39 104 104
88 110 88
34 57 57
81 120 81
16 89 16
72 84 72
69 84 69
61 102 61
23 40 40
88 112 88
74 112 112
79 97 79
10 95 10
110 120 110
33 38 33
28 54 54
22 113 22
92 113 92
16 81 16
20 111 20
25 51 25
39 82 82
11 13 11
45 53 53
82 125 82
79 125 79
48 98 98
34 70 70
59 67 59
5 111 5
31 34 31
74 111 74
18 124 18
61 82 61
32 102 102
18 65 18
60 65 65
54 126 126
97 118 118
31 39 31
8 41 41
39 110 110
104 117 104
5 119 5
6 120 6
6 76 76
30 41 30
31 71 71
47 50 50
13 112 112
50 56 50
16 75 75
21 34 34
23 90 90
3 93 93
4 14 4
49 97 97
99 119 99
81 110 81
48 111 48
66 119 66
68 122 122
63 79 79
52 79 52
36 50 50
22 108 22
76 111 76
5 37 37
14 107 107
14 68 14
98 99 99
15 118 118
8 127 127
71 94 94
83 120 83
3 9 3
29 84 29
29 52 29
8 108 108
45 118 118
37 104 104
19 24 19
32 43 43
92 109 92
97 127 127
60 126 126
126 127 127
7 38 38
42 50 50
8 105 8
2 48 2
49 68 68
58 89 58
111 116 116
14 53 53
49 116 116
78 128 78
26 39 26
40 47 40
13 108 108
1 98 1
16 52 16
19 37 19
70 102 102
107 115 107
33 90 33
78 116 116
13 55 55
55 108 108
66 109 66
16 53 16
34 52 52
17 79 17
28 124 28
42 79 79
1 70 1
39 60 39
13 15 13
52 127 127
21 37 37
22 80 22
15 48 48
22 101 101
87 102 87
107 109 107
40 41 40
41 55 41
104 122 122
76 84 76
40 57 40
3 53 53
27 81 81
31 112 112
16 73 16
39 66 66
57 127 127
30 49 30
97 107 107
67 90 67
31 48 31
12 43 43
65 106 106
1 25 1
17 88 88
56 121 121
90 91 90
18 24 24
33 66 66
14 82 82
90 97 97
1 91 1
11 53 53
109 119 119
39 92 92
36 66 66
103 107 107
37 56 56
55 113 55
78 102 102
50 105 50
30 72 30
34 74 34
22 51 22
44 77 77
40 100 40
23 88 88
25 77 25
113 114 113
68 116 116
66 82 66
22 78 22
46 58 58
71 80 71
61 99 99
22 84 22
22 105 22
33 45 33
31 114 31
9 37 37
63 65 65
10 41 10
30 71 30
52 92 52
68 77 77
61 65 61
2 72 2
41 110 41
24 61 61
57 92 57
14 65 14
27 105 27
109 125 125
27 33 33
32 66 66
35 37 37
25 82 25
70 95 70
17 25 17
15 119 119
65 76 76
93 117 93
38 70 70
13 14 14
6 65 6
10 88 88
22 102 22
90 113 90
36 113 36
24 70 24
8 93 93
28 38 38
80 103 103
42 56 42
17 98 17
47 73 47
2 93 93
61 76 76
4 8 4
52 77 52
1 125 1
50 74 50
9 108 108
15 22 22
77 96 77
24 53 24
31 109 31
4 47 4
93 101 101
49 101 101
17 74 17
63 107 107
22 24 24
34 76 76
25 110 25
108 114 108
94 125 94
68 70 70
61 86 61
31 44 31
98 111 98
74 123 123
30 91 30
11 103 11
58 90 58
51 93 93
4 66 66
1 38 1
75 83 75
44 110 110
53 94 94
26 58 58
5 13 5
3 114 3
47 85 85
68 80 68
89 91 89
40 114 40
11 55 11
29 54 29
80 95 80
92 112 112
10 101 101
24 54 24
29 70 29
26 104 104
21 80 21
77 89 77
57 95 57
63 116 116
86 92 86
42 89 42
72 98 72
30 81 30
86 109 86
84 119 84
18 110 18
93 108 93
8 120 8
27 93 93
71 114 71
66 88 66
55 90 55
36 59 59
18 47 47
82 104 104
29 98 29
81 84 81
35 79 79
46 62 62
7 55 55
45 62 62
23 31 31
17 56 17
53 100 53
12 120 120
7 62 62
50 125 50
3 38 3
67 81 81
37 54 37
80 83 83
2 83 2
65 91 65
6 108 6
79 110 79
48 80 48
21 111 21
72 93 93
51 121 121
18 63 18
49 74 74
86 112 112
23 108 108
89 128 89
6 19 19
17 50 17
57 119 57
13 45 45
43 102 102
16 72 16
36 91 36
72 92 72
6 64 6
69 93 93
11 72 11
14 26 26
12 51 12
118 127 118
19 58 19
21 57 57
5 121 121
34 64 64
71 76 76
42 72 42
48 81 81
39 41 41
43 128 43
61 68 61
94 101 101
37 91 37
14 98 98
9 79 79
58 114 58
98 124 98
62 116 62
79 113 79
70 94 94
30 115 30
51 84 84
7 79 79
16 92 16
8 115 8
39 117 39
61 81 61
51 108 108
8 24 24
58 63 58
75 122 75
85 110 85
9 119 9
106 111 106
23 111 111
95 122 122
59 63 59
8 117 8
15 99 99
1 81 1
28 69 69
40 52 52
14 112 112
10 78 10
3 103 3
27 29 29
39 76 76
53 124 53
18 37 18
52 72 52
16 121 16
82 88 88
40 51 40
98 122 122
29 46 29
41 81 41
56 109 56
43 81 43
55 122 122
28 74 28
48 58 58
39 106 106
41 121 41
20 112 112
36 81 81
76 120 76
22 124 22
43 94 94
56 62 62
60 73 73
46 55 46
35 127 127
5 22 22
26 120 26
28 56 56
20 89 20
53 68 53
49 83 83
3 68 3
70 126 126
88 126 88
21 48 48
104 111 104
16 110 16
108 110 108
55 56 56
91 108 108
79 119 79
69 77 69
33 108 108
30 94 94
10 109 10
16 84 16
35 87 87
61 105 61
29 30 29
92 111 92
67 72 72
7 77 77
10 100 10
35 91 35
37 66 66
66 70 66
88 125 88
21 102 102
8 128 8
90 102 102
38 63 38
81 126 126
51 123 123
15 51 15
60 104 104
2 107 2
82 108 108
39 107 107
113 124 124
34 127 127
104 109 104
36 68 36
7 110 110
38 47 47
21 107 107
47 56 47
7 95 7
3 21 3
1 87 1
6 26 6
1 7 1
52 120 52
73 88 88
67 88 88
8 31 31
23 76 76
12 74 12
17 112 112
18 78 18
86 122 122
68 119 119
22 110 22
42 57 42
4 95 4
31 86 31
96 118 118
51 80 51
18 39 18
99 106 106
24 106 106
32 77 77
57 103 57
85 111 85
78 105 78
37 103 37
72 74 72
23 126 126
26 76 76
75 111 75
54 109 54
1 106 1
47 90 47
52 78 52
12 50 50
49 51 51
40 117 40
7 83 83
5 108 108
108 121 108
97 108 108
28 104 104
41 95 41
33 93 93
63 90 63
116 120 116
74 83 83
45 120 45
72 110 72
3 109 3
11 78 11
9 98 98
17 37 17
100 124 100
100 108 108
5 10 10
58 128 58
30 98 30
96 125 125
45 64 64
68 81 81
102 123 102
21 77 77
21 127 127
34 110 34
65 83 83
48 126 126
1 123 1
38 45 45
11 31 11
88 96 88
42 104 104
5 85 85
53 128 53
6 47 6
7 92 92
89 92 89
8 80 8
86 96 86
5 86 86
55 107 107
43 127 127
51 126 126
33 69 69
34 88 88
81 92 81
16 51 16
57 91 57
27 122 122
11 84 11
25 47 25
15 63 15
20 107 20
72 78 72
43 91 43
47 80 47
10 68 10
104 119 104
15 40 40
116 122 122
29 106 29
19 42 19
61 73 61
45 51 45
66 126 66
1 59 1
101 104 101
96 98 98
48 66 66
13 32 32
24 84 24
10 13 10
77 84 84
49 76 76
94 127 94
6 128 6
21 32 32
52 109 52
35 38 38
102 103 102
21 50 50
34 38 34
9 118 118
20 95 20
6 125 6
58 68 58
62 84 62
81 112 112
36 121 121
89 98 98
23 100 100
78 125 78
44 123 123
77 91 77
8 34 34
58 70 58
40 74 40
6 66 66
21 24 24
3 78 3
27 47 47
24 57 24
42 62 62
38 79 79
90 101 101
76 104 76
20 54 20
31 35 31
65 82 82
118 125 118
52 74 52
35 68 35
11 29 29
39 43 43
53 121 53
53 80 53
23 73 73
75 79 75
31 94 94
15 113 15
80 91 80
45 117 45
21 115 115
95 126 126
4 64 64
10 94 94
45 46 46
76 112 112
7 24 24
119 128 128
37 63 37
63 106 106
25 86 25
21 99 99
81 113 81
2 89 2
16 106 16
2 46 2
60 119 119
26 112 112
13 47 47
29 63 29
39 83 83
9 105 9
15 52 52
34 72 72
77 121 121
7 25 25
79 82 79
63 97 97
24 68 24
1 11 1
3 72 72
26 124 26
10 40 10
101 102 101
89 101 101
9 94 94
17 116 17
18 115 18
111 126 126
39 124 39
102 108 102
10 71 10
86 103 86
61 97 61
14 96 14
34 122 122
12 79 79
45 107 45
45 123 45
106 116 106
70 104 104
12 13 13
6 37 6
43 79 79
7 75 75
4 37 4
66 94 94
15 84 84
90 104 104
11 107 11
74 108 108
18 31 18
53 91 53
33 74 33
43 61 61
30 121 30
32 62 62
27 30 30
28 33 33
70 82 70
22 86 22
91 97 97
26 35 26
91 116 116
21 121 121
18 46 46
68 74 74
55 57 57
9 120 120
88 103 88
60 62 62
66 128 66
10 113 10
11 26 11
32 98 98
23 26 26
25 65 25
93 98 93
18 117 18
56 103 56
4 23 4
29 49 29
21 71 71
45 115 45
26 82 26
91 120 120
125 127 127
6 90 6
9 24 24
96 100 100
54 100 100
87 112 87
35 71 71
28 113 28
8 124 8
81 100 81
56 113 56
5 49 5
42 47 47
24 79 24
18 57 18
43 75 75
110 113 110
26 117 26
78 108 108
94 118 94
44 126 126
45 126 126
68 86 86
47 127 127
83 86 86
8 50 50
66 78 66
8 35 35
103 121 121
4 121 4
3 42 42
19 121 19
2 8 2
65 105 65
32 99 99
52 104 104
103 125 125
22 59 22
88 118 88
62 101 101
16 22 16
47 55 47
112 127 112
12 55 55
22 79 22
3 43 43
39 119 119
93 103 93
36 95 36
33 124 33
18 61 61
69 89 69
56 112 112
8 26 26
65 67 67
78 86 86
61 100 61
13 68 13
2 104 104
83 91 83
89 123 89
101 107 101
57 112 112
63 93 93
43 85 85
1 89 1
92 93 93
19 102 19
43 46 43
14 81 81
51 125 125
14 118 118
18 123 18
28 48 28
28 76 76
85 108 85
48 92 48
27 79 79
14 123 14
77 106 106
51 109 51
64 120 64
13 67 67
9 33 33
30 99 99
78 109 78
63 78 78
39 109 39
51 81 81
27 64 64
38 57 57
34 121 121
23 54 54
2 21 2
111 128 128
19 74 19
85 112 85
25 55 25
16 47 16
76 101 101
56 57 56
70 105 70
47 54 47
35 122 122
13 72 72
19 44 19
9 102 102
20 117 20
55 68 55
19 80 19
15 85 85
13 80 13
47 82 47
23 61 61
14 114 14
57 99 99
51 122 122
24 119 24
6 87 87
76 114 76
19 72 19
10 76 76
13 62 62
74 93 93
49 72 72
75 128 75
66 111 66
53 92 53
18 33 18
85 105 85
14 66 66
12 124 12
67 71 71
44 89 89
18 84 18
28 62 62
115 125 125
44 61 61
45 105 45
48 103 48
48 108 108
53 90 53
21 123 123
18 71 18
37 117 37
125 128 125
27 95 27
60 84 84
8 123 8
83 94 94
46 99 99
86 108 108
56 91 56
19 123 19
4 22 22
90 124 124
44 51 44
79 80 79
78 89 89
20 82 20
36 110 110
6 36 6
57 104 104
26 101 101
115 119 115
75 76 75
67 122 122
41 107 41
74 126 126
29 123 29
10 115 10
36 80 36
33 56 33
78 85 85
12 24 24
4 17 17
24 25 24
33 48 33
29 38 29
30 110 30
61 114 61
95 103 103
83 89 89
19 39 19
45 95 45
73 87 87
56 96 56
27 35 27
12 52 52
11 42 11
44 73 44
17 62 17
45 103 45
22 90 22
70 118 118
77 103 77
27 127 127
27 84 84
36 107 107
15 117 15
15 76 76
81 118 118
29 58 29
49 95 49
78 122 122
14 110 14
33 55 33
11 33 11
73 84 84
108 122 122
28 40 40
89 111 89
18 45 18
4 119 4
18 70 18
17 124 17
80 106 106
87 107 87
36 102 102
11 18 11
28 47 47
19 33 19
64 113 64
26 114 26
51 53 53
56 70 56
21 46 46
71 99 99
101 113 101
16 82 16
33 103 33
26 45 26
8 17 17
2 32 2
68 84 84
58 84 58
73 114 73
78 97 78
124 125 125
3 75 75
12 60 12
75 127 75
58 92 58
6 42 6
17 107 17
50 59 50
60 115 115
65 121 121
19 93 19
68 121 121
61 95 61
44 67 67
12 30 30
2 42 2
44 66 66
118 122 122
33 122 122
70 77 70
13 37 37
11 12 11
40 87 87
58 107 58
54 112 112
79 100 79
91 122 122
16 19 19
14 103 14
48 74 48
18 80 18
3 76 76
4 53 53
65 96 65
1 94 1
18 50 50
5 97 5
90 119 119
21 54 54
44 78 78
32 78 32
64 108 64
49 78 78
2 71 2
119 122 122
100 123 100
54 74 54
41 106 106
17 72 17
49 119 119
5 123 123
44 90 44
17 84 17
87 95 87
33 47 47
32 104 104
62 108 62
18 90 18
66 81 66
26 95 26
98 125 98
55 123 55
61 127 61
22 57 22
49 113 49
1 76 1
11 39 11
35 96 35
56 114 56
49 80 80
28 88 88
36 88 88
10 84 10
85 90 85
50 119 50
18 74 18
4 29 29
28 90 28
51 82 82
53 60 53
18 98 18
3 51 3
103 117 103
39 111 39
70 117 70
95 99 99
63 70 70
35 64 64
22 65 22
55 88 88
12 41 41
11 113 11
56 110 56
98 100 98
36 53 53
86 87 87
12 97 12
10 96 10
13 116 116
13 60 13
32 38 32
47 91 47
34 123 34
39 55 55
20 99 99
46 88 88
11 92 11
66 117 66
24 109 24
74 120 120
52 68 52
80 101 101
23 103 103
39 59 59
78 79 79
69 82 69
28 84 84
51 88 88
51 57 57
33 119 33
19 104 19
107 122 122
70 110 70
7 30 30
18 40 40
47 48 47
38 59 38
75 123 75
6 77 6
21 94 94
59 114 59
75 98 75
59 91 59
9 65 9
74 107 107
99 111 99
15 45 45
38 104 104
117 127 127
61 80 61
39 94 94
20 125 20
39 80 39
22 31 22
34 117 34
16 66 16
6 57 6
20 57 20
62 88 88
33 70 33
22 50 22
85 95 85
3 96 3
4 71 4
25 128 25
12 21 12
57 67 57
62 72 62
61 109 61
60 80 80
2 25 2
26 119 26
27 125 27
99 115 99
4 97 4
3 94 94
9 42 42
69 117 69
72 75 75
7 104 104
2 77 2
7 53 53
8 55 55
41 72 41
28 31 31
74 121 121
31 45 31
103 119 103
68 107 107
17 51 17
26 97 26
22 128 22
7 27 27
20 53 53
13 58 58
64 106 106
47 74 47
3 50 50
83 111 83
16 32 16
51 127 127
48 96 48
78 101 101
30 32 30
25 28 25
62 97 62
25 97 25
8 19 19
50 107 50
68 82 82
67 99 99
115 123 123
19 32 19
44 107 107
94 121 94
43 98 43
2 17 17
25 54 25
14 55 55
12 42 42
3 19 19
18 38 18
46 84 46
74 105 74
7 70 70
74 99 99
8 109 8
59 79 79
8 61 61
25 103 25
21 62 62
55 98 98
32 114 32
11 79 79
5 39 5
25 57 25
98 105 98
26 122 122
10 111 10
26 55 26
7 72 72
70 96 70
49 108 108
82 96 82
8 116 116
35 110 110
9 64 64
5 35 35
115 126 126
41 57 41
3 89 3
30 123 30
6 11 6
42 124 42
32 87 87
48 79 79
89 125 89
23 96 96
31 43 43
70 120 70
11 110 11
11 111 11
67 93 93
68 101 101
6 16 16
41 97 41
18 25 25
30 74 30
31 76 76
65 119 65
36 38 38
13 17 17
33 111 33
17 77 17
39 56 56
41 64 64
27 48 27
13 29 29
33 61 61
47 62 62
69 79 79
59 71 71
11 63 11
96 114 114
71 87 87
53 111 53
58 125 58
28 78 78
1 126 1
13 94 94
40 76 76
24 105 24
33 113 33
22 29 29
22 42 22
56 77 56
71 75 75
54 85 85
3 24 24
41 93 93
65 123 123
8 69 69
6 121 6
23 57 57
21 110 110
3 46 46
13 48 48
67 94 94
52 81 52
22 104 22
94 117 94
57 61 61
84 106 106
8 33 33
26 71 71
49 86 86
15 23 15
29 86 29
71 91 71
118 120 118
16 120 16
25 93 93
45 128 45
80 86 86
6 79 6
82 119 82
37 88 88
85 97 85
66 67 66
19 22 19
75 99 75
82 97 82
6 8 6
43 119 43
11 40 40
27 115 27
1 27 1
67 89 89
100 113 100
52 91 52
72 111 72
23 53 53
38 40 40
90 127 127
82 121 121
65 81 81
98 128 98
14 29 29
64 78 64
68 75 75
69 87 87
59 111 59
37 102 102
6 82 6
3 95 3
25 89 25
79 95 79
101 114 101
46 54 46
62 74 62
52 88 88
3 27 3
2 62 2
26 111 26
43 53 53
49 105 49
23 50 50
4 112 112
52 95 52
93 113 93
8 48 8
31 63 31
89 115 89
26 99 99
59 112 112
11 127 127
35 70 70
116 119 116
1 14 1
38 71 71
52 63 52
50 81 50
8 36 8
10 48 10
10 117 10
50 91 50
38 86 86
79 122 122
74 118 118
103 108 108
46 98 46
79 94 94
24 92 24
41 85 85
19 87 87
38 122 122
39 95 39
57 73 57
33 59 33
14 97 14
47 120 47
99 123 99
3 79 79
22 39 22
24 33 24
33 115 33
40 50 50
3 121 121
66 95 66
54 90 54
14 58 58
11 117 11
72 97 72
42 108 108
16 42 16
44 50 50
49 65 65
8 87 87
55 105 55
2 110 2
14 19 19
47 119 47
43 72 43
33 72 72
65 98 98
54 63 54
49 118 118
95 125 125
43 125 43
4 52 52
49 61 61
21 23 21
14 87 87
94 123 94
95 113 113
53 70 53
36 65 65
12 108 108
101 106 101
19 84 19
32 56 56
78 88 88
53 64 53
7 44 44
88 92 88
12 47 47
1 111 1
11 60 11
4 59 4
32 52 52
97 120 120
33 128 33
77 83 77
53 78 53
108 127 127
27 60 27
31 100 31
4 67 4
72 118 118
82 103 82
110 112 112
26 108 108
32 53 53
54 115 54
12 109 12
76 119 76
24 62 24
35 67 35
84 92 84
65 117 65
95 124 124
39 89 89
18 100 18
7 52 52
69 118 118
89 126 126
2 43 2
7 102 102
4 21 4
38 116 116
71 112 112
67 68 67
19 23 19
31 96 31
33 101 101
6 30 30
36 98 98
35 51 35
6 54 6
47 111 47
16 46 16
29 66 29
31 70 31
4 27 4
76 118 76
38 62 62
54 82 82
45 56 45
20 91 20
6 104 104
27 53 53
24 63 24
18 77 18
82 124 82
56 87 87
76 78 76
85 120 85
24 97 24
13 113 13
14 20 20
93 120 93
90 92 92
13 121 121
67 123 123
60 63 63
11 67 11
68 88 88
12 38 38
4 25 25
20 21 20
50 95 50
21 106 106
74 119 119
83 100 100
68 100 100
56 85 85
38 41 41
71 74 71
76 81 76
19 45 19
18 92 18
103 110 110
38 78 38
69 86 69
14 41 41
55 96 55
16 34 16
68 111 68
22 72 22
18 26 18
111 123 123
57 110 57
4 45 4
66 115 66
62 73 62
13 104 104
12 68 12
36 93 93
14 54 14
6 109 6
50 112 112
10 75 75
44 102 102
84 102 102
102 107 102
76 128 76
41 94 94
13 54 54
104 112 112
63 98 98
23 29 29
60 108 108
5 91 5
57 107 107
104 120 104
37 61 61
37 121 121
54 88 88
61 90 61
58 77 58
51 87 87
2 5 2
74 100 100
77 108 108
24 103 24
24 67 24
14 101 101
27 76 76
68 108 108
112 119 112
69 92 69
50 87 87
24 40 24
79 88 88
63 120 120
53 74 53
44 104 104
1 34 1
1 40 1
30 62 30
5 106 106
63 115 115
39 63 39
12 126 126
5 14 14
15 16 16
78 112 112
38 51 38
7 39 39
71 96 71
34 91 34
4 44 4
87 106 87
28 32 32
30 92 30
85 127 85
13 40 40
32 73 32
1 86 1
72 86 72
11 82 11
2 22 22
99 116 99
32 94 94
19 34 19
36 124 124
109 118 118
37 49 37
103 118 118
51 75 75
33 110 33
55 125 55
67 112 112
13 63 13
68 103 103
13 35 35
37 58 58
6 24 24
56 71 71
21 109 21
16 101 16
62 128 62
22 109 22
69 88 88
110 117 110
93 96 93
49 112 112
61 120 61
53 73 53
87 105 87
24 31 24
9 43 43
107 121 121
45 106 106
4 85 85
44 46 46
74 94 94
109 120 120
13 98 98
117 123 123
72 107 72
103 106 106
73 96 73
6 28 6
57 78 57
93 125 93
13 99 99
7 36 36
72 79 79
32 42 42
110 116 116
5 43 43
94 98 94
74 124 124
33 102 102
1 100 1
48 117 48
71 110 71
89 99 99
18 23 18
10 57 10
17 18 17
86 99 99
20 23 20
90 107 107
55 86 86
21 122 122
16 49 16
44 88 88
46 110 46
15 26 26
26 113 26
2 87 87
53 116 53
12 63 12
44 117 44
68 91 68
41 62 62
76 116 76
26 34 26
72 117 72
120 128 120
37 68 37
40 105 40
2 103 2
19 65 19
19 111 19
36 115 115
95 128 128
32 116 116
34 59 34
8 42 42
13 39 39
116 125 116
87 113 87
18 85 85
17 110 17
14 34 34
21 65 65
32 74 32
46 60 46
37 69 69
6 15 6
3 120 3
44 92 44
17 30 17
3 36 3
25 75 75
16 33 16
7 29 29
36 77 77
100 103 100
7 40 40
92 101 101
40 93 93
8 73 8
63 104 104
9 69 69
45 65 45
114 118 118
82 93 93
7 59 59
24 42 24
118 126 118
42 95 42
2 3 2
64 90 64
37 41 41
63 80 80
9 128 9
6 113 6
12 105 12
59 104 104
65 122 122
17 92 17
75 103 75
76 123 76
79 108 79
70 87 87
80 85 85
11 115 11
31 58 58
110 123 110
41 123 41
15 68 15
43 73 43
24 112 112
4 123 4
34 47 47
52 99 99
17 70 17
65 110 110
42 74 42
10 102 10
93 105 93
16 109 16
48 67 67
51 74 51
4 46 4
33 46 46
3 30 30
20 98 98
34 115 34
46 56 46
7 60 60
106 122 106
48 76 76
50 92 50
10 20 10
4 35 4
60 89 89
46 69 46
75 112 75
30 51 30
58 117 58
55 101 101
92 98 98
50 113 50
106 109 106
27 106 106
45 121 121
102 112 112
23 116 116
11 70 11
42 100 42
6 123 6
17 97 17
3 13 3
41 87 87
15 69 69
46 68 46
6 95 6
18 88 88
65 71 71
96 112 112
89 100 100
18 119 18
55 92 55
94 124 94
107 113 107
10 36 10
27 28 27
43 113 43
29 108 29
69 104 104
34 92 34
15 111 15
14 52 52
80 105 80
7 43 43
8 27 27
7 124 124
32 63 32
93 123 93
25 90 25
29 64 29
20 27 20
39 86 86
19 81 19
24 50 24
37 85 85
46 78 46
30 33 30
3 22 22
1 39 1
90 125 125
43 108 43
75 93 75
11 100 11
49 89 89
33 57 33
14 57 57
96 107 107
20 56 20
30 80 30
12 93 93
65 113 65
75 94 75
35 105 35
41 76 76
9 93 93
81 128 81
14 80 14
91 125 125
33 49 33
16 107 16
57 124 57
117 120 120
24 43 24
37 120 37
28 81 81
51 83 83
106 108 106
14 39 14
21 113 21
30 67 30
83 88 88
11 35 11
91 114 114
10 121 10
2 33 2
40 62 40
5 38 38
46 118 118
45 67 45
61 72 61
64 83 64
30 76 76
47 103 47
99 103 99
6 83 6
78 98 98
8 23 8
24 28 24
75 121 75
56 97 56
49 104 104
14 23 14
30 95 30
82 89 82
34 86 86
38 91 38
34 96 34
46 89 46
73 82 82
5 77 77
3 108 108
25 34 25
112 126 112
26 103 26
4 26 4
76 93 93
101 110 101
102 121 102
71 90 71
72 104 104
42 93 93
78 93 93
31 126 126
1 57 1
30 100 30
32 106 106
37 47 47
51 128 128
35 88 88
21 40 40
8 47 47
77 114 77
32 81 81
28 49 28
50 53 50
73 104 104
62 110 62
71 88 88
6 111 6
20 85 85
100 121 121
78 117 78
20 35 20
38 49 38
34 118 118
54 60 54
22 106 106
70 114 70
110 121 121
23 121 121
23 104 104
59 127 127
40 121 40
58 116 58
10 63 10
90 111 90
31 110 31
5 67 67
15 50 50
10 69 10
15 21 21
34 111 34
8 81 81
16 26 16
49 114 49
89 106 106
21 78 78
115 121 121
33 68 33
26 30 30
63 124 124
104 116 104
11 46 11
22 53 22
23 39 39
47 102 102
60 124 124
12 22 22
81 122 122
28 52 52
29 114 29
53 112 112
94 119 94
30 90 30
83 127 127
86 106 106
76 113 76
114 122 122
113 117 113
92 128 128
4 122 122
40 103 40
65 84 84
51 117 51
25 60 25
16 105 16
68 126 126
9 95 9
41 77 41
26 92 26
45 98 98
19 67 19
102 115 102
5 84 84
61 93 93
12 49 12
29 82 29
7 14 14
49 128 128
4 77 4
21 56 56
34 49 34
45 93 93
26 109 26
3 119 3
83 125 83
7 41 41
37 46 46
7 90 90
83 98 98
32 93 93
26 51 26
16 63 16
61 77 61
12 20 20
1 107 1
17 83 17
27 50 50
30 102 30
21 88 88
44 79 79
31 46 46
16 78 16
36 39 39
40 55 40
49 106 106
29 80 29
27 99 99
74 82 82
35 121 121
72 122 122
2 119 2
30 112 112
104 110 104
70 72 72
8 58 58
17 115 17
10 126 10
27 80 27
14 31 31
27 54 27
21 51 21
2 53 53
14 73 14
92 119 92
20 90 20
7 101 101
30 48 30
63 66 66
70 106 106
34 112 112
35 106 106
62 109 62
20 62 62
23 68 68
2 56 2
29 77 29
80 93 93
20 25 25
47 79 79
29 73 29
56 69 69
66 83 66
15 123 123
29 62 29
75 105 75
37 96 37
50 62 50
69 123 69
77 109 77
27 52 52
13 25 25
44 71 71
37 65 37
44 49 44
33 77 33
75 124 75
1 95 1
71 108 108
15 112 112
70 100 70
43 51 43
48 94 94
13 70 70
34 113 34
2 106 106
69 75 75
10 52 10
89 127 127
12 25 25
107 128 107
67 84 84
72 127 127
6 60 6
55 128 55
71 95 71
38 109 38
66 79 66
31 33 31
36 99 99
24 80 24
59 123 123
11 102 102
123 127 127
51 115 115
2 75 75
20 32 20
41 54 41
42 101 101
46 101 101
10 26 10
32 46 46
101 108 101
51 112 112
97 119 119
48 49 48
52 108 52
29 104 29
105 125 125
21 103 103
71 121 121
42 117 42
16 86 16
14 37 37
47 99 99
24 81 24
112 123 112
83 95 83
105 119 119
30 65 30
34 102 102
6 63 6
2 88 88
86 107 86
13 127 127
3 102 102
20 47 47
9 91 9
57 97 57
60 110 110
52 58 52
31 57 31
19 114 19
4 105 4
4 62 62
3 4 4
28 30 30
5 103 5
34 41 41
57 76 76
8 25 25
31 83 31
92 96 92
113 116 116
27 103 27
25 105 25
2 39 2
30 78 30
6 38 6
39 85 85
32 101 101
27 114 27
67 98 98
10 103 10
63 91 63
56 122 122
44 84 84
2 7 2
12 27 27
35 101 101
55 71 71
20 101 101
70 71 71
79 86 79
6 114 6
65 86 86
2 84 2
24 99 99
30 125 30
41 102 102
27 98 98
58 80 58
59 66 66
35 97 35
69 102 102
5 56 56
25 112 112
32 48 32
48 51 48
73 98 98
7 48 48
19 77 19
35 120 35
43 68 43
11 86 11
4 16 16
49 98 98
19 46 19
68 102 102
6 22 22
27 101 101
54 75 75
86 90 86
30 105 30
86 95 86
15 102 102
2 98 2
14 59 14
60 91 60
18 52 52
55 66 66
24 38 24
63 84 84
29 93 29
58 75 75
10 37 10
68 89 89
85 87 87
42 76 76
28 34 34
79 116 79
120 124 120
98 123 98
14 33 33
24 76 76
107 124 107
26 98 98
77 125 77
40 43 40
29 44 29
60 75 75
10 118 118
13 111 13
83 122 122
84 98 98
8 100 100
8 46 46
22 55 22
81 87 87
94 109 94
67 104 104
5 11 11
86 126 126
2 20 2
28 57 57
6 14 6
13 51 13
6 72 6
64 101 101
70 128 70
3 5 3
57 87 87
49 121 121
58 65 58
114 116 116
42 114 42
14 113 14
114 124 124
96 122 122
89 121 121
12 119 119
45 55 45
44 124 44
50 104 104
30 75 75
42 99 99
52 121 52
62 79 79
52 126 52
99 101 101
32 95 32
7 17 17
31 32 31
29 110 29
11 114 11
5 70 70
94 113 94
116 128 116
2 79 2
33 98 98
102 125 102
33 89 33
42 118 118
103 111 103
89 109 89
12 107 107
16 44 16
84 108 108
16 71 16
123 125 125
3 80 3
13 28 28
77 87 87
17 94 94
1 92 1
79 85 85
43 111 43
32 39 32
91 112 112
5 114 5
70 99 99
7 67 67
10 34 10
5 48 48
6 51 6
111 120 120
1 77 1
60 82 82
12 45 45
49 71 71
64 72 64
15 80 15
24 128 24
15 34 34
54 58 58
18 106 106
16 60 16
41 84 41
93 119 93
21 27 27
12 62 62
22 23 22
53 110 53
64 104 104
64 123 64
69 126 126
34 54 34
62 115 62
9 32 32
8 91 8
31 49 31
83 112 112
4 5 4
62 118 118
3 59 3
9 62 62
84 104 104
68 78 78
38 114 38
5 28 28
53 117 53
12 110 110
4 28 4
24 64 24
65 126 126
11 71 11
59 118 118
39 72 72
1 35 1
46 79 79
3 113 3
44 109 44
1 58 1
20 39 20
92 115 92
27 56 56
28 67 28
42 63 42
79 92 79
24 65 24
103 122 122
93 106 106
3 69 69
19 66 19
26 79 79
56 118 118
2 57 2
76 97 76
60 74 74
75 110 75
4 115 4
39 125 125
28 94 94
8 29 29
86 113 86
38 100 100
14 15 14
108 117 108
11 37 11
36 108 108
65 79 79
2 12 2
73 94 94
24 75 75
66 96 66
44 108 108
54 79 79
111 124 124
23 106 106
23 97 97
34 100 100
6 9 6
112 125 112
17 35 17
57 65 57
16 100 16
88 90 88
14 71 71
40 42 40
58 123 58
40 97 40
45 86 86
28 105 28
87 92 87
63 103 103
15 96 15
57 93 93
60 120 120
17 73 17
15 61 61
11 87 87
37 38 37
85 100 85
38 43 43
94 105 94
48 61 61
73 74 73
113 119 119
69 94 94
13 18 18
4 83 4
30 66 66
24 77 24
10 24 24
104 113 104
26 48 26
48 87 87
47 63 47
92 103 92
25 37 25
88 122 88
43 54 43
13 56 56
20 97 20
63 75 75
53 58 53
80 99 99
63 113 63
32 88 88
16 69 16
23 114 114
20 114 20
49 73 73
83 119 83
3 29 29
121 127 127
34 94 94
29 121 29
52 125 52
81 108 108
45 58 58
105 121 121
28 63 28
98 103 98
58 59 58
49 88 88
40 78 40
3 17 17
1 49 1
42 68 42
103 104 104
6 41 6
65 103 65
19 30 19
24 29 29
122 126 122
26 47 47
27 109 27
110 115 110
120 122 122
72 99 99
83 90 83
5 127 127
31 123 31
5 15 5
51 106 106
46 51 46
10 28 10
62 95 62
34 48 34
50 89 50
107 117 107
74 127 127
7 69 69
56 72 72
5 18 18
95 116 116
56 119 56
58 71 58
65 78 78
14 72 72
44 116 116
20 94 94
44 121 121
26 49 26
12 99 99
74 77 77
62 87 87
72 121 121
15 83 83
112 115 112
69 90 69
32 59 32
100 109 100
46 92 46
48 128 128
50 93 93
67 111 67
88 104 88
86 116 116
31 84 31
51 70 70
6 33 6
23 125 125
68 95 68
64 99 99
47 105 47
21 64 64
45 76 76
87 124 87
22 37 22
10 91 10
114 123 123
51 91 51
78 92 78
18 51 18
46 83 46
48 121 121
8 79 79
51 73 73
48 70 70
20 121 121
67 101 101
23 99 99
43 88 88
59 89 89
112 118 112
45 80 45
42 55 42
45 88 88
18 89 18
32 35 32
12 14 14
58 69 58
21 114 21
9 18 18
21 128 128
37 95 37
50 110 50
64 125 64
34 119 34
6 89 6
104 125 104
46 106 106
108 128 108
17 104 17
9 72 72
102 106 106
106 118 106
93 97 93
19 89 19
79 107 79
75 100 75
57 82 57
51 61 61
8 122 122
4 24 24
15 105 15
34 105 34
58 106 106
82 94 94
35 117 35
37 106 106
60 88 88
77 90 77
17 48 17
16 117 16
39 53 53
60 70 70
42 92 42
44 72 72
80 116 116
39 97 39
76 86 76
79 123 79
53 86 53
31 37 31
54 110 110
4 33 4
4 50 50
26 102 102
53 109 53
45 96 45
44 75 75
91 98 98
68 69 69
81 96 81
1 45 1
27 46 46
16 55 16
22 111 22
58 109 58
74 87 87
20 86 20
15 36 15
28 59 28
29 50 29
38 39 38
19 38 19
95 121 121
46 63 46
97 126 126
14 45 45
79 87 87
65 73 65
67 125 125
22 44 22
29 94 29
2 118 118
101 105 101
5 116 116
88 93 88
98 108 108
35 69 69
8 40 40
104 126 104
13 87 87
77 86 86
11 45 11
27 83 83
21 59 59
76 121 76
4 74 4
4 81 4
82 120 82
122 125 122
39 98 98
54 70 70
72 83 72
9 19 19
7 8 8
41 53 53
21 31 31
41 83 41
96 97 97
53 104 104
66 107 66
51 116 116
6 31 6
21 70 70
21 38 38
81 105 81
16 62 16
9 60 9
20 63 20
35 58 58
7 47 47
11 65 11
37 39 37
5 125 125
97 104 104
31 41 41
12 35 35
7 32 32
6 45 6
99 127 99
17 19 19
63 72 72
10 15 10
6 53 53
33 80 33
9 16 16
39 44 44
63 108 108
37 90 37
10 107 10
72 87 87
10 106 106
3 104 104
29 87 87
27 62 62
9 11 11
43 48 43
91 103 103
46 87 87
125 126 126
37 60 37
10 110 10
38 74 38
26 77 26
43 106 106
62 91 62
30 53 53
63 88 88
39 118 118
63 111 63
5 75 75
38 64 64
35 55 55
29 42 29
94 100 94
32 80 32
10 80 10
36 70 70
83 103 83
23 82 82
64 107 64
23 127 127
31 55 31
23 119 119
39 108 108
99 120 99
37 45 45
44 76 76
55 99 99
52 113 52
2 50 50
68 117 68
46 50 50
27 43 43
104 128 104
55 87 87
33 58 58
77 82 77
36 63 36
90 122 122
21 79 79
46 66 66
109 113 109
13 122 122
103 116 116
2 124 2
45 109 45
70 98 98
70 93 93
25 108 25
58 78 58
28 73 28
4 36 4
20 36 20
14 75 75
72 80 72
101 120 101
45 87 87
12 58 58
29 91 29
34 82 34
84 91 84
98 116 98
73 126 126
67 107 107
22 45 22
36 87 87
80 102 102
67 74 67
31 113 31
5 79 79
58 118 118
45 102 102
68 115 115
77 100 100
40 91 40
116 118 118
4 32 4
4 20 4
24 127 24
70 92 70
36 126 126
21 81 81
99 108 99
41 80 41
43 123 43
66 89 66
43 70 43
21 33 33
78 81 81
10 29 29
82 106 106
104 127 127
12 64 64
98 107 98
53 57 53
65 90 65
13 65 65
76 79 76
48 53 53
40 85 85
8 111 8
58 104 104
49 70 70
81 114 81
4 40 40
35 90 35
58 66 66
2 64 2
56 76 76
47 114 47
94 122 94
69 127 127
39 126 126
26 62 62
105 120 120
47 115 47
97 113 97
9 44 9
6 62 6
77 99 99
33 92 33
56 61 61
40 63 40
76 98 76
13 36 13
15 120 120
45 48 45
7 63 63
15 114 15
60 107 107
60 114 60
91 126 126
22 99 99
54 83 83
99 124 99
4 60 4
17 80 17
23 102 102
12 113 12
21 101 101
65 109 65
82 91 82
59 100 100
13 57 57
47 122 122
2 78 2
19 124 19
42 61 61
40 124 40
1 90 1
12 15 12
60 97 97
2 109 2
50 65 50
24 47 24
21 92 92
111 114 114
7 56 56
121 126 126
84 96 84
10 30 10
31 50 50
17 23 17
66 124 66
49 122 122
1 103 1
28 35 35
51 110 110
92 114 92
42 123 42
30 70 30
41 67 41
17 76 76
75 78 75
8 118 118
8 22 22
96 103 103
40 79 40
12 85 85
43 92 43
46 52 52
11 124 11
99 117 99
48 82 82
74 96 74
24 120 24
18 95 18
87 104 87
38 94 94
46 72 46
69 100 69
47 66 66
47 76 76
88 91 88
61 88 88
16 58 16
90 105 90
105 108 108
46 48 46
99 105 99
4 49 4
13 43 43
108 120 108
16 17 16
6 23 6
107 118 118
1 128 1
47 108 108
77 110 77
19 47 19
89 96 89
68 112 112
50 63 50
44 114 44
16 24 16
32 51 32
45 49 45
9 29 29
84 127 127
67 87 87
3 6 6
23 27 27
60 72 72
58 96 58
1 68 1
39 113 39
67 124 67
51 124 124
34 71 71
60 125 125
1 31 1
2 49 2
26 32 26
44 70 70
43 64 43
30 111 30
38 97 38
4 70 4
6 98 6
15 53 53
29 40 29
43 89 43
112 124 112
37 114 37
25 106 106
64 82 64
86 94 94
41 69 41
77 124 77
51 55 55
31 72 72
78 87 87
6 105 6
48 57 57
1 42 1
3 116 116
54 103 54
55 64 64
39 96 39
22 87 87
19 116 19
54 62 62
41 48 41
48 100 100
74 76 76
32 65 32
44 105 44
67 121 121
61 121 61
35 95 35
21 29 29
99 112 99
36 112 112
5 20 20
25 79 79
24 110 24
9 103 9
49 50 50
23 89 89
48 104 104
53 105 53
46 96 46
12 102 102
30 58 30
65 69 69
19 69 19
40 116 40
62 124 62
79 109 79
44 60 44
17 109 17
68 105 68
16 123 16
16 119 16
4 118 118
54 59 54
35 107 107
31 87 87
8 104 104
49 66 66
44 81 81
72 77 72
76 107 76
33 86 33
120 123 120
38 88 88
57 70 57
89 117 89
96 115 115
123 126 126
82 99 99
14 106 106
32 113 32
47 96 47
35 56 56
54 97 54
23 33 33
18 116 18
89 102 102
59 86 86
48 106 106
17 99 99
28 77 77
23 69 69
40 120 40
113 125 125
83 105 83
55 94 94
100 115 100
7 121 121
64 85 85
99 118 99
5 122 122
60 105 60
36 122 122
100 106 106
46 127 127
56 116 116
4 57 4
21 97 21
69 105 69
61 119 61
10 16 16
31 68 31
42 112 112
52 86 52
2 97 2
63 83 83
59 81 81
76 103 76
23 91 91
15 115 115
13 110 110
18 43 43
30 128 30
16 97 16
14 78 14
4 114 4
97 125 125
51 120 120
14 38 14
16 23 16
40 73 40
16 118 16
116 123 116
31 85 85
93 126 93
33 96 33
28 119 28
32 82 32
8 126 126
21 28 28
93 115 93
42 52 52
106 113 106
20 46 46
6 55 6
11 50 50
12 28 28
78 111 78
12 77 77
59 93 93
5 36 5
100 120 100
7 21 21
4 34 4
14 64 64
56 73 56
12 123 123
2 121 2
85 106 85
95 111 95
31 106 106
20 70 20
61 104 61
77 116 116
1 10 1
26 50 50
49 67 67
3 16 16
59 80 59
18 113 18
20 73 20
41 96 41
11 24 24
50 86 50
15 33 33
83 121 121
48 68 48
60 64 64
46 73 46
65 108 108
23 56 56
45 127 127
63 85 85
60 113 60
8 60 8
94 112 94
87 119 87
35 57 57
98 104 104
9 92 9
44 54 54
14 127 127
4 78 4
40 94 94
17 75 75
9 25 25
94 108 94
31 128 31
13 22 22
3 31 31
26 53 53
30 61 61
28 79 79
85 91 85
5 74 5
2 70 2
71 125 71
45 69 69
10 83 10
54 84 84
5 41 41
36 44 44
35 124 35
82 83 82
13 38 38
64 105 64
50 54 50
48 91 48
19 117 19
31 92 31
24 39 24
61 87 87
61 126 61
59 61 61
16 64 16
32 71 71
28 91 28
10 128 10
37 78 37
6 74 6
13 85 85
68 73 73
65 88 88
30 104 104
83 115 83
10 108 10
18 103 18
3 66 66
27 124 27
12 71 71
22 121 22
81 93 93
65 128 65
78 91 78
13 100 100
42 66 66
17 58 17
25 80 25
37 76 76
4 79 79
97 116 116
12 82 82
109 110 110
102 124 102
56 74 56
99 102 99
50 122 122
54 106 106
64 73 64
42 105 42
77 79 79
26 42 42
91 104 104
68 92 92
89 122 122
9 46 46
14 36 14
64 112 112
9 22 22
42 85 85
60 67 67
15 86 86
22 46 22
77 97 77
6 116 6
84 122 122
45 54 45
76 94 94
56 92 56
77 80 77
28 101 101
20 33 33
36 75 75
56 105 56
36 60 36
38 53 53
14 35 14
48 59 59
75 118 75
34 126 126
81 86 81
64 95 64
27 51 27
60 101 101
40 56 40
15 71 71
62 127 127
5 99 99
41 124 41
28 45 45
73 127 127
37 109 37
62 96 62
73 103 103
24 44 24
107 110 107
41 92 41
35 104 104
13 34 34
69 98 69
28 128 28
14 104 104
66 112 66
15 109 15
73 95 73
13 44 44
13 23 13
16 76 16
19 75 75
80 87 87
22 98 22
31 102 102
8 101 101
35 126 126
23 37 37
90 98 98
19 88 19
57 89 57
9 23 9
7 73 73
78 82 82
20 41 41
34 56 56
13 88 88
23 42 42
20 30 30
43 122 122
61 85 85
5 69 69
23 71 71
84 123 84
63 126 126
11 83 11
18 44 18
48 83 83
22 83 22
23 107 107
37 52 52
19 85 19
75 125 75
41 59 41
34 83 34
47 87 87
28 46 46
21 30 30
24 104 24
90 109 90
40 54 40
38 93 93
2 9 2
26 96 26
27 66 66
25 91 25
46 85 85
12 91 12
19 56 19
55 75 75
15 78 78
28 127 127
27 90 27
8 96 8
27 68 27
26 74 26
25 120 25
48 75 75
105 106 106
33 99 99
38 98 98
71 102 102
6 88 88
57 98 98
119 121 121
46 64 64
5 62 62
25 78 25
12 86 86
21 112 112
71 122 122
31 77 31
40 65 40
36 43 43
83 128 83
76 117 76
54 122 122
110 114 110
32 76 76
45 101 101
9 38 38
36 40 40
121 128 121
50 79 50
35 85 85
9 85 85
54 72 72
112 122 122
25 104 104
38 48 38
106 115 106
71 115 71
7 80 80
42 115 42
101 125 101
93 122 122
9 76 76
36 97 97
92 102 102
81 117 81
22 92 22
70 109 70
1 73 1
4 6 6
29 39 29
69 110 69
6 69 6
47 81 47
22 30 22
45 72 72
42 91 42
32 33 33
15 97 15
41 44 41
11 125 11
86 101 101
39 128 128
23 55 55
19 52 19
29 33 29
34 44 34
66 86 66
43 62 43
94 107 94
79 83 79
95 106 106
24 100 24
20 74 20
33 97 33
39 88 88
44 55 55
10 61 61
62 123 62
26 86 26
63 114 63
100 116 116
79 103 79
1 62 1
14 24 24
7 91 7
30 85 85
31 61 61
23 80 80
1 71 1
82 111 82
27 67 27
75 92 75
42 73 42
17 28 17
26 28 26
13 78 78
7 123 123
34 116 116
11 116 11
35 50 50
12 122 122
4 68 4
110 127 127
32 105 32
61 117 61
90 121 121
22 71 22
89 90 89
27 72 72
52 98 52
26 78 26
26 66 66
53 127 127
30 83 30
16 65 16
77 95 77
92 99 99
19 92 19
47 86 47
39 93 93
32 97 32
91 100 100
11 19 19
23 70 70
32 85 85
43 49 43
43 95 43
21 117 21
96 109 109
71 92 71
37 44 37
12 95 12
52 65 52
60 109 109
16 67 16
47 71 47
28 87 87
15 92 92
50 78 50
9 82 82
5 24 24
70 127 127
40 127 127
58 119 58
114 125 125
17 49 17
33 127 127
4 12 4
41 63 41
15 66 66
9 90 9
22 117 22
87 97 87
117 128 128
39 79 79
53 102 53
34 103 34
112 128 112
43 99 99
35 76 76
73 110 110
15 126 126
99 125 99
14 61 61
95 119 119
25 56 25
11 80 11
55 85 85
4 84 4
18 21 18
1 28 1
48 88 88
67 127 127
16 25 16
65 95 65
29 76 29
1 93 1
41 45 41
36 78 78
22 73 22
97 109 97
2 116 2
18 99 99
39 101 101
25 87 87
52 114 52
82 112 112
11 21 11
66 99 66
47 59 47
83 113 83
1 99 1
2 6 2
42 86 42
14 128 14
32 103 32
35 77 77
95 115 115
64 110 64
20 75 75
26 69 69
35 80 35
48 116 116
51 64 64
82 100 100
41 75 75
17 125 17
102 104 104
104 107 104
56 78 56
73 76 76
62 78 62
11 25 25
10 18 10
3 12 3
98 127 127
21 124 21
4 107 4
70 91 70
30 77 30
2 19 19
38 67 38
70 121 121
41 73 41
25 113 25
84 107 107
52 53 52
26 84 26
48 93 93
62 103 62
42 53 53
21 39 39
109 124 124
44 103 44
37 127 127
18 60 18
31 121 121
42 88 88
21 120 120
26 73 26
21 61 61
3 73 3
22 70 22
107 119 107
62 69 62
18 82 18
54 128 54
21 52 52
43 93 93
12 19 19
36 119 119
7 13 13
54 91 54
9 106 106
3 57 57
4 30 30
53 79 53
57 121 121
32 128 32
68 99 99
96 106 106
108 118 118
43 103 43
49 87 87
57 80 57
79 101 101
13 77 77
22 123 22
2 18 2
41 117 41
25 119 25
61 122 122
55 111 55
30 36 30
3 15 3
26 70 26
29 117 29
51 56 56
77 128 77
63 102 102
13 16 16
43 110 43
9 121 121
34 53 53
72 119 72
46 128 46
84 115 84
54 114 54
44 69 69
3 106 106
29 127 29
38 77 77
51 96 51
53 99 99
50 55 50
20 81 81
15 32 32
36 89 89
80 89 89
1 124 1
46 61 61
43 63 43
17 60 17
109 116 116
7 118 118
39 115 115
11 126 126
30 68 30
16 115 16
38 124 38
62 81 62
2 91 2
11 104 104
2 55 2
65 75 75
65 92 65
55 100 100
66 120 66
35 53 53
47 117 47
13 79 79
83 102 102
3 123 3
63 110 110
13 21 13
3 63 3
62 85 85
91 107 107
7 31 31
4 94 94
29 53 29
4 106 106
8 76 76
37 118 118
54 124 54
59 78 78
33 95 33
59 101 101
63 77 77
74 92 92
67 117 67
42 122 122
36 69 69
63 118 118
18 107 18
37 57 57
14 18 18
24 72 24
60 122 122
103 127 127
34 65 34
43 69 43
62 66 66
24 95 24
9 127 127
40 82 40
44 112 112
15 93 93
66 92 66
79 112 112
87 93 87
104 105 104
97 128 128
62 89 62
40 64 40
45 71 71
8 92 8
4 39 4
26 80 26
21 91 21
60 106 106
32 100 100
38 58 58
38 123 38
19 70 19
62 117 62
50 60 50
51 99 99
14 76 76
18 41 41
3 58 58
117 118 118
48 62 62
6 93 93
43 118 118
17 61 61
21 45 45
33 60 33
57 68 57
4 73 4
22 76 76
59 65 59
61 111 61
24 87 87
22 122 122
5 52 52
11 59 11
48 95 48
16 91 16
114 128 128
36 74 36
12 18 18
48 78 78
10 89 10
2 13 2
87 89 87
9 48 9
21 84 84
41 108 108
20 105 20
31 111 31
48 112 112
12 117 12
40 98 40
84 116 116
42 71 42
9 116 116
38 95 38
22 85 85
74 91 74
18 94 94
11 62 62
29 65 29
66 97 66
7 71 71
53 123 53
93 102 93
23 63 63
51 105 51
47 126 126
65 93 93
2 34 2
42 51 42
8 78 78
60 69 69
20 113 20
5 57 57
51 54 54
13 53 53
75 107 75
6 91 6
42 77 42
88 119 88
8 82 82
34 75 75
81 119 81
20 22 22
52 57 52
29 124 29
60 128 128
14 100 100
67 82 82
16 30 16
76 77 76
53 107 53
40 46 40
5 32 32
83 124 83
10 67 10
38 50 50
35 61 61
12 103 103
73 91 73
40 95 40
18 109 18
26 27 26
104 108 104
60 123 123
24 78 24
16 40 16
65 89 89
56 86 86
7 76 76
34 90 34
25 46 25
74 109 74
3 110 3
52 54 52
14 125 14
8 18 18
18 93 93
18 36 18
13 114 13
70 123 70
68 120 120
109 126 126
78 115 78
69 112 112
44 64 64
10 59 10
105 128 128
13 31 31
37 125 37
47 53 53
23 44 44
25 122 122
10 90 10
48 63 48
104 123 104
62 90 62
91 117 91
8 21 8
71 98 98
73 92 92
12 96 12
74 75 75
42 98 42
22 95 22
30 122 122
28 122 122
25 58 25
46 93 93
43 84 43
33 63 33
13 82 82
65 107 107
34 63 34
112 121 112
5 88 88
114 121 121
72 85 85
38 90 38
79 105 79
58 91 58
35 82 82
11 54 11
21 47 47
75 113 75
91 99 99
99 100 99
1 36 1
12 16 16
52 84 52
1 64 1
31 54 31
61 115 61
29 112 29
65 74 65
8 62 62
1 32 1
90 112 112
60 90 90
8 89 89
3 28 3
34 36 34
87 109 87
88 123 88
1 104 1
88 108 88
39 61 61
34 98 98
42 82 42
52 93 93
60 92 92
58 81 58
29 78 29
13 120 120
37 123 37
1 79 1
87 100 87
41 43 43
20 52 52
10 44 10
91 113 113
14 124 14
54 64 64
69 101 101
57 83 57
21 67 67
4 80 4
16 124 16
65 85 85
6 92 6
57 90 57
2 112 112
29 60 29
76 87 87
17 82 17
64 80 64
44 100 100
94 128 94
1 78 1
75 96 75
70 85 85
42 106 106
32 75 75
13 73 73
96 99 99
50 108 50
70 78 70
105 113 113
