128 3540
29 124 1
29 51 1
29 102 1
29 109 1
29 108 1
16 113 29
100 113 29
46 113 29
7 113 29
70 113 29
76 88 113
88 121 113
56 88 113
88 120 113
41 88 113
43 127 88
93 127 88
98 127 88
11 127 88
28 127 88
67 72 127
72 101 127
72 125 127
72 99 127
54 72 127
69 74 72
74 111 72
2 74 72
74 75 72
36 74 72
49 59 74
49 77 74
40 49 74
49 62 74
35 49 74
19 57 49
27 57 49
15 57 49
23 57 49
26 57 49
31 48 57
48 79 57
48 126 57
48 110 57
48 122 57
61 83 48
83 115 48
83 118 48
10 83 48
4 83 48
71 114 83
92 114 83
91 114 83
47 114 83
114 116 83
34 89 114
78 89 114
44 89 114
38 89 114
33 89 114
9 104 89
9 55 89
9 94 89
9 45 89
9 81 89
21 90 9
58 90 9
90 128 9
14 90 9
13 90 9
32 96 90
32 64 90
32 39 90
32 63 90
32 52 90
25 85 32
25 60 32
25 65 32
24 25 32
25 42 32
50 123 25
68 123 25
66 123 25
73 123 25
106 123 25
97 119 123
12 119 123
8 119 123
18 119 123
82 119 123
17 80 119
6 80 119
80 103 119
80 112 119
30 80 119
3 53 80
53 117 80
53 105 80
22 53 80
5 53 80
37 95 53
95 107 53
84 95 53
86 95 53
20 95 53
87 124 1
51 87 1
87 102 1
87 109 1
87 108 1
16 87 29
87 100 29
46 87 29
7 87 29
70 87 29
76 87 113
87 121 113
56 87 113
87 120 113
41 87 113
43 87 88
87 93 88
87 98 88
11 87 88
28 87 88
67 87 127
87 101 127
87 125 127
87 99 127
54 87 127
69 87 72
87 111 72
2 87 72
75 87 72
36 87 72
59 87 74
77 87 74
40 87 74
62 87 74
35 87 74
19 87 49
27 87 49
15 87 49
23 87 49
26 87 49
31 87 57
79 87 57
87 126 57
87 110 57
87 122 57
61 87 48
87 115 48
87 118 48
10 87 48
4 87 48
71 87 83
87 92 83
87 91 83
47 87 83
87 116 83
34 87 114
78 87 114
44 87 114
38 87 114
33 87 114
87 104 89
55 87 89
87 94 89
45 87 89
81 87 89
21 87 9
58 87 9
87 128 9
14 87 9
13 87 9
87 96 90
64 87 90
39 87 90
63 87 90
52 87 90
85 87 32
60 87 32
65 87 32
24 87 32
42 87 32
50 87 25
68 87 25
66 87 25
73 87 25
87 106 25
87 97 123
12 87 123
8 87 123
18 87 123
82 87 123
17 87 119
6 87 119
87 103 119
87 112 119
30 87 119
3 87 80
87 117 80
87 105 80
22 87 80
5 87 80
37 87 53
87 107 53
84 87 53
86 87 53
20 87 53
1 87 1
29 87 29
87 113 113
87 88 88
87 127 127
72 87 72
74 87 74
49 87 49
57 87 57
48 87 48
83 87 83
87 114 114
87 89 89
9 87 9
87 90 90
32 87 32
25 87 25
87 123 123
87 119 119
80 87 80
53 87 53
87 95 95
12 97 123
117 127 127
15 19 49
43 113 113
103 113 113
69 108 1
45 46 29
8 48 48
81 94 89
2 60 72
67 125 127
17 48 48
45 55 89
38 113 113
14 62 74
67 122 127
98 126 88
56 76 113
13 42 9
6 112 119
29 90 29
22 86 80
31 60 57
54 125 127
45 113 113
22 117 80
6 116 83
12 112 123
45 81 89
1 57 1
38 78 114
51 108 1
71 92 83
80 83 83
60 81 89
26 27 49
71 116 83
37 86 53
3 11 88
15 38 49
66 68 25
95 103 119
24 42 32
52 63 90
9 120 113
26 71 49
17 70 29
11 43 88
34 88 88
37 121 113
4 31 57
70 78 29
5 22 80
74 124 1
42 106 32
56 121 113
40 77 74
45 107 89
48 61 48
42 60 32
19 23 49
80 115 48
11 28 88
9 127 127
30 95 119
45 119 89
48 74 74
64 74 74
28 98 88
1 109 1
11 47 88
41 76 113
123 127 127
105 117 80
81 104 89
88 105 88
2 23 72
59 62 74
12 55 89
65 85 32
7 106 29
8 19 49
59 77 74
47 57 57
15 21 49
41 112 113
63 64 90
13 128 9
1 42 1
12 53 123
29 121 29
28 91 88
33 78 114
96 127 127
89 101 127
83 84 83
78 88 88
24 60 32
9 29 29
20 37 53
3 74 74
10 113 113
35 36 72
18 82 123
90 126 57
31 110 57
30 120 113
43 93 88
28 43 88
49 69 72
48 57 57
35 77 74
97 112 123
21 50 9
6 103 119
23 35 74
2 75 72
125 127 127
112 125 127
3 22 80
92 116 83
5 84 80
6 79 57
29 99 29
26 46 29
65 117 32
74 77 74
94 104 89
23 113 113
38 44 114
65 116 83
63 96 90
103 112 119
3 105 80
102 108 1
16 46 29
19 34 49
47 78 83
70 100 29
84 114 114
12 117 123
46 70 29
76 81 113
35 62 74
37 64 90
16 63 29
5 105 80
14 97 9
21 128 9
36 75 72
36 123 72
64 127 127
23 94 49
20 107 53
11 93 88
36 124 1
4 61 48
57 78 57
5 95 80
72 79 72
47 93 88
45 104 89
49 103 49
50 64 90
8 20 123
14 40 74
29 100 29
16 100 29
18 105 123
40 62 74
59 113 113
66 119 25
36 113 113
34 44 114
4 118 48
115 118 48
39 63 90
1 126 1
22 52 90
16 85 29
27 104 49
28 53 88
15 26 49
41 102 1
9 48 48
12 96 90
31 90 57
69 111 72
67 97 127
113 115 113
79 126 57
78 113 113
119 126 57
42 65 32
15 50 49
21 73 9
77 106 74
20 43 88
35 122 74
29 33 29
17 120 113
60 65 32
42 85 32
4 88 88
1 127 1
37 107 53
59 70 29
30 94 89
38 67 127
67 101 127
48 127 127
60 73 32
1 34 1
8 12 123
55 79 57
27 94 49
35 58 74
58 59 74
11 88 88
2 61 72
61 126 57
17 112 119
9 64 9
78 94 114
31 126 57
13 14 9
7 46 29
1 31 1
10 115 48
51 119 1
110 128 57
35 91 74
33 34 114
1 56 1
42 115 48
17 93 88
44 94 114
44 95 114
56 128 113
14 37 9
13 28 88
1 112 1
71 91 83
1 102 1
47 71 83
30 112 119
21 58 9
22 98 88
46 100 29
4 76 113
34 72 72
14 21 9
56 120 113
110 126 57
1 121 1
99 101 127
10 118 48
7 100 29
86 88 88
6 30 119
104 124 1
12 82 123
35 113 113
24 85 32
72 81 72
98 113 113
18 103 123
55 105 89
54 113 113
93 98 88
75 111 72
79 122 57
2 93 88
64 107 90
30 103 119
17 103 119
24 47 83
12 18 123
41 56 113
47 116 83
3 95 80
29 58 29
19 51 1
26 40 74
58 83 83
27 103 49
17 94 89
3 117 80
6 17 119
110 122 57
13 58 9
47 113 113
50 106 25
22 65 32
102 109 1
88 103 88
39 70 29
1 40 1
61 115 48
4 10 48
30 65 32
47 105 83
84 107 53
60 72 72
23 97 49
71 78 83
19 26 49
65 89 89
29 126 29
73 106 25
7 70 29
43 98 88
62 77 74
54 67 127
63 65 90
47 92 83
31 33 57
1 70 1
27 127 127
53 79 57
63 90 90
29 76 29
39 106 90
48 66 48
104 109 1
39 96 90
1 26 1
50 66 25
33 82 114
8 53 123
28 113 113
19 99 127
61 79 57
27 63 49
84 86 53
10 88 88
43 101 88
49 93 88
1 113 1
21 48 48
52 90 90
51 83 1
49 61 49
1 27 1
33 127 127
66 114 114
44 66 114
57 81 57
91 113 113
41 84 113
74 79 74
31 122 57
4 79 57
6 107 119
1 72 1
1 11 1
62 91 74
95 124 1
72 128 72
94 97 89
34 43 88
33 37 114
46 89 29
23 80 49
12 63 90
22 89 89
15 127 127
12 72 72
108 124 1
126 127 127
11 66 88
83 89 83
8 72 72
88 125 88
9 123 9
102 125 1
55 74 74
16 90 29
34 38 114
19 95 49
57 64 57
38 39 114
17 18 123
21 66 9
77 104 74
76 120 113
8 83 83
1 49 1
26 96 49
21 80 9
1 33 1
40 59 74
1 46 1
7 16 29
19 40 74
19 84 49
33 72 72
55 98 88
62 115 74
112 113 113
15 23 49
22 85 32
5 32 32
104 117 89
21 100 29
66 122 57
17 72 72
31 57 57
41 120 113
84 119 119
36 104 72
20 86 53
39 64 90
50 82 25
64 68 90
62 107 74
20 123 123
17 64 90
17 86 119
45 94 89
36 111 72
39 108 1
102 124 1
29 93 29
47 91 83
1 29 1
45 53 89
2 119 72
14 119 9
92 102 1
91 92 83
110 121 113
71 123 83
27 112 49
35 115 74
6 90 90
51 124 1
1 115 1
72 96 72
72 113 113
1 63 1
95 101 127
64 89 89
21 60 9
50 68 25
8 43 88
3 6 119
84 102 1
29 46 29
53 114 114
37 105 80
68 73 25
34 58 114
57 62 74
48 128 48
109 124 1
14 127 127
25 50 25
88 91 88
29 98 29
27 49 49
44 78 114
1 51 1
69 75 72
120 121 113
1 13 1
45 84 89
58 81 89
33 38 114
9 69 72
26 44 49
33 44 114
22 105 80
16 25 29
88 93 88
45 116 83
35 88 88
20 79 57
4 26 49
59 94 74
99 125 127
49 52 49
46 114 29
42 109 1
29 41 29
70 125 29
29 50 29
32 80 32
4 68 48
26 92 49
25 103 25
8 103 123
12 123 123
25 126 57
116 127 127
11 91 88
72 80 72
27 113 113
84 103 119
35 40 74
17 33 114
66 106 25
1 3 1
2 111 72
83 117 83
11 98 88
29 91 29
29 43 29
86 120 113
35 72 72
46 116 29
83 119 83
6 123 123
1 6 1
10 93 88
67 113 113
51 102 1
37 48 48
82 88 88
10 72 72
65 97 32
59 107 74
29 69 29
107 117 80
18 29 29
55 81 89
113 121 113
81 120 113
22 25 25
52 53 90
76 113 113
37 103 119
1 75 1
29 85 29
1 28 1
64 96 90
5 79 57
2 69 72
17 27 49
12 74 74
8 82 123
72 126 72
9 101 127
3 52 90
19 127 127
17 95 119
12 62 74
23 27 49
14 105 9
1 41 1
13 64 9
28 122 88
5 33 114
12 101 127
29 74 29
20 59 74
66 113 113
85 124 1
97 123 123
29 56 29
99 103 127
71 119 83
73 114 114
14 89 89
91 116 83
53 65 32
48 80 48
11 54 88
14 58 9
22 128 9
27 41 113
35 47 74
2 21 72
19 43 88
2 36 72
38 103 114
94 113 113
57 110 57
22 64 90
9 108 1
36 69 72
1 108 1
17 65 32
67 105 127
8 18 123
19 27 49
23 45 49
16 114 29
10 51 1
20 117 80
43 74 88
69 127 127
60 83 83
25 31 57
114 120 113
60 95 32
8 73 25
63 114 114
77 97 74
7 29 29
22 122 57
86 114 114
22 91 83
25 124 1
1 43 1
29 84 29
41 83 113
99 124 1
14 128 9
33 42 114
86 112 119
104 122 57
96 106 90
63 98 88
41 68 113
39 43 88
36 105 72
47 66 83
69 100 29
9 49 49
44 48 48
54 88 88
45 64 89
40 47 74
5 117 80
44 79 57
74 127 127
94 127 127
34 78 114
36 127 127
28 100 29
58 127 127
12 20 123
4 115 48
106 114 114
9 76 113
60 85 32
39 52 90
17 23 49
11 78 88
3 43 88
100 124 1
31 79 57
49 56 113
12 88 88
101 125 127
6 21 9
57 58 57
93 113 113
80 105 80
25 45 89
26 28 88
49 122 49
31 50 57
47 84 83
43 72 88
23 26 49
82 97 123
42 127 127
93 128 88
27 128 49
2 104 72
36 106 72
23 58 49
14 49 49
13 121 113
55 72 72
30 73 25
48 83 48
18 108 1
90 112 90
65 69 72
29 120 29
82 110 57
1 50 1
103 123 123
69 103 72
59 127 127
37 66 25
47 121 113
48 89 48
96 101 127
4 13 48
14 30 9
12 111 72
32 40 74
105 128 9
20 84 53
80 121 113
5 89 89
106 125 127
57 85 57
16 29 29
23 88 88
2 29 29
8 58 9
25 51 1
18 95 123
90 123 90
45 82 89
29 77 29
106 107 25
17 37 119
20 89 89
62 74 74
29 116 29
5 86 80
73 90 90
93 109 1
79 127 127
24 58 9
26 117 49
17 30 119
22 95 80
47 94 83
89 118 48
107 113 113
55 92 83
11 116 88
83 114 83
63 102 1
37 82 123
95 98 88
63 101 127
36 79 72
15 65 49
18 69 72
50 85 32
70 128 29
18 97 123
3 5 80
68 86 25
3 37 80
1 32 1
1 76 1
65 73 32
1 67 1
50 79 57
54 107 127
95 116 83
74 106 74
76 107 113
14 114 114
30 111 72
45 91 83
30 70 29
3 107 80
13 72 72
45 101 127
8 55 89
45 110 57
24 114 114
13 21 9
68 75 72
24 65 32
10 128 48
29 125 29
23 38 49
14 33 114
21 97 9
55 110 57
30 33 114
75 123 72
8 80 123
58 108 1
108 109 1
2 40 72
24 93 88
47 58 83
77 113 113
3 69 72
79 86 57
3 36 72
7 71 29
57 77 74
44 119 114
11 58 88
21 125 127
59 88 88
86 113 113
57 123 57
99 118 127
108 127 1
16 70 29
2 89 72
57 118 57
22 68 25
17 82 123
20 118 48
41 78 113
27 117 49
51 109 1
79 105 57
122 126 57
73 83 83
91 127 127
39 90 90
56 113 113
79 88 88
35 59 74
74 91 74
29 122 29
52 96 90
24 73 32
31 46 29
20 73 25
1 71 1
17 117 119
80 113 113
67 99 127
18 67 127
29 40 29
61 78 48
44 107 114
13 89 89
44 61 48
28 102 1
48 52 48
86 119 119
26 113 113
27 101 127
14 74 74
14 39 9
100 120 29
17 101 127
37 122 57
50 112 25
12 54 127
9 57 57
34 47 83
12 76 113
29 59 29
37 49 49
41 125 113
110 125 127
56 85 113
73 74 74
1 16 1
101 113 113
64 88 88
90 97 90
119 127 127
106 113 113
2 113 113
69 123 72
21 69 72
13 108 1
13 111 72
6 97 123
6 15 49
1 36 1
69 113 113
15 27 49
24 107 32
24 72 72
55 94 89
33 103 114
22 127 127
88 122 88
35 67 127
5 82 123
43 79 88
60 103 32
10 65 48
118 127 127
24 106 32
27 74 74
28 50 88
28 82 88
3 81 89
75 108 1
105 119 119
4 72 72
6 109 1
7 35 29
33 81 114
37 84 53
82 122 57
16 120 29
19 54 127
36 51 1
74 101 127
57 113 113
33 74 74
20 30 119
46 71 29
29 101 29
13 113 113
37 89 89
91 123 83
17 58 9
45 118 48
78 85 114
36 101 127
52 83 83
23 127 127
23 29 29
1 10 1
61 127 127
42 50 32
44 57 57
52 71 83
58 128 9
10 109 1
21 39 9
13 74 74
84 126 57
19 122 49
22 97 123
68 107 25
23 85 49
13 17 9
47 127 127
76 127 113
33 69 72
50 73 25
18 117 123
18 19 49
1 116 1
9 96 9
62 88 88
62 127 127
40 104 74
31 96 57
12 105 123
9 10 48
25 66 25
34 93 88
28 73 88
50 92 83
88 92 88
1 93 1
8 106 25
49 73 49
98 115 88
94 105 89
45 51 1
13 91 83
80 106 25
49 90 49
61 118 48
22 110 57
31 47 57
23 39 49
95 97 123
74 95 74
20 97 123
3 18 123
39 105 90
44 86 114
68 106 25
74 81 74
2 94 72
1 19 1
41 48 113
22 104 89
1 120 1
57 105 57
33 117 114
15 63 49
26 58 49
88 113 113
18 85 32
22 79 57
56 67 113
35 116 74
34 127 127
4 25 48
38 90 114
67 124 1
2 73 72
80 110 57
25 122 57
27 110 49
59 74 74
17 121 113
53 89 89
20 57 57
3 58 9
39 57 57
18 44 114
43 90 88
20 67 127
92 113 113
95 123 123
9 116 83
100 119 29
57 112 57
80 82 123
76 110 113
66 86 25
66 83 83
84 105 80
81 128 89
29 127 29
13 123 9
116 120 113
43 99 88
12 36 72
78 112 114
95 112 119
20 105 80
8 44 114
42 69 72
106 118 48
27 68 49
40 88 88
40 111 72
11 29 29
93 111 88
19 86 49
62 68 74
7 48 29
85 98 88
55 57 57
21 94 89
34 83 83
2 63 72
15 68 49
7 19 29
13 60 9
83 85 83
36 122 72
52 108 1
90 105 90
53 127 127
66 73 25
80 85 32
58 119 9
30 105 119
61 103 48
55 58 89
3 103 119
88 111 88
24 101 127
22 88 88
53 94 89
76 77 113
102 104 1
62 71 74
5 57 57
3 86 80
13 101 127
26 127 127
31 49 49
20 55 89
66 112 25
23 83 49
42 76 113
45 96 89
67 121 113
18 83 83
63 113 113
91 98 88
1 119 1
18 90 90
37 74 74
4 17 48
40 113 113
33 66 114
10 126 57
55 114 114
72 83 72
113 120 113
2 47 72
52 77 74
25 46 29
1 106 1
103 126 57
31 113 113
3 111 72
35 123 74
29 83 29
80 114 114
52 114 114
75 127 127
33 48 48
30 43 88
10 61 48
13 33 114
75 121 113
28 88 88
19 128 49
30 57 57
29 75 29
20 78 114
4 69 72
5 85 32
51 106 1
46 76 29
1 114 1
14 116 83
67 94 127
69 124 1
48 69 72
57 96 57
69 70 29
39 61 48
105 107 80
13 112 9
26 125 127
55 102 1
28 74 88
7 43 29
52 64 90
13 50 9
100 123 29
103 122 57
66 109 1
88 119 88
42 67 127
18 27 49
14 56 113
52 57 57
85 112 32
79 110 57
47 90 83
1 2 1
39 88 88
29 123 29
46 83 29
89 96 89
29 30 29
78 80 114
10 39 48
10 95 48
74 128 74
64 95 90
42 122 57
76 121 113
26 42 49
64 105 90
25 71 83
1 118 1
1 78 1
48 93 88
60 111 72
33 119 114
8 97 123
48 113 113
8 107 123
57 97 57
60 119 32
49 115 49
44 88 88
4 6 48
22 37 80
29 44 29
1 86 1
18 123 123
57 61 57
64 90 90
6 64 90
19 101 127
67 84 127
24 95 32
53 70 29
18 20 123
7 24 29
6 56 113
32 48 48
68 77 74
58 123 9
40 123 74
39 114 114
7 30 29
15 78 49
32 92 83
46 101 29
35 80 74
5 126 57
19 104 49
19 29 29
110 118 57
73 77 74
30 86 119
25 84 25
35 90 74
43 120 113
108 111 1
14 107 9
72 111 72
88 102 1
64 111 72
15 75 72
41 113 113
77 122 74
17 97 123
71 86 83
71 84 83
3 128 9
36 54 127
14 112 9
12 50 25
33 83 83
50 52 90
3 80 80
74 126 74
78 83 83
50 119 25
86 105 80
82 127 127
1 88 1
51 86 1
28 97 88
90 104 89
32 115 48
31 68 57
52 88 88
20 76 113
1 7 1
97 117 123
48 73 48
49 104 49
73 115 48
23 69 72
65 72 72
18 47 83
30 63 90
5 58 9
1 99 1
1 79 1
5 30 119
67 98 88
56 107 113
15 72 72
50 83 83
9 72 72
66 99 127
1 23 1
27 72 72
25 80 25
54 64 127
13 24 9
75 116 72
99 127 127
32 89 89
1 65 1
18 53 123
34 63 114
5 44 114
80 96 90
2 19 72
84 85 32
23 33 49
14 85 9
25 41 113
41 121 113
39 44 114
34 114 114
60 110 57
17 61 48
4 39 48
111 122 72
20 24 32
32 45 89
53 98 88
54 61 127
42 43 88
22 24 32
20 102 1
18 115 48
12 24 32
39 83 83
63 119 90
63 108 1
22 42 32
77 86 74
54 119 127
100 121 29
82 128 9
1 97 1
62 102 1
30 50 25
26 29 29
49 83 49
46 91 29
25 61 48
6 27 49
50 89 89
10 33 48
15 33 49
58 68 9
15 59 74
8 105 123
5 90 90
86 98 88
37 53 53
93 121 113
1 124 1
6 111 72
64 125 127
43 60 88
60 126 57
30 119 119
94 102 1
55 104 89
77 107 74
81 89 89
1 123 1
84 97 123
2 7 29
1 100 1
48 76 113
24 54 127
31 53 57
21 57 57
33 35 74
6 69 72
49 119 49
5 52 90
19 64 49
46 75 29
60 114 114
48 50 48
3 20 80
50 104 89
4 50 48
59 79 74
32 83 83
47 65 83
107 123 123
21 33 114
57 126 57
8 64 90
54 73 127
21 112 9
7 79 29
21 24 9
27 29 29
37 93 88
72 90 72
62 108 1
51 88 1
18 49 49
8 104 89
59 109 1
9 25 9
16 74 29
44 52 114
33 36 72
26 88 88
6 12 123
21 65 9
61 121 113
6 76 113
81 113 113
49 53 49
6 117 119
6 32 32
14 35 74
26 50 49
34 39 114
52 105 90
27 45 49
61 113 113
95 111 72
21 103 9
93 112 88
30 126 57
82 117 123
13 36 72
3 24 32
18 66 25
36 40 72
79 94 57
68 119 25
96 108 1
2 85 72
45 57 57
22 45 89
8 39 90
15 96 49
12 49 49
29 92 29
61 99 127
89 104 89
86 107 53
28 93 88
73 128 9
72 78 72
1 18 1
71 72 72
5 15 49
22 99 127
79 113 113
22 94 89
12 90 90
2 84 72
70 107 29
57 104 57
48 64 48
59 85 74
71 113 113
90 120 113
15 88 88
33 98 88
29 49 29
31 103 57
110 124 1
51 116 1
59 66 74
50 107 25
29 36 29
22 123 123
29 62 29
73 84 25
72 88 88
67 88 88
51 57 1
82 106 25
55 100 29
54 101 127
42 58 9
28 56 113
59 92 74
48 72 72
113 125 113
80 127 127
22 75 72
40 45 74
43 76 113
30 99 127
41 110 113
72 82 72
106 120 113
94 110 57
48 95 48
22 74 74
20 88 88
95 117 80
29 112 29
75 113 113
42 126 57
15 118 49
37 71 83
32 90 90
45 127 127
81 103 89
19 20 49
54 90 127
98 125 88
10 112 48
78 125 127
11 85 88
15 54 127
62 113 113
6 113 113
16 96 29
75 103 72
72 103 72
33 112 114
73 109 1
15 48 49
55 127 127
90 102 1
14 117 9
72 127 127
58 60 9
29 96 29
22 125 127
92 112 83
101 121 113
1 53 1
5 113 113
90 106 90
53 84 53
19 36 72
21 110 57
2 72 72
62 79 74
99 109 1
27 109 1
88 99 88
13 105 9
39 78 114
51 62 1
37 117 80
32 42 32
18 35 74
6 82 123
21 68 9
38 115 48
86 117 80
17 20 119
28 78 88
18 106 25
67 75 127
66 74 74
76 124 1
10 57 57
29 63 29
1 54 1
37 78 114
16 54 29
68 89 89
88 96 88
89 103 89
9 59 74
6 53 119
6 59 74
24 105 32
3 75 72
45 114 114
74 88 88
48 86 48
8 68 25
51 65 1
51 100 1
9 12 9
27 88 88
58 96 9
101 110 127
55 83 83
60 100 29
66 95 25
21 89 89
6 20 119
74 85 74
44 67 127
88 114 88
92 117 83
51 77 1
37 68 25
34 112 114
57 127 127
15 42 49
5 26 49
10 110 57
10 122 57
1 14 1
18 52 90
5 98 88
1 110 1
79 85 57
83 96 83
52 119 90
89 106 89
63 105 90
3 55 89
14 55 89
13 106 9
39 112 90
16 45 29
24 29 29
11 123 88
57 115 57
77 127 127
2 122 72
113 118 113
97 115 48
27 125 127
37 51 1
49 72 72
73 99 127
50 55 89
27 115 49
33 113 113
80 88 88
15 34 49
40 127 127
56 94 113
120 128 113
51 69 1
65 84 32
4 18 48
23 116 49
53 72 72
86 91 83
29 117 29
66 107 25
13 104 89
16 111 29
64 75 72
1 117 1
30 72 72
69 121 113
65 105 32
52 109 1
109 120 1
96 128 9
52 82 90
28 45 88
61 74 74
20 66 25
21 95 9
50 84 25
40 126 74
9 84 9
33 111 72
20 44 114
28 44 88
30 114 114
85 114 114
8 29 29
95 115 48
6 91 83
8 65 32
25 37 25
62 67 127
32 105 32
16 20 29
19 78 49
13 43 88
5 114 114
83 100 29
53 81 89
36 64 72
69 112 72
35 127 127
72 77 72
56 84 113
96 124 1
23 74 74
29 114 29
83 91 83
19 60 49
29 70 29
4 52 48
111 114 72
11 65 88
12 99 127
17 105 119
110 111 72
23 48 49
36 45 72
71 85 83
82 114 114
80 119 119
1 91 1
5 112 119
20 82 123
58 92 83
24 48 48
32 85 32
25 110 57
42 118 48
57 94 57
3 57 57
29 72 29
54 99 127
60 122 57
24 127 127
68 76 113
71 80 83
5 125 127
58 110 57
58 76 113
40 85 74
5 23 49
1 66 1
71 125 127
39 66 90
20 110 57
37 113 113
85 117 32
3 127 127
89 99 127
58 109 1
27 96 49
53 124 1
37 106 25
5 107 80
21 30 9
10 15 49
17 35 74
42 64 90
82 99 127
71 74 74
119 123 123
9 110 57
48 114 48
100 127 29
53 82 123
43 50 88
12 106 25
11 71 88
88 89 88
27 102 1
62 72 72
65 99 127
97 127 127
103 111 72
38 68 114
6 120 113
12 84 123
54 117 127
6 41 113
24 26 49
48 90 48
2 127 127
85 122 57
15 17 49
61 72 72
3 88 88
45 112 89
117 118 48
79 115 57
82 107 123
102 117 1
84 123 123
40 82 74
33 58 114
2 117 72
33 88 88
37 63 90
91 102 1
71 126 57
6 50 25
52 106 90
4 56 113
43 88 88
69 118 72
14 82 9
39 99 127
73 127 127
98 110 88
55 70 29
14 60 9
6 57 57
40 93 88
13 107 9
63 83 83
86 97 123
69 71 72
46 98 29
12 114 114
30 78 114
66 103 25
89 105 89
39 72 72
93 125 88
19 124 1
76 79 113
34 62 74
70 111 29
5 60 32
3 32 32
43 114 88
83 113 113
6 85 32
66 92 83
60 71 83
40 72 72
55 89 89
66 80 25
12 48 48
48 116 48
41 99 113
13 68 9
28 29 29
10 59 74
39 82 90
43 55 88
15 125 127
38 80 114
43 86 88
16 23 29
8 34 114
21 49 49
6 22 119
62 125 127
101 124 1
51 117 1
25 88 88
88 127 88
5 122 57
15 25 49
38 66 114
26 62 74
22 106 25
30 42 32
85 107 32
29 118 29
29 113 29
64 93 88
59 81 74
48 63 48
77 125 127
24 104 89
21 22 9
57 86 57
99 113 113
68 71 83
63 81 89
71 83 83
6 89 89
29 35 29
4 91 48
55 71 83
12 118 48
55 56 113
33 102 1
72 118 72
18 68 25
85 103 32
1 125 1
50 63 90
30 125 127
25 95 25
14 108 1
72 74 72
64 71 83
74 78 74
8 46 29
29 103 29
99 105 127
22 31 57
29 71 29
90 100 29
67 107 127
83 121 113
73 88 88
20 128 9
52 76 113
10 71 48
100 115 29
8 22 123
96 103 90
44 45 114
75 97 72
84 125 127
81 125 127
83 99 127
63 107 90
30 49 49
19 42 49
43 61 88
15 90 49
5 92 83
20 21 9
124 126 1
73 119 25
6 100 29
30 53 119
27 28 88
3 33 114
1 95 1
18 40 74
105 124 1
55 95 89
96 119 90
14 17 9
98 124 1
5 20 80
58 74 74
8 14 9
27 52 49
38 64 114
96 109 1
53 128 9
49 85 49
1 17 1
24 118 48
30 71 83
56 63 113
32 88 88
26 77 74
19 107 49
57 92 57
20 99 127
94 121 113
74 114 74
69 88 88
49 118 49
5 77 74
4 58 48
55 112 89
19 73 49
2 17 72
19 80 49
75 102 1
116 124 1
9 74 74
89 94 89
31 118 57
31 38 57
46 122 29
10 111 72
22 84 80
47 111 72
4 114 48
85 102 1
80 123 123
58 61 48
52 60 90
20 62 74
14 72 72
8 125 127
94 120 113
67 86 127
89 120 113
67 70 29
49 78 49
81 88 88
1 128 1
35 38 74
25 116 83
1 94 1
20 42 32
8 56 113
50 90 90
9 58 9
85 86 32
6 51 1
14 92 83
10 127 127
1 48 1
43 69 88
32 107 32
17 119 119
23 37 49
72 97 72
36 48 72
51 96 1
39 100 29
71 79 57
42 82 32
72 92 72
33 126 57
48 97 48
14 66 9
8 74 74
47 83 83
30 81 89
106 119 25
60 117 32
63 67 127
54 122 127
64 123 90
2 96 72
30 46 29
124 128 1
42 57 57
49 110 49
55 125 127
59 100 29
32 43 88
92 104 83
61 124 1
21 42 9
111 124 1
1 61 1
49 101 127
65 114 114
63 80 90
54 104 127
33 120 113
11 33 88
44 53 114
52 94 89
8 70 29
43 109 1
3 8 123
57 89 57
22 103 119
11 19 88
65 110 57
32 50 32
12 60 32
9 52 9
13 56 113
54 109 1
83 112 83
25 58 9
38 86 114
6 24 32
25 114 114
5 127 127
9 66 9
71 120 113
45 49 49
3 112 119
98 128 88
13 69 72
29 60 29
39 89 89
68 122 57
25 117 25
25 90 90
14 45 89
17 59 74
53 123 123
36 117 72
6 66 25
38 57 57
21 91 83
105 114 114
37 39 90
18 92 83
35 51 1
22 116 83
4 12 48
61 66 48
49 100 29
78 119 114
17 84 119
64 114 114
26 48 49
88 98 88
4 113 113
48 85 48
49 79 49
20 104 89
47 72 72
11 115 88
34 37 114
120 127 113
12 100 29
20 112 119
26 110 49
39 58 9
42 91 83
50 127 127
32 114 114
1 98 1
60 90 90
97 108 1
37 116 83
92 115 48
5 73 25
57 108 1
34 49 49
84 88 88
59 73 74
28 114 88
68 98 88
14 99 127
82 108 1
57 124 1
37 97 123
15 49 49
96 107 90
10 55 48
57 74 74
23 51 1
94 106 89
1 81 1
11 121 113
2 115 72
44 110 57
75 104 72
44 96 114
36 115 72
101 102 1
8 42 32
11 86 88
29 48 29
45 86 89
71 107 83
63 89 89
57 128 57
25 108 1
41 93 113
1 12 1
60 106 32
64 106 90
1 4 1
29 55 29
53 104 89
32 51 1
24 32 32
12 57 57
32 116 83
90 107 90
30 106 25
53 110 57
24 82 32
68 88 88
113 127 113
114 122 57
26 128 49
89 114 114
35 104 74
75 107 72
78 114 114
40 74 74
20 28 88
26 114 49
36 128 72
9 95 9
48 96 48
49 57 49
40 109 1
18 127 127
4 74 74
18 73 25
19 88 88
38 126 57
41 63 113
13 80 9
39 49 49
3 27 49
3 77 74
21 113 113
101 127 127
117 128 9
68 125 127
6 72 72
21 78 114
34 102 1
5 106 25
49 126 49
88 115 88
49 113 113
59 96 74
10 56 113
11 34 88
12 89 89
48 71 48
35 50 74
63 76 113
25 52 90
49 96 49
2 78 72
10 38 48
44 93 88
43 59 88
29 95 29
86 115 48
5 68 25
6 119 119
25 119 25
99 115 127
70 122 29
21 43 88
83 107 83
1 38 1
45 63 89
69 72 72
32 95 32
39 75 72
116 122 57
32 106 32
32 84 32
29 79 29
74 115 74
89 97 89
12 109 1
42 75 72
67 81 127
65 125 127
81 114 114
16 88 29
86 106 25
31 74 74
17 68 25
33 97 114
1 83 1
4 63 48
30 83 83
75 86 72
27 79 49
65 107 32
18 23 49
29 61 29
8 62 74
8 75 72
49 106 49
33 115 48
85 125 127
47 115 48
16 26 29
56 92 113
14 52 9
22 90 90
36 121 113
37 81 89
7 76 29
43 105 88
49 107 49
19 94 49
114 123 114
58 98 88
7 84 29
80 94 89
53 56 113
49 109 1
8 110 57
49 123 49
33 109 1
19 72 72
27 83 49
84 94 89
5 71 83
53 68 25
14 48 48
8 57 57
81 127 127
90 115 48
19 85 49
88 110 88
51 92 1
20 46 29
24 81 89
37 112 119
90 114 114
11 41 113
58 97 9
112 117 119
8 33 114
16 37 29
34 35 74
92 95 83
101 108 1
6 125 127
59 101 127
27 106 49
37 118 48
17 76 113
28 118 88
74 76 113
62 64 74
109 116 1
106 117 25
57 68 57
7 39 29
48 82 48
20 90 90
17 74 74
64 116 83
55 115 48
59 71 74
45 125 127
20 29 29
21 85 9
104 120 113
19 126 49
61 100 29
17 89 89
15 64 49
12 25 25
8 116 83
20 74 74
18 121 113
95 118 48
2 58 72
113 123 113
82 92 83
81 84 89
50 77 74
11 67 88
24 43 88
78 121 113
18 65 32
11 83 88
35 56 113
54 127 127
74 116 74
8 63 90
52 98 88
36 41 113
47 74 74
37 75 72
47 49 49
10 14 48
34 48 48
25 93 88
58 89 89
7 65 29
24 59 74
32 97 32
3 35 74
3 17 119
14 68 9
7 85 29
23 108 1
18 63 90
3 120 113
93 124 1
76 123 113
31 58 57
17 42 32
18 61 48
14 124 1
63 99 127
51 110 1
124 125 1
36 118 72
29 67 29
72 94 72
20 106 25
16 53 29
13 84 9
6 18 123
19 114 49
5 37 80
104 127 127
106 128 9
63 118 48
7 123 29
88 101 88
36 85 72
19 125 127
22 57 57
6 61 48
49 91 49
34 123 114
101 123 127
113 128 113
51 113 1
32 104 89
89 127 127
97 99 127
89 128 89
29 32 29
3 59 74
33 122 57
53 57 57
25 112 25
23 110 49
10 31 57
15 123 49
29 45 29
12 15 49
68 103 25
78 97 114
60 86 32
30 117 119
29 31 29
57 109 1
47 104 83
38 107 114
86 121 113
96 126 57
13 85 9
45 77 74
24 88 88
49 50 49
28 92 88
9 107 9
103 109 1
15 100 29
3 123 123
34 80 114
81 117 89
93 114 88
15 105 49
1 62 1
9 19 49
84 112 119
93 115 88
113 114 113
25 106 25
30 107 119
64 78 114
8 30 123
27 118 49
40 128 74
12 29 29
4 60 48
47 60 83
3 63 90
15 62 74
45 92 83
31 107 57
29 88 29
35 126 74
71 103 83
24 66 32
71 104 83
6 37 119
21 72 72
14 32 9
35 70 29
6 127 127
30 45 89
105 116 83
55 99 127
4 45 48
23 24 49
8 112 123
34 113 113
14 41 113
13 45 89
32 53 32
74 119 74
95 105 80
18 70 29
107 114 114
43 126 88
88 90 88
57 98 88
1 68 1
65 78 114
21 106 9
23 98 88
2 11 88
53 93 88
54 81 127
10 22 48
2 70 29
54 85 127
66 72 72
12 32 32
47 125 127
7 104 29
35 42 74
24 52 90
15 45 49
31 91 57
42 86 32
53 54 127
60 127 127
25 64 90
32 73 32
22 66 25
63 68 90
8 86 123
72 110 72
94 103 89
50 54 127
18 42 32
88 123 88
24 123 32
65 88 88
73 79 57
65 92 83
3 41 113
28 48 88
50 57 57
14 96 9
14 93 88
93 126 88
9 15 49
77 117 74
45 83 83
21 117 9
98 112 88
17 49 49
30 34 114
89 92 83
56 86 113
2 86 72
75 95 72
85 110 57
3 83 83
69 80 72
38 50 114
32 60 32
64 124 1
49 128 49
90 119 90
29 47 29
71 118 48
69 86 72
81 91 83
30 82 123
18 32 32
60 113 113
10 75 72
65 128 9
71 99 127
23 102 1
30 104 89
45 50 89
42 95 32
24 36 72
91 95 83
25 107 25
47 56 113
13 35 74
38 123 114
2 79 72
26 33 49
66 85 32
61 106 48
112 119 119
21 45 89
67 93 88
2 76 113
14 122 57
80 99 127
113 124 1
35 39 74
4 19 49
8 114 114
115 128 48
63 92 83
42 117 32
18 60 32
15 28 88
21 81 89
58 85 9
9 31 57
79 82 57
105 108 1
35 89 74
91 112 83
72 75 72
66 82 25
9 17 9
32 126 57
106 115 48
22 80 80
18 55 89
28 70 29
1 30 1
7 91 29
19 38 49
25 96 90
20 31 57
39 128 9
29 82 29
74 108 1
84 116 83
12 108 1
7 9 29
14 109 1
100 101 29
80 89 89
38 105 114
15 76 113
57 116 57
11 57 88
37 108 1
20 122 57
118 122 57
59 123 74
13 48 48
18 74 74
64 84 90
45 74 74
10 103 48
25 109 1
29 105 29
57 125 127
26 102 1
10 45 48
20 126 57
63 84 90
37 41 113
1 5 1
109 114 1
49 58 49
78 99 127
26 68 49
53 115 48
9 71 83
84 106 25
6 8 123
47 123 83
4 82 48
33 121 113
2 43 88
52 99 127
108 126 1
110 113 113
58 112 9
37 52 90
8 17 123
19 121 113
19 75 72
37 80 80
29 110 29
90 109 1
12 39 90
1 22 1
12 66 25
25 76 113
15 55 49
65 83 83
30 76 113
30 102 1
68 115 48
67 69 127
64 66 90
76 92 113
77 108 1
1 35 1
48 105 48
55 76 113
15 60 49
5 120 113
50 60 32
39 116 83
3 78 114
45 90 89
19 32 49
15 20 49
28 41 113
51 126 1
59 64 74
88 109 1
21 114 114
2 71 72
6 88 88
10 70 29
63 103 90
49 68 49
44 98 88
84 99 127
44 49 49
16 79 29
85 127 127
31 127 127
30 116 83
3 79 57
25 94 89
86 96 90
25 35 74
44 120 113
79 128 57
13 81 89
26 72 72
1 103 1
7 99 29
7 18 29
74 103 74
36 84 72
44 50 114
42 105 32
73 110 57
5 49 49
57 100 29
7 75 29
23 75 72
74 104 74
46 123 29
11 60 88
38 119 114
37 60 32
60 123 32
71 105 83
72 122 72
65 112 32
81 124 1
49 92 49
12 16 29
5 78 114
122 123 57
15 32 49
33 47 83
50 76 113
29 81 29
26 93 88
111 127 127
14 67 127
23 117 49
48 112 48
1 60 1
3 39 90
116 123 83
7 55 29
37 50 25
18 39 90
115 124 1
5 7 29
34 103 114
60 96 90
42 104 89
64 128 9
61 96 48
40 55 74
107 119 119
21 31 57
54 106 127
13 66 9
58 113 113
5 21 9
6 44 114
74 99 127
36 102 1
58 63 9
12 65 32
55 96 89
47 69 72
15 126 49
57 102 1
65 71 83
25 121 113
4 106 48
10 29 29
60 98 88
18 111 72
70 123 29
9 38 114
3 84 80
101 118 127
39 42 90
30 110 57
32 62 74
13 78 114
12 107 123
48 106 48
61 104 48
68 117 25
42 74 74
13 22 9
4 55 48
40 92 74
38 114 114
23 72 72
48 104 48
97 114 114
58 82 9
57 71 57
75 98 88
15 128 49
65 101 127
58 88 88
68 111 72
4 78 48
69 102 1
46 121 29
38 96 114
8 45 89
34 126 57
58 93 88
92 127 127
65 104 89
90 121 113
2 8 72
69 106 72
49 65 49
76 86 113
17 32 32
29 57 29
4 38 48
53 55 89
57 90 57
31 72 72
35 114 74
20 119 119
41 71 113
57 84 57
52 104 89
86 111 72
75 91 72
106 112 25
111 113 113
39 123 90
94 126 57
22 29 29
8 81 89
13 127 127
8 117 123
73 80 25
9 113 113
72 106 72
32 72 72
80 107 80
57 73 57
67 100 29
44 74 74
15 52 49
28 60 88
28 47 88
36 90 72
37 62 74
1 47 1
34 94 114
8 59 74
99 128 127
48 124 1
19 25 49
63 70 29
85 95 32
80 126 57
38 72 72
28 123 88
81 85 89
77 82 74
90 117 90
12 80 123
22 119 119
33 110 57
31 95 57
25 32 32
106 121 113
49 66 49
32 128 9
31 117 57
13 47 83
67 80 127
2 123 72
17 109 1
21 29 29
19 28 88
6 25 25
36 68 72
66 79 57
40 91 74
60 78 114
94 128 89
114 119 114
54 68 127
48 123 48
53 83 83
65 106 32
101 116 127
33 77 74
70 85 29
78 116 83
40 108 1
98 118 88
70 95 29
11 27 88
31 41 113
37 126 57
59 90 74
36 107 72
78 107 114
82 103 123
37 128 9
72 115 72
19 113 113
4 110 57
2 32 72
28 121 113
24 37 32
17 43 88
45 98 88
12 83 83
24 90 90
2 27 72
89 117 89
56 81 113
11 113 113
8 127 127
85 93 88
21 82 9
13 98 88
78 95 114
4 70 29
83 95 83
5 81 89
96 104 89
17 127 127
27 105 49
23 59 74
57 66 57
46 47 29
64 76 113
77 100 29
22 112 119
49 86 49
44 62 74
8 32 32
1 37 1
75 122 72
10 114 48
107 116 83
65 81 89
27 95 49
51 58 1
2 90 72
44 114 114
27 90 49
18 94 89
117 121 113
17 114 114
37 127 127
64 80 90
5 13 9
63 106 90
56 68 113
5 16 29
95 122 57
1 84 1
94 116 83
14 28 88
71 128 83
80 90 90
73 94 89
79 104 57
38 58 114
61 92 48
28 37 88
18 102 1
26 60 49
5 27 49
43 85 88
17 25 25
68 90 90
33 71 83
39 53 90
8 67 127
55 77 74
17 106 25
38 98 88
23 112 49
39 69 72
102 120 1
57 107 57
24 63 90
21 124 1
35 103 74
4 14 48
45 52 89
115 126 57
4 21 48
25 89 89
16 27 29
69 128 72
78 105 114
86 108 1
5 38 114
63 79 57
25 54 127
21 47 83
3 110 57
48 115 48
60 80 32
77 114 74
8 76 113
54 55 127
2 31 72
46 126 29
8 118 48
73 101 127
14 43 88
45 48 48
101 104 127
70 73 29
27 61 49
14 91 83
88 116 88
10 63 48
100 111 29
65 96 90
55 121 113
101 117 127
29 39 29
67 110 127
74 83 74
68 112 25
20 113 113
25 82 25
96 111 72
53 113 113
90 110 57
46 80 29
6 19 49
70 121 29
49 117 49
6 96 90
47 95 83
91 118 48
7 27 29
10 49 49
31 37 57
91 109 1
53 118 48
70 110 29
22 113 113
90 96 90
49 63 49
14 50 9
7 109 1
38 109 1
7 63 29
3 56 113
47 48 48
11 20 88
5 63 90
15 121 113
4 84 48
47 122 57
21 32 9
41 89 113
28 30 88
93 105 88
53 102 1
44 127 127
120 126 113
78 84 114
42 110 57
109 128 1
43 117 88
75 92 72
82 113 113
34 119 114
6 10 48
26 83 49
82 91 83
32 37 32
22 67 127
49 127 127
34 116 83
84 110 57
82 86 123
9 124 1
6 74 74
115 127 127
57 79 57
39 85 90
60 70 29
44 90 114
48 60 48
75 83 72
4 22 48
18 114 114
20 68 25
51 63 1
32 77 74
81 83 83
51 78 1
6 121 113
69 114 72
4 15 49
12 30 123
79 100 29
7 25 29
65 82 32
27 100 29
14 113 113
4 108 1
65 126 57
13 39 9
15 29 29
95 121 113
29 68 29
90 99 127
104 113 113
63 124 1
95 100 29
114 125 127
27 85 49
48 92 48
88 128 88
16 109 1
109 121 1
4 97 48
23 73 49
29 52 29
9 98 88
107 125 127
110 127 127
61 80 48
2 28 88
34 76 113
2 126 72
11 126 88
22 76 113
14 126 57
11 124 1
83 88 88
16 121 29
49 94 49
6 122 57
112 127 127
29 80 29
21 61 48
45 115 48
45 88 88
83 110 57
11 74 88
34 50 114
69 99 127
94 95 89
51 79 1
9 20 9
36 86 72
27 31 49
30 124 1
58 75 72
20 39 90
6 83 83
6 49 49
57 122 57
8 9 9
7 125 29
47 88 88
1 77 1
61 109 1
70 116 29
14 102 1
45 54 127
102 119 1
13 77 74
9 106 9
9 86 9
15 93 88
39 54 127
22 78 114
76 102 1
52 95 90
15 74 74
106 122 57
13 38 114
111 128 72
83 128 83
65 68 32
75 114 72
61 73 48
39 110 57
10 107 48
78 91 83
32 74 74
57 106 57
30 41 113
39 103 90
61 88 88
25 26 49
113 126 113
38 77 74
39 120 113
108 121 1
28 33 88
54 66 127
38 106 114
75 81 72
17 41 113
91 124 1
17 39 90
93 123 88
13 23 49
44 116 83
7 36 29
77 85 74
11 102 1
15 106 49
63 88 88
17 102 1
5 61 48
108 123 1
27 123 49
4 73 48
38 59 74
54 96 127
30 74 74
3 66 25
2 100 29
85 121 113
59 97 74
9 102 1
104 121 113
66 120 113
69 83 72
54 120 113
52 66 90
69 89 72
61 94 48
16 94 29
8 93 88
36 72 72
68 70 29
9 128 9
89 107 89
30 44 114
47 120 113
25 56 113
16 76 29
83 127 127
70 92 29
26 34 49
78 81 114
3 25 25
5 29 29
30 89 89
71 127 127
35 41 113
44 72 72
68 121 113
12 95 123
11 117 88
85 109 1
35 48 74
54 108 1
68 96 90
29 119 29
21 119 9
56 112 113
15 110 49
114 128 114
66 104 89
78 127 127
101 119 127
45 117 89
57 114 57
7 74 29
29 42 29
3 49 49
38 73 114
8 96 90
54 102 1
49 88 88
61 128 48
65 90 90
38 127 127
11 46 29
2 91 72
61 95 48
20 77 74
64 112 90
38 54 127
11 82 88
15 46 29
18 30 123
26 107 49
53 78 114
9 42 9
25 97 25
63 85 90
51 99 1
3 72 72
88 97 88
13 100 29
58 80 9
25 78 114
55 113 113
77 90 74
1 21 1
42 49 49
30 54 127
6 128 9
27 92 49
24 126 57
37 96 90
52 127 127
29 104 29
60 68 32
30 66 25
77 103 74
12 98 88
24 98 88
6 98 88
16 80 29
81 112 89
8 71 83
42 48 48
42 113 113
66 76 113
16 66 29
5 9 9
23 119 49
12 47 83
33 55 114
92 97 83
22 93 88
11 97 88
31 104 57
9 114 114
74 102 1
55 82 89
35 92 74
22 124 1
25 29 29
9 111 72
11 32 88
58 67 127
35 79 74
107 127 127
9 91 83
123 126 57
85 104 89
2 88 88
47 70 29
91 117 83
46 67 29
81 100 29
49 70 29
25 57 57
71 94 83
17 116 83
57 91 57
27 35 74
51 127 1
24 33 114
15 40 74
26 86 49
65 75 72
7 32 29
38 112 114
4 5 48
95 114 114
12 69 72
39 56 113
46 111 29
37 91 83
9 80 9
9 60 9
24 80 32
16 40 29
3 42 32
43 118 88
6 93 88
3 116 83
77 91 74
54 95 127
50 53 25
84 104 89
56 58 113
99 122 127
50 128 9
21 53 9
66 89 89
39 48 48
56 123 113
36 47 72
6 114 114
37 98 88
33 61 48
65 67 127
21 46 29
32 66 32
19 115 49
40 99 127
70 105 29
49 114 49
92 109 1
76 84 113
16 83 29
3 108 1
40 69 72
51 98 1
4 8 48
