256 8385
2 3 1
2 4 1
2 5 1
2 6 1
2 7 1
8 9 2
8 10 2
8 11 2
8 12 2
8 13 2
14 15 8
14 16 8
14 17 8
14 18 8
14 19 8
20 21 14
20 22 14
20 23 14
20 24 14
20 25 14
26 27 20
26 28 20
26 29 20
26 30 20
26 31 20
32 33 26
32 34 26
32 35 26
32 36 26
32 37 26
38 39 32
38 40 32
38 41 32
38 42 32
38 43 32
44 45 38
44 46 38
44 47 38
44 48 38
44 49 38
50 51 44
50 52 44
50 53 44
50 54 44
50 55 44
56 57 50
56 58 50
56 59 50
56 60 50
56 61 50
62 63 56
62 64 56
62 65 56
62 66 56
62 67 56
68 69 62
68 70 62
68 71 62
68 72 62
68 73 62
74 75 68
74 76 68
74 77 68
74 78 68
74 79 68
80 81 74
80 82 74
80 83 74
80 84 74
80 85 74
86 87 80
86 88 80
86 89 80
86 90 80
86 91 80
92 93 86
92 94 86
92 95 86
92 96 86
92 97 86
98 99 92
98 100 92
98 101 92
98 102 92
98 103 92
104 105 98
104 106 98
104 107 98
104 108 98
104 109 98
110 111 104
110 112 104
110 113 104
110 114 104
110 115 104
116 117 110
116 118 110
116 119 110
116 120 110
116 121 110
122 123 116
122 124 116
122 125 116
122 126 116
122 127 116
128 129 122
128 130 122
128 131 122
128 132 122
128 133 122
134 135 128
134 136 128
134 137 128
134 138 128
134 139 128
140 141 134
140 142 134
140 143 134
140 144 134
140 145 134
146 147 140
146 148 140
146 149 140
146 150 140
146 151 140
152 153 146
152 154 146
152 155 146
152 156 146
152 157 146
158 159 152
158 160 152
158 161 152
158 162 152
158 163 152
164 165 158
164 166 158
164 167 158
164 168 158
164 169 158
170 171 164
170 172 164
170 173 164
170 174 164
170 175 164
176 177 170
176 178 170
176 179 170
176 180 170
176 181 170
182 183 176
182 184 176
182 185 176
182 186 176
182 187 176
188 189 182
188 190 182
188 191 182
188 192 182
188 193 182
194 195 188
194 196 188
194 197 188
194 198 188
194 199 188
200 201 194
200 202 194
200 203 194
200 204 194
200 205 194
206 207 200
206 208 200
206 209 200
206 210 200
206 211 200
212 213 206
212 214 206
212 215 206
212 216 206
212 217 206
218 219 212
218 220 212
218 221 212
218 222 212
218 223 212
224 225 218
224 226 218
224 227 218
224 228 218
224 229 218
230 231 224
230 232 224
230 233 224
230 234 224
230 235 224
236 237 230
236 238 230
236 239 230
236 240 230
236 241 230
242 243 236
242 244 236
242 245 236
242 246 236
242 247 236
248 249 242
248 250 242
248 251 242
248 252 242
248 253 242
254 255 248
254 256 248
3 254 1
4 254 1
5 254 1
6 254 1
7 254 1
9 254 2
10 254 2
11 254 2
12 254 2
13 254 2
15 254 8
16 254 8
17 254 8
18 254 8
19 254 8
21 254 14
22 254 14
23 254 14
24 254 14
25 254 14
27 254 20
28 254 20
29 254 20
30 254 20
31 254 20
33 254 26
34 254 26
35 254 26
36 254 26
37 254 26
39 254 32
40 254 32
41 254 32
42 254 32
43 254 32
45 254 38
46 254 38
47 254 38
48 254 38
49 254 38
51 254 44
52 254 44
53 254 44
54 254 44
55 254 44
57 254 50
58 254 50
59 254 50
60 254 50
61 254 50
63 254 56
64 254 56
65 254 56
66 254 56
67 254 56
69 254 62
70 254 62
71 254 62
72 254 62
73 254 62
75 254 68
76 254 68
77 254 68
78 254 68
79 254 68
81 254 74
82 254 74
83 254 74
84 254 74
85 254 74
87 254 80
88 254 80
89 254 80
90 254 80
91 254 80
93 254 86
94 254 86
95 254 86
96 254 86
97 254 86
99 254 92
100 254 92
101 254 92
102 254 92
103 254 92
105 254 98
106 254 98
107 254 98
108 254 98
109 254 98
111 254 104
112 254 104
113 254 104
114 254 104
115 254 104
117 254 110
118 254 110
119 254 110
120 254 110
121 254 110
123 254 116
124 254 116
125 254 116
126 254 116
127 254 116
129 254 122
130 254 122
131 254 122
132 254 122
133 254 122
135 254 128
136 254 128
137 254 128
138 254 128
139 254 128
141 254 134
142 254 134
143 254 134
144 254 134
145 254 134
147 254 140
148 254 140
149 254 140
150 254 140
151 254 140
153 254 146
154 254 146
155 254 146
156 254 146
157 254 146
159 254 152
160 254 152
161 254 152
162 254 152
163 254 152
165 254 158
166 254 158
167 254 158
168 254 158
169 254 158
171 254 164
172 254 164
173 254 164
174 254 164
175 254 164
177 254 170
178 254 170
179 254 170
180 254 170
181 254 170
183 254 176
184 254 176
185 254 176
186 254 176
187 254 176
189 254 182
190 254 182
191 254 182
192 254 182
193 254 182
195 254 188
196 254 188
197 254 188
198 254 188
199 254 188
201 254 194
202 254 194
203 254 194
204 254 194
205 254 194
207 254 200
208 254 200
209 254 200
210 254 200
211 254 200
213 254 206
214 254 206
215 254 206
216 254 206
217 254 206
219 254 212
220 254 212
221 254 212
222 254 212
223 254 212
225 254 218
226 254 218
227 254 218
228 254 218
229 254 218
231 254 224
232 254 224
233 254 224
234 254 224
235 254 224
237 254 230
238 254 230
239 254 230
240 254 230
241 254 230
243 254 236
244 254 236
245 254 236
246 254 236
247 254 236
249 254 242
250 254 242
251 254 242
252 254 242
253 254 242
1 254 1
2 254 2
8 254 8
14 254 14
20 254 20
26 254 26
32 254 32
38 254 38
44 254 44
50 254 50
56 254 56
62 254 62
68 254 68
74 254 74
80 254 80
86 254 86
92 254 92
98 254 98
104 254 104
110 254 110
116 254 116
122 254 122
128 254 128
134 254 134
140 254 140
146 254 146
152 254 152
158 254 158
164 254 164
170 254 170
176 254 176
182 254 182
188 254 188
194 254 194
200 254 200
206 254 206
212 254 212
218 254 218
224 254 224
230 254 230
236 254 236
242 254 242
248 254 248
207 208 200
44 234 44
87 89 80
26 40 26
20 224 20
7 79 1
22 155 14
104 212 104
149 151 140
69 188 62
51 53 44
98 220 98
148 150 140
15 144 8
84 168 74
54 109 44
47 99 38
27 29 20
163 186 152
226 228 218
4 159 1
234 244 224
99 190 92
53 55 44
20 154 20
238 240 230
133 224 122
214 221 206
150 151 140
38 87 38
136 138 128
10 13 2
123 124 116
116 218 116
151 190 140
88 91 80
169 186 158
129 133 122
249 252 242
48 237 38
94 143 86
252 255 242
202 203 194
221 249 212
186 187 176
180 181 170
35 147 26
97 130 86
26 221 26
45 48 38
26 136 26
238 255 230
32 245 32
105 114 98
26 139 26
240 241 230
3 68 1
187 189 176
124 168 116
141 142 134
215 242 206
98 112 98
190 193 182
93 96 86
115 219 104
48 49 38
38 146 38
229 248 218
150 212 140
62 98 62
63 175 56
47 49 38
2 11 2
42 123 32
27 31 20
38 194 38
232 233 224
93 95 86
153 157 146
32 236 32
70 96 62
75 78 68
152 212 152
183 185 176
24 205 14
87 217 80
75 76 68
87 131 80
94 161 86
37 221 26
172 174 164
167 169 158
1 192 1
208 230 200
2 30 2
50 129 50
142 145 134
44 173 44
55 136 44
116 248 116
32 139 32
190 192 182
2 146 2
249 253 242
64 233 56
213 214 206
20 119 20
73 79 62
216 217 206
107 164 98
105 108 98
36 230 26
45 46 38
45 49 38
66 75 56
88 100 80
76 79 68
209 228 200
162 197 152
226 227 218
79 88 68
71 72 62
50 56 50
58 228 50
8 14 8
90 124 80
130 133 122
235 252 224
103 224 92
8 58 8
17 89 8
191 239 182
68 79 68
153 155 146
20 95 20
143 144 134
133 190 122
177 180 170
227 228 218
231 233 224
11 13 2
21 23 14
87 141 80
132 143 122
22 25 14
128 248 128
214 239 206
23 25 14
33 150 26
78 79 68
175 245 164
18 180 8
233 235 224
162 213 152
159 161 152
66 67 56
67 200 56
38 175 38
96 147 86
250 253 242
40 42 32
6 74 1
111 115 104
92 139 92
52 103 44
44 131 44
153 156 146
86 225 86
60 106 50
178 222 170
28 30 20
32 56 32
21 22 14
81 82 74
215 238 206
77 78 68
15 78 8
203 212 194
20 72 20
135 137 128
119 121 110
112 113 104
179 180 170
147 148 140
243 246 236
1 105 1
182 239 182
18 186 8
94 153 86
49 231 38
95 97 86
11 31 2
98 146 98
173 212 164
105 170 98
63 64 56
53 209 44
20 115 20
100 101 92
17 19 8
16 140 8
107 218 98
191 193 182
93 197 86
162 204 152
82 199 74
15 17 8
79 102 68
3 145 1
36 221 26
184 185 176
189 193 182
38 121 38
14 38 14
243 244 236
25 78 14
149 222 140
54 144 44
57 58 50
40 99 32
141 143 134
190 196 182
44 137 44
177 179 170
64 67 56
23 24 14
65 117 56
107 117 98
225 228 218
147 175 140
139 153 128
231 234 224
105 107 98
72 73 62
168 169 158
147 149 140
26 101 26
142 144 134
4 212 1
108 165 98
79 133 68
141 145 134
2 32 2
116 194 116
118 120 110
44 221 44
137 156 128
141 243 134
83 84 74
247 251 236
34 165 26
167 246 158
49 170 38
1 227 1
123 125 116
2 8 2
33 37 26
129 132 122
228 229 218
165 166 158
41 231 32
16 17 8
30 122 20
147 151 140
171 174 164
56 137 56
165 168 158
35 36 26
107 108 98
196 197 188
2 31 2
58 60 50
119 120 110
16 18 8
32 251 32
226 229 218
6 150 1
214 217 206
69 70 62
26 84 26
189 192 182
162 163 152
56 157 56
26 44 26
216 219 206
154 231 146
26 60 26
46 47 38
70 72 62
100 103 92
43 70 32
178 251 170
255 256 248
220 226 212
221 223 212
225 227 218
132 191 122
214 216 206
29 31 20
132 133 122
2 163 2
4 103 1
83 90 74
110 162 110
94 219 86
155 225 146
231 232 224
225 226 218
102 103 92
166 169 158
26 130 26
201 205 194
191 233 182
11 12 2
38 224 38
25 177 14
1 80 1
117 118 110
156 157 146
120 121 110
191 222 182
132 231 122
244 245 236
250 251 242
116 186 116
123 132 116
87 91 80
146 188 146
8 104 8
198 199 188
24 25 14
39 41 32
82 84 74
57 61 50
174 192 164
130 132 122
102 145 92
2 25 2
81 84 74
117 121 110
62 90 62
135 139 128
103 231 92
160 179 152
2 29 2
177 205 170
104 201 104
124 126 116
46 48 38
11 149 2
171 173 164
1 96 1
201 203 194
145 211 134
209 230 200
20 49 20
59 89 50
100 127 92
88 172 80
251 252 242
32 119 32
42 56 32
40 80 32
1 14 1
98 160 98
170 180 170
8 112 8
80 113 80
38 91 38
161 163 152
40 145 32
64 66 56
208 211 200
134 200 134
195 197 188
143 195 134
98 156 98
20 128 20
38 249 38
62 103 62
99 103 92
103 122 92
220 241 212
1 52 1
1 47 1
78 133 68
3 242 1
56 164 56
12 42 2
137 215 128
45 52 38
22 136 14
95 220 86
179 212 170
146 239 146
44 93 44
56 210 56
3 7 1
221 222 212
50 105 50
48 201 38
249 255 242
116 134 116
56 212 56
146 194 146
10 57 2
62 150 62
17 160 8
135 138 128
89 243 80
92 174 92
138 180 128
216 222 206
162 201 152
76 163 68
27 30 20
116 213 116
1 76 1
91 187 80
33 35 26
107 166 98
159 224 152
1 145 1
75 77 68
1 20 1
21 24 14
82 89 74
1 8 1
93 253 86
56 144 56
46 151 38
83 116 74
20 227 20
95 96 86
183 231 176
171 241 164
150 236 140
19 162 8
103 204 92
56 220 56
86 100 86
36 37 26
212 249 212
30 31 20
204 205 194
74 149 74
246 247 236
178 179 170
232 234 224
198 217 188
178 203 170
84 248 74
172 225 164
225 245 218
149 150 140
5 7 1
70 73 62
13 178 2
246 256 236
3 5 1
4 43 1
125 126 116
1 3 1
155 232 146
70 207 62
168 218 158
10 127 2
124 125 116
28 100 20
125 196 116
92 227 92
79 118 68
158 222 158
3 4 1
1 114 1
51 174 44
20 51 20
183 186 176
1 179 1
55 244 44
94 255 86
58 146 50
94 97 86
140 175 140
162 187 152
201 202 194
42 214 32
190 191 182
157 242 146
8 24 8
1 43 1
5 6 1
44 67 44
10 181 2
173 174 164
196 199 188
96 97 86
32 165 32
129 130 122
129 224 122
99 102 92
113 115 104
136 137 128
1 7 1
114 115 104
69 72 62
76 78 68
123 127 116
34 36 26
64 68 56
2 169 2
156 250 146
157 163 146
138 139 128
66 147 56
98 142 98
143 145 134
233 234 224
17 184 8
1 42 1
26 45 26
119 193 110
38 84 38
98 122 98
81 157 74
53 54 44
86 181 86
17 128 8
12 193 2
8 36 8
26 58 26
8 197 8
171 220 164
121 204 110
97 131 86
194 224 194
215 229 206
200 210 200
124 127 116
106 184 98
210 216 200
239 241 230
221 231 212
83 85 74
145 226 134
203 205 194
1 233 1
70 71 62
116 235 116
174 175 164
142 143 134
41 42 32
14 128 14
20 40 20
36 244 26
56 85 56
56 213 56
21 133 14
110 206 110
200 223 200
1 223 1
40 112 32
40 41 32
84 85 74
16 53 8
10 11 2
98 245 98
38 216 38
62 118 62
189 209 182
2 15 2
75 84 68
76 77 68
152 175 152
112 191 104
91 129 80
197 198 188
87 92 80
21 29 14
36 160 26
151 241 140
20 195 20
251 253 242
213 216 206
128 221 128
106 109 98
62 93 62
58 59 50
116 202 116
237 238 230
44 55 44
24 78 14
157 171 146
56 68 56
148 151 140
184 187 176
64 65 56
14 29 14
84 212 74
88 90 80
149 256 140
168 231 158
1 37 1
9 13 2
169 180 158
26 61 26
49 109 38
139 233 128
195 199 188
8 63 8
26 200 26
9 190 2
200 208 200
8 32 8
59 226 50
126 208 116
128 203 128
146 166 146
68 255 68
125 127 116
141 144 134
191 236 182
93 97 86
104 218 104
47 62 38
160 162 152
165 239 158
245 250 236
37 91 26
85 124 74
34 35 26
71 166 62
41 89 32
130 131 122
4 46 1
65 67 56
138 228 128
15 153 8
98 107 98
178 232 170
13 147 2
69 73 62
2 12 2
20 71 20
252 256 242
53 237 44
215 216 206
185 190 176
87 88 80
95 156 86
18 124 8
165 167 158
8 119 8
238 246 230
29 30 20
59 60 50
1 50 1
45 68 38
44 64 44
146 186 146
166 168 158
105 194 98
35 124 26
190 248 182
204 217 194
149 155 140
160 163 152
128 179 128
80 209 80
8 22 8
109 232 98
39 150 32
8 248 8
38 112 38
9 53 2
161 162 152
139 186 128
110 149 110
177 198 170
181 236 170
118 119 110
45 181 38
73 241 62
132 202 122
220 222 212
22 70 14
249 250 242
80 146 80
110 140 110
239 240 230
41 43 32
38 61 38
81 83 74
150 179 140
183 187 176
81 131 74
238 241 230
106 145 98
44 63 44
44 153 44
50 72 50
22 42 14
39 163 32
214 247 206
112 115 104
123 205 116
33 36 26
29 147 20
183 184 176
219 221 212
179 181 170
219 222 212
96 226 86
42 143 32
41 233 32
6 19 1
99 100 92
215 217 206
34 75 26
32 210 32
159 226 152
92 163 92
26 43 26
219 238 212
156 183 146
49 97 38
86 108 86
105 202 98
126 214 116
45 62 38
20 179 20
161 173 152
122 170 122
47 48 38
40 169 32
92 165 92
70 150 62
73 198 62
96 164 86
80 167 80
32 169 32
56 151 56
204 223 194
20 114 20
104 111 104
13 209 2
164 227 164
66 190 56
8 35 8
98 113 98
108 217 98
1 196 1
52 54 44
200 225 200
63 228 56
38 77 38
78 132 68
104 245 104
197 211 188
42 82 32
2 46 2
55 255 44
14 173 14
71 73 62
121 162 110
162 222 152
67 212 56
83 182 74
166 238 158
9 11 2
245 247 236
32 219 32
146 241 146
42 43 32
58 206 50
134 185 134
220 240 212
1 17 1
24 75 14
60 184 50
14 68 14
166 207 158
7 183 1
210 223 200
208 210 200
164 195 164
9 12 2
245 249 236
155 217 146
8 78 8
199 204 188
82 114 74
74 88 74
142 146 134
178 180 170
68 83 68
14 132 14
242 252 242
196 198 188
145 146 134
213 217 206
87 90 80
164 203 164
12 48 2
44 102 44
38 94 38
63 65 56
26 94 26
163 191 152
91 238 80
225 229 218
240 248 230
132 154 122
171 172 164
119 140 110
20 246 20
22 23 14
130 155 122
48 133 38
110 123 110
213 255 206
217 250 206
16 151 8
186 197 176
19 168 8
207 210 200
231 235 224
38 85 38
65 70 56
202 244 194
231 249 224
180 215 170
1 171 1
1 29 1
136 139 128
243 250 236
191 196 182
2 53 2
184 186 176
8 30 8
33 251 26
197 199 188
94 96 86
123 167 116
86 197 86
64 221 56
85 163 74
204 256 194
125 194 116
12 110 2
6 26 1
231 251 224
189 190 182
250 255 242
51 170 44
56 156 56
154 217 146
39 43 32
84 115 74
107 156 98
134 190 134
105 109 98
185 187 176
244 247 236
159 163 152
72 200 62
191 192 182
129 131 122
120 159 110
170 256 170
128 240 128
158 232 158
145 168 134
159 213 152
107 151 98
139 222 128
159 196 152
66 200 56
215 230 206
14 164 14
82 83 74
80 112 80
137 139 128
12 13 2
69 81 62
40 184 32
132 163 122
14 79 14
65 234 56
220 221 212
210 211 200
100 244 92
14 247 14
73 238 62
4 7 1
16 95 8
23 125 14
80 87 80
142 207 134
15 18 8
48 168 38
53 175 44
26 77 26
6 7 1
20 250 20
104 161 104
86 194 86
60 117 50
13 39 2
21 25 14
85 235 74
98 116 98
202 232 194
217 226 206
52 53 44
117 253 110
37 143 26
92 235 92
10 12 2
28 29 20
132 146 122
116 223 116
106 231 98
107 109 98
122 203 122
207 211 200
44 129 44
170 177 170
20 33 20
26 103 26
75 79 68
74 128 74
14 109 14
177 181 170
186 196 176
23 105 14
57 59 50
202 204 194
2 105 2
1 124 1
225 239 218
38 172 38
15 220 8
57 60 50
53 216 44
14 81 14
111 142 104
141 247 134
99 105 92
146 168 146
114 141 104
9 49 2
177 178 170
110 180 110
207 251 200
26 97 26
55 92 44
68 167 68
167 178 158
22 28 14
58 225 50
109 250 98
92 107 92
195 220 188
61 212 50
86 147 86
131 137 122
30 211 20
2 77 2
80 245 80
37 51 26
51 55 44
58 108 50
247 252 236
145 189 134
81 232 74
46 49 38
20 55 20
28 176 20
159 209 152
44 207 44
20 205 20
26 68 26
65 195 56
3 6 1
63 165 56
14 169 14
68 169 68
207 226 200
89 226 80
185 235 176
1 73 1
39 42 32
15 65 8
172 173 164
88 89 80
135 136 128
192 252 182
185 186 176
56 191 56
151 154 140
145 229 134
44 239 44
232 235 224
38 109 38
238 239 230
22 24 14
53 86 44
211 233 200
41 103 32
167 168 158
135 189 128
190 229 182
120 189 110
50 116 50
192 206 182
74 90 74
77 79 68
50 198 50
51 52 44
50 218 50
151 237 140
15 16 8
13 64 2
113 114 104
218 236 218
45 47 38
56 120 56
12 224 2
18 78 8
139 150 128
243 245 236
109 211 98
18 35 8
118 121 110
207 255 200
7 74 1
52 62 44
50 87 50
68 145 68
229 247 218
22 126 14
8 55 8
15 170 8
136 246 128
249 256 242
131 206 122
166 226 158
118 156 110
142 189 134
52 66 44
122 180 122
44 94 44
100 105 92
160 161 152
4 6 1
44 112 44
187 211 176
92 140 92
94 95 86
125 181 116
162 166 152
11 120 2
159 180 152
63 169 56
106 250 98
15 19 8
87 102 80
207 232 200
202 252 194
237 250 230
203 253 194
90 199 80
14 36 14
246 252 236
50 60 50
33 50 26
65 145 56
201 204 194
210 238 200
93 208 86
2 132 2
2 33 2
146 240 146
146 167 146
146 172 146
38 83 38
8 109 8
50 83 50
159 160 152
81 150 74
105 177 98
208 241 200
69 71 62
114 152 104
184 202 176
49 196 38
227 229 218
127 197 116
108 109 98
32 127 32
202 256 194
89 90 80
2 42 2
68 190 68
225 250 218
154 215 146
86 203 86
47 120 38
154 237 146
4 147 1
129 170 122
205 224 194
74 159 74
111 113 104
116 123 116
108 232 98
99 123 92
96 171 86
68 243 68
213 246 206
210 237 200
178 237 170
143 244 134
202 205 194
74 157 74
65 156 56
38 89 38
98 130 98
38 99 38
150 240 140
1 35 1
88 238 80
145 239 134
93 179 86
97 164 86
20 27 20
186 215 176
100 109 92
101 102 92
33 54 26
85 133 74
44 136 44
115 182 104
138 164 128
5 54 1
70 204 62
107 220 98
110 184 110
68 174 68
92 108 92
110 255 110
245 246 236
68 76 68
31 222 20
140 230 140
25 255 14
92 253 92
163 234 152
92 176 92
142 215 134
41 160 32
51 246 44
20 126 20
2 34 2
200 242 200
243 247 236
133 152 122
20 207 20
211 213 200
21 107 14
61 219 50
122 200 122
239 253 230
151 168 140
20 39 20
39 40 32
80 136 80
14 126 14
169 200 158
222 223 212
147 150 140
36 126 26
14 30 14
42 60 32
67 214 56
142 221 134
222 256 212
233 246 224
142 213 134
63 186 56
113 197 104
94 203 86
9 10 2
32 81 32
90 91 80
68 81 68
8 47 8
44 68 44
93 244 86
84 203 74
8 80 8
23 100 14
46 186 38
87 152 80
118 230 110
149 165 140
116 136 116
71 173 62
95 204 86
18 93 8
137 138 128
169 192 158
111 185 104
74 110 74
13 175 2
89 91 80
164 236 164
39 231 32
203 204 194
183 224 176
160 206 152
195 196 188
229 241 218
111 229 104
151 163 140
221 237 212
174 199 164
55 192 44
194 211 194
27 239 20
80 180 80
154 156 146
62 233 62
33 84 26
9 149 2
78 129 68
136 175 128
190 197 182
92 241 92
237 245 230
55 169 44
14 50 14
151 159 140
114 165 104
1 100 1
32 243 32
38 182 38
122 132 122
181 246 170
27 186 20
155 173 146
32 53 32
112 215 104
20 178 20
47 133 38
1 207 1
14 21 14
164 215 164
68 244 68
121 221 110
20 80 20
146 202 146
86 98 86
105 119 98
122 150 122
50 111 50
20 34 20
71 124 62
76 173 68
22 184 14
2 204 2
148 149 140
105 225 98
20 100 20
68 234 68
86 196 86
26 178 26
2 111 2
128 218 128
124 182 116
44 71 44
104 144 104
80 90 80
42 229 32
117 120 110
145 162 134
32 72 32
32 49 32
93 159 86
92 228 92
8 70 8
8 21 8
136 245 128
36 133 26
66 121 56
186 242 176
7 205 1
23 34 14
1 122 1
127 193 116
152 251 152
142 219 134
18 172 8
4 5 1
248 255 248
5 65 1
65 99 56
86 172 86
48 140 38
26 66 26
114 178 104
18 19 8
239 252 230
110 145 110
163 219 152
59 90 50
11 156 2
43 68 32
44 172 44
131 132 122
24 46 14
241 243 230
116 137 116
172 175 164
169 202 158
16 200 8
101 103 92
109 225 98
206 222 206
123 126 116
32 207 32
54 193 44
94 209 86
28 33 20
117 119 110
34 167 26
98 181 98
189 221 182
44 105 44
100 102 92
126 200 116
134 175 134
2 69 2
38 176 38
4 195 1
169 175 158
63 66 56
23 122 14
136 174 128
8 229 8
139 219 128
119 178 110
220 223 212
238 242 230
64 166 56
175 244 164
233 245 224
103 185 92
64 246 56
27 28 20
159 169 152
32 67 32
98 194 98
176 237 176
129 188 122
1 117 1
1 139 1
44 99 44
1 16 1
68 188 68
145 218 134
207 209 200
112 114 104
105 139 98
20 98 20
237 240 230
209 251 200
134 256 134
165 169 158
188 208 188
14 37 14
80 114 80
38 141 38
121 227 110
234 256 224
8 140 8
1 250 1
200 215 200
86 113 86
158 175 158
178 228 170
52 93 44
38 230 38
54 250 44
186 248 176
25 231 14
2 48 2
246 249 236
220 255 212
18 183 8
159 162 152
34 223 26
98 171 98
62 120 62
82 204 74
82 196 74
134 176 134
23 230 14
89 142 80
130 176 122
146 253 146
23 60 14
79 224 68
231 242 224
107 235 98
93 154 86
20 89 20
108 118 98
7 8 1
76 195 68
252 253 242
229 252 218
238 247 230
188 249 188
86 160 86
144 145 134
36 46 26
168 252 158
50 67 50
11 38 2
67 175 56
14 20 14
72 93 62
20 36 20
80 110 80
39 247 32
194 243 194
207 235 200
123 207 116
1 19 1
234 235 224
51 222 44
62 73 62
170 218 170
195 198 188
114 139 104
162 219 152
195 215 188
81 172 74
93 94 86
122 145 122
175 201 164
224 232 224
98 157 98
2 20 2
111 181 104
74 104 74
110 139 110
154 155 146
201 218 194
233 244 224
7 208 1
233 237 224
161 241 152
40 218 32
1 26 1
167 256 158
7 252 1
49 213 38
147 158 140
116 172 116
102 200 92
233 236 224
219 223 212
32 180 32
173 175 164
209 210 200
2 10 2
65 66 56
2 22 2
168 212 158
213 240 206
98 218 98
4 146 1
104 203 104
80 149 80
137 144 128
50 161 50
193 240 182
50 64 50
128 153 128
49 247 38
8 153 8
61 63 50
6 241 1
233 255 224
164 241 164
1 59 1
50 102 50
22 34 14
46 181 38
51 255 44
44 185 44
59 201 50
208 209 200
1 95 1
26 91 26
77 113 68
5 34 1
50 58 50
134 170 134
2 188 2
216 242 206
124 256 116
106 108 98
138 179 128
141 241 134
154 157 146
138 181 128
177 224 170
243 248 236
70 89 62
189 243 182
96 139 86
167 186 158
37 188 26
34 37 26
193 198 182
137 180 128
164 208 164
122 136 122
108 187 98
117 226 110
121 171 110
68 109 68
186 246 176
156 171 146
35 37 26
47 236 38
20 37 20
111 114 104
62 113 62
45 186 38
233 253 224
115 215 104
79 132 68
192 215 182
112 178 104
180 207 170
13 172 2
81 85 74
193 239 182
79 252 68
10 27 2
62 207 62
155 157 146
20 31 20
167 210 158
1 209 1
51 54 44
9 83 2
201 223 194
62 84 62
194 208 194
165 170 158
8 97 8
8 41 8
9 248 2
128 201 128
80 111 80
17 132 8
247 253 236
93 146 86
166 204 158
176 197 176
75 97 68
215 241 206
170 240 170
41 244 32
236 245 236
33 223 26
8 23 8
31 44 20
1 5 1
14 31 14
3 15 1
141 233 134
20 77 20
67 223 56
53 67 44
142 232 134
20 118 20
4 140 1
212 228 212
5 157 1
80 247 80
136 158 128
1 195 1
209 250 200
24 73 14
2 19 2
29 100 20
2 37 2
61 184 50
105 236 98
87 162 80
79 138 68
231 248 224
66 224 56
74 207 74
62 89 62
44 56 44
10 111 2
153 154 146
245 256 236
87 178 80
23 64 14
14 58 14
2 187 2
98 196 98
32 42 32
237 247 230
210 217 200
124 181 116
149 198 140
121 197 110
81 107 74
116 170 116
128 137 128
131 189 122
194 247 194
98 104 98
20 152 20
172 216 164
61 203 50
165 220 158
1 28 1
24 108 14
165 184 158
44 91 44
44 246 44
52 159 44
7 75 1
7 28 1
80 215 80
149 213 140
12 77 2
164 183 164
133 227 122
17 63 8
137 151 128
74 146 74
64 205 56
27 97 20
162 189 152
34 118 26
30 224 20
20 156 20
32 60 32
226 240 218
171 223 164
86 168 86
97 197 86
141 181 134
175 241 164
247 250 236
88 148 80
1 2 1
20 112 20
44 167 44
67 243 56
165 229 158
43 227 32
1 103 1
14 117 14
106 229 98
217 239 206
73 162 62
186 237 176
197 207 188
73 81 62
104 154 104
71 189 62
14 55 14
37 110 26
98 154 98
156 240 146
173 217 164
94 174 86
80 210 80
8 126 8
60 118 50
134 148 134
244 246 236
166 203 158
1 10 1
50 139 50
1 214 1
50 125 50
189 191 182
95 234 86
60 240 50
8 141 8
14 102 14
155 233 146
232 252 224
160 212 152
65 253 56
25 248 14
92 149 92
104 174 104
78 186 68
16 126 8
30 158 20
38 93 38
46 145 38
2 75 2
35 221 26
237 239 230
109 205 98
105 219 98
50 159 50
9 100 2
8 134 8
75 204 68
198 248 188
14 72 14
200 238 200
14 82 14
198 252 188
32 50 32
26 53 26
4 92 1
205 218 194
19 151 8
206 255 206
247 249 236
52 55 44
8 215 8
166 186 158
29 41 20
77 128 68
39 103 32
50 99 50
123 151 116
56 67 56
32 224 32
208 227 200
32 223 32
110 175 110
98 180 98
82 155 74
30 41 20
60 222 50
37 108 26
178 181 170
62 217 62
36 206 26
102 157 92
109 226 98
53 57 44
98 243 98
62 119 62
64 240 56
38 253 38
232 242 224
3 227 1
20 70 20
123 216 116
107 186 98
93 117 86
126 246 116
32 221 32
250 252 242
157 229 146
90 253 80
207 217 200
152 219 152
38 46 38
66 141 56
164 212 164
1 190 1
142 178 134
36 152 26
131 216 122
136 150 128
55 97 44
2 189 2
1 204 1
240 245 230
1 9 1
26 83 26
246 251 236
14 223 14
15 187 8
1 23 1
73 215 62
226 250 218
72 225 62
62 224 62
146 227 146
11 204 2
93 100 86
38 151 38
9 160 2
162 238 152
194 242 194
39 51 32
166 192 158
32 43 32
8 173 8
59 232 50
128 227 128
155 236 146
34 59 26
1 22 1
56 230 56
65 174 56
104 164 104
82 191 74
83 125 74
164 205 164
242 248 242
2 71 2
73 93 62
213 253 206
215 218 206
62 69 62
67 211 56
84 125 74
78 106 68
12 59 2
64 73 56
28 31 20
81 215 74
209 211 200
181 232 170
14 141 14
12 92 2
8 82 8
32 59 32
170 238 170
136 142 128
140 177 140
8 83 8
71 153 62
2 21 2
238 250 230
182 192 182
85 216 74
217 228 206
165 204 158
115 143 104
30 33 20
232 244 224
225 247 218
1 24 1
249 251 242
43 143 32
205 208 194
54 72 44
74 200 74
8 20 8
14 52 14
26 240 26
5 29 1
38 102 38
2 18 2
98 118 98
8 178 8
1 60 1
136 249 128
18 62 8
59 61 50
135 200 128
28 174 20
136 225 128
147 155 140
78 147 68
78 224 68
192 231 182
29 255 20
72 233 62
123 155 116
27 63 20
20 91 20
44 174 44
13 40 2
47 130 38
41 237 32
4 192 1
185 236 176
7 20 1
32 82 32
152 210 152
56 91 56
164 173 164
52 100 44
110 150 110
20 187 20
197 248 188
134 160 134
226 247 218
215 219 206
213 215 206
135 158 128
237 241 230
175 227 164
122 232 122
33 95 26
208 240 200
26 87 26
2 113 2
147 179 140
154 169 146
202 226 194
77 171 68
201 235 194
1 106 1
106 190 98
1 11 1
110 173 110
182 207 182
44 77 44
140 204 140
180 241 170
152 168 152
169 198 158
104 220 104
177 227 170
18 155 8
8 190 8
8 74 8
42 194 32
87 115 80
165 227 158
106 107 98
38 78 38
70 109 62
26 117 26
116 210 116
59 96 50
40 93 32
99 101 92
8 246 8
177 182 170
14 97 14
74 204 74
56 139 56
50 74 50
60 196 50
151 197 140
40 43 32
91 115 80
26 144 26
26 219 26
95 141 86
44 81 44
33 153 26
36 165 26
4 79 1
185 253 176
121 209 110
43 47 32
155 156 146
90 126 80
50 230 50
125 207 116
2 234 2
202 248 194
150 170 140
1 13 1
18 67 8
245 252 236
56 161 56
26 36 26
218 234 218
34 70 26
190 238 182
11 181 2
12 29 2
4 71 1
165 174 158
181 218 170
43 147 32
64 113 56
167 185 158
197 205 188
100 136 92
159 248 152
195 253 188
144 170 134
83 109 74
111 112 104
147 249 140
15 85 8
137 245 128
49 142 38
124 229 116
74 185 74
2 24 2
140 148 140
125 173 116
191 207 182
188 244 188
91 150 80
54 83 44
182 236 182
44 218 44
140 252 140
134 197 134
179 255 170
17 253 8
116 184 116
90 139 80
42 169 32
134 240 134
20 111 20
151 236 140
67 178 56
63 220 56
63 212 56
50 84 50
50 78 50
34 249 26
5 173 1
68 95 68
8 122 8
2 9 2
171 175 164
122 128 122
89 187 80
121 175 110
70 128 62
42 193 32
60 216 50
225 241 218
70 100 62
62 68 62
96 110 86
73 155 62
126 186 116
134 217 134
212 218 212
1 129 1
228 235 218
211 223 200
99 191 92
176 184 176
107 183 98
118 193 110
92 152 92
68 202 68
20 57 20
87 234 80
168 220 158
8 50 8
60 61 50
110 187 110
44 190 44
27 203 20
1 27 1
126 220 116
58 241 50
102 167 92
33 168 26
82 186 74
39 66 32
175 256 164
130 195 122
90 234 80
58 61 50
99 172 92
2 201 2
58 125 50
179 205 170
20 244 20
148 216 140
38 233 38
38 65 38
60 140 50
11 163 2
88 187 80
80 211 80
9 236 2
199 256 188
14 73 14
235 250 224
161 229 152
94 119 86
86 222 86
176 194 176
66 194 56
2 123 2
168 248 158
59 217 50
62 125 62
140 174 140
200 207 200
102 152 92
104 123 104
19 40 8
41 198 32
205 212 194
48 126 38
32 134 32
156 180 146
163 177 152
94 163 86
4 115 1
150 192 140
122 221 122
10 91 2
56 83 56
59 189 50
251 255 242
92 99 92
51 140 44
40 210 32
122 201 122
206 239 206
68 226 68
144 199 134
30 227 20
43 210 32
2 28 2
208 253 200
61 240 50
16 62 8
31 227 20
97 185 86
85 126 74
99 159 92
50 69 50
110 186 110
95 226 86
20 161 20
50 113 50
54 140 44
82 85 74
26 233 26
150 219 140
113 238 104
104 116 104
37 56 26
133 243 122
4 10 1
81 217 74
145 167 134
17 18 8
70 236 62
26 210 26
38 144 38
50 104 50
74 244 74
179 245 170
156 178 146
5 133 1
106 126 98
195 227 188
181 198 170
35 114 26
79 204 68
32 40 32
63 120 56
176 193 176
168 211 158
2 39 2
178 219 170
153 159 146
4 76 1
19 154 8
168 187 158
88 223 80
134 203 134
43 82 32
32 62 32
26 225 26
244 255 236
113 142 104
169 251 158
243 255 236
9 159 2
112 179 104
207 243 200
14 25 14
66 125 56
17 48 8
128 211 128
142 222 134
203 229 194
140 237 140
56 176 56
26 42 26
16 19 8
44 58 44
102 168 92
9 94 2
1 51 1
33 108 26
78 151 68
19 24 8
192 210 182
73 236 62
50 202 50
170 233 170
39 122 32
63 185 56
14 110 14
189 227 182
128 202 128
35 133 26
125 187 116
56 80 56
135 151 128
203 230 194
104 210 104
104 132 104
38 60 38
169 204 158
14 48 14
178 217 170
41 152 32
53 97 44
144 220 134
56 81 56
45 245 38
18 96 8
220 228 212
138 213 128
76 162 68
59 77 50
199 249 188
5 55 1
8 235 8
164 188 164
134 196 134
196 251 188
80 127 80
246 248 236
110 241 110
206 238 206
144 195 134
83 97 74
14 26 14
199 231 188
194 230 194
189 252 182
8 116 8
8 17 8
113 121 104
46 179 38
78 158 68
104 179 104
38 140 38
50 256 50
184 206 176
44 78 44
59 84 50
195 203 188
32 76 32
86 102 86
14 184 14
11 194 2
50 149 50
2 82 2
123 215 116
17 25 8
194 237 194
8 84 8
2 70 2
115 132 104
129 156 122
113 215 104
35 155 26
12 164 2
178 182 170
10 146 2
62 117 62
196 207 188
186 225 176
1 57 1
180 202 170
58 229 50
122 248 122
182 242 182
13 168 2
49 145 38
50 62 50
126 207 116
189 255 182
129 179 122
68 139 68
22 213 14
14 224 14
14 244 14
60 238 50
239 249 230
102 240 92
4 126 1
22 164 14
57 251 50
34 116 26
32 202 32
30 182 20
120 125 110
22 119 14
209 232 200
177 219 170
14 154 14
133 186 122
122 239 122
52 146 44
213 221 206
143 149 134
72 214 62
92 180 92
57 250 50
57 158 50
60 116 50
174 251 164
80 229 80
93 187 86
235 255 224
41 114 32
95 164 86
128 242 128
5 105 1
168 189 158
198 212 188
20 223 20
229 242 218
49 96 38
145 234 134
83 209 74
6 237 1
50 220 50
140 253 140
151 244 140
171 212 164
162 235 152
5 46 1
241 246 230
63 164 56
162 216 152
1 38 1
62 198 62
110 251 110
152 194 152
16 170 8
22 135 14
147 216 140
12 178 2
167 242 158
76 185 68
176 220 176
3 59 1
48 179 38
221 246 212
113 184 104
20 73 20
129 222 122
33 180 26
20 30 20
32 171 32
82 91 74
89 248 80
86 126 86
31 154 20
68 235 68
123 230 116
64 124 56
26 64 26
211 218 200
76 118 68
76 234 68
244 249 236
115 166 104
148 219 140
90 203 80
69 221 62
92 256 92
90 219 80
14 41 14
180 231 170
9 71 2
6 134 1
62 147 62
136 153 128
102 117 92
101 144 92
23 103 14
205 256 194
70 113 62
234 252 224
8 90 8
26 235 26
38 244 38
76 144 68
115 122 104
9 186 2
92 106 92
200 218 200
113 163 104
44 65 44
181 188 170
135 256 128
78 246 68
56 167 56
62 175 62
58 214 50
35 153 26
51 244 44
2 202 2
166 167 158
163 241 152
38 57 38
60 211 50
26 71 26
35 136 26
165 253 158
74 138 74
32 156 32
2 164 2
86 144 86
133 188 122
4 26 1
162 256 152
1 153 1
26 82 26
187 246 176
76 102 68
35 207 26
158 197 158
146 162 146
185 251 176
4 227 1
127 167 116
122 176 122
237 249 230
44 119 44
2 100 2
42 66 32
170 247 170
206 220 206
172 231 164
14 46 14
95 245 86
32 170 32
51 209 44
219 220 212
74 99 74
7 173 1
16 181 8
56 103 56
187 192 176
228 252 218
2 112 2
56 126 56
105 146 98
99 209 92
167 201 158
68 212 68
19 188 8
83 138 74
176 253 176
33 34 26
12 120 2
184 238 176
57 173 50
61 109 50
176 196 176
201 251 194
1 89 1
15 249 8
54 117 44
80 144 80
93 205 86
27 142 20
5 165 1
98 193 98
112 136 104
86 106 86
57 151 50
16 81 8
39 176 32
203 221 194
127 150 116
6 113 1
165 186 158
5 68 1
1 112 1
56 76 56
134 189 134
2 158 2
57 256 50
174 218 164
61 150 50
36 145 26
48 138 38
137 236 128
149 173 140
164 182 164
25 213 14
122 129 122
78 159 68
6 45 1
50 110 50
213 233 206
86 135 86
221 248 212
64 120 56
190 215 182
152 180 152
34 169 26
6 54 1
116 227 116
166 188 158
138 243 128
31 182 20
172 241 164
20 96 20
186 227 176
74 182 74
60 119 50
36 129 26
80 155 80
228 238 218
41 168 32
96 157 86
44 208 44
66 169 56
181 201 170
172 255 164
92 186 92
135 177 128
109 199 98
184 236 176
170 183 170
155 167 146
165 183 158
78 222 68
67 145 56
67 238 56
197 227 188
92 143 92
125 231 116
132 196 122
50 90 50
127 216 116
7 85 1
127 185 116
122 212 122
114 201 104
20 76 20
136 206 128
219 232 212
123 175 116
97 110 86
200 248 200
185 215 176
38 45 38
131 133 122
20 121 20
175 255 164
32 185 32
196 247 188
74 102 74
147 245 140
62 131 62
47 115 38
20 42 20
141 250 134
36 44 26
128 241 128
16 214 8
190 213 182
139 144 128
86 171 86
163 198 152
166 171 158
56 102 56
131 187 122
38 197 38
122 171 122
2 45 2
50 187 50
183 210 176
40 100 32
23 70 14
112 130 104
198 233 188
14 87 14
80 137 80
203 248 194
75 196 68
49 123 38
145 151 134
2 72 2
26 34 26
173 220 164
51 177 44
45 199 38
60 168 50
7 209 1
5 88 1
207 249 200
76 94 68
1 242 1
171 250 164
217 256 206
83 189 74
119 152 110
74 86 74
10 88 2
31 53 20
153 206 146
2 156 2
31 47 20
65 119 56
202 208 194
44 133 44
107 142 98
72 150 62
220 233 212
92 246 92
48 216 38
9 56 2
193 217 182
1 74 1
48 244 38
2 99 2
155 252 146
123 222 116
207 212 200
245 251 236
140 178 140
87 166 80
7 188 1
174 248 164
1 211 1
92 146 92
1 197 1
8 87 8
5 28 1
178 198 170
98 125 98
126 239 116
1 121 1
26 127 26
4 151 1
147 230 140
10 176 2
197 255 188
176 190 176
32 177 32
92 211 92
214 215 206
140 208 140
69 129 62
73 113 62
164 247 164
205 230 194
9 151 2
108 231 98
192 218 182
32 199 32
20 28 20
8 39 8
183 250 176
97 166 86
122 135 122
86 149 86
72 252 62
128 139 128
115 210 104
8 31 8
74 81 74
43 245 32
1 194 1
106 114 98
97 134 86
67 169 56
20 82 20
152 243 152
104 173 104
26 48 26
75 87 68
12 82 2
40 216 32
68 120 68
76 92 68
198 208 188
26 88 26
26 63 26
79 206 68
169 220 158
80 177 80
94 238 86
80 234 80
15 162 8
125 186 116
38 55 38
161 238 152
1 4 1
57 79 50
59 204 50
56 223 56
9 138 2
98 106 98
199 233 188
75 106 68
32 114 32
192 193 182
14 74 14
75 177 68
2 17 2
179 211 170
34 119 26
46 105 38
32 225 32
48 142 38
140 211 140
98 124 98
79 211 68
33 172 26
17 156 8
168 222 158
75 174 68
70 140 62
119 144 110
2 16 2
92 141 92
235 251 224
42 77 32
3 243 1
84 117 74
44 180 44
117 195 110
116 251 116
148 175 140
113 147 104
202 235 194
42 104 32
170 222 170
212 222 212
188 207 188
54 119 44
25 102 14
92 114 92
41 161 32
110 247 110
2 142 2
156 179 146
20 59 20
253 255 242
56 64 56
176 243 176
38 47 38
205 217 194
66 180 56
103 125 92
176 204 176
182 248 182
2 103 2
91 182 80
99 162 92
97 235 86
62 114 62
134 209 134
62 80 62
6 214 1
72 194 62
51 150 44
53 193 44
128 157 128
17 27 8
205 245 194
68 101 68
172 218 164
70 186 62
44 97 44
83 131 74
92 135 92
121 180 110
24 86 14
111 230 104
94 107 86
73 94 62
129 134 122
189 248 182
219 228 212
20 56 20
96 208 86
2 60 2
84 207 74
72 213 62
86 204 86
116 146 116
1 15 1
96 220 86
134 151 134
18 98 8
33 127 26
162 174 152
160 239 152
50 155 50
28 66 20
157 246 146
23 29 14
80 246 80
89 154 80
128 195 128
46 164 38
24 249 14
153 219 146
90 137 80
34 232 26
116 243 116
50 112 50
20 79 20
12 80 2
74 195 74
12 146 2
14 89 14
60 73 50
160 168 152
208 244 200
204 229 194
44 156 44
115 159 104
93 189 86
164 223 164
38 107 38
7 127 1
37 44 26
62 101 62
2 43 2
15 203 8
201 222 194
68 157 68
176 256 176
137 193 128
228 249 218
128 158 128
31 39 20
166 213 158
228 239 218
182 190 182
134 167 134
18 245 8
85 138 74
124 234 116
175 181 164
66 103 56
106 239 98
200 252 200
2 127 2
56 62 56
176 228 176
57 224 50
52 91 44
158 247 158
92 206 92
135 175 128
117 245 110
29 222 20
49 118 38
29 64 20
239 247 230
84 175 74
6 126 1
206 235 206
86 198 86
24 181 14
104 216 104
164 253 164
63 221 56
153 201 146
183 211 176
115 151 104
147 201 140
78 126 68
53 147 44
239 242 230
166 235 158
14 253 14
165 189 158
36 153 26
93 99 86
20 113 20
140 220 140
89 178 80
183 212 176
133 207 122
31 216 20
118 244 110
3 18 1
70 164 62
20 194 20
54 55 44
130 210 122
157 253 146
79 197 68
48 58 38
39 184 32
234 242 224
34 144 26
79 109 68
231 244 224
157 244 146
47 112 38
185 213 176
34 85 26
50 61 50
64 133 56
174 216 164
140 161 140
1 189 1
37 66 26
74 131 74
234 247 224
2 102 2
202 214 194
20 226 20
218 235 218
86 131 86
114 160 104
104 137 104
43 183 32
140 162 140
27 157 20
13 177 2
23 189 14
77 191 68
176 209 176
113 178 104
79 247 68
221 234 212
99 165 92
167 200 158
23 186 14
14 96 14
235 242 224
180 216 170
36 233 26
6 44 1
29 195 20
105 167 98
187 235 176
132 184 122
111 207 104
5 167 1
60 226 50
108 246 98
8 252 8
60 179 50
10 100 2
6 57 1
74 118 74
2 52 2
62 153 62
56 82 56
199 201 188
86 120 86
155 202 146
48 243 38
46 93 38
170 249 170
216 224 206
23 65 14
108 255 98
44 148 44
167 198 158
26 241 26
87 196 80
238 252 230
117 180 110
24 196 14
26 55 26
67 189 56
59 94 50
111 226 104
80 128 80
135 180 128
67 229 56
55 105 44
10 26 2
149 172 140
44 135 44
56 74 56
3 70 1
88 247 80
140 164 140
159 201 152
3 172 1
77 234 68
28 53 20
92 231 92
163 166 152
188 226 188
90 100 80
105 113 98
94 196 86
8 154 8
94 212 86
202 229 194
139 209 128
184 243 176
126 127 116
229 239 218
3 101 1
12 87 2
131 150 122
59 220 50
138 250 128
28 244 20
137 196 128
107 178 98
244 251 236
171 214 164
163 199 152
50 117 50
156 160 146
159 165 152
79 156 68
38 119 38
32 191 32
80 196 80
43 131 32
160 255 152
147 247 140
11 225 2
1 30 1
16 96 8
8 19 8
200 233 200
138 220 128
151 239 140
44 123 44
93 238 86
19 101 8
2 83 2
228 250 218
223 236 212
20 68 20
103 143 92
78 243 68
133 167 122
8 182 8
139 176 128
209 222 200
56 145 56
94 121 86
83 159 74
2 210 2
121 188 110
107 163 98
32 233 32
44 132 44
131 188 122
174 247 164
78 97 68
130 148 122
39 186 32
2 143 2
2 81 2
156 231 146
26 122 26
105 252 98
122 215 122
2 27 2
86 105 86
125 226 116
192 205 182
129 153 122
52 161 44
168 182 158
19 78 8
40 224 32
150 222 140
59 152 50
121 149 110
96 192 86
215 221 206
46 239 38
2 26 2
191 223 182
20 136 20
75 96 68
37 167 26
156 169 146
171 232 164
68 206 68
19 207 8
128 246 128
16 29 8
201 253 194
41 106 32
26 158 26
46 88 38
1 199 1
20 177 20
216 248 206
2 107 2
140 189 140
193 256 182
8 111 8
165 198 158
15 61 8
47 88 38
48 70 38
44 232 44
61 158 50
120 239 110
25 70 14
184 190 176
14 158 14
170 210 170
57 131 50
24 150 14
86 193 86
181 192 170
93 156 86
102 130 92
187 243 176
214 228 206
61 236 50
14 187 14
68 91 68
175 183 164
176 202 176
60 255 50
203 233 194
174 202 164
190 194 182
215 244 206
51 107 44
215 245 206
154 226 146
63 67 56
62 197 62
3 250 1
193 209 182
8 85 8
187 201 176
191 226 182
26 194 26
186 200 176
20 35 20
38 189 38
103 203 92
87 208 80
127 190 116
31 237 20
49 104 38
92 197 92
2 59 2
30 150 20
168 174 158
44 168 44
40 108 32
95 158 86
76 238 68
14 80 14
111 156 104
161 235 152
46 228 38
200 209 200
50 126 50
76 221 68
141 222 134
127 135 116
34 251 26
69 251 62
66 242 56
108 185 98
154 241 146
108 247 98
111 234 104
66 219 56
143 197 134
68 187 68
194 210 194
20 145 20
67 120 56
5 176 1
86 165 86
158 206 158
14 130 14
27 172 20
117 125 110
63 243 56
14 23 14
125 209 116
76 242 68
15 214 8
66 111 56
161 192 152
60 129 50
10 96 2
1 46 1
150 230 140
150 211 140
187 242 176
73 185 62
129 244 122
16 212 8
188 246 188
79 161 68
144 196 134
123 245 116
69 103 62
98 145 98
185 202 176
117 198 110
212 227 212
156 161 146
2 118 2
114 140 104
44 53 44
118 212 110
62 206 62
240 255 230
92 164 92
30 69 20
109 167 98
99 132 92
60 220 50
3 20 1
153 242 146
86 178 86
8 42 8
87 114 80
123 214 116
190 203 182
209 212 200
140 179 140
130 173 122
187 238 176
190 209 182
25 216 14
49 94 38
160 199 152
146 174 146
130 172 122
101 148 92
14 33 14
7 240 1
116 197 116
125 159 116
170 236 170
62 71 62
146 220 146
101 105 92
183 209 176
56 202 56
102 132 92
67 234 56
115 205 104
224 239 224
232 241 224
56 221 56
152 215 152
26 49 26
1 228 1
24 133 14
89 143 80
171 182 164
14 71 14
99 245 92
161 181 152
14 217 14
2 223 2
8 203 8
51 230 44
133 250 122
13 211 2
24 158 14
2 98 2
6 160 1
29 253 20
95 166 86
20 60 20
7 65 1
134 218 134
144 231 134
15 161 8
110 141 110
253 256 242
105 106 98
16 165 8
98 133 98
42 86 32
26 32 26
194 232 194
14 246 14
87 155 80
110 253 110
120 139 110
109 117 98
81 200 74
100 170 92
68 215 68
172 252 164
127 243 116
68 155 68
120 219 110
12 160 2
11 183 2
4 238 1
57 88 50
5 89 1
120 155 110
82 235 74
86 110 86
101 246 92
180 253 170
31 249 20
14 256 14
12 124 2
76 164 68
140 221 140
65 111 56
42 46 32
54 142 44
97 200 86
83 151 74
98 197 98
63 192 56
205 253 194
1 58 1
126 249 116
121 210 110
1 32 1
26 255 26
164 178 164
22 101 14
50 85 50
34 138 26
42 70 32
54 173 44
14 106 14
2 63 2
26 106 26
163 228 152
175 187 164
187 209 176
8 46 8
226 251 218
215 226 206
28 93 20
86 92 86
112 244 104
72 94 62
206 218 206
46 256 38
73 189 62
224 245 224
234 253 224
14 44 14
8 107 8
6 9 1
179 215 170
4 78 1
2 239 2
197 214 188
69 88 62
29 184 20
93 151 86
116 188 116
32 115 32
30 230 20
11 223 2
173 180 164
115 199 104
53 65 44
148 241 140
76 117 68
68 94 68
1 25 1
172 178 164
146 200 146
56 171 56
57 172 50
30 128 20
13 80 2
2 84 2
154 216 146
100 238 92
33 155 26
89 190 80
8 59 8
8 26 8
200 239 200
35 242 26
190 201 182
166 174 158
15 251 8
95 247 86
37 50 26
8 106 8
104 140 104
1 185 1
135 191 128
98 213 98
162 203 152
38 92 38
12 27 2
217 235 206
128 161 128
120 181 110
69 125 62
28 223 20
164 237 164
50 144 50
26 120 26
174 229 164
45 146 38
1 31 1
80 198 80
209 247 200
189 245 182
206 216 206
46 142 38
60 253 50
2 47 2
80 140 80
8 133 8
56 118 56
8 18 8
38 185 38
14 91 14
2 211 2
61 66 50
140 197 140
2 140 2
2 86 2
142 218 134
57 163 50
41 51 32
39 48 32
74 80 74
173 251 164
86 183 86
209 231 200
1 39 1
190 230 182
35 141 26
104 165 104
157 162 146
115 214 104
56 96 56
118 170 110
1 224 1
18 207 8
64 225 56
47 248 38
67 252 56
187 245 176
142 198 134
187 241 176
38 203 38
102 195 92
86 240 86
16 86 8
24 72 14
177 251 170
71 95 62
2 40 2
22 195 14
47 188 38
144 208 134
184 249 176
190 200 182
126 237 116
56 108 56
190 228 182
194 226 194
51 144 44
143 201 134
213 227 206
5 158 1
80 126 80
51 151 44
21 215 14
216 255 206
142 234 134
103 200 92
89 170 80
33 202 26
14 157 14
38 67 38
54 168 44
75 146 68
96 236 86
104 226 104
86 186 86
177 233 170
133 196 122
23 151 14
187 222 176
44 240 44
201 249 194
179 209 170
6 115 1
29 246 20
15 225 8
141 229 134
177 192 170
1 90 1
155 187 146
16 122 8
38 145 38
14 147 14
20 117 20
207 248 200
102 162 92
61 205 50
169 195 158
14 163 14
165 235 158
136 149 128
137 226 128
59 64 50
104 169 104
10 73 2
126 217 116
74 198 74
164 179 164
8 73 8
152 174 152
66 132 56
95 99 86
11 92 2
125 189 116
28 188 20
115 127 104
8 118 8
47 192 38
40 255 32
70 208 62
178 253 170
25 196 14
126 250 116
92 133 92
44 69 44
38 80 38
144 148 134
237 243 230
55 117 44
173 186 164
2 23 2
108 230 98
84 172 74
229 235 218
136 161 128
212 248 212
110 204 110
113 149 104
88 133 80
202 240 194
64 194 56
169 240 158
66 243 56
122 152 122
81 128 74
53 142 44
128 142 128
1 18 1
122 206 122
94 230 86
27 136 20
104 148 104
123 210 116
164 218 164
172 186 164
86 125 86
45 71 38
89 169 80
58 193 50
6 158 1
32 163 32
64 202 56
121 143 110
10 66 2
162 186 152
22 32 14
144 177 134
50 160 50
20 52 20
14 99 14
156 214 146
105 138 98
33 256 26
44 163 44
164 176 164
141 200 134
92 232 92
38 122 38
162 168 152
44 127 44
147 193 140
28 164 20
65 217 56
65 205 56
1 88 1
111 192 104
50 80 50
86 188 86
27 244 20
170 221 170
30 225 20
1 87 1
97 231 86
154 202 146
71 115 62
105 127 98
74 176 74
86 159 86
86 177 86
56 101 56
205 250 194
68 124 68
85 128 74
212 252 212
2 13 2
37 125 26
98 248 98
153 174 146
190 206 182
26 226 26
38 103 38
176 214 176
72 133 62
205 221 194
14 67 14
68 154 68
14 239 14
118 155 110
169 247 158
157 217 146
44 169 44
215 240 206
50 170 50
39 154 32
135 220 128
222 249 212
218 247 218
98 203 98
20 53 20
68 140 68
52 95 44
56 130 56
27 93 20
89 173 80
50 188 50
49 125 38
44 95 44
74 160 74
78 249 68
1 131 1
141 157 134
128 174 128
75 216 68
50 100 50
124 167 116
60 165 50
6 100 1
87 182 80
25 180 14
185 243 176
101 218 92
56 143 56
161 203 152
151 189 140
82 210 74
158 235 158
208 216 200
212 238 212
216 225 206
50 118 50
230 236 230
102 137 92
236 248 236
99 108 92
8 223 8
62 121 62
10 14 2
172 183 164
32 205 32
56 193 56
31 210 20
99 239 92
51 224 44
96 225 86
70 195 62
56 79 56
12 221 2
2 160 2
43 93 32
188 223 188
44 103 44
8 49 8
103 202 92
92 142 92
83 133 74
136 190 128
122 161 122
155 169 146
122 207 122
44 223 44
29 38 20
150 185 140
71 139 62
13 173 2
62 199 62
104 194 104
110 230 110
191 199 182
59 166 50
58 127 50
20 125 20
80 145 80
25 189 14
152 221 152
40 78 32
9 64 2
128 136 128
47 121 38
122 189 122
19 248 8
19 71 8
68 115 68
48 96 38
38 101 38
101 256 92
75 158 68
246 250 236
74 248 74
136 250 128
173 204 164
246 255 236
211 229 200
28 207 20
166 245 158
79 251 68
19 94 8
14 195 14
56 115 56
66 70 56
15 90 8
102 114 92
189 231 182
213 226 206
205 223 194
70 172 62
31 50 20
104 224 104
68 97 68
45 226 38
47 149 38
116 211 116
164 190 164
71 96 62
134 235 134
29 150 20
20 47 20
39 213 32
46 189 38
165 210 158
47 163 38
7 58 1
26 121 26
50 63 50
116 242 116
114 183 104
157 234 146
183 192 176
149 174 140
44 220 44
88 240 80
78 95 68
92 200 92
22 132 14
222 250 212
30 176 20
95 186 86
19 79 8
39 241 32
110 138 110
50 172 50
94 185 86
134 243 134
71 109 62
120 123 110
86 115 86
133 251 122
157 193 146
16 23 8
126 230 116
40 137 32
65 76 56
86 111 86
38 108 38
250 256 242
8 136 8
219 229 212
4 166 1
71 164 62
11 255 2
14 124 14
214 252 206
66 72 56
91 160 80
74 147 74
116 163 116
149 208 140
240 256 230
125 128 116
31 236 20
40 245 32
32 57 32
176 219 176
86 164 86
14 77 14
169 235 158
180 205 170
34 200 26
17 242 8
110 244 110
2 248 2
133 147 122
101 117 92
49 167 38
126 165 116
158 218 158
153 204 146
106 153 98
138 167 128
178 200 170
111 130 104
50 245 50
9 215 2
77 103 68
98 187 98
92 242 92
127 231 116
41 186 32
244 250 236
188 221 188
6 28 1
126 146 116
61 81 50
38 186 38
32 84 32
98 117 98
68 170 68
185 244 176
239 255 230
205 226 194
139 189 128
46 143 38
97 168 86
96 221 86
8 77 8
29 199 20
69 171 62
88 248 80
188 225 188
14 66 14
26 37 26
174 184 164
3 175 1
79 228 68
14 24 14
122 168 122
150 173 140
101 118 92
37 107 26
247 248 236
121 165 110
240 253 230
241 251 230
135 184 128
21 95 14
67 188 56
251 256 242
66 165 56
62 91 62
13 245 2
143 242 134
196 226 188
103 180 92
32 118 32
126 226 116
179 199 170
108 238 98
100 115 92
28 140 20
30 197 20
82 134 74
30 214 20
55 154 44
71 105 62
21 105 14
117 213 110
55 204 44
42 167 32
110 155 110
55 150 44
2 104 2
130 167 122
32 132 32
2 73 2
112 198 104
55 196 44
197 245 188
114 172 104
177 183 170
20 225 20
31 152 20
58 239 50
102 144 92
139 228 128
8 176 8
53 108 44
62 111 62
39 198 32
202 221 194
90 248 80
98 110 98
194 216 194
67 174 56
110 122 110
114 120 104
14 34 14
45 244 38
14 230 14
108 160 98
21 220 14
178 233 170
89 223 80
25 35 14
74 235 74
219 242 212
24 154 14
30 145 20
16 150 8
191 202 182
176 255 176
80 93 80
78 100 68
39 102 32
63 199 56
108 131 98
104 110 104
79 235 68
2 51 2
23 91 14
137 250 128
2 106 2
50 94 50
171 224 164
80 118 80
101 245 92
6 133 1
92 154 92
119 242 110
14 140 14
25 108 14
123 202 116
26 51 26
2 38 2
26 204 26
20 44 20
243 256 236
26 238 26
160 174 152
39 73 32
8 27 8
86 179 86
38 223 38
168 202 158
12 23 2
11 144 2
52 120 44
38 247 38
156 241 146
94 150 86
174 234 164
166 172 158
2 64 2
79 186 68
121 178 110
28 96 20
121 243 110
109 132 98
165 182 158
31 140 20
86 244 86
44 237 44
5 230 1
76 207 68
26 102 26
77 85 68
78 86 68
40 142 32
36 106 26
122 228 122
142 253 134
6 168 1
45 240 38
66 131 56
16 218 8
141 218 134
26 128 26
119 223 110
91 116 80
66 229 56
1 240 1
125 139 116
170 244 170
57 233 50
38 75 38
133 142 122
108 243 98
218 251 218
99 186 92
6 147 1
240 242 230
116 130 116
62 223 62
176 205 176
44 115 44
87 104 80
179 189 170
141 154 134
25 188 14
96 249 86
141 159 134
140 187 140
66 110 56
164 233 164
122 240 122
128 215 128
196 245 188
8 180 8
80 172 80
231 243 224
122 156 122
4 142 1
14 27 14
28 226 20
69 128 62
93 121 86
21 30 14
26 199 26
208 222 200
14 156 14
164 174 164
210 247 200
50 247 50
233 240 224
86 114 86
143 171 134
60 186 50
105 189 98
188 256 188
169 181 158
64 212 56
14 92 14
8 105 8
31 243 20
3 200 1
60 160 50
173 205 164
14 83 14
181 184 170
14 56 14
20 69 20
20 149 20
5 180 1
140 219 140
38 115 38
19 244 8
131 148 122
53 128 44
94 189 86
98 127 98
32 164 32
162 198 152
68 114 68
11 18 2
56 146 56
210 245 200
14 100 14
90 195 80
38 62 38
1 68 1
140 222 140
14 180 14
47 152 38
57 247 50
50 106 50
117 224 110
49 70 38
27 151 20
65 129 56
69 106 62
47 106 38
30 240 20
4 249 1
49 74 38
106 168 98
203 228 194
6 48 1
118 198 110
32 111 32
15 35 8
86 152 86
110 223 110
44 227 44
2 219 2
113 161 104
116 180 116
98 158 98
112 147 104
56 216 56
27 155 20
9 73 2
105 207 98
82 240 74
108 111 98
48 74 38
76 245 68
14 28 14
92 116 92
124 143 116
14 59 14
135 201 128
59 65 50
149 242 140
7 180 1
152 253 152
7 111 1
74 251 74
14 57 14
92 102 92
6 229 1
66 167 56
173 245 164
110 222 110
75 223 68
73 247 62
13 71 2
98 109 98
152 213 152
23 57 14
39 204 32
38 131 38
134 178 134
44 79 44
12 114 2
25 134 14
3 157 1
72 245 62
5 160 1
115 147 104
61 148 50
10 207 2
82 163 74
152 205 152
235 245 224
40 45 32
244 253 236
111 169 104
102 109 92
89 204 80
44 66 44
9 205 2
2 193 2
7 108 1
43 78 32
74 92 74
24 235 14
109 198 98
143 170 134
56 93 56
64 169 56
18 222 8
116 164 116
66 128 56
111 196 104
108 177 98
120 251 110
102 231 92
38 63 38
129 139 122
62 170 62
222 252 212
98 205 98
137 146 128
183 236 176
131 162 122
167 236 158
97 184 86
16 105 8
134 174 134
76 135 68
164 217 164
36 178 26
171 243 164
7 35 1
226 232 218
8 101 8
43 137 32
44 85 44
138 197 128
72 157 62
74 144 74
37 226 26
220 234 212
9 123 2
88 224 80
178 221 170
104 146 104
46 200 38
1 142 1
225 234 218
175 191 164
129 138 122
95 170 86
133 135 122
62 188 62
68 93 68
74 249 74
2 232 2
64 141 56
52 155 44
80 186 80
11 40 2
95 199 86
32 178 32
194 229 194
5 225 1
114 242 104
48 195 38
13 196 2
111 122 104
94 98 86
91 195 80
86 162 86
14 22 14
122 159 122
77 144 68
193 208 182
83 137 74
101 199 92
62 173 62
26 109 26
68 229 68
89 219 80
197 247 188
19 69 8
31 186 20
77 209 68
131 192 122
10 147 2
32 150 32
36 202 26
63 116 56
178 225 170
35 61 26
175 205 164
217 223 206
65 136 56
56 127 56
117 147 110
164 222 164
13 206 2
15 156 8
44 213 44
58 112 50
181 199 170
214 241 206
26 137 26
8 38 8
131 160 122
77 108 68
164 256 164
191 194 182
36 131 26
35 188 26
18 30 8
183 220 176
99 232 92
38 110 38
208 251 200
97 137 86
21 111 14
92 157 92
182 232 182
92 113 92
4 242 1
146 228 146
242 249 242
38 124 38
54 180 44
31 78 20
62 140 62
31 200 20
160 195 152
214 248 206
26 35 26
48 236 38
12 186 2
92 185 92
79 104 68
50 153 50
13 62 2
138 246 128
13 74 2
103 186 92
39 233 32
8 206 8
159 212 152
29 219 20
89 100 80
56 180 56
128 164 128
153 205 146
38 138 38
52 212 44
156 239 146
151 230 140
92 123 92
24 64 14
8 193 8
80 233 80
143 204 134
58 100 50
234 240 224
239 243 230
110 205 110
17 38 8
80 189 80
50 169 50
26 75 26
231 256 224
117 169 110
164 189 164
8 57 8
231 247 224
62 161 62
216 226 206
26 112 26
60 125 50
22 48 14
12 123 2
80 161 80
18 234 8
70 129 62
13 99 2
172 220 164
136 218 128
61 136 50
47 217 38
21 94 14
216 230 206
46 147 38
160 187 152
142 242 134
147 194 140
80 106 80
188 209 188
180 189 170
8 60 8
140 165 140
166 224 158
140 183 140
117 227 110
139 237 128
14 151 14
82 164 74
110 125 110
55 221 44
136 237 128
161 227 152
91 127 80
75 229 68
106 192 98
182 204 182
86 130 86
173 209 164
177 249 170
50 180 50
2 148 2
190 204 182
201 230 194
219 230 212
55 107 44
32 249 32
125 197 116
76 228 68
128 214 128
46 211 38
46 192 38
41 226 32
4 180 1
17 220 8
70 101 62
158 228 158
11 186 2
129 207 122
110 193 110
20 193 20
29 202 20
15 205 8
158 240 158
144 163 134
96 212 86
21 112 14
132 211 122
145 155 134
208 236 200
18 242 8
128 210 128
47 210 38
8 125 8
102 150 92
128 146 128
11 68 2
75 205 68
151 217 140
79 131 68
9 232 2
92 98 92
50 182 50
172 238 164
57 168 50
86 104 86
38 246 38
50 184 50
54 136 44
131 158 122
222 229 212
1 72 1
101 194 92
149 186 140
183 228 176
81 158 74
50 70 50
38 69 38
50 57 50
25 125 14
130 236 122
23 58 14
20 157 20
25 75 14
32 182 32
195 229 188
222 251 212
128 231 128
88 130 80
161 239 152
146 191 146
82 94 74
40 47 32
40 188 32
24 172 14
5 43 1
138 219 128
115 233 104
44 241 44
68 133 68
124 244 116
210 227 200
66 211 56
220 229 212
35 171 26
21 67 14
205 206 194
125 219 116
146 218 146
60 219 50
164 186 164
35 251 26
192 230 182
23 71 14
17 81 8
194 234 194
42 117 32
32 47 32
28 192 20
241 256 230
14 227 14
50 199 50
62 203 62
127 196 116
80 129 80
19 177 8
243 252 236
1 215 1
55 90 44
125 188 116
61 243 50
80 88 80
14 107 14
198 232 188
26 123 26
211 216 200
180 236 170
109 210 98
34 164 26
60 109 50
161 201 152
21 88 14
26 38 26
100 177 92
31 94 20
33 195 26
73 131 62
122 222 122
41 256 32
117 139 110
94 106 86
50 143 50
51 192 44
223 240 212
21 161 14
143 205 134
44 152 44
101 236 92
176 200 176
90 116 80
59 82 50
80 203 80
8 75 8
25 241 14
80 123 80
12 128 2
222 235 212
1 12 1
1 45 1
123 247 116
172 221 164
152 169 152
113 242 104
15 110 8
14 234 14
63 85 56
7 46 1
115 216 104
107 116 98
135 212 128
87 124 80
60 152 50
33 82 26
51 70 44
86 246 86
105 200 98
79 148 68
142 212 134
218 225 218
146 199 146
70 93 62
68 164 68
176 210 176
97 112 86
85 104 74
149 209 140
88 255 80
31 137 20
213 228 206
40 72 32
7 199 1
20 200 20
53 235 44
36 146 26
159 235 152
20 87 20
125 233 116
16 220 8
38 79 38
55 247 44
122 169 122
163 180 152
167 191 158
80 148 80
14 142 14
137 165 128
63 133 56
2 208 2
158 249 158
84 232 74
94 156 86
26 92 26
209 256 200
16 193 8
8 168 8
217 227 206
95 128 86
99 104 92
35 97 26
31 220 20
74 85 74
32 143 32
227 253 218
128 145 128
45 120 38
92 151 92
129 221 122
50 73 50
134 226 134
86 166 86
68 147 68
56 147 56
85 180 74
100 161 92
179 217 170
142 169 134
188 235 188
47 70 38
65 230 56
1 159 1
4 74 1
20 140 20
114 171 104
35 170 26
14 54 14
6 182 1
87 197 80
28 198 20
77 102 68
10 203 2
106 176 98
32 45 32
1 6 1
1 49 1
68 182 68
152 166 152
81 101 74
164 210 164
168 233 158
2 252 2
82 119 74
66 192 56
152 183 152
45 84 38
7 249 1
137 211 128
115 255 104
158 225 158
159 237 152
184 233 176
14 171 14
87 165 80
5 124 1
186 218 176
130 235 122
195 209 188
2 196 2
42 133 32
16 136 8
138 142 128
50 228 50
20 26 20
50 205 50
130 164 122
16 194 8
171 181 164
86 209 86
25 98 14
136 171 128
162 169 152
4 248 1
99 142 92
51 78 44
170 184 170
74 203 74
145 156 134
171 249 164
74 100 74
2 222 2
199 252 188
185 192 176
12 140 2
13 208 2
71 77 62
146 224 146
33 60 26
144 167 134
90 202 80
232 251 224
100 125 92
204 253 194
60 206 50
8 56 8
140 156 140
101 205 92
35 185 26
132 220 122
134 219 134
20 248 20
158 204 158
52 231 44
83 153 74
62 234 62
54 240 44
200 235 200
225 252 218
27 62 20
185 219 176
66 206 56
92 248 92
167 226 158
167 245 158
80 100 80
117 162 110
20 172 20
165 223 158
103 166 92
219 239 212
90 208 80
60 197 50
116 152 116
4 36 1
50 71 50
150 181 140
196 211 188
65 108 56
114 179 104
72 127 62
156 223 146
10 215 2
93 242 86
86 134 86
208 234 200
210 240 200
98 206 98
69 252 62
80 187 80
28 149 20
136 173 128
184 215 176
32 55 32
35 149 26
98 209 98
241 248 230
5 245 1
95 122 86
74 247 74
56 136 56
15 231 8
108 201 98
118 136 110
70 152 62
124 196 116
32 241 32
29 103 20
53 154 44
22 74 14
85 198 74
134 249 134
144 224 134
232 240 224
62 215 62
39 239 32
51 182 44
12 40 2
113 156 104
21 174 14
183 247 176
90 231 80
20 63 20
166 208 158
68 78 68
122 229 122
13 246 2
116 175 116
73 161 62
96 214 86
57 166 50
92 234 92
19 85 8
2 44 2
92 127 92
50 231 50
71 76 62
32 71 32
7 134 1
92 124 92
15 101 8
113 204 104
22 82 14
44 82 44
67 68 56
159 167 152
80 169 80
114 228 104
69 210 62
128 190 128
71 222 62
221 232 212
115 119 104
56 152 56
220 251 212
12 72 2
150 196 140
158 186 158
160 170 152
203 234 194
172 228 164
20 93 20
26 155 26
23 84 14
93 112 86
195 217 188
45 167 38
174 191 164
56 71 56
99 130 92
217 240 206
80 208 80
44 199 44
6 108 1
38 192 38
92 239 92
213 232 206
62 209 62
50 96 50
11 48 2
95 108 86
234 243 224
172 176 164
128 148 128
220 252 212
62 191 62
58 192 50
44 139 44
28 55 20
123 201 116
63 247 56
72 149 62
38 136 38
1 133 1
112 240 104
24 112 14
98 237 98
204 237 194
84 208 74
58 252 50
96 156 86
116 141 116
68 184 68
11 193 2
193 201 182
28 205 20
26 50 26
38 137 38
154 185 146
19 72 8
235 248 224
237 253 230
185 196 176
139 151 128
136 176 128
62 216 62
32 136 32
97 143 86
126 210 116
107 208 98
210 248 200
162 251 152
169 219 158
9 147 2
20 203 20
68 217 68
126 129 116
80 94 80
55 122 44
68 151 68
158 242 158
143 187 134
104 162 104
174 190 164
200 234 200
32 144 32
214 229 206
236 244 236
114 223 104
226 242 218
7 99 1
16 180 8
129 173 122
167 230 158
25 117 14
1 248 1
1 33 1
229 246 218
152 161 152
144 153 134
101 171 92
53 84 44
176 182 176
177 228 170
176 229 176
87 107 80
79 256 68
66 177 56
29 120 20
170 197 170
194 215 194
221 230 212
67 69 56
25 52 14
10 59 2
69 228 62
174 228 164
136 224 128
6 199 1
40 148 32
55 112 44
21 146 14
36 66 26
188 255 188
90 129 80
30 180 20
133 172 122
103 219 92
151 172 140
38 248 38
89 225 80
92 212 92
135 240 128
104 112 104
73 154 62
14 86 14
122 166 122
60 115 50
20 183 20
220 230 212
91 202 80
157 220 146
2 94 2
153 171 146
135 252 128
5 17 1
95 173 86
157 170 146
141 207 134
29 106 20
22 64 14
122 142 122
228 237 218
119 150 110
99 246 92
127 153 116
121 136 110
168 175 158
198 231 188
157 235 146
8 28 8
68 96 68
2 199 2
133 252 122
148 182 140
175 194 164
189 235 182
171 231 164
8 51 8
51 156 44
32 232 32
26 69 26
80 168 80
20 176 20
74 123 74
110 245 110
18 220 8
2 137 2
20 103 20
111 228 104
75 83 68
73 108 62
80 219 80
86 221 86
216 229 206
75 193 68
26 116 26
1 55 1
1 69 1
26 149 26
68 152 68
114 153 104
14 220 14
7 214 1
20 41 20
196 209 188
88 237 80
131 179 122
44 84 44
114 240 104
92 104 92
60 63 50
164 204 164
141 187 134
8 16 8
71 150 62
108 174 98
2 93 2
96 100 86
56 69 56
53 138 44
240 246 230
25 72 14
28 220 20
159 221 152
15 217 8
142 237 134
38 54 38
8 37 8
10 248 2
154 175 146
35 50 26
201 255 194
40 201 32
25 219 14
57 143 50
206 234 206
45 171 38
69 227 62
158 196 158
124 224 116
69 131 62
14 216 14
25 114 14
61 146 50
68 194 68
247 256 236
85 148 74
69 234 62
78 162 68
55 144 44
134 180 134
33 67 26
152 158 152
38 70 38
177 204 170
118 157 110
74 172 74
25 130 14
92 109 92
185 201 176
176 236 176
26 138 26
84 89 74
34 243 26
117 220 110
122 214 122
26 79 26
232 246 224
80 103 80
85 246 74
177 190 170
2 68 2
10 187 2
148 174 140
1 173 1
82 105 74
56 111 56
111 189 104
2 89 2
111 168 104
74 135 74
81 102 74
242 256 242
24 45 14
135 211 128
74 208 74
197 221 188
74 83 74
227 241 218
122 256 122
119 206 110
59 97 50
68 189 68
26 201 26
5 70 1
8 147 8
56 73 56
38 161 38
50 193 50
18 255 8
31 143 20
139 160 128
97 169 86
111 159 104
11 57 2
31 195 20
189 224 182
13 67 2
34 211 26
166 241 158
37 197 26
175 230 164
114 119 104
35 187 26
42 223 32
16 118 8
111 117 104
114 190 104
105 137 98
62 243 62
77 242 68
161 183 152
72 248 62
86 112 86
98 162 98
119 153 110
32 104 32
117 229 110
55 193 44
134 186 134
113 129 104
115 158 104
8 45 8
158 169 158
47 245 38
14 94 14
195 218 188
94 210 86
177 245 170
152 186 152
114 118 104
110 240 110
158 231 158
158 190 158
128 237 128
202 219 194
76 217 68
145 172 134
167 239 158
92 119 92
172 210 164
173 225 164
2 65 2
26 131 26
37 179 26
84 164 74
140 167 140
77 235 68
145 245 134
112 222 104
46 213 38
74 132 74
20 151 20
126 205 116
99 163 92
55 211 44
214 225 206
100 218 92
117 146 110
32 154 32
24 169 14
44 159 44
26 54 26
53 165 44
176 203 176
44 114 44
68 249 68
173 235 164
8 138 8
24 123 14
56 90 56
149 205 140
20 155 20
35 118 26
34 109 26
27 181 20
65 243 56
135 205 128
195 219 188
110 219 110
81 148 74
120 182 110
75 179 68
104 217 104
240 252 230
27 133 20
76 140 68
88 229 80
80 120 80
41 214 32
48 242 38
18 55 8
76 103 68
228 242 218
177 202 170
222 230 212
24 66 14
29 118 20
13 43 2
106 124 98
152 224 152
7 220 1
74 242 74
56 138 56
190 212 182
1 125 1
202 211 194
110 148 110
90 101 80
56 129 56
125 202 116
29 143 20
138 141 128
39 138 32
129 233 122
21 201 14
199 213 188
180 221 170
20 241 20
185 217 176
81 196 74
31 215 20
48 73 38
155 192 146
188 227 188
104 150 104
200 251 200
17 189 8
24 36 14
146 175 146
56 196 56
23 160 14
59 137 50
23 198 14
24 220 14
154 218 146
164 248 164
32 201 32
44 101 44
38 133 38
116 159 116
60 245 50
23 204 14
74 163 74
68 211 68
8 71 8
88 245 80
11 124 2
166 178 158
77 148 68
85 93 74
148 222 140
52 148 44
86 155 86
114 138 104
241 255 230
66 176 56
215 237 206
223 246 212
38 49 38
187 223 176
28 38 20
24 119 14
7 143 1
148 165 140
162 176 152
108 202 98
226 252 218
84 131 74
22 163 14
190 239 182
120 134 110
78 128 68
21 123 14
68 165 68
119 247 110
182 214 182
168 198 158
26 114 26
89 144 80
211 220 200
18 256 8
83 238 74
104 121 104
79 236 68
207 238 200
68 132 68
187 200 176
32 39 32
74 178 74
150 182 140
68 173 68
34 206 26
176 244 176
188 224 188
112 185 104
44 162 44
103 206 92
74 94 74
98 161 98
68 160 68
16 156 8
72 174 62
45 147 38
116 230 116
20 138 20
138 177 128
182 229 182
166 187 158
70 97 62
1 107 1
21 72 14
44 138 44
2 231 2
207 230 200
26 39 26
92 237 92
168 185 158
26 192 26
132 208 122
170 178 170
68 179 68
1 40 1
141 189 134
134 201 134
21 211 14
99 178 92
36 196 26
103 234 92
85 219 74
65 245 56
178 255 170
37 60 26
102 223 92
122 158 122
174 204 164
150 176 140
62 106 62
63 154 56
6 109 1
231 252 224
152 173 152
160 180 152
47 54 38
14 144 14
227 232 218
62 168 62
115 218 104
20 189 20
6 223 1
32 216 32
58 218 50
61 162 50
157 216 146
166 201 158
20 137 20
40 103 32
30 37 20
51 178 44
145 216 134
56 100 56
56 77 56
110 159 110
31 194 20
132 171 122
106 120 98
194 248 194
138 151 128
212 230 212
33 114 26
33 152 26
19 226 8
61 128 50
104 158 104
86 199 86
141 221 134
21 222 14
138 149 128
218 224 218
107 182 98
122 236 122
157 212 146
14 241 14
114 255 104
206 213 206
7 105 1
48 170 38
19 156 8
17 157 8
113 235 104
8 54 8
158 221 158
15 60 8
83 119 74
2 139 2
137 231 128
35 142 26
11 139 2
174 205 164
154 167 146
80 197 80
98 255 98
26 73 26
104 256 104
32 248 32
44 117 44
25 187 14
195 201 188
15 180 8
26 47 26
1 216 1
40 120 32
25 242 14
22 190 14
6 208 1
73 186 62
2 110 2
147 182 140
75 251 68
143 193 134
94 148 86
145 233 134
53 177 44
110 165 110
108 138 98
199 205 188
37 239 26
3 238 1
1 75 1
144 229 134
76 178 68
8 98 8
84 118 74
107 122 98
1 225 1
157 203 146
128 199 128
142 158 134
20 105 20
14 39 14
36 72 26
236 243 236
61 100 50
111 152 104
195 225 188
195 206 188
124 253 116
214 231 206
185 205 176
5 224 1
51 129 44
86 93 86
93 196 86
169 176 158
32 153 32
45 89 38
234 238 224
159 243 152
89 228 80
135 208 128
184 247 176
243 253 236
141 238 134
65 159 56
8 127 8
38 48 38
62 162 62
152 235 152
15 104 8
164 185 164
23 89 14
137 203 128
86 145 86
108 162 98
56 219 56
76 190 68
213 223 206
21 164 14
21 170 14
130 163 122
152 217 152
204 231 194
1 149 1
95 157 86
32 174 32
10 68 2
85 251 74
134 199 134
205 219 194
152 248 152
74 209 74
44 76 44
84 221 74
239 256 230
61 228 50
81 147 74
229 231 218
132 142 122
79 149 68
184 242 176
54 189 44
127 211 116
141 252 134
37 65 26
21 137 14
146 234 146
121 172 110
158 212 158
193 203 182
46 170 38
27 211 20
221 255 212
126 141 116
22 178 14
34 77 26
113 214 104
125 242 116
134 188 134
55 161 44
44 83 44
76 247 68
169 237 158
155 214 146
146 237 146
85 90 74
10 158 2
83 195 74
25 136 14
201 250 194
65 116 56
56 84 56
131 241 122
44 88 44
16 52 8
43 175 32
174 177 164
36 94 26
208 228 200
41 253 32
160 251 152
76 87 68
3 151 1
186 226 176
63 73 56
44 243 44
20 190 20
17 21 8
140 217 140
127 227 116
122 190 122
38 171 38
95 252 86
1 53 1
232 253 224
20 153 20
178 210 170
9 27 2
112 183 104
65 194 56
82 122 74
120 197 110
153 232 146
25 158 14
157 159 146
87 150 80
184 192 176
32 86 32
73 74 62
153 162 146
141 160 134
19 163 8
84 137 74
179 249 170
36 148 26
68 113 68
146 164 146
149 239 140
104 152 104
231 238 224
151 199 140
36 150 26
15 70 8
14 101 14
92 121 92
8 34 8
130 189 122
52 169 44
44 74 44
84 246 74
110 154 110
109 249 98
78 211 68
26 33 26
122 149 122
79 180 68
232 248 224
7 138 1
62 97 62
132 233 122
97 145 86
71 103 62
91 137 80
32 123 32
23 162 14
120 238 110
68 128 68
80 102 80
51 73 44
56 116 56
6 107 1
74 150 74
142 220 134
67 220 56
11 228 2
56 125 56
137 253 128
163 239 152
138 163 128
88 110 80
8 151 8
20 62 20
109 228 98
65 206 56
202 241 194
55 239 44
40 128 32
95 238 86
32 141 32
227 244 218
79 125 68
61 210 50
50 101 50
95 216 86
110 131 110
115 165 104
82 219 74
122 225 122
191 255 182
8 43 8
24 26 14
59 210 50
151 229 140
163 255 152
14 115 14
39 190 32
104 125 104
168 183 158
20 85 20
85 117 74
57 187 50
94 243 86
29 175 20
33 77 26
30 242 20
157 255 146
111 138 104
88 125 80
198 201 188
3 61 1
65 93 56
83 231 74
80 207 80
2 14 2
168 186 158
20 66 20
21 91 14
20 211 20
37 53 26
157 248 146
70 144 62
179 251 170
16 131 8
51 102 44
189 242 182
21 234 14
208 218 200
147 156 140
130 198 122
160 175 152
64 227 56
62 75 62
60 71 50
25 144 14
32 48 32
64 195 56
74 84 74
116 185 116
1 61 1
194 221 194
86 215 86
11 96 2
68 171 68
14 118 14
101 160 92
38 213 38
103 104 92
88 251 80
136 189 128
68 252 68
62 105 62
128 172 128
94 101 86
32 222 32
120 164 110
37 229 26
68 180 68
18 129 8
194 252 194
237 251 230
153 211 146
22 90 14
195 252 188
158 187 158
10 240 2
126 243 116
10 23 2
182 188 182
108 156 98
9 93 2
108 196 98
92 131 92
20 61 20
182 225 182
76 146 68
226 241 218
193 249 182
74 95 74
26 183 26
166 202 158
74 186 74
108 115 98
82 212 74
20 235 20
22 79 14
190 224 182
53 89 44
38 66 38
63 248 56
62 242 62
24 50 14
115 248 104
111 120 104
156 188 146
73 92 62
24 218 14
134 169 134
65 199 56
74 231 74
219 252 212
132 175 122
168 232 158
115 178 104
76 194 68
126 131 116
218 239 218
8 66 8
47 137 38
69 133 62
90 119 80
183 245 176
105 150 98
116 253 116
87 177 80
75 157 68
113 255 104
33 196 26
68 161 68
5 187 1
73 204 62
20 92 20
70 103 62
24 90 14
85 191 74
9 200 2
51 179 44
212 243 212
126 222 116
51 225 44
154 189 146
149 167 140
53 232 44
68 111 68
97 116 86
20 148 20
39 90 32
110 220 110
210 213 200
13 218 2
213 242 206
62 141 62
114 159 104
107 198 98
52 68 44
117 248 110
26 76 26
31 97 20
26 216 26
242 250 242
160 172 152
74 171 74
64 119 56
13 37 2
61 167 50
89 177 80
154 158 146
147 238 140
50 168 50
101 156 92
59 110 50
20 88 20
110 224 110
71 214 62
49 244 38
164 202 164
78 163 68
211 227 200
23 243 14
52 131 44
171 244 164
49 150 38
67 246 56
110 117 110
61 181 50
1 67 1
60 154 50
81 123 74
37 84 26
136 238 128
114 173 104
243 249 236
87 243 80
99 242 92
109 195 98
142 160 134
68 172 68
156 168 146
15 113 8
21 81 14
211 243 200
10 119 2
139 201 128
138 158 128
142 209 134
11 214 2
175 243 164
12 60 2
60 132 50
176 222 176
221 227 212
49 224 38
225 243 218
103 179 92
15 148 8
174 235 164
22 216 14
220 256 212
44 179 44
211 247 200
4 232 1
132 201 122
77 107 68
117 246 110
50 97 50
48 161 38
196 246 188
177 209 170
21 173 14
32 51 32
115 117 104
22 177 14
137 256 128
86 228 86
54 253 44
15 255 8
19 27 8
60 191 50
184 209 176
34 117 26
34 173 26
17 224 8
62 201 62
202 220 194
155 231 146
208 246 200
8 93 8
80 130 80
110 136 110
204 222 194
44 87 44
229 256 218
227 248 218
65 203 56
152 159 152
91 128 80
78 250 68
88 186 80
14 69 14
122 154 122
66 102 56
121 182 110
59 185 50
29 35 20
55 57 44
230 247 230
184 210 176
54 247 44
153 231 146
46 146 38
165 234 158
19 67 8
155 216 146
109 240 98
68 203 68
20 74 20
133 200 122
18 94 8
101 191 92
235 241 224
70 203 62
210 252 200
25 171 14
156 255 146
66 73 56
22 208 14
180 210 170
133 156 122
46 113 38
142 192 134
27 189 20
102 239 92
1 155 1
113 201 104
167 237 158
17 95 8
86 210 86
14 121 14
190 218 182
98 143 98
111 215 104
78 209 68
145 227 134
2 151 2
95 185 86
113 210 104
138 205 128
203 225 194
39 253 32
31 144 20
85 144 74
9 58 2
32 124 32
20 185 20
26 215 26
224 238 224
117 165 110
194 204 194
130 192 122
95 223 86
126 225 116
220 253 212
198 242 188
146 173 146
70 175 62
113 138 104
127 146 116
13 35 2
19 59 8
101 230 92
52 136 44
131 234 122
138 171 128
204 230 194
11 17 2
1 102 1
4 8 1
125 225 116
62 236 62
38 214 38
16 127 8
32 90 32
94 166 86
79 112 68
56 249 56
90 172 80
89 184 80
13 52 2
19 171 8
4 213 1
59 102 50
102 198 92
89 183 80
21 42 14
65 221 56
134 142 134
52 135 44
52 188 44
194 256 194
163 235 152
35 152 26
8 52 8
146 195 146
104 237 104
51 139 44
50 164 50
18 210 8
159 238 152
189 237 182
101 177 92
28 39 20
13 144 2
193 248 182
10 149 2
182 212 182
1 239 1
80 160 80
5 171 1
1 177 1
97 151 86
10 190 2
32 228 32
28 67 20
56 65 56
26 96 26
106 221 98
86 103 86
56 218 56
128 184 128
88 178 80
118 158 110
1 110 1
47 122 38
79 190 68
47 55 38
107 223 98
22 85 14
134 221 134
201 227 194
226 248 218
9 158 2
107 144 98
32 112 32
144 233 134
50 219 50
21 155 14
187 195 176
14 61 14
111 198 104
1 63 1
215 239 206
105 196 98
34 219 26
169 205 158
175 221 164
44 216 44
94 184 86
144 218 134
140 188 140
106 181 98
86 157 86
139 147 128
48 151 38
177 230 170
163 167 152
135 255 128
75 235 68
187 208 176
120 148 110
136 178 128
101 238 92
111 205 104
61 182 50
50 92 50
52 196 44
1 119 1
32 38 32
64 238 56
62 116 62
23 149 14
123 252 116
28 63 20
182 209 182
133 210 122
199 223 188
22 244 14
153 207 146
176 239 176
120 157 110
84 132 74
73 173 62
173 223 164
180 206 170
89 238 80
10 45 2
88 127 80
31 99 20
84 252 74
126 203 116
8 200 8
103 226 92
2 36 2
151 208 140
2 183 2
19 242 8
77 245 68
101 135 92
130 145 122
181 204 170
37 142 26
119 214 110
50 76 50
36 63 26
79 249 68
68 239 68
155 223 146
56 178 56
19 26 8
67 213 56
206 225 206
155 218 146
66 151 56
102 170 92
25 155 14
94 151 86
15 197 8
123 170 116
17 183 8
26 189 26
125 154 116
58 148 50
161 222 152
51 249 44
120 138 110
121 225 110
108 164 98
24 213 14
74 192 74
80 151 80
32 108 32
14 202 14
59 138 50
132 200 122
26 243 26
114 156 104
194 255 194
211 248 200
116 155 116
200 221 200
136 204 128
150 195 140
138 208 128
128 178 128
148 220 140
51 240 44
175 235 164
32 69 32
128 192 128
112 194 104
175 176 164
85 201 74
77 147 68
195 248 188
174 250 164
59 123 50
131 213 122
63 171 56
112 127 104
3 158 1
45 61 38
49 233 38
60 185 50
70 255 62
15 57 8
43 79 32
1 21 1
196 219 188
74 106 74
58 223 50
191 252 182
77 216 68
2 109 2
134 192 134
118 251 110
151 218 140
38 105 38
62 96 62
209 217 200
32 155 32
174 238 164
200 230 200
62 174 62
50 91 50
54 245 44
70 211 62
25 103 14
86 128 86
209 226 200
134 229 134
45 73 38
150 256 140
42 177 32
57 121 50
122 208 122
182 189 182
165 256 158
134 154 134
39 158 32
141 147 134
47 118 38
98 217 98
85 225 74
74 202 74
225 251 218
26 81 26
165 247 158
135 218 128
110 167 110
81 160 74
101 243 92
155 251 146
98 134 98
17 226 8
31 116 20
67 122 56
134 187 134
62 144 62
47 64 38
210 225 200
196 256 188
233 242 224
190 243 182
128 198 128
198 200 188
218 228 218
1 64 1
92 202 92
114 199 104
156 208 146
2 35 2
5 223 1
8 149 8
133 169 122
113 223 104
182 227 182
113 134 104
2 165 2
113 212 104
172 209 164
92 182 92
68 149 68
1 217 1
42 153 32
73 163 62
170 176 170
109 256 98
120 201 110
174 237 164
154 194 146
20 75 20
187 244 176
192 211 182
165 214 158
71 255 62
23 208 14
197 236 188
146 171 146
155 243 146
63 155 56
18 26 8
80 159 80
26 181 26
78 247 68
14 150 14
66 130 56
168 223 158
151 182 140
157 256 146
142 205 134
82 87 74
100 157 92
80 133 80
27 223 20
86 124 86
33 203 26
126 157 116
130 222 122
126 151 116
1 255 1
93 223 86
170 208 170
66 195 56
31 176 20
143 194 134
57 70 50
6 166 1
132 203 122
29 132 20
138 173 128
58 132 50
41 127 32
56 225 56
118 223 110
44 188 44
69 244 62
146 152 146
194 213 194
219 256 212
154 200 146
158 244 158
24 74 14
211 236 200
211 253 200
161 215 152
150 213 140
61 129 50
8 48 8
115 155 104
56 112 56
84 234 74
120 187 110
160 207 152
24 68 14
68 163 68
116 122 116
172 179 164
41 88 32
156 159 146
56 87 56
21 34 14
177 222 170
233 241 224
99 223 92
32 189 32
55 228 44
79 188 68
68 214 68
98 166 98
107 118 98
68 110 68
203 210 194
64 149 56
188 231 188
68 222 68
198 205 188
8 117 8
56 66 56
219 236 212
102 246 92
1 84 1
230 256 230
130 223 122
5 141 1
146 230 146
181 206 170
110 174 110
68 112 68
145 182 134
205 249 194
80 101 80
36 141 26
78 101 68
27 233 20
155 256 146
140 224 140
70 192 62
223 226 212
132 135 122
184 218 176
21 84 14
200 246 200
161 206 152
135 202 128
88 161 80
133 244 122
144 244 134
146 217 146
19 58 8
62 227 62
19 253 8
140 250 140
132 218 122
123 203 116
71 250 62
9 51 2
39 147 32
57 236 50
30 232 20
62 157 62
144 213 134
134 202 134
104 151 104
37 58 26
100 248 92
128 193 128
2 50 2
26 170 26
31 56 20
146 165 146
154 229 146
1 48 1
14 192 14
82 223 74
130 138 122
226 233 218
4 48 1
140 146 140
37 72 26
70 181 62
79 215 68
3 125 1
122 233 122
235 240 224
31 255 20
166 177 158
91 159 80
168 188 158
215 224 206
38 52 38
140 201 140
217 253 206
104 248 104
152 252 152
175 212 164
152 237 152
95 102 86
39 45 32
127 171 116
150 155 140
161 220 152
42 111 32
124 223 116
14 84 14
74 174 74
104 231 104
92 136 92
1 104 1
104 209 104
110 129 110
42 231 32
140 193 140
68 210 68
83 163 74
244 252 236
101 125 92
18 85 8
120 166 110
93 132 86
178 185 170
50 114 50
124 147 116
56 172 56
126 180 116
14 40 14
31 193 20
52 195 44
50 212 50
212 234 212
48 80 38
67 86 56
106 194 98
21 203 14
43 229 32
81 173 74
88 176 80
137 188 128
77 253 68
66 106 56
85 108 74
29 201 20
85 187 74
5 216 1
64 122 56
8 188 8
50 138 50
57 176 50
70 218 62
145 200 134
98 152 98
38 167 38
53 113 44
86 251 86
68 103 68
119 212 110
122 244 122
12 234 2
168 239 158
14 127 14
100 214 92
84 119 74
134 161 134
216 243 206
168 181 158
80 195 80
229 238 218
67 160 56
187 217 176
170 250 170
98 136 98
223 244 212
58 116 50
206 231 206
181 227 170
88 160 80
33 107 26
34 131 26
110 231 110
104 134 104
122 187 122
18 156 8
166 221 158
33 117 26
18 68 8
87 204 80
100 223 92
43 58 32
39 101 32
31 183 20
74 213 74
84 173 74
113 237 104
50 137 50
198 218 188
146 157 146
17 232 8
3 48 1
76 181 68
47 91 38
218 242 218
44 229 44
53 85 44
59 113 50
165 195 158
62 77 62
104 115 104
19 175 8
75 162 68
148 196 140
139 185 128
42 95 32
10 98 2
14 179 14
111 136 104
2 135 2
72 211 62
44 238 44
201 214 194
148 185 140
44 201 44
30 218 20
19 137 8
46 117 38
4 179 1
44 198 44
65 107 56
74 155 74
200 237 200
204 219 194
48 156 38
80 91 80
3 139 1
199 208 188
68 148 68
113 144 104
20 54 20
132 162 122
13 83 2
121 166 110
153 178 146
15 241 8
8 53 8
140 185 140
69 190 62
85 119 74
36 101 26
153 253 146
166 196 158
50 223 50
170 212 170
52 141 44
20 99 20
115 139 104
239 246 230
62 72 62
170 248 170
155 220 146
49 133 38
97 230 86
13 92 2
167 179 158
133 150 122
125 177 116
166 246 158
88 162 80
84 249 74
208 250 200
90 222 80
2 230 2
49 105 38
125 230 116
74 220 74
1 202 1
100 235 92
138 182 128
32 44 32
53 129 44
89 213 80
55 147 44
78 150 68
86 95 86
153 213 146
104 249 104
68 156 68
121 249 110
62 189 62
104 188 104
80 204 80
128 239 128
162 177 152
130 200 122
128 217 128
143 250 134
237 246 230
51 135 44
144 202 134
64 83 56
116 157 116
1 146 1
32 247 32
24 231 14
15 201 8
104 185 104
32 79 32
208 214 200
26 108 26
92 144 92
226 243 218
188 203 188
78 197 68
120 236 110
59 164 50
74 169 74
53 99 44
45 251 38
65 104 56
74 134 74
145 194 134
32 52 32
83 216 74
52 230 44
177 226 170
48 53 38
8 86 8
216 250 206
123 246 116
203 244 194
148 233 140
117 243 110
227 240 218
75 197 68
126 247 116
130 237 122
4 22 1
90 189 80
134 159 134
79 134 68
183 239 176
157 215 146
38 98 38
84 150 74
65 255 56
2 153 2
212 255 212
157 206 146
65 68 56
37 236 26
97 120 86
113 116 104
38 68 38
13 233 2
92 115 92
86 211 86
10 67 2
88 211 80
181 248 170
95 232 86
56 140 56
50 156 50
20 122 20
228 232 218
96 115 86
1 54 1
92 103 92
20 175 20
74 145 74
2 238 2
204 225 194
141 156 134
101 123 92
118 207 110
152 163 152
126 196 116
207 241 200
113 158 104
100 151 92
22 140 14
71 239 62
166 249 158
102 189 92
111 195 104
3 111 1
115 140 104
159 244 152
78 235 68
140 160 140
197 200 188
130 186 122
168 245 158
38 170 38
222 237 212
32 200 32
88 98 80
151 203 140
193 233 182
183 203 176
78 110 68
192 220 182
65 170 56
14 47 14
12 201 2
20 58 20
25 233 14
8 132 8
170 255 170
15 122 8
14 49 14
32 54 32
74 154 74
2 192 2
162 209 152
22 97 14
164 171 164
49 76 38
11 199 2
42 230 32
25 55 14
113 145 104
117 249 110
221 236 212
110 156 110
6 148 1
86 175 86
8 61 8
182 210 182
87 228 80
2 225 2
179 201 170
176 238 176
99 203 92
195 255 188
47 79 38
94 167 86
222 255 212
135 157 128
9 86 2
48 109 38
9 24 2
76 98 68
211 246 200
62 149 62
26 133 26
104 113 104
183 194 176
77 180 68
145 246 134
105 199 98
75 217 68
59 214 50
80 105 80
222 241 212
74 136 74
102 208 92
56 194 56
8 230 8
28 83 20
56 160 56
186 201 176
61 200 50
140 154 140
68 105 68
140 172 140
200 236 200
119 240 110
230 241 230
125 228 116
159 203 152
238 244 230
159 178 152
137 214 128
209 241 200
22 226 14
158 179 158
49 158 38
2 247 2
185 206 176
47 104 38
38 181 38
180 217 170
15 212 8
79 178 68
62 154 62
44 248 44
97 183 86
47 140 38
178 223 170
104 246 104
122 143 122
102 182 92
26 161 26
31 172 20
183 227 176
67 187 56
101 204 92
147 239 140
106 187 98
100 247 92
55 131 44
211 235 200
216 252 206
40 177 32
232 256 224
97 186 86
158 234 158
27 188 20
90 227 80
14 245 14
91 146 80
116 250 116
106 256 98
76 161 68
208 226 200
122 224 122
14 153 14
77 194 68
67 78 56
23 158 14
177 239 170
180 249 170
65 165 56
93 124 86
7 186 1
36 109 26
92 189 92
17 94 8
51 242 44
92 171 92
134 222 134
80 176 80
140 181 140
83 190 74
139 205 128
17 187 8
74 107 74
3 35 1
1 136 1
33 125 26
2 144 2
139 180 128
18 162 8
11 187 2
239 251 230
109 208 98
80 115 80
3 121 1
166 248 158
45 78 38
179 250 170
62 182 62
26 205 26
160 215 152
221 252 212
118 147 110
106 234 98
150 157 140
44 215 44
185 220 176
112 138 104
216 235 206
48 57 38
12 152 2
29 141 20
172 253 164
57 100 50
123 145 116
108 183 98
5 66 1
160 216 152
89 95 80
123 193 116
50 115 50
4 86 1
98 188 98
189 194 182
32 66 32
70 87 62
125 183 116
125 250 116
87 97 80
122 197 122
214 249 206
41 63 32
109 160 98
32 244 32
15 250 8
200 240 200
2 101 2
90 132 80
76 201 68
67 110 56
57 69 50
31 57 20
199 203 188
91 105 80
13 165 2
62 142 62
143 190 134
68 126 68
154 164 146
151 234 140
8 219 8
222 247 212
60 182 50
86 249 86
44 252 44
8 44 8
151 221 140
98 163 98
68 168 68
130 158 122
125 256 116
132 144 122
88 113 80
46 216 38
90 150 80
106 251 98
175 208 164
54 62 44
80 97 80
123 194 116
140 225 140
172 213 164
31 104 20
5 101 1
72 75 62
17 98 8
155 196 146
102 166 92
91 199 80
80 184 80
69 98 62
71 134 62
139 183 128
43 169 32
106 133 98
1 83 1
163 244 152
68 108 68
201 219 194
191 212 182
95 256 86
68 183 68
188 201 188
77 132 68
144 255 134
14 200 14
43 197 32
228 231 218
1 70 1
120 243 110
172 214 164
70 118 62
156 243 146
156 200 146
112 175 104
178 186 170
65 135 56
60 204 50
213 220 206
110 151 110
53 166 44
115 176 104
176 192 176
41 147 32
55 250 44
26 159 26
50 152 50
122 184 122
78 198 68
143 192 134
133 201 122
23 52 14
16 243 8
6 167 1
93 130 86
146 229 146
51 169 44
183 208 176
155 166 146
8 210 8
48 204 38
192 237 182
33 88 26
32 91 32
43 192 32
21 41 14
121 164 110
24 127 14
75 190 68
125 190 116
24 105 14
38 195 38
19 147 8
28 201 20
122 219 122
103 249 92
93 174 86
187 215 176
86 97 86
75 203 68
14 206 14
82 125 74
210 212 200
20 201 20
197 220 188
46 163 38
99 238 92
167 182 158
4 96 1
101 109 92
26 80 26
8 15 8
1 245 1
156 226 146
128 166 128
48 149 38
138 190 128
44 89 44
37 79 26
42 199 32
20 65 20
28 113 20
205 242 194
8 94 8
38 56 38
97 227 86
145 195 134
86 148 86
86 185 86
76 210 68
50 251 50
138 185 128
125 223 116
73 181 62
184 255 176
89 242 80
199 240 188
54 92 44
206 253 206
72 92 62
53 231 44
1 99 1
5 174 1
229 234 218
61 214 50
62 202 62
218 231 218
19 237 8
178 248 170
21 252 14
63 75 56
100 152 92
170 214 170
171 226 164
48 72 38
134 251 134
151 206 140
38 71 38
80 224 80
92 207 92
116 167 116
174 219 164
164 226 164
29 69 20
51 120 44
22 43 14
74 230 74
140 180 140
39 201 32
56 86 56
125 152 116
57 104 50
180 212 170
41 229 32
25 57 14
4 210 1
165 252 158
118 233 110
47 61 38
230 237 230
158 256 158
14 119 14
8 130 8
10 63 2
100 181 92
58 255 50
13 42 2
43 217 32
134 179 134
55 182 44
100 126 92
170 182 170
53 226 44
121 158 110
59 101 50
13 183 2
162 239 152
17 69 8
75 99 68
64 99 56
7 182 1
76 168 68
80 255 80
95 233 86
31 54 20
38 165 38
135 241 128
43 224 32
180 213 170
79 139 68
174 208 164
174 209 164
38 106 38
177 229 170
16 129 8
199 239 188
81 115 74
62 187 62
116 182 116
27 141 20
36 190 26
146 169 146
52 235 44
61 217 50
17 181 8
68 228 68
166 197 158
62 134 62
54 229 44
1 166 1
78 183 68
29 194 20
78 181 68
196 238 188
37 119 26
129 245 122
113 148 104
50 98 50
202 224 194
2 95 2
128 141 128
56 197 56
105 221 98
111 149 104
41 248 32
93 131 86
107 225 98
73 171 62
3 109 1
159 239 152
40 250 32
62 107 62
90 166 80
20 139 20
52 163 44
74 130 74
150 247 140
1 246 1
116 138 116
8 184 8
109 233 98
96 119 86
108 210 98
27 230 20
93 125 86
62 88 62
23 203 14
49 245 38
133 154 122
40 173 32
44 164 44
50 132 50
42 49 32
135 229 128
8 243 8
4 158 1
19 23 8
183 242 176
162 225 152
110 170 110
24 124 14
128 171 128
40 63 32
92 122 92
2 162 2
86 238 86
75 136 68
127 244 116
140 150 140
58 194 50
93 241 86
104 167 104
80 181 80
96 103 86
163 193 152
4 167 1
2 55 2
108 212 98
163 172 152
148 202 140
158 246 158
26 85 26
2 242 2
90 187 80
39 194 32
27 226 20
211 242 200
86 195 86
36 173 26
220 231 212
112 241 104
30 42 20
69 93 62
93 233 86
26 124 26
49 208 38
75 176 68
115 181 104
193 245 182
139 165 128
91 200 80
2 116 2
88 121 80
119 156 110
84 201 74
63 161 56
106 219 98
98 138 98
151 238 140
114 185 104
157 197 146
211 245 200
59 63 50
161 189 152
20 64 20
208 225 200
2 74 2
38 250 38
207 213 200
101 133 92
8 155 8
108 194 98
3 128 1
147 188 140
185 226 176
93 182 86
115 196 104
161 187 152
172 215 164
18 27 8
59 128 50
32 102 32
77 188 68
104 114 104
31 163 20
160 231 152
19 90 8
122 253 122
118 203 110
231 236 224
49 197 38
148 226 140
70 77 62
59 72 50
204 243 194
136 208 128
45 63 38
86 117 86
183 244 176
64 197 56
27 118 20
173 229 164
78 117 68
215 252 206
233 252 224
37 245 26
108 144 98
34 235 26
73 112 62
188 247 188
45 180 38
239 245 230
86 241 86
46 67 38
57 128 50
238 245 230
48 137 38
25 185 14
110 128 110
8 65 8
75 246 68
92 126 92
12 154 2
58 129 50
8 95 8
58 83 50
16 54 8
197 215 188
30 119 20
4 256 1
58 102 50
73 218 62
111 160 104
23 216 14
101 141 92
132 226 122
3 178 1
179 183 170
168 216 158
132 225 122
224 233 224
54 128 44
207 234 200
205 234 194
54 64 44
135 247 128
91 249 80
37 78 26
14 203 14
34 185 26
112 205 104
12 169 2
117 231 110
26 151 26
29 91 20
16 245 8
66 123 56
206 237 206
8 108 8
42 72 32
146 187 146
121 237 110
25 186 14
97 135 86
223 234 212
212 244 212
210 243 200
2 124 2
36 119 26
68 185 68
59 91 50
209 215 200
2 181 2
215 220 206
45 117 38
75 137 68
147 251 140
31 101 20
8 191 8
14 104 14
50 146 50
209 218 200
107 181 98
121 176 110
209 246 200
18 181 8
116 154 116
20 101 20
219 227 212
23 32 14
54 206 44
204 206 194
169 218 158
164 232 164
82 144 74
210 250 200
201 244 194
214 243 206
170 193 170
38 227 38
80 178 80
208 239 200
224 253 224
69 111 62
128 169 128
44 80 44
215 228 206
37 77 26
32 237 32
137 190 128
221 228 212
32 198 32
217 225 206
81 151 74
164 245 164
85 134 74
17 24 8
164 238 164
112 121 104
106 151 98
24 168 14
129 189 122
131 198 122
27 76 20
68 119 68
80 107 80
56 78 56
151 173 140
80 92 80
76 110 68
9 196 2
20 240 20
170 253 170
89 123 80
45 55 38
156 177 146
127 214 116
96 190 86
91 223 80
203 249 194
53 122 44
162 195 152
14 88 14
28 216 20
55 84 44
113 200 104
9 245 2
142 245 134
197 229 188
203 227 194
49 57 38
237 242 230
120 211 110
27 176 20
90 109 80
175 203 164
188 218 188
189 215 182
124 139 116
207 231 200
42 91 32
170 217 170
116 189 116
194 235 194
17 49 8
80 95 80
122 133 122
71 99 62
32 78 32
241 245 230
68 102 68
154 199 146
31 42 20
71 176 62
234 251 224
22 54 14
228 233 218
148 160 140
15 23 8
163 245 152
125 253 116
119 142 110
73 187 62
171 177 164
177 191 170
70 99 62
32 63 32
134 215 134
90 252 80
128 233 128
37 217 26
2 79 2
112 221 104
95 198 86
63 101 56
104 131 104
13 27 2
222 240 212
124 184 116
77 226 68
196 203 188
8 233 8
27 164 20
184 246 176
186 220 176
7 119 1
113 126 104
25 203 14
159 218 152
13 34 2
199 241 188
127 219 116
20 90 20
44 186 44
127 133 116
50 109 50
56 209 56
194 225 194
50 108 50
75 201 68
182 218 182
3 122 1
135 155 128
178 212 170
71 116 62
4 100 1
199 220 188
202 234 194
51 158 44
74 91 74
81 140 74
108 240 98
56 165 56
49 102 38
149 221 140
34 228 26
85 217 74
217 249 206
141 256 134
168 225 158
79 124 68
60 235 50
185 216 176
20 213 20
28 249 20
51 212 44
52 71 44
118 152 110
92 134 92
66 129 56
87 127 80
123 137 116
122 192 122
10 230 2
158 211 158
76 253 68
89 256 80
89 98 80
162 228 152
122 191 122
80 242 80
15 227 8
46 224 38
1 86 1
29 169 20
74 140 74
7 172 1
1 252 1
93 226 86
148 166 140
43 136 32
108 186 98
159 242 152
128 134 128
100 251 92
14 98 14
87 214 80
71 190 62
188 205 188
28 197 20
105 180 98
9 109 2
74 119 74
26 198 26
93 232 86
99 199 92
51 132 44
111 251 104
61 186 50
12 132 2
224 255 224
20 84 20
68 177 68
60 139 50
104 149 104
113 245 104
48 75 38
144 189 134
116 231 116
100 240 92
218 244 218
1 138 1
47 144 38
167 220 158
99 160 92
39 255 32
89 147 80
166 170 158
72 226 62
7 114 1
44 209 44
52 199 44
94 182 86
7 44 1
39 208 32
105 213 98
149 238 140
21 90 14
139 208 128
152 171 152
19 218 8
98 170 98
194 217 194
35 180 26
1 98 1
185 221 176
128 224 128
63 208 56
22 36 14
34 45 26
22 128 14
127 132 116
22 49 14
173 242 164
197 231 188
22 217 14
18 87 8
2 226 2
223 241 212
25 61 14
54 133 44
20 221 20
163 185 152
163 229 152
123 171 116
68 130 68
89 120 80
233 248 224
86 214 86
8 208 8
44 171 44
32 89 32
52 153 44
82 162 74
71 253 62
86 163 86
20 81 20
134 145 134
75 185 68
149 241 140
148 215 140
195 235 188
141 253 134
198 251 188
32 203 32
128 149 128
177 252 170
75 183 68
59 145 50
179 204 170
99 182 92
59 192 50
173 211 164
104 160 104
14 177 14
12 33 2
25 198 14
144 169 134
111 177 104
28 186 20
17 77 8
98 239 98
98 129 98
57 75 50
1 93 1
28 218 20
140 157 140
64 139 56
193 220 182
185 242 176
29 171 20
174 244 164
153 184 146
57 192 50
44 96 44
37 238 26
2 246 2
31 141 20
140 216 140
60 212 50
122 241 122
18 206 8
8 33 8
26 104 26
176 187 176
96 120 86
71 236 62
70 241 62
32 168 32
42 69 32
89 145 80
51 103 44
198 238 188
134 234 134
159 187 152
10 194 2
20 165 20
107 194 98
77 84 68
153 160 146
209 225 200
43 104 32
75 132 68
128 152 128
63 229 56
24 53 14
44 57 44
18 250 8
202 210 194
61 223 50
49 194 38
31 33 20
95 246 86
87 95 80
118 201 110
99 253 92
80 156 80
61 142 50
66 184 56
204 211 194
119 141 110
111 184 104
128 191 128
1 182 1
14 122 14
170 231 170
189 229 182
112 200 104
138 233 128
222 245 212
40 139 32
30 239 20
100 256 92
124 212 116
158 183 158
54 198 44
38 51 38
181 235 170
10 115 2
137 195 128
78 135 68
54 89 44
73 178 62
61 201 50
30 51 20
145 199 134
51 163 44
14 35 14
94 205 86
8 236 8
1 134 1
72 230 62
138 169 128
98 144 98
37 41 26
145 197 134
9 59 2
154 213 146
65 201 56
158 214 158
29 142 20
66 100 56
164 220 164
64 177 56
56 187 56
28 185 20
87 186 80
70 81 62
39 244 32
95 113 86
52 88 44
19 186 8
16 238 8
215 234 206
21 87 14
22 215 14
74 141 74
50 213 50
90 117 80
52 216 44
100 249 92
92 167 92
20 48 20
74 221 74
89 198 80
1 200 1
44 51 44
74 93 74
70 233 62
173 206 164
6 41 1
190 244 182
62 246 62
50 242 50
167 208 158
38 81 38
137 227 128
70 231 62
189 241 182
22 234 14
45 237 38
174 203 164
62 249 62
95 197 86
163 195 152
171 237 164
112 199 104
71 213 62
89 153 80
124 204 116
164 225 164
82 245 74
152 176 152
69 205 62
170 216 170
142 206 134
10 53 2
132 219 122
30 188 20
27 145 20
8 239 8
208 245 200
70 221 62
100 189 92
97 213 86
102 105 92
16 110 8
23 214 14
16 58 8
2 67 2
170 215 170
132 228 122
112 156 104
50 173 50
139 167 128
148 163 140
109 143 98
44 144 44
159 251 152
121 223 110
161 177 152
35 157 26
33 163 26
196 235 188
84 227 74
153 169 146
89 167 80
204 208 194
9 227 2
91 208 80
13 200 2
134 223 134
72 132 62
111 172 104
26 99 26
8 145 8
141 228 134
192 233 182
122 164 122
194 206 194
196 241 188
198 204 188
86 140 86
85 214 74
131 202 122
171 204 164
154 247 146
33 76 26
71 169 62
52 75 44
71 94 62
120 246 110
131 182 122
103 106 92
93 116 86
167 216 158
106 150 98
110 238 110
221 239 212
137 160 128
49 56 38
98 246 98
220 247 212
137 186 128
177 223 170
98 148 98
89 186 80
14 172 14
127 225 116
206 247 206
158 253 158
58 109 50
75 187 68
72 166 62
204 239 194
133 245 122
14 198 14
36 204 26
