128 3540
2 3 1
2 4 1
2 5 1
2 6 1
2 7 1
8 9 2
8 10 2
8 11 2
8 12 2
8 13 2
14 15 8
14 16 8
14 17 8
14 18 8
14 19 8
20 21 14
20 22 14
20 23 14
20 24 14
20 25 14
26 27 20
26 28 20
26 29 20
26 30 20
26 31 20
32 33 26
32 34 26
32 35 26
32 36 26
32 37 26
38 39 32
38 40 32
38 41 32
38 42 32
38 43 32
44 45 38
44 46 38
44 47 38
44 48 38
44 49 38
50 51 44
50 52 44
50 53 44
50 54 44
50 55 44
56 57 50
56 58 50
56 59 50
56 60 50
56 61 50
62 63 56
62 64 56
62 65 56
62 66 56
62 67 56
68 69 62
68 70 62
68 71 62
68 72 62
68 73 62
74 75 68
74 76 68
74 77 68
74 78 68
74 79 68
80 81 74
80 82 74
80 83 74
80 84 74
80 85 74
86 87 80
86 88 80
86 89 80
86 90 80
86 91 80
92 93 86
92 94 86
92 95 86
92 96 86
92 97 86
98 99 92
98 100 92
98 101 92
98 102 92
98 103 92
104 105 98
104 106 98
104 107 98
104 108 98
104 109 98
110 111 104
110 112 104
110 113 104
110 114 104
110 115 104
116 117 110
116 118 110
116 119 110
116 120 110
116 121 110
122 123 116
122 124 116
122 125 116
122 126 116
122 127 116
3 128 1
4 128 1
5 128 1
6 128 1
7 128 1
9 128 2
10 128 2
11 128 2
12 128 2
13 128 2
15 128 8
16 128 8
17 128 8
18 128 8
19 128 8
21 128 14
22 128 14
23 128 14
24 128 14
25 128 14
27 128 20
28 128 20
29 128 20
30 128 20
31 128 20
33 128 26
34 128 26
35 128 26
36 128 26
37 128 26
39 128 32
40 128 32
41 128 32
42 128 32
43 128 32
45 128 38
46 128 38
47 128 38
48 128 38
49 128 38
51 128 44
52 128 44
53 128 44
54 128 44
55 128 44
57 128 50
58 128 50
59 128 50
60 128 50
61 128 50
63 128 56
64 128 56
65 128 56
66 128 56
67 128 56
69 128 62
70 128 62
71 128 62
72 128 62
73 128 62
75 128 68
76 128 68
77 128 68
78 128 68
79 128 68
81 128 74
82 128 74
83 128 74
84 128 74
85 128 74
87 128 80
88 128 80
89 128 80
90 128 80
91 128 80
93 128 86
94 128 86
95 128 86
96 128 86
97 128 86
99 128 92
100 128 92
101 128 92
102 128 92
103 128 92
105 128 98
106 128 98
107 128 98
108 128 98
109 128 98
111 128 104
112 128 104
113 128 104
114 128 104
115 128 104
117 128 110
118 128 110
119 128 110
120 128 110
121 128 110
123 128 116
124 128 116
125 128 116
126 128 116
127 128 116
1 128 1
2 128 2
8 128 8
14 128 14
20 128 20
26 128 26
32 128 32
38 128 38
44 128 44
50 128 50
56 128 56
62 128 62
68 128 68
74 128 74
80 128 80
86 128 86
92 128 92
98 128 98
104 128 104
110 128 110
116 128 116
122 128 122
105 106 98
20 118 20
45 47 38
8 21 8
8 113 8
7 33 1
11 78 2
50 107 50
77 79 68
35 94 26
27 29 20
50 111 50
76 78 68
8 72 8
42 84 32
27 55 20
23 53 14
15 17 8
85 97 74
112 114 104
2 80 2
120 126 110
51 94 44
29 31 20
8 78 8
118 120 110
67 112 56
106 114 98
78 79 68
1 44 1
70 72 62
4 7 1
63 64 56
56 110 56
79 94 68
46 49 38
63 67 56
123 126 116
24 117 14
47 72 38
100 101 92
113 122 104
96 97 86
90 91 80
18 74 8
49 63 38
13 111 2
21 24 14
14 69 14
16 123 8
51 61 44
13 70 2
120 121 110
3 32 1
97 103 86
16 17 8
40 41 32
78 124 68
50 57 50
94 97 86
45 48 38
58 110 50
24 25 14
20 74 20
115 122 104
78 104 68
32 50 32
32 88 32
23 25 14
1 6 1
24 66 14
15 19 8
20 98 20
118 119 110
75 79 68
14 119 14
35 48 26
39 42 32
76 106 68
93 95 86
12 103 2
45 107 38
39 40 32
44 66 44
47 81 38
19 114 8
88 90 80
83 85 74
1 97 1
106 116 98
2 16 2
25 65 14
70 73 62
20 87 20
28 68 20
56 125 56
14 70 14
94 96 86
2 74 2
123 127 116
32 117 32
8 60 8
37 43 26
108 109 98
53 80 44
51 54 44
18 115 8
21 22 14
21 25 14
33 38 26
44 50 44
40 43 32
105 114 98
81 99 74
112 113 104
43 48 32
35 36 26
20 29 20
29 114 20
117 120 110
64 67 56
121 125 110
52 112 44
2 30 2
11 49 2
95 118 86
32 40 32
75 77 68
8 48 8
71 72 62
67 95 56
87 90 80
113 114 104
117 119 110
5 7 1
9 11 2
45 69 38
66 70 56
10 13 2
62 125 62
106 118 98
11 13 2
15 79 8
42 43 32
88 123 80
9 90 2
119 121 110
84 105 74
81 83 74
36 37 26
37 98 26
20 88 20
48 77 38
124 127 116
22 24 14
3 37 1
57 61 50
44 70 44
121 122 110
26 52 26
22 66 14
75 78 68
38 113 38
88 99 80
107 127 98
41 84 32
2 10 2
9 10 2
108 119 98
41 42 32
8 39 8
101 104 92
8 37 8
69 71 62
59 61 50
58 59 50
89 90 80
1 53 1
91 120 80
9 93 2
46 75 38
25 116 14
47 49 38
5 19 1
50 74 50
87 106 80
51 80 44
33 34 26
27 105 20
8 58 8
52 53 44
8 70 8
53 104 44
95 97 86
47 99 38
81 102 74
40 103 32
21 127 14
43 55 32
2 73 2
18 111 8
94 95 86
93 97 86
14 61 14
1 20 1
123 124 116
13 39 2
77 115 68
27 72 20
27 28 20
20 50 20
94 102 86
1 69 1
106 107 98
52 76 44
46 77 38
43 82 32
39 82 32
14 24 14
35 57 26
53 57 44
111 114 104
74 88 74
70 77 62
51 53 44
84 85 74
11 12 2
1 51 1
58 60 50
4 104 1
54 83 44
43 65 32
69 73 62
1 17 1
58 97 50
22 111 14
71 77 62
71 122 62
17 83 8
84 123 74
25 85 14
1 114 1
63 65 56
1 5 1
63 66 56
114 115 104
81 82 74
23 120 14
10 11 2
15 61 8
26 69 26
81 84 74
17 18 8
53 54 44
1 16 1
28 30 20
59 60 50
10 12 2
14 126 14
112 115 104
3 75 1
106 109 98
8 43 8
93 96 86
26 79 26
8 23 8
108 113 98
76 119 68
8 31 8
22 23 14
34 36 26
52 55 44
22 35 14
88 124 80
113 115 104
111 113 104
66 96 56
106 108 98
17 19 8
66 67 56
117 122 110
2 82 2
4 45 1
41 49 32
56 82 56
46 113 38
77 111 68
117 118 110
111 112 104
54 55 44
82 85 74
8 66 8
99 103 92
95 120 86
5 6 1
14 113 14
13 89 2
1 41 1
57 58 50
60 61 50
95 115 86
66 119 56
124 125 116
26 94 26
48 105 38
63 70 56
45 49 38
68 95 68
2 53 2
102 103 92
12 13 2
21 23 14
40 42 32
27 31 20
90 95 80
64 66 56
51 73 44
1 13 1
20 46 20
52 116 44
80 90 80
2 15 2
89 103 80
50 101 50
6 75 1
87 89 80
1 49 1
99 101 92
73 109 62
107 116 98
8 25 8
30 45 20
52 57 44
46 90 38
125 126 116
14 60 14
21 28 14
22 38 14
1 8 1
50 81 50
80 91 80
4 56 1
38 57 38
1 46 1
20 73 20
62 101 62
71 101 62
44 79 44
8 65 8
19 125 8
32 52 32
51 55 44
52 61 44
112 124 104
1 26 1
1 24 1
42 65 32
3 122 1
26 83 26
77 105 68
21 69 14
73 123 62
11 68 2
48 110 38
90 106 80
68 120 68
20 47 20
26 106 26
3 7 1
20 53 20
24 101 14
56 68 56
26 107 26
14 29 14
74 98 74
5 29 1
32 76 32
9 80 2
69 72 62
45 122 38
44 88 44
72 89 62
108 111 98
81 101 74
40 75 32
15 18 8
56 107 56
1 38 1
49 87 38
81 110 74
1 73 1
39 41 32
1 11 1
9 12 2
41 45 32
45 125 38
26 73 26
23 76 14
42 58 32
8 114 8
47 48 38
93 120 86
86 121 86
75 118 68
10 81 2
55 101 44
26 111 26
44 51 44
18 19 8
104 125 104
37 75 26
126 127 116
88 89 80
99 109 92
88 100 80
42 124 32
98 127 98
88 111 80
111 126 104
77 78 68
34 37 26
7 89 1
3 5 1
2 22 2
65 66 56
1 2 1
78 116 68
35 104 26
84 104 74
5 64 1
64 65 56
16 54 8
63 98 56
46 114 38
43 58 32
80 112 80
3 4 1
1 58 1
26 87 26
8 26 8
1 90 1
28 122 20
68 88 68
81 94 74
99 100 92
21 107 14
112 117 104
5 125 1
2 11 2
62 116 62
119 123 110
100 102 92
69 82 62
42 44 32
50 83 50
3 6 1
20 84 20
92 99 92
14 65 14
2 23 2
38 46 38
70 71 62
1 4 1
33 36 26
16 18 8
1 85 1
78 125 68
79 82 68
72 73 62
33 74 26
49 71 38
71 73 62
119 120 110
9 92 2
14 22 14
67 78 56
14 43 14
52 127 44
49 61 38
39 77 32
29 30 20
38 91 38
11 62 2
6 97 1
2 19 2
13 29 2
2 99 2
86 110 86
61 100 50
49 64 38
92 113 92
107 113 98
98 106 98
53 92 44
20 67 20
24 65 14
26 110 26
8 46 8
113 125 104
41 43 32
73 111 62
101 103 92
1 117 1
34 35 26
56 118 56
23 24 14
2 65 2
2 21 2
18 126 8
26 43 26
11 67 2
56 104 56
98 112 98
1 112 1
22 60 14
8 27 8
4 5 1
50 123 50
14 109 14
26 60 26
95 105 86
39 124 32
2 33 2
118 124 110
2 108 2
76 79 68
8 16 8
18 79 8
92 120 92
91 116 80
8 15 8
113 123 104
1 36 1
2 93 2
1 25 1
87 88 80
52 121 44
33 35 26
46 111 38
32 106 32
107 109 98
26 53 26
28 74 20
91 117 80
20 45 20
111 122 104
42 106 32
46 48 38
84 119 74
1 19 1
85 88 74
25 55 14
73 121 62
28 106 20
2 32 2
39 127 32
8 101 8
3 93 1
98 105 98
2 17 2
30 113 20
63 104 56
62 102 62
68 84 68
65 67 56
95 116 86
50 110 50
24 31 14
82 84 74
83 120 74
19 46 8
43 66 32
35 81 26
21 45 14
35 37 26
72 113 62
8 77 8
44 54 44
88 120 80
7 74 1
33 37 26
1 7 1
95 111 86
27 119 20
107 108 98
45 46 38
48 78 38
9 62 2
4 60 1
118 127 110
21 32 14
20 33 20
56 94 56
51 92 44
18 62 8
94 122 86
102 107 92
62 90 62
40 105 32
2 12 2
55 120 44
62 126 62
65 120 56
3 92 1
1 21 1
2 125 2
19 56 8
3 30 1
83 84 74
73 97 62
114 126 104
55 75 44
87 103 80
23 90 14
19 100 8
21 89 14
37 119 26
66 101 56
10 33 2
38 74 38
50 71 50
14 31 14
78 88 68
41 66 32
118 121 110
52 71 44
20 32 20
20 77 20
69 70 62
20 37 20
10 25 2
20 82 20
106 127 98
58 61 50
62 103 62
15 74 8
93 94 86
89 91 80
48 111 38
24 70 14
21 117 14
3 10 1
51 52 44
17 38 8
14 106 14
28 29 20
81 112 74
44 82 44
8 22 8
110 119 110
78 92 68
25 49 14
38 55 38
51 99 44
66 125 56
21 26 14
48 49 38
105 109 98
20 97 20
22 83 14
46 83 38
35 75 26
37 103 26
48 82 38
38 84 38
16 85 8
26 76 26
102 115 92
50 56 50
7 108 1
80 114 80
33 95 26
2 18 2
54 109 44
1 99 1
98 113 98
33 113 26
20 39 20
101 123 92
16 66 8
50 68 50
28 87 20
61 85 50
84 115 74
34 106 26
41 86 32
83 119 74
125 127 116
16 110 8
68 121 68
29 103 20
44 93 44
2 9 2
14 48 14
2 35 2
82 107 74
4 92 1
108 122 98
80 98 80
78 109 68
2 40 2
103 124 92
111 123 104
68 127 68
32 42 32
2 67 2
121 126 110
80 102 80
6 22 1
20 52 20
82 96 74
49 118 38
111 115 104
120 122 110
66 77 56
59 68 50
8 124 8
64 76 56
24 67 14
56 62 56
5 90 1
109 123 98
23 122 14
28 90 20
37 52 26
47 95 38
33 108 26
93 99 86
13 83 2
105 108 98
117 121 110
100 126 92
117 123 110
1 86 1
1 15 1
95 102 86
1 27 1
52 99 44
31 124 20
67 122 56
32 103 32
15 124 8
62 84 62
34 115 26
65 78 56
13 115 2
117 124 110
26 85 26
28 78 20
76 107 68
54 78 44
62 96 62
81 85 74
36 100 26
95 96 86
60 83 50
2 29 2
48 72 38
73 84 62
81 105 74
54 76 44
73 115 62
36 98 26
107 110 98
7 82 1
6 7 1
35 41 26
22 96 14
66 82 56
8 40 8
33 117 26
52 126 44
37 117 26
12 63 2
40 44 32
71 104 62
24 82 14
29 81 20
14 39 14
8 126 8
44 98 44
30 59 20
7 20 1
9 13 2
35 68 26
44 59 44
100 120 92
109 111 98
59 127 50
19 70 8
46 118 38
4 6 1
52 119 44
53 55 44
56 102 56
20 65 20
80 89 80
8 17 8
14 52 14
39 43 32
32 65 32
2 55 2
87 91 80
96 102 86
11 51 2
102 127 92
1 63 1
111 118 104
8 110 8
27 30 20
27 108 20
2 41 2
57 70 50
71 124 62
68 85 68
57 71 50
5 25 1
50 91 50
104 126 104
8 49 8
28 46 20
32 84 32
84 89 74
10 18 2
28 111 20
55 123 44
99 114 92
31 106 20
44 74 44
66 69 56
15 106 8
2 39 2
38 123 38
19 29 8
29 54 20
17 93 8
32 102 32
1 9 1
8 28 8
14 88 14
80 105 80
20 104 20
8 103 8
8 35 8
33 98 26
33 81 26
7 85 1
34 85 26
105 112 98
47 112 38
1 37 1
8 33 8
46 47 38
96 124 86
26 96 26
76 77 68
73 113 62
20 120 20
14 55 14
27 43 20
109 121 98
21 52 14
94 113 86
60 95 50
20 59 20
96 103 86
32 46 32
25 99 14
25 109 14
79 117 68
7 36 1
104 119 104
26 61 26
6 112 1
12 43 2
73 79 62
123 125 116
55 109 44
9 18 2
31 45 20
4 37 1
28 32 20
8 44 8
32 73 32
115 127 104
11 63 2
2 28 2
8 85 8
68 123 68
65 98 56
82 111 74
59 78 50
70 93 62
28 37 20
56 91 56
20 48 20
2 48 2
1 60 1
20 57 20
97 99 86
44 71 44
63 91 56
82 83 74
6 60 1
81 89 74
32 85 32
53 125 44
45 55 38
105 120 98
100 124 92
48 93 38
85 111 74
20 66 20
15 20 8
33 73 26
99 102 92
108 118 98
45 108 38
1 67 1
74 87 74
14 42 14
20 42 20
41 75 32
51 87 44
106 119 98
60 74 50
92 101 92
22 69 14
25 102 14
64 99 56
14 64 14
1 22 1
103 107 92
38 102 38
23 58 14
77 119 68
4 78 1
65 85 56
103 110 92
38 80 38
57 59 50
54 120 44
51 66 44
48 89 38
105 122 98
32 122 32
105 127 98
108 117 98
89 119 80
71 126 62
100 103 92
32 79 32
35 77 26
1 45 1
19 50 8
75 120 68
1 18 1
44 119 44
73 118 62
47 90 38
49 82 38
8 14 8
93 108 86
52 120 44
17 27 8
43 67 32
20 69 20
61 92 50
72 80 62
3 27 1
35 102 26
54 110 44
55 92 44
46 54 38
32 39 32
16 111 8
68 116 68
44 127 44
82 117 74
44 89 44
71 108 62
21 80 14
27 127 20
8 64 8
98 122 98
67 74 56
10 104 2
44 114 44
109 110 98
15 54 8
101 126 92
56 101 56
119 125 110
79 83 68
2 20 2
85 98 74
18 67 8
21 30 14
37 106 26
70 114 62
114 122 104
119 127 110
71 107 62
33 97 26
59 103 50
46 100 38
14 41 14
34 41 26
2 24 2
22 34 14
45 126 38
42 100 32
12 50 2
23 93 14
44 76 44
77 81 68
56 69 56
35 90 26
47 100 38
12 45 2
85 94 74
56 93 56
37 55 26
7 91 1
80 119 80
20 116 20
101 102 92
93 110 86
82 104 74
115 119 104
57 113 50
76 82 68
113 117 104
14 34 14
28 96 20
14 120 14
77 116 68
15 40 8
5 75 1
42 63 32
44 121 44
117 126 110
28 85 20
20 49 20
38 51 38
76 127 68
101 114 92
48 56 38
15 97 8
78 87 68
16 27 8
56 108 56
8 90 8
23 65 14
1 104 1
80 108 80
32 123 32
61 111 50
8 41 8
73 101 62
53 60 44
62 76 62
26 56 26
8 18 8
35 66 26
40 91 32
11 92 2
1 103 1
53 113 44
8 51 8
34 117 26
43 98 32
2 56 2
62 110 62
62 91 62
20 36 20
50 73 50
21 115 14
57 60 50
73 85 62
16 36 8
14 25 14
45 83 38
44 115 44
2 36 2
70 127 62
33 61 26
93 121 86
4 103 1
11 15 2
1 62 1
67 84 56
27 77 20
3 33 1
33 50 26
44 87 44
13 33 2
57 89 50
119 124 110
85 114 74
29 49 20
5 76 1
25 32 14
12 21 2
88 91 80
85 99 74
10 98 2
55 113 44
6 101 1
14 104 14
27 97 20
46 108 38
17 84 8
44 91 44
93 114 86
52 54 44
66 80 56
1 35 1
14 89 14
2 98 2
11 56 2
68 87 68
2 115 2
70 110 62
60 89 50
60 122 50
32 83 32
88 122 80
55 97 44
15 16 8
49 97 38
88 119 80
63 92 56
1 59 1
1 70 1
22 50 14
34 94 26
73 104 62
105 107 98
8 50 8
107 124 98
44 105 44
94 104 86
38 58 38
14 71 14
61 112 50
120 123 110
2 71 2
1 126 1
98 108 98
44 57 44
80 88 80
88 112 80
28 45 20
27 125 20
96 122 86
13 116 2
108 127 98
12 96 2
17 112 8
50 86 50
40 100 32
82 98 74
41 98 32
62 89 62
12 115 2
47 70 38
64 86 56
11 28 2
43 110 32
53 121 44
45 75 38
2 45 2
54 59 44
40 102 32
115 126 104
92 125 92
43 80 32
18 21 8
7 34 1
84 124 74
26 34 26
5 14 1
34 88 26
36 47 26
8 19 8
40 55 32
105 111 98
63 126 56
63 125 56
83 117 74
31 37 20
84 114 74
99 106 92
56 73 56
91 99 80
110 117 110
32 53 32
56 70 56
99 104 92
119 126 110
20 109 20
1 14 1
4 126 1
25 105 14
75 80 68
58 86 50
51 100 44
14 91 14
15 127 8
1 12 1
105 118 98
50 102 50
38 75 38
58 102 50
33 48 26
26 95 26
66 108 56
90 115 80
82 121 74
1 30 1
1 52 1
115 121 104
23 27 14
17 124 8
26 47 26
56 99 56
26 74 26
30 101 20
1 48 1
26 46 26
92 110 92
31 88 20
85 96 74
36 67 26
20 30 20
68 86 68
1 95 1
108 116 98
69 90 62
71 121 62
87 110 80
35 45 26
93 125 86
48 73 38
84 93 74
19 92 8
16 19 8
71 89 62
62 69 62
54 94 44
57 111 50
61 89 50
34 55 26
96 127 86
78 86 68
23 116 14
31 57 20
21 97 14
96 120 86
5 127 1
58 108 50
96 106 86
56 89 56
90 104 80
7 90 1
97 120 86
40 126 32
31 104 20
10 16 2
83 109 74
1 105 1
5 42 1
99 115 92
2 49 2
38 56 38
11 65 2
57 92 50
46 112 38
68 99 68
60 73 50
47 73 38
82 100 74
39 47 32
107 119 98
80 121 80
23 126 14
116 123 116
16 22 8
1 3 1
34 112 26
29 88 20
21 94 14
53 94 44
104 115 104
5 77 1
75 76 68
40 124 32
68 79 68
1 98 1
105 125 98
12 35 2
1 10 1
15 50 8
31 96 20
51 116 44
44 81 44
43 73 32
33 112 26
38 104 38
91 121 80
45 88 38
11 36 2
62 94 62
50 99 50
117 127 110
75 99 68
61 99 50
39 52 32
56 86 56
66 95 56
98 124 98
73 81 62
44 53 44
88 107 80
31 102 20
81 114 74
12 52 2
81 96 74
2 46 2
22 123 14
26 80 26
7 42 1
4 14 1
38 108 38
75 107 68
6 39 1
74 92 74
9 32 2
71 91 62
37 73 26
14 49 14
106 112 98
81 95 74
16 57 8
15 112 8
8 79 8
38 116 38
112 118 104
86 112 86
43 84 32
49 99 38
69 89 62
91 119 80
46 78 38
8 57 8
34 122 26
81 113 74
22 114 14
53 115 44
109 118 98
37 85 26
96 117 86
101 108 92
37 41 26
52 77 44
100 104 92
7 87 1
35 93 26
44 78 44
78 120 68
89 107 80
47 87 38
38 106 38
2 64 2
30 57 20
68 75 68
124 126 116
22 25 14
83 102 74
26 70 26
1 108 1
26 63 26
47 121 38
30 120 20
8 52 8
77 120 68
80 106 80
35 125 26
13 124 2
44 75 44
50 88 50
39 93 32
8 63 8
18 80 8
14 47 14
23 73 14
2 38 2
51 113 44
3 54 1
4 67 1
39 101 32
99 124 92
2 37 2
98 120 98
2 42 2
102 125 92
14 26 14
14 27 14
4 44 1
103 109 92
10 76 2
28 31 20
82 97 74
17 25 8
39 64 32
26 50 26
8 29 8
20 110 20
36 120 26
41 78 32
15 21 8
30 115 20
19 54 8
26 109 26
18 103 8
54 77 44
50 122 50
32 120 32
14 127 14
118 122 110
2 114 2
8 36 8
53 97 44
47 59 38
63 123 56
80 86 80
20 78 20
79 113 68
45 127 38
31 80 20
23 29 14
60 114 50
29 70 20
24 93 14
31 47 20
8 42 8
8 112 8
9 87 2
36 113 26
26 113 26
73 114 62
6 102 1
47 50 38
20 76 20
5 80 1
84 118 74
20 26 20
82 94 74
2 87 2
29 120 20
64 114 56
16 28 8
1 116 1
8 121 8
80 103 80
116 125 116
37 45 26
54 81 44
26 35 26
42 52 32
6 30 1
6 46 1
14 30 14
85 119 74
70 89 62
4 42 1
118 123 110
86 97 86
43 108 32
109 112 98
81 100 74
58 72 50
118 126 110
111 127 104
25 70 14
103 108 92
27 36 20
32 101 32
3 15 1
44 60 44
2 90 2
1 31 1
70 123 62
9 31 2
68 100 68
14 87 14
68 113 68
39 74 32
112 116 104
39 112 32
96 119 86
36 117 26
62 78 62
14 32 14
50 126 50
100 107 92
4 95 1
4 10 1
74 106 74
14 46 14
82 87 74
28 54 20
56 76 56
10 94 2
101 122 92
68 81 68
112 127 104
32 93 32
27 71 20
14 62 14
64 118 56
4 40 1
100 123 92
69 114 62
20 44 20
47 97 38
49 121 38
54 60 44
55 60 44
1 84 1
91 108 80
23 121 14
1 54 1
52 93 44
56 87 56
91 104 80
68 103 68
90 119 80
76 117 68
76 84 68
85 103 74
89 114 80
9 78 2
2 96 2
24 98 14
44 58 44
20 40 20
35 55 26
8 59 8
58 105 50
29 46 20
4 123 1
26 38 26
30 102 20
76 99 68
46 58 38
8 73 8
14 110 14
47 69 38
20 41 20
17 77 8
18 83 8
4 33 1
95 125 86
61 108 50
48 67 38
26 116 26
65 126 56
2 118 2
101 124 92
75 85 68
9 34 2
36 88 26
1 118 1
26 115 26
16 33 8
95 119 86
6 91 1
6 18 1
83 87 74
91 109 80
25 78 14
32 57 32
101 127 92
81 122 74
99 125 92
41 53 32
74 125 74
34 73 26
71 127 62
25 71 14
62 115 62
62 93 62
2 107 2
58 122 50
65 112 56
95 107 86
92 123 92
27 42 20
86 119 86
9 127 2
45 70 38
21 85 14
62 121 62
10 56 2
79 116 68
37 88 26
33 114 26
20 43 20
26 40 26
17 125 8
3 87 1
32 48 32
2 62 2
56 65 56
45 94 38
2 13 2
61 91 50
34 62 26
24 95 14
30 106 20
111 119 104
34 54 26
48 50 38
37 78 26
63 93 56
62 109 62
104 110 104
1 65 1
114 121 104
109 127 98
64 82 56
50 96 50
86 93 86
54 92 44
59 97 50
44 77 44
44 117 44
2 26 2
30 31 20
55 94 44
20 96 20
15 100 8
63 110 56
29 121 20
54 82 44
15 82 8
41 93 32
48 121 38
1 101 1
29 63 20
89 101 80
54 127 44
8 123 8
93 118 86
20 117 20
30 68 20
6 82 1
46 87 38
3 116 1
103 123 92
121 124 110
81 115 74
47 60 38
43 111 32
88 97 80
30 109 20
32 63 32
98 104 98
54 74 44
50 62 50
10 20 2
109 116 98
21 99 14
103 106 92
24 63 14
14 68 14
5 46 1
26 42 26
30 95 20
20 105 20
34 113 26
72 100 62
18 112 8
106 125 98
31 118 20
19 112 8
49 96 38
50 80 50
20 35 20
55 93 44
47 111 38
26 57 26
14 117 14
78 114 68
59 118 50
52 58 44
109 124 98
5 118 1
98 125 98
41 109 32
73 82 62
35 118 26
14 73 14
90 123 80
5 65 1
53 63 44
99 112 92
91 103 80
17 61 8
14 21 14
33 59 26
84 109 74
30 89 20
20 102 20
23 54 14
13 76 2
84 94 74
44 112 44
22 41 14
85 124 74
56 90 56
105 126 98
33 63 26
11 23 2
62 106 62
70 115 62
101 113 92
68 119 68
26 89 26
22 29 14
3 45 1
15 52 8
42 69 32
13 34 2
94 121 86
86 117 86
21 62 14
8 56 8
93 112 86
64 101 56
63 94 56
26 41 26
68 76 68
101 110 92
50 106 50
50 67 50
19 30 8
85 100 74
2 25 2
39 60 32
89 109 80
21 76 14
29 47 20
72 110 62
21 126 14
9 48 2
69 107 62
38 81 38
112 120 104
29 42 20
3 28 1
4 118 1
14 92 14
14 20 14
55 121 44
47 92 38
72 101 62
42 49 32
103 120 92
97 115 86
93 124 86
2 59 2
2 8 2
22 88 14
39 79 32
50 90 50
29 40 20
75 96 68
81 120 74
44 126 44
8 30 8
63 100 56
79 90 68
56 63 56
68 112 68
2 43 2
61 65 50
63 76 56
59 106 50
17 76 8
5 73 1
26 59 26
100 108 92
93 113 86
1 29 1
90 99 80
29 115 20
92 122 92
7 84 1
26 32 26
63 88 56
32 70 32
11 107 2
2 113 2
30 119 20
51 120 44
2 63 2
10 80 2
27 124 20
16 56 8
14 102 14
83 127 74
15 91 8
60 63 50
10 58 2
107 120 98
87 113 80
71 78 62
36 105 26
29 125 20
29 79 20
30 56 20
90 124 80
38 115 38
45 97 38
21 57 14
47 80 38
64 121 56
81 127 74
3 53 1
102 104 92
10 112 2
115 116 104
25 46 14
73 117 62
1 122 1
41 108 32
3 119 1
76 122 68
87 104 80
84 111 74
3 23 1
121 127 110
32 82 32
84 107 74
46 91 38
72 88 62
6 87 1
83 116 74
38 93 38
1 111 1
59 96 50
63 115 56
17 90 8
14 86 14
40 49 32
45 124 38
44 64 44
30 127 20
16 77 8
32 62 32
14 33 14
38 59 38
40 121 32
61 82 50
76 114 68
45 102 38
35 111 26
45 110 38
5 36 1
3 67 1
32 74 32
68 77 68
51 59 44
51 72 44
11 55 2
34 60 26
120 125 110
34 66 26
61 62 50
5 93 1
98 110 98
57 82 50
91 94 80
42 127 32
26 84 26
29 107 20
18 77 8
27 126 20
18 68 8
13 27 2
38 70 38
14 79 14
1 83 1
43 72 32
67 92 56
1 77 1
97 127 86
17 107 8
80 99 80
74 82 74
93 126 86
4 112 1
64 84 56
20 60 20
1 50 1
21 33 14
86 124 86
104 111 104
48 123 38
26 105 26
37 50 26
4 87 1
10 89 2
52 63 44
97 109 86
26 64 26
53 73 44
50 105 50
84 101 74
32 107 32
56 66 56
79 115 68
103 104 92
94 118 86
27 90 20
31 55 20
88 98 80
35 87 26
11 115 2
3 83 1
44 97 44
38 54 38
29 76 20
10 39 2
21 86 14
64 75 56
3 57 1
81 97 74
3 34 1
1 57 1
28 38 20
62 95 62
90 110 80
31 75 20
18 73 8
24 73 14
71 116 62
77 91 68
13 107 2
6 21 1
107 117 98
44 68 44
113 120 104
24 45 14
54 95 44
86 99 86
94 106 86
74 91 74
17 85 8
6 31 1
56 114 56
82 92 74
72 126 62
96 112 86
62 92 62
20 121 20
74 101 74
18 63 8
38 78 38
114 117 104
23 83 14
33 85 26
2 94 2
68 89 68
55 100 44
92 118 92
80 92 80
78 84 68
39 111 32
98 116 98
37 118 26
101 112 92
44 72 44
65 81 56
62 119 62
89 123 80
64 108 56
4 43 1
67 120 56
61 106 50
57 101 50
10 38 2
70 104 62
111 125 104
62 88 62
49 50 38
14 23 14
8 61 8
50 93 50
38 52 38
75 127 68
26 66 26
24 58 14
69 123 62
18 20 8
10 106 2
114 127 104
49 54 38
82 89 74
65 97 56
20 99 20
62 86 62
1 23 1
80 94 80
7 105 1
67 123 56
58 64 50
102 121 92
7 44 1
38 69 38
14 125 14
39 102 32
25 62 14
23 100 14
30 84 20
7 109 1
3 44 1
105 123 98
38 47 38
87 124 80
60 76 50
32 44 32
4 48 1
77 103 68
1 79 1
16 24 8
35 58 26
54 71 44
36 75 26
71 87 62
37 58 26
5 28 1
97 107 86
24 126 14
2 50 2
78 126 68
63 124 56
68 90 68
44 83 44
7 92 1
19 22 8
1 106 1
94 103 86
88 103 80
1 61 1
2 76 2
75 116 68
4 86 1
86 96 86
44 106 44
67 86 56
80 124 80
103 115 92
54 116 44
96 109 86
14 100 14
8 20 8
55 62 44
49 83 38
62 68 62
43 75 32
36 124 26
62 70 62
32 41 32
25 127 14
49 62 38
37 83 26
74 122 74
50 87 50
38 44 38
6 41 1
20 108 20
32 61 32
102 108 92
14 45 14
53 72 44
19 90 8
85 110 74
38 89 38
46 117 38
40 117 32
8 81 8
20 28 20
83 118 74
29 100 20
26 112 26
70 81 62
5 69 1
103 121 92
38 53 38
14 58 14
8 38 8
39 87 32
17 60 8
24 69 14
68 106 68
50 63 50
43 99 32
15 90 8
91 92 80
38 87 38
35 70 26
60 72 50
22 71 14
21 39 14
2 122 2
58 126 50
100 121 92
104 112 104
92 104 92
30 58 20
13 55 2
21 81 14
56 124 56
1 72 1
78 90 68
26 33 26
86 122 86
36 89 26
55 67 44
86 103 86
86 125 86
2 52 2
32 58 32
68 105 68
6 106 1
36 97 26
27 79 20
29 95 20
62 79 62
9 14 2
103 126 92
32 51 32
100 111 92
73 105 62
1 56 1
61 90 50
56 115 56
36 126 26
46 52 38
95 124 86
48 108 38
2 57 2
42 107 32
36 107 26
38 103 38
58 73 50
29 93 20
58 66 50
9 49 2
17 64 8
84 91 74
80 120 80
16 37 8
79 123 68
12 15 2
21 119 14
38 124 38
45 77 38
62 98 62
23 82 14
12 125 2
77 110 68
17 116 8
6 38 1
54 107 44
38 98 38
6 73 1
26 45 26
46 56 38
77 125 68
63 121 56
100 116 92
50 84 50
44 107 44
20 79 20
58 80 50
45 93 38
14 54 14
4 64 1
11 127 2
79 96 68
114 123 104
62 80 62
19 24 8
82 105 74
114 118 104
73 107 62
9 123 2
43 69 32
64 122 56
7 28 1
29 112 20
28 39 20
46 103 38
59 123 50
15 111 8
25 59 14
15 32 8
42 88 32
6 67 1
103 118 92
44 100 44
12 89 2
50 109 50
80 127 80
32 111 32
67 88 56
58 76 50
39 63 32
29 78 20
2 127 2
81 93 74
18 75 8
45 53 38
10 57 2
68 111 68
47 88 38
92 106 92
67 107 56
32 127 32
16 108 8
59 122 50
35 82 26
8 98 8
64 109 56
79 125 68
40 99 32
24 27 14
21 96 14
16 70 8
95 108 86
24 56 14
17 43 8
20 31 20
32 67 32
90 107 80
23 91 14
19 37 8
32 66 32
36 123 26
38 66 38
60 84 50
50 69 50
22 92 14
68 82 68
12 95 2
39 96 32
86 105 86
43 117 32
111 117 104
84 100 74
12 93 2
7 48 1
90 108 80
18 117 8
3 22 1
15 98 8
51 82 44
97 111 86
57 108 50
3 84 1
30 90 20
4 54 1
3 29 1
37 59 26
2 27 2
26 77 26
103 127 92
9 116 2
85 125 74
108 112 98
45 62 38
121 123 110
20 75 20
83 103 74
59 90 50
12 98 2
14 28 14
37 93 26
29 45 20
44 120 44
57 112 50
38 65 38
69 98 62
28 98 20
8 83 8
4 8 1
75 86 68
20 68 20
30 105 20
68 83 68
2 86 2
39 117 32
55 73 44
44 116 44
92 114 92
48 54 38
51 60 44
47 98 38
2 78 2
47 106 38
100 113 92
70 105 62
94 126 86
115 118 104
2 51 2
6 44 1
66 75 56
72 124 62
16 126 8
53 87 44
85 93 74
40 78 32
14 96 14
38 99 38
25 64 14
74 124 74
6 113 1
10 47 2
98 117 98
69 110 62
79 118 68
22 62 14
47 119 38
1 42 1
45 74 38
114 125 104
22 58 14
8 62 8
92 103 92
115 124 104
70 88 62
107 115 98
46 59 38
41 83 32
2 106 2
61 94 50
66 94 56
90 117 80
42 47 32
64 78 56
51 124 44
2 14 2
43 53 32
63 113 56
96 101 86
63 75 56
112 123 104
26 81 26
84 86 74
13 43 2
20 112 20
78 115 68
67 119 56
30 76 20
61 78 50
48 96 38
107 114 98
8 69 8
19 84 8
78 85 68
86 116 86
32 104 32
119 122 110
13 108 2
62 124 62
21 53 14
14 80 14
23 44 14
1 100 1
70 95 62
81 103 74
23 48 14
24 35 14
22 116 14
31 79 20
60 120 50
13 35 2
31 93 20
26 101 26
86 106 86
29 66 20
12 75 2
43 97 32
91 96 80
47 78 38
51 65 44
97 126 86
31 116 20
20 94 20
88 92 80
86 102 86
101 120 92
90 100 80
107 126 98
26 54 26
77 113 68
31 99 20
97 108 86
14 98 14
96 98 86
14 95 14
52 102 44
64 95 56
19 117 8
25 50 14
44 99 44
84 87 74
22 84 14
22 53 14
47 74 38
40 118 32
56 78 56
81 118 74
23 114 14
38 111 38
69 115 62
64 68 56
17 126 8
35 126 26
36 122 26
54 93 44
56 117 56
33 110 26
72 99 62
86 94 86
3 88 1
38 83 38
80 104 80
2 66 2
59 63 50
33 126 26
65 79 56
109 115 98
86 108 86
8 94 8
36 60 26
83 95 74
30 63 20
5 48 1
75 115 68
78 99 68
97 122 86
37 96 26
65 122 56
92 124 92
17 66 8
43 85 32
72 98 62
35 52 26
49 73 38
93 101 86
57 103 50
104 114 104
78 81 68
22 27 14
15 35 8
55 84 44
30 110 20
3 8 1
43 89 32
45 61 38
62 107 62
58 83 50
64 90 56
97 118 86
94 108 86
25 47 14
79 81 68
82 93 74
51 74 44
52 109 44
7 119 1
43 68 32
65 114 56
26 36 26
101 109 92
74 111 74
53 86 44
58 103 50
110 120 110
76 108 68
13 25 2
1 115 1
12 65 2
45 72 38
87 92 80
51 127 44
83 89 74
2 109 2
7 32 1
67 125 56
7 106 1
12 74 2
6 84 1
10 28 2
68 110 68
72 119 62
15 47 8
44 67 44
24 44 14
7 123 1
55 127 44
55 59 44
39 98 32
50 85 50
32 108 32
88 125 80
32 78 32
60 113 50
6 92 1
2 119 2
29 44 20
5 49 1
60 78 50
53 127 44
90 125 80
19 123 8
1 121 1
6 62 1
38 82 38
30 70 20
49 100 38
58 116 50
63 74 56
103 125 92
107 112 98
66 98 56
61 109 50
16 73 8
21 35 14
30 91 20
7 53 1
8 54 8
82 114 74
91 123 80
107 111 98
16 45 8
36 45 26
110 123 110
2 54 2
6 80 1
89 106 80
1 120 1
101 106 92
15 92 8
47 76 38
56 95 56
15 115 8
5 115 1
58 100 50
27 33 20
88 101 80
15 64 8
7 40 1
1 43 1
50 119 50
15 76 8
47 94 38
18 121 8
94 99 86
67 89 56
70 117 62
78 80 68
45 86 38
47 127 38
19 25 8
4 53 1
39 88 32
6 14 1
62 81 62
35 63 26
14 112 14
13 60 2
90 113 80
38 100 38
23 71 14
30 125 20
38 71 38
9 52 2
20 93 20
20 51 20
67 115 56
52 117 44
77 92 68
87 126 80
43 92 32
18 71 8
52 83 44
79 85 68
26 49 26
1 113 1
12 30 2
12 108 2
32 113 32
37 125 26
71 99 62
97 119 86
54 102 44
38 121 38
10 44 2
12 36 2
36 48 26
32 75 32
11 98 2
24 94 14
72 104 62
94 123 86
94 98 86
63 119 56
26 55 26
95 114 86
3 79 1
38 64 38
9 106 2
70 121 62
55 98 44
47 86 38
66 73 56
15 99 8
2 79 2
22 49 14
20 34 20
27 84 20
48 118 38
50 114 50
1 94 1
89 117 80
67 98 56
12 76 2
99 123 92
89 108 80
3 58 1
12 121 2
69 113 62
87 94 80
75 97 68
83 88 74
57 87 50
41 76 32
104 124 104
51 81 44
31 103 20
85 101 74
8 82 8
81 121 74
71 112 62
30 32 20
5 37 1
82 90 74
95 106 86
76 87 68
33 66 26
47 53 38
5 44 1
63 95 56
16 92 8
61 103 50
2 60 2
23 94 14
34 108 26
13 98 2
72 74 62
117 125 110
28 59 20
89 97 80
54 115 44
42 86 32
70 85 62
106 124 98
50 103 50
57 75 50
100 118 92
32 97 32
85 120 74
61 76 50
41 64 32
62 72 62
26 48 26
50 75 50
62 105 62
82 109 74
44 63 44
23 36 14
47 83 38
28 95 20
14 82 14
34 100 26
61 70 50
5 33 1
11 16 2
72 87 62
78 107 68
53 69 44
22 82 14
20 64 20
75 95 68
16 80 8
35 107 26
33 103 26
38 95 38
15 126 8
86 111 86
2 44 2
61 72 50
76 116 68
44 80 44
26 51 26
43 62 32
104 127 104
19 63 8
44 125 44
75 91 68
34 126 26
36 65 26
103 114 92
8 34 8
89 98 80
53 77 44
2 120 2
79 107 68
20 85 20
107 118 98
102 110 92
8 74 8
26 103 26
26 86 26
110 124 110
44 102 44
10 27 2
32 71 32
47 91 38
25 94 14
25 66 14
37 80 26
42 123 32
1 66 1
69 77 62
39 107 32
30 83 20
3 50 1
45 92 38
13 90 2
93 122 86
53 110 44
26 72 26
25 98 14
79 93 68
40 109 32
80 118 80
106 110 98
104 120 104
54 73 44
51 122 44
86 92 86
16 103 8
38 101 38
83 86 74
51 118 44
66 85 56
27 110 20
35 98 26
6 111 1
2 81 2
25 45 14
92 112 92
37 100 26
52 101 44
41 65 32
70 94 62
77 83 68
62 104 62
31 100 20
50 98 50
56 116 56
95 103 86
28 67 20
40 73 32
13 93 2
67 70 56
7 41 1
23 59 14
13 122 2
24 46 14
19 51 8
53 123 44
39 80 32
37 124 26
70 124 62
109 113 98
83 123 74
26 58 26
8 45 8
54 61 44
35 86 26
16 25 8
96 123 86
21 111 14
23 78 14
56 106 56
80 96 80
35 46 26
68 118 68
17 79 8
8 24 8
20 107 20
22 93 14
81 109 74
23 85 14
70 122 62
13 61 2
56 122 56
79 121 68
75 87 68
20 111 20
46 119 38
39 48 32
44 101 44
11 66 2
15 88 8
10 40 2
114 120 104
38 126 38
42 71 32
86 107 86
1 123 1
36 55 26
60 62 50
67 124 56
79 95 68
46 122 38
4 82 1
35 80 26
62 71 62
46 80 38
77 108 68
16 118 8
62 111 62
20 123 20
88 110 80
85 121 74
90 103 80
17 100 8
9 121 2
55 122 44
1 125 1
67 77 56
25 84 14
63 83 56
80 110 80
77 102 68
52 75 44
72 82 62
57 64 50
25 123 14
5 108 1
49 94 38
46 121 38
21 93 14
92 111 92
80 100 80
63 73 56
89 116 80
27 107 20
40 76 32
103 111 92
23 72 14
48 114 38
33 89 26
5 18 1
44 124 44
90 96 80
3 81 1
43 113 32
61 84 50
78 91 68
53 58 44
61 81 50
68 92 68
9 46 2
33 83 26
70 119 62
7 126 1
72 121 62
52 90 44
31 92 20
66 81 56
54 117 44
50 58 50
94 110 86
40 62 32
15 107 8
31 76 20
35 51 26
11 53 2
59 107 50
28 102 20
21 84 14
50 78 50
28 75 20
13 102 2
46 57 38
65 84 56
14 67 14
60 90 50
10 34 2
87 95 80
16 76 8
28 118 20
2 89 2
27 54 20
32 56 32
100 114 92
8 127 8
92 109 92
34 87 26
8 116 8
54 80 44
11 110 2
45 112 38
13 16 2
38 118 38
87 112 80
66 122 56
59 65 50
12 46 2
38 60 38
51 123 44
6 65 1
59 116 50
13 54 2
8 120 8
80 87 80
38 90 38
84 99 74
6 12 1
6 72 1
12 90 2
17 117 8
50 66 50
24 127 14
90 121 80
16 47 8
61 125 50
55 66 44
81 86 74
19 68 8
25 115 14
22 119 14
5 116 1
20 71 20
18 53 8
70 125 62
54 97 44
6 83 1
21 118 14
36 64 26
8 109 8
69 104 62
60 112 50
49 56 38
65 109 56
86 123 86
27 120 20
20 38 20
67 69 56
54 125 44
109 126 98
3 74 1
32 112 32
20 58 20
44 52 44
89 93 80
13 94 2
71 80 62
50 94 50
36 56 26
61 120 50
62 108 62
100 127 92
4 90 1
40 86 32
56 79 56
4 70 1
16 112 8
33 62 26
47 61 38
106 115 98
10 52 2
12 92 2
95 109 86
10 46 2
8 84 8
7 61 1
53 95 44
85 89 74
2 47 2
16 122 8
2 100 2
30 80 20
8 75 8
3 90 1
10 122 2
29 62 20
46 93 38
50 64 50
14 83 14
6 9 1
6 16 1
61 105 50
48 102 38
2 91 2
23 74 14
29 124 20
20 54 20
57 110 50
25 35 14
15 69 8
35 53 26
24 53 14
15 120 8
53 84 44
3 24 1
14 56 14
9 16 2
38 77 38
55 112 44
20 114 20
2 110 2
57 81 50
58 78 50
14 78 14
54 56 44
24 32 14
69 99 62
30 33 20
77 122 68
4 52 1
74 127 74
37 126 26
46 51 38
3 115 1
36 82 26
89 127 80
56 112 56
38 112 38
44 55 44
74 107 74
12 29 2
14 66 14
1 40 1
6 57 1
13 67 2
5 84 1
31 78 20
5 104 1
40 85 32
74 103 74
74 126 74
22 47 14
31 89 20
70 120 62
5 15 1
91 122 80
32 47 32
55 103 44
72 85 62
34 83 26
56 83 56
95 100 86
36 62 26
57 102 50
54 89 44
60 124 50
65 70 56
32 86 32
44 103 44
19 115 8
89 113 80
14 57 14
49 92 38
8 53 8
40 72 32
18 89 8
7 16 1
25 73 14
31 101 20
72 103 62
36 79 26
19 111 8
3 65 1
89 111 80
22 98 14
48 85 38
67 71 56
12 37 2
40 93 32
5 24 1
47 103 38
14 90 14
5 111 1
57 121 50
7 98 1
46 98 38
61 102 50
39 72 32
31 87 20
32 115 32
101 117 92
10 35 2
16 93 8
39 105 32
5 74 1
16 75 8
18 101 8
33 56 26
18 31 8
91 101 80
33 68 26
57 77 50
9 77 2
22 107 14
26 37 26
13 100 2
74 83 74
68 124 68
71 115 62
18 66 8
17 92 8
9 15 2
20 56 20
13 64 2
49 69 38
70 79 62
92 117 92
2 121 2
68 115 68
20 63 20
19 43 8
26 71 26
16 100 8
106 122 98
24 118 14
6 93 1
43 50 32
7 31 1
87 100 80
2 104 2
81 104 74
17 114 8
47 54 38
62 83 62
75 101 68
20 70 20
28 104 20
78 118 68
44 62 44
12 32 2
2 97 2
38 117 38
72 102 62
87 107 80
5 31 1
14 38 14
57 83 50
80 95 80
20 72 20
11 24 2
35 65 26
57 122 50
40 127 32
88 114 80
31 72 20
24 109 14
11 47 2
108 115 98
49 124 38
70 116 62
74 97 74
92 105 92
90 93 80
4 30 1
26 117 26
14 105 14
10 85 2
82 110 74
70 92 62
8 76 8
40 80 32
1 81 1
38 97 38
31 115 20
83 112 74
46 64 38
53 96 44
87 123 80
20 91 20
2 75 2
94 100 86
101 115 92
40 113 32
23 106 14
23 96 14
23 112 14
9 110 2
79 114 68
63 107 56
50 97 50
8 97 8
15 101 8
9 101 2
74 121 74
48 104 38
66 106 56
73 76 62
64 105 56
22 120 14
24 105 14
51 75 44
62 74 62
5 32 1
76 109 68
43 64 32
3 120 1
2 92 2
34 74 26
24 86 14
27 82 20
43 52 32
20 124 20
65 74 56
53 98 44
75 93 68
14 35 14
13 66 2
65 118 56
11 27 2
10 79 2
13 38 2
44 92 44
63 77 56
67 111 56
44 65 44
43 46 32
4 20 1
73 96 62
41 47 32
49 126 38
36 95 26
12 86 2
72 114 62
61 121 50
62 122 62
33 106 26
17 89 8
11 34 2
65 123 56
74 110 74
74 94 74
96 110 86
9 41 2
97 117 86
21 59 14
22 112 14
67 117 56
40 65 32
31 122 20
99 116 92
75 125 68
17 82 8
30 55 20
83 99 74
81 116 74
68 101 68
50 89 50
17 98 8
37 66 26
62 112 62
23 123 14
57 73 50
27 95 20
11 81 2
86 101 86
45 58 38
30 41 20
13 119 2
38 62 38
6 64 1
15 125 8
9 56 2
7 117 1
33 41 26
4 23 1
61 107 50
