128 4734
7 95 7
32 110 32
46 125 46
3 6 6
8 21 54
20 70 20
37 42 4
52 82 52
3 59 3
6 47 6
47 124 108
55 127 24
98 114 69
34 43 43
22 24 118
42 68 4
52 68 52
64 124 126
22 58 118
46 112 112
93 99 88
78 79 6
87 99 87
20 84 20
44 113 44
36 126 126
14 78 34
6 8 6
30 96 52
23 78 89
49 80 51
27 84 56
25 73 43
32 79 6
79 97 6
44 105 44
6 24 24
21 70 70
14 80 34
59 91 120
6 70 6
40 86 102
37 117 77
48 123 35
68 127 24
49 62 62
8 15 54
62 96 62
63 90 68
29 101 1
11 89 62
46 72 121
73 101 101
25 76 93
3 31 18
9 59 120
65 94 16
36 127 24
52 128 52
6 14 6
117 120 120
82 83 32
81 101 101
63 114 68
87 101 87
31 56 18
34 113 34
63 92 92
66 75 75
3 106 101
27 108 108
61 77 112
17 36 17
13 119 103
47 60 108
37 88 88
77 114 77
46 80 46
27 66 66
1 29 1
28 31 18
9 49 28
106 111 101
23 111 7
47 115 108
14 18 18
47 116 108
24 74 24
11 72 62
24 73 24
13 64 126
22 73 118
54 59 54
13 86 86
78 127 24
48 56 56
22 34 118
41 73 58
31 54 18
85 124 75
64 72 126
32 70 70
89 116 26
12 49 12
49 64 126
26 112 112
59 60 120
36 86 86
30 69 52
25 91 43
63 98 69
27 110 38
28 44 28
15 50 10
2 115 53
104 126 17
36 90 15
7 109 49
23 48 44
12 64 126
27 50 10
58 94 16
107 110 86
73 102 102
20 48 20
65 106 101
26 65 26
71 89 71
7 100 57
37 90 77
71 90 71
53 69 53
44 95 44
16 54 16
81 82 46
45 47 108
55 101 101
80 90 51
123 125 27
5 67 67
13 78 89
53 82 53
35 41 58
20 51 20
40 59 102
23 68 68
61 68 112
10 46 10
22 75 75
36 106 101
69 80 69
41 103 58
69 99 88
4 81 4
10 95 10
4 11 62
115 119 92
15 107 86
64 109 126
38 116 26
5 75 75
72 112 112
5 127 24
23 47 108
109 111 49
19 41 87
24 70 24
29 48 1
63 97 12
35 100 57
77 97 77
16 87 87
22 104 118
29 59 1
69 85 75
21 117 39
35 53 53
19 51 87
33 64 126
36 47 108
33 35 71
22 127 118
89 103 89
43 101 101
98 123 69
101 128 101
62 88 88
60 79 6
2 6 53
28 123 35
57 128 57
79 89 6
76 98 93
18 79 6
37 89 77
6 32 6
26 122 66
1 124 1
61 120 112
23 92 92
23 116 26
60 106 101
9 69 69
59 95 120
9 118 118
3 73 3
21 115 92
37 58 58
2 14 53
18 88 88
35 125 27
9 31 18
17 25 17
11 68 62
5 117 128
22 51 118
47 87 87
47 93 93
2 43 53
77 90 77
10 40 10
32 97 32
6 92 6
22 122 66
77 96 77
86 94 16
52 71 52
114 117 60
28 51 28
21 106 101
37 101 101
61 73 112
82 114 32
23 29 1
42 122 66
46 97 46
10 80 10
34 95 34
27 72 121
5 123 35
31 38 18
39 76 93
12 43 43
13 92 92
85 111 75
14 67 34
81 121 121
4 14 4
77 126 126
20 126 126
78 119 89
86 108 108
92 103 92
39 89 89
21 84 56
30 86 52
62 122 66
47 82 108
5 7 128
95 109 49
7 38 38
30 109 52
66 126 66
20 28 20
48 73 44
84 127 24
10 127 24
8 89 89
33 122 66
23 41 58
74 77 77
82 84 56
12 118 118
76 93 93
21 104 17
10 55 10
22 70 118
1 24 1
77 85 75
82 103 32
1 4 1
10 110 10
9 12 28
47 122 66
37 95 77
54 79 6
50 92 10
20 58 58
57 75 75
83 117 3
25 28 43
51 64 126
65 90 67
5 6 6
4 40 102
54 106 101
34 51 34
34 80 34
89 107 86
27 125 27
96 110 38
5 40 102
86 88 88
2 127 24
59 74 120
39 106 101
60 89 89
14 55 70
10 29 1
89 126 126
24 53 24
19 65 87
31 65 18
104 117 17
112 127 112
13 116 26
46 83 46
17 76 93
29 114 1
11 108 62
31 50 10
95 99 88
43 68 43
94 116 16
7 74 124
10 102 10
39 100 57
29 64 1
87 90 87
16 50 16
55 87 87
2 109 53
83 95 3
115 123 35
57 93 93
77 128 77
38 83 3
89 108 108
8 73 54
93 126 93
60 125 27
33 93 93
39 125 27
14 117 34
57 112 112
70 93 93
56 98 69
98 104 17
32 61 112
51 124 124
25 62 43
2 79 53
27 112 112
91 116 26
121 125 121
6 85 75
52 57 52
79 95 6
68 86 86
60 105 60
6 98 6
31 33 18
51 65 67
45 126 126
54 109 54
23 90 90
30 81 52
29 73 1
24 99 88
10 32 10
61 122 66
102 127 24
15 92 92
33 72 121
5 47 108
70 99 88
22 30 118
40 71 102
97 116 26
19 91 87
23 76 93
5 84 56
124 126 126
27 79 6
45 78 20
108 113 108
7 115 92
115 117 92
9 120 120
66 95 66
65 71 71
120 122 66
3 78 3
13 51 73
86 89 86
88 97 88
22 89 118
27 100 57
8 85 75
7 96 105
17 19 87
29 95 1
12 101 101
70 110 70
87 105 87
47 91 108
121 126 126
70 87 87
80 95 51
50 127 24
77 109 77
71 118 118
5 115 128
28 50 10
55 120 70
23 57 57
15 22 118
5 126 126
11 20 62
20 103 20
52 74 52
85 121 75
97 123 35
23 106 101
13 48 44
5 64 126
52 62 52
58 125 58
83 128 3
37 41 58
16 36 16
58 119 58
40 50 10
6 78 6
31 89 18
41 121 58
1 61 1
33 95 71
26 102 102
43 51 43
75 89 75
31 86 18
45 80 20
81 107 46
16 41 16
2 68 53
67 83 3
2 97 53
42 97 4
3 37 77
2 84 53
16 25 16
13 80 73
16 112 16
54 98 69
45 100 20
12 71 71
99 125 88
115 120 120
50 60 10
1 38 1
51 83 3
22 87 87
102 125 102
28 98 69
105 123 35
14 115 34
21 90 39
83 108 108
80 83 3
29 124 1
55 85 75
82 125 32
85 109 75
12 90 12
17 41 17
33 115 71
23 93 93
12 119 103
30 36 52
94 107 16
124 125 27
11 60 62
83 90 3
11 73 62
11 63 62
101 114 101
34 99 88
28 34 34
1 93 1
4 94 16
69 100 69
6 101 101
5 96 128
31 91 18
63 80 51
59 111 120
13 94 16
23 128 128
16 52 16
13 33 71
10 22 118
16 43 16
17 38 17
14 21 34
77 93 93
1 46 1
111 114 60
10 81 10
23 100 57
3 98 69
30 111 52
22 77 118
78 118 118
17 23 17
13 107 86
73 89 89
64 70 126
109 114 49
57 60 57
24 30 24
16 101 16
59 114 120
80 113 51
37 61 112
7 127 24
48 122 66
12 47 108
39 48 44
68 100 57
21 74 39
87 109 87
29 94 1
32 41 58
98 112 112
46 124 46
2 128 53
106 121 101
94 120 16
44 81 46
24 69 24
17 97 17
14 114 34
52 73 52
8 74 54
40 60 102
24 68 24
42 110 4
48 124 44
37 73 77
91 114 60
40 102 102
28 49 28
14 36 34
8 128 54
105 124 124
35 52 52
51 125 27
84 115 56
28 43 43
26 94 16
39 47 108
32 46 46
20 66 66
19 40 87
38 110 38
9 105 28
53 79 53
78 85 75
3 83 3
8 9 54
72 120 121
38 85 75
41 113 58
54 110 38
85 110 75
13 121 121
33 84 71
49 59 120
11 117 62
111 127 24
25 122 66
12 79 6
37 128 77
57 102 102
12 57 57
33 119 71
68 125 27
89 128 89
7 8 54
91 118 118
91 106 101
38 87 87
9 106 101
23 120 120
76 77 93
31 97 18
102 108 102
4 30 52
68 113 68
4 88 88
1 26 1
112 115 112
45 121 121
12 52 52
70 90 70
37 113 77
47 66 66
39 73 73
17 61 112
19 110 87
23 88 88
114 122 66
35 74 35
60 74 124
1 41 1
30 78 52
55 124 70
118 127 118
19 83 87
18 118 118
31 37 18
59 80 120
41 104 17
29 111 1
93 116 93
81 110 46
22 39 118
25 38 43
45 110 20
85 89 75
48 80 44
53 64 53
93 114 93
22 110 118
90 128 128
29 45 1
67 97 67
65 88 88
38 82 32
50 84 10
113 122 66
53 84 53
84 110 56
40 80 102
46 118 118
64 77 126
72 93 93
17 85 75
63 83 3
76 109 93
97 104 17
40 66 66
65 95 67
44 120 120
33 117 71
111 113 90
32 100 57
7 13 73
3 81 46
42 101 101
109 113 49
60 85 75
18 71 18
82 117 32
62 126 126
1 94 1
55 117 70
6 112 112
38 76 93
2 101 101
21 50 10
36 95 15
23 64 126
20 32 20
27 90 27
1 66 1
34 41 58
20 93 93
9 30 52
61 102 112
92 105 92
21 85 75
17 29 1
9 67 28
13 90 73
85 126 75
3 107 86
28 88 88
2 124 53
25 85 75
19 68 87
4 127 24
38 57 57
55 73 70
27 76 93
26 74 26
37 51 77
11 32 62
53 96 53
40 73 102
36 52 52
78 96 89
5 76 93
21 89 89
97 126 126
11 125 62
55 60 70
66 101 101
18 115 18
44 118 118
51 118 118
37 60 77
47 92 108
26 50 10
54 83 3
81 102 102
25 52 52
15 119 103
33 73 71
18 108 108
37 50 10
65 115 67
61 123 112
20 30 52
56 66 66
4 60 4
23 69 69
13 47 108
49 108 108
72 114 121
27 64 126
22 25 118
18 120 18
9 110 38
11 102 102
14 34 34
7 126 126
83 107 86
5 41 58
54 94 16
42 59 4
23 37 77
63 108 108
51 72 121
8 102 102
65 73 67
75 114 75
58 90 58
15 105 15
44 121 121
16 19 87
85 127 75
14 81 46
1 17 1
95 107 86
25 70 43
36 82 32
19 70 87
23 108 108
29 31 1
9 35 35
78 104 17
67 70 70
57 82 57
50 87 87
42 53 53
22 23 118
37 127 24
44 53 53
24 26 24
104 120 17
41 60 58
11 51 62
58 120 58
40 110 102
58 116 58
5 80 128
19 81 87
12 69 69
14 47 108
71 72 121
71 86 71
50 71 10
30 72 52
116 119 26
37 47 108
40 109 102
6 26 6
58 101 101
27 82 32
8 53 53
99 120 88
13 55 70
14 82 32
36 105 15
28 55 70
64 101 101
14 33 71
13 68 73
12 100 57
73 115 92
51 119 103
87 111 87
3 14 34
9 117 28
8 48 54
6 113 6
1 75 1
80 114 51
41 88 88
56 61 112
40 84 102
24 92 24
96 97 12
105 125 27
55 109 70
53 70 53
19 21 87
87 116 87
48 58 58
32 104 17
61 84 112
32 102 102
2 49 53
25 35 43
100 119 57
32 47 108
58 76 93
123 124 35
17 58 17
32 127 24
36 113 15
2 73 53
98 128 69
3 104 17
58 106 101
21 49 39
28 57 57
81 119 46
21 124 39
8 88 88
13 108 108
63 81 46
66 80 66
4 75 75
27 30 52
81 124 46
21 120 120
54 102 102
16 68 16
13 23 73
67 114 67
3 71 71
16 115 16
5 39 128
33 123 71
28 76 93
8 81 46
41 55 58
51 97 12
79 102 102
56 127 24
51 103 103
75 76 75
78 98 69
23 72 121
8 91 54
96 125 27
30 102 52
33 49 71
49 99 88
104 116 17
11 77 62
95 96 105
11 59 62
98 117 69
110 116 26
57 98 69
17 20 17
10 65 10
5 57 57
23 98 69
20 26 26
29 61 1
97 119 103
50 55 10
3 11 62
100 109 57
5 121 121
48 49 44
79 81 6
10 17 17
12 45 20
7 83 3
27 52 52
67 92 67
27 107 86
73 123 35
70 124 70
26 83 26
4 101 101
19 50 87
36 107 86
27 96 27
98 124 69
36 62 62
3 23 3
24 112 112
8 12 54
50 98 10
34 38 34
30 100 52
41 109 58
79 115 6
34 118 118
63 116 26
56 94 16
21 103 103
99 103 88
8 105 54
6 15 6
39 70 70
58 71 58
28 117 28
18 24 24
46 78 46
22 43 118
62 116 62
44 94 16
9 57 57
77 106 101
63 109 68
33 111 71
51 67 67
32 111 32
106 114 101
26 110 26
12 113 12
42 113 4
3 105 3
12 65 67
60 88 88
70 117 70
53 73 53
82 107 86
27 104 17
17 47 17
4 33 4
35 128 35
10 118 118
21 96 39
1 51 1
38 119 38
23 43 43
113 123 35
51 116 26
23 87 87
49 72 121
80 100 57
62 111 62
59 69 69
20 29 1
8 80 54
5 24 24
5 28 28
1 123 1
69 81 46
19 103 87
70 106 101
8 36 54
46 88 88
102 109 102
20 71 71
4 19 87
90 109 49
2 111 53
33 60 71
27 56 56
82 128 32
74 84 56
28 116 26
36 65 67
2 55 53
37 40 102
50 66 66
23 40 102
58 59 58
42 66 66
15 45 20
63 96 68
64 94 16
66 123 66
19 37 87
60 109 49
11 17 17
33 55 71
7 119 103
43 108 43
78 99 88
35 65 35
23 51 51
41 68 58
108 112 112
96 127 24
18 60 18
28 86 86
41 96 58
32 36 32
61 65 112
26 119 26
5 120 120
48 97 44
21 111 39
5 49 128
87 106 87
83 120 3
90 119 103
103 114 103
26 116 26
7 77 77
76 104 93
41 97 58
19 66 87
6 48 6
5 38 38
96 116 26
3 28 3
8 72 121
8 123 54
3 46 46
57 73 57
19 23 87
37 91 77
25 102 102
103 123 35
23 58 58
3 30 52
2 38 53
34 124 34
66 111 66
8 122 66
91 101 101
71 112 112
45 125 20
11 75 75
38 108 108
75 102 75
13 74 73
22 113 118
1 59 1
11 18 62
57 69 69
36 64 126
23 73 73
51 121 121
83 115 3
26 82 26
66 116 66
16 48 16
25 43 43
83 98 69
6 68 6
48 94 16
38 118 118
19 30 87
1 14 1
70 108 108
71 93 93
90 125 27
37 110 77
8 108 108
42 92 4
26 29 1
109 123 35
56 96 56
61 80 112
6 102 102
91 105 105
19 114 87
45 53 53
50 56 10
10 121 10
62 124 62
82 95 32
33 46 46
52 104 17
11 128 62
33 48 71
65 92 67
1 35 1
23 28 28
63 113 68
20 110 20
36 101 101
16 64 16
50 94 16
70 111 70
8 40 102
18 104 17
45 76 93
59 116 26
101 118 101
23 103 103
39 94 16
25 94 16
65 114 67
26 85 75
4 57 4
67 78 89
8 84 56
49 77 77
70 113 70
46 79 6
7 31 18
49 76 93
52 98 52
33 63 71
28 107 86
11 58 62
92 125 27
17 52 17
9 66 66
89 110 89
74 114 124
75 106 75
27 44 27
5 36 128
7 120 120
2 99 88
33 86 71
84 120 56
65 79 6
24 49 24
23 110 38
62 110 62
15 23 15
2 89 53
44 46 46
8 14 34
52 79 52
104 115 17
14 66 66
31 88 88
19 46 87
104 127 24
118 122 66
31 77 18
23 30 52
55 63 70
54 63 54
91 109 49
32 84 56
46 121 121
52 80 52
76 128 93
71 74 71
43 56 43
11 106 101
1 85 1
28 48 28
18 112 112
45 57 20
25 103 43
6 104 17
14 58 58
41 77 58
35 99 88
53 80 53
31 122 66
116 121 121
56 116 26
21 94 16
1 107 1
21 25 43
27 38 38
86 122 66
28 83 3
100 113 57
93 110 93
68 94 16
12 81 46
70 86 86
17 122 66
56 88 88
23 101 101
40 77 102
84 95 56
1 28 1
100 111 57
85 125 75
36 42 4
9 32 32
12 87 87
77 87 87
60 110 38
2 11 53
50 53 10
60 94 16
82 119 32
42 121 4
81 93 93
101 115 101
34 126 126
22 106 101
24 50 24
22 103 118
37 76 93
51 73 73
53 81 53
85 118 75
61 115 112
7 18 18
17 31 17
65 117 67
31 72 121
6 103 6
31 64 126
20 33 71
4 82 4
42 81 4
16 94 16
12 72 121
16 108 16
21 113 39
69 118 118
113 120 120
22 28 118
48 100 57
114 126 126
102 104 17
22 69 118
48 99 88
6 72 6
24 36 24
106 120 101
8 104 17
31 79 6
26 68 26
3 51 3
12 93 93
2 98 53
16 106 16
8 83 3
1 53 1
45 122 66
48 110 38
23 114 60
47 69 108
69 114 69
10 16 16
70 81 46
79 111 6
51 84 56
34 100 57
68 115 92
60 97 12
12 77 77
91 103 103
16 118 16
8 19 87
34 47 108
97 113 12
55 125 70
65 112 112
4 41 58
14 61 112
70 78 70
48 74 44
5 14 34
25 93 93
65 116 26
105 114 60
8 110 38
1 88 1
75 98 75
30 63 52
4 55 4
40 83 102
3 24 24
2 75 75
47 102 102
33 82 71
64 126 126
72 80 121
38 114 38
20 104 17
79 126 6
48 77 77
70 104 17
68 72 121
50 107 10
37 44 77
16 95 16
47 80 108
83 123 3
72 79 6
12 120 120
16 62 16
15 122 66
75 104 75
7 48 44
79 119 6
7 110 38
65 81 46
25 114 43
2 42 53
10 98 10
95 119 103
29 88 1
102 119 102
13 103 103
105 121 121
106 116 101
83 124 3
50 83 10
55 68 70
70 76 93
95 98 69
97 121 121
55 113 70
48 95 44
84 97 56
25 127 24
43 114 43
34 92 34
65 113 67
16 53 16
34 125 34
108 115 108
81 111 46
22 83 118
98 100 69
61 76 93
65 74 67
15 40 102
31 35 18
7 84 56
36 43 43
73 119 103
30 74 52
35 110 38
22 107 118
23 121 121
12 125 27
41 125 58
51 54 54
14 95 34
62 95 62
110 124 38
3 108 108
48 63 44
93 109 93
77 99 88
18 29 1
34 66 66
67 79 6
4 64 126
69 106 101
84 86 86
95 111 7
25 75 75
34 75 75
19 108 87
56 72 121
9 68 28
63 93 93
65 108 108
30 37 52
69 122 66
98 115 69
2 23 53
59 82 32
27 53 53
15 96 15
38 47 108
39 83 3
13 58 58
2 120 53
39 123 35
90 116 26
45 73 20
15 38 38
17 22 118
72 96 121
60 103 103
43 102 102
5 27 27
64 66 66
9 114 28
15 86 86
8 46 46
2 36 53
15 37 77
17 72 17
58 102 102
31 119 18
5 122 66
11 36 62
42 51 4
22 33 118
70 75 75
23 39 39
71 111 71
59 97 120
57 96 57
9 25 43
10 37 10
103 108 108
11 67 62
111 117 7
99 122 66
98 108 108
45 50 10
91 119 103
24 78 24
107 128 86
71 80 71
89 104 17
12 78 89
73 107 86
12 30 52
8 39 54
15 56 56
26 57 26
14 113 34
85 102 75
42 65 4
47 125 108
12 68 12
7 46 46
23 71 71
14 23 34
18 37 18
17 127 24
1 113 1
30 82 52
16 75 75
19 28 87
12 66 66
3 42 4
63 78 89
45 88 88
19 128 87
44 114 44
31 80 18
54 85 75
32 89 32
12 40 102
28 47 108
7 17 17
53 91 53
28 39 28
47 101 101
102 124 102
37 85 75
88 127 88
25 29 1
100 105 57
17 106 101
39 86 86
15 74 15
89 98 69
5 43 43
75 91 75
71 124 71
21 65 67
64 128 126
39 122 66
66 104 66
56 114 56
26 33 71
97 124 12
76 127 93
12 13 73
34 121 121
88 102 88
97 105 12
46 119 46
63 111 68
67 120 120
10 90 10
31 67 18
49 83 3
8 101 101
46 74 46
42 50 10
88 128 88
36 114 15
35 107 86
13 105 73
88 115 88
11 19 87
83 109 3
8 42 4
14 17 17
40 75 75
38 92 38
57 85 75
31 92 18
7 30 52
51 86 86
4 32 4
79 122 66
13 25 43
4 47 108
33 120 71
54 78 89
13 110 38
32 37 77
7 125 27
72 105 121
1 80 1
73 125 27
62 112 112
1 39 1
38 73 38
40 98 102
78 106 101
26 60 26
2 57 53
9 26 26
3 101 101
59 105 120
21 61 112
9 128 28
34 111 34
4 69 4
98 101 101
107 116 26
23 25 43
41 100 58
112 113 112
89 105 89
27 123 27
57 90 57
32 85 75
4 10 10
15 21 39
43 120 43
93 106 101
9 19 87
51 100 57
33 54 71
7 23 7
9 80 28
8 121 121
73 106 101
101 119 101
71 113 71
48 57 57
36 51 15
29 81 1
12 24 24
29 97 1
33 97 71
11 13 62
4 48 4
63 124 124
30 77 52
49 128 128
90 104 17
35 88 88
18 86 18
15 124 15
21 56 56
28 92 28
14 85 75
72 113 121
74 85 75
33 96 71
57 74 57
36 55 70
52 114 52
21 105 39
48 60 44
76 108 93
54 55 70
5 90 128
40 76 93
67 106 101
65 127 24
21 33 71
14 31 18
10 49 10
75 85 75
37 65 77
64 111 126
20 53 53
19 75 87
39 61 112
18 102 102
8 59 54
2 35 53
104 108 17
61 114 112
13 124 73
5 69 69
86 105 86
41 122 66
85 90 75
16 83 16
32 103 32
39 55 70
48 79 6
34 110 34
23 86 86
52 106 101
49 82 32
53 72 53
67 90 67
76 110 93
77 101 101
19 127 87
20 119 20
21 118 118
82 93 93
38 100 57
55 100 57
93 104 93
76 114 93
25 33 43
1 92 1
38 80 38
36 91 15
86 100 86
9 98 69
24 40 24
11 101 101
80 96 51
13 114 73
59 124 120
46 67 46
37 108 108
17 81 17
30 73 52
74 105 124
41 50 10
74 83 3
35 62 62
51 59 120
7 35 35
8 23 54
85 93 75
15 17 17
33 75 75
38 107 86
71 77 71
68 81 46
4 66 66
35 106 101
46 47 108
50 96 10
48 81 46
36 96 15
66 69 66
3 56 56
37 119 77
103 104 17
9 45 20
20 127 24
83 112 112
117 125 27
38 51 38
6 40 102
116 122 66
13 82 32
19 106 87
62 114 62
52 125 52
9 46 46
61 116 112
29 68 1
30 68 52
17 83 17
24 122 66
61 105 112
31 55 18
41 49 58
45 65 20
36 70 70
3 53 53
43 99 88
121 122 66
25 87 87
24 52 24
62 92 62
23 77 77
1 19 1
25 34 43
29 33 1
87 88 87
69 78 69
82 123 32
1 96 1
73 99 88
9 29 1
18 65 18
47 78 108
90 110 38
48 127 24
95 110 38
24 75 75
65 128 67
75 122 75
1 122 1
22 91 118
105 119 103
9 72 121
107 111 86
16 65 16
72 77 121
56 64 126
50 113 10
52 83 52
31 115 18
19 87 87
26 45 26
19 36 87
11 122 66
96 123 35
1 58 1
10 112 112
25 49 43
84 105 56
43 109 43
45 99 88
59 107 86
85 96 75
34 79 6
78 95 89
104 119 17
45 72 121
37 79 6
58 60 58
78 113 89
21 110 38
49 65 67
1 89 1
11 83 62
111 125 27
99 121 88
33 107 71
66 98 66
3 38 3
57 92 57
67 77 77
45 71 71
85 116 75
27 32 32
80 97 12
3 45 20
27 40 102
21 23 39
12 22 118
34 122 66
29 85 1
21 24 24
123 127 24
25 125 43
13 98 69
29 127 1
71 100 71
14 79 6
69 127 24
19 102 87
20 80 20
7 43 43
36 104 17
23 85 75
20 125 20
84 124 56
16 17 16
36 61 112
98 105 69
24 97 24
36 41 58
104 128 17
65 124 67
58 63 58
50 124 10
24 104 24
64 97 126
31 61 112
97 98 69
21 126 126
47 114 108
1 50 1
50 103 10
24 60 24
30 59 52
87 112 87
20 68 20
29 108 1
11 92 62
70 125 70
86 110 86
60 61 112
92 93 93
23 127 24
3 120 3
85 119 75
51 127 24
78 122 66
50 67 10
71 117 71
9 55 70
30 60 52
24 43 24
20 61 112
6 52 52
103 118 118
67 126 126
95 112 112
79 107 6
65 125 27
72 127 24
97 109 12
5 119 128
31 42 4
91 127 24
79 85 75
5 16 16
37 107 86
9 93 93
78 116 26
6 111 6
60 64 126
25 119 43
19 112 87
10 97 10
45 113 20
81 103 46
2 29 1
27 78 89
13 63 73
48 51 44
33 110 71
9 85 75
101 107 101
51 87 87
10 64 10
10 106 101
42 43 43
12 56 56
13 122 66
14 120 34
11 112 112
31 69 69
10 96 10
97 108 108
42 90 4
15 110 38
67 98 69
50 63 10
9 21 28
6 13 6
29 37 1
57 113 57
45 118 118
13 38 38
24 38 24
59 96 120
40 81 102
88 116 88
50 114 10
113 116 26
33 113 71
51 78 89
11 50 10
21 63 39
74 104 17
17 40 17
23 75 75
87 126 87
4 36 4
27 33 71
1 128 1
79 114 6
55 123 70
31 126 126
39 103 103
36 97 12
17 79 17
9 82 32
61 87 87
100 106 101
8 45 20
66 94 16
64 121 126
4 103 4
61 124 112
62 127 24
96 114 60
68 102 102
20 120 20
10 116 10
61 85 75
37 67 77
29 83 1
15 55 70
58 81 58
65 80 67
44 100 57
19 58 87
108 127 24
75 88 75
54 73 54
33 62 62
49 85 75
44 84 56
11 94 16
40 95 102
21 109 39
25 83 43
11 110 62
58 64 126
14 65 34
53 112 112
95 118 118
10 70 10
109 125 27
59 98 69
14 39 34
9 100 57
9 113 28
40 61 112
32 54 32
60 83 3
52 94 16
47 62 62
82 109 32
70 88 88
12 98 69
10 104 17
55 114 70
24 83 24
11 45 62
30 95 52
88 119 88
7 40 102
25 120 43
40 90 102
91 99 88
36 80 15
11 114 62
33 68 71
39 114 39
23 89 89
11 23 62
12 84 56
13 72 121
16 121 16
41 58 58
50 93 93
6 56 6
27 99 88
1 114 1
70 98 69
3 36 3
15 121 121
76 83 93
79 105 6
8 55 70
61 78 112
47 51 108
33 90 71
49 74 124
59 90 120
57 101 101
16 103 16
23 82 32
63 66 66
23 35 35
42 78 4
22 45 118
28 54 54
61 127 112
80 122 66
6 107 6
1 27 1
69 70 69
8 10 10
62 70 62
26 126 126
12 51 12
112 128 112
13 31 18
4 70 4
84 87 87
15 27 27
42 63 4
31 71 18
95 122 66
2 53 53
50 70 10
60 113 90
74 110 38
66 67 66
9 87 87
13 81 46
37 74 77
43 112 112
31 127 24
58 113 58
10 73 10
6 100 6
56 110 56
83 101 101
98 126 126
16 119 16
21 97 39
68 74 124
17 30 17
115 127 24
40 93 93
5 59 120
80 111 51
12 102 102
35 83 3
59 99 88
11 82 62
35 48 35
5 89 89
21 71 71
106 110 101
22 118 118
9 51 28
71 103 71
35 84 56
35 98 69
9 15 28
55 76 93
72 98 121
47 49 108
36 109 15
50 90 10
82 110 32
45 127 24
115 124 92
94 114 16
23 109 49
99 109 88
85 107 75
66 107 66
76 105 93
10 82 10
22 32 118
10 41 10
65 86 86
70 128 70
98 107 69
70 120 70
10 126 10
2 66 66
52 117 52
50 74 10
23 107 86
64 107 126
39 95 39
38 84 56
84 113 56
43 64 126
52 86 52
69 119 69
66 106 101
36 78 89
11 107 62
65 123 35
10 38 10
1 44 1
74 109 124
100 126 126
11 115 62
12 55 70
17 39 17
35 121 121
40 97 102
66 73 66
23 46 46
68 80 51
51 61 112
15 47 108
84 125 56
64 65 126
107 109 86
7 55 70
52 118 118
51 123 35
10 119 10
14 88 88
43 117 43
60 63 68
48 64 126
61 121 112
72 104 17
108 124 108
53 124 53
58 89 58
119 122 66
26 103 26
27 74 27
52 101 101
31 90 18
14 68 34
45 111 20
9 41 58
20 92 20
54 107 86
42 85 75
33 51 71
84 107 86
1 120 1
45 79 6
116 120 26
82 105 32
5 8 54
33 98 69
56 79 6
40 79 102
110 111 38
59 75 75
46 123 46
81 83 46
5 111 128
73 124 73
94 127 16
96 99 88
14 91 34
48 53 53
9 121 121
100 120 57
77 79 6
93 101 101
27 39 27
37 100 57
1 101 1
11 78 62
55 74 70
14 125 34
96 109 49
47 84 108
71 96 71
64 114 126
8 76 93
65 103 67
100 107 86
19 116 87
19 126 87
29 126 1
37 115 77
48 83 3
20 38 20
31 60 18
31 117 18
63 121 121
6 57 6
59 119 120
27 51 27
31 111 18
97 100 57
7 58 58
39 57 57
118 126 118
18 68 18
30 101 101
24 86 24
43 71 43
38 46 46
20 116 26
83 103 3
10 125 10
52 92 52
10 83 10
61 117 112
91 110 38
1 65 1
119 124 103
48 92 44
43 106 101
9 83 3
78 120 89
23 84 56
46 111 46
30 67 52
47 83 108
46 85 75
58 93 93
60 75 75
29 67 1
32 58 58
45 54 20
25 99 88
65 91 67
72 74 121
15 112 112
41 52 52
32 34 32
91 104 17
42 91 4
44 101 101
22 88 88
75 115 75
56 86 86
40 65 102
48 84 56
63 117 68
37 48 77
2 17 17
12 23 12
28 60 28
55 86 86
42 58 58
31 121 121
24 106 101
12 25 43
96 111 105
51 98 69
11 79 6
25 112 112
23 31 18
110 119 38
88 114 88
67 116 26
55 72 121
106 112 101
4 125 4
7 70 70
10 88 88
26 54 26
20 42 4
74 113 124
30 45 52
19 49 87
67 72 121
4 22 118
80 116 26
23 119 103
26 73 26
60 62 62
33 70 71
7 97 12
115 125 27
23 124 124
12 15 12
20 111 20
17 64 17
34 86 86
20 60 20
61 119 112
78 117 89
3 50 10
68 95 68
62 108 62
83 89 3
107 119 86
38 79 6
32 49 32
88 93 88
23 27 27
18 55 18
69 108 108
49 111 49
40 45 102
110 125 38
97 110 38
28 110 38
14 109 34
12 61 112
16 88 16
67 109 67
118 124 118
99 113 88
69 112 112
59 109 120
60 65 67
26 47 108
74 93 93
61 67 112
2 33 53
94 106 16
58 72 58
45 116 26
40 104 17
69 76 93
20 106 101
11 15 62
29 107 1
22 40 118
91 115 92
53 115 53
4 44 4
60 115 92
23 56 56
22 128 118
6 29 1
72 81 121
24 28 24
1 22 1
75 101 75
21 119 103
120 124 120
33 114 71
41 108 58
6 46 6
8 124 54
52 75 75
19 109 87
25 108 43
50 72 10
47 52 52
73 85 75
36 48 44
2 108 53
51 56 56
81 98 46
10 36 10
45 119 20
66 114 66
82 98 69
37 123 77
23 55 70
33 76 93
29 93 1
48 85 75
79 90 6
55 105 70
17 112 112
16 85 75
24 71 24
65 72 121
27 92 27
76 101 101
80 123 35
27 42 4
23 95 95
1 6 1
41 80 58
24 103 24
94 98 16
10 23 10
63 69 69
18 42 4
98 110 69
68 75 75
111 112 112
6 38 6
113 117 90
9 103 28
79 104 17
32 43 43
7 51 51
7 123 35
15 90 15
47 57 108
38 98 69
23 62 62
40 87 87
7 98 69
109 115 92
14 53 53
57 120 57
23 118 118
31 113 18
30 71 52
58 104 17
17 69 17
2 90 53
21 114 39
43 83 43
17 119 17
62 64 126
35 119 35
6 21 6
36 116 26
97 122 66
19 57 87
54 115 54
68 88 88
18 98 69
9 65 28
96 122 66
87 104 87
21 83 3
86 109 86
21 36 39
14 41 58
112 118 112
49 124 124
51 82 32
47 112 112
83 121 121
73 98 69
83 86 86
84 99 88
30 114 52
45 51 20
33 99 88
56 122 66
25 61 112
105 109 49
94 128 16
8 69 69
109 110 38
29 113 1
111 126 126
69 111 69
65 105 67
55 70 70
125 128 27
38 63 38
41 91 58
80 115 92
12 76 93
21 48 44
72 128 121
41 120 58
38 115 38
47 48 108
46 108 108
6 50 10
88 105 88
33 34 71
15 99 88
95 123 35
23 65 67
5 104 17
99 123 88
91 107 86
28 105 28
105 106 101
44 79 6
45 108 108
65 99 88
71 78 71
110 117 38
54 89 89
16 23 16
41 48 58
62 83 62
4 17 17
35 85 75
14 83 34
27 55 70
5 19 87
17 101 101
12 21 39
90 97 12
36 125 27
4 83 4
4 102 102
113 121 121
28 81 46
89 127 24
64 99 88
74 96 124
39 69 69
4 106 101
8 113 54
30 119 52
73 110 38
55 64 126
52 55 52
54 120 54
31 107 18
48 88 88
15 72 121
30 108 52
34 65 34
7 118 118
40 115 102
82 99 88
40 43 102
27 80 27
17 113 17
13 49 73
26 115 26
60 127 24
85 113 75
8 30 52
45 63 20
27 83 3
89 106 101
42 93 93
30 44 52
91 111 7
24 115 24
42 123 4
109 116 26
1 87 1
40 41 102
17 24 24
24 32 24
32 86 86
88 121 88
51 110 38
19 84 87
78 124 89
50 112 112
25 36 43
68 108 108
21 30 52
50 99 88
42 79 6
60 70 70
48 82 32
15 52 52
1 110 1
47 85 75
65 78 89
48 106 101
5 30 52
3 99 88
81 85 75
38 128 38
10 50 10
58 126 126
11 47 62
10 35 10
25 86 43
23 83 3
95 128 128
98 113 69
26 121 121
24 113 24
80 91 51
29 47 1
17 102 17
4 89 4
18 22 118
14 74 34
59 85 75
8 119 54
56 99 88
28 65 28
3 79 6
54 82 32
33 45 71
14 93 93
57 88 88
81 97 46
107 124 86
82 97 32
112 123 112
24 127 24
87 97 87
125 126 126
4 67 4
39 85 75
14 45 20
10 108 10
48 116 26
4 52 52
26 93 93
103 126 126
44 62 62
48 114 44
43 45 43
67 108 108
80 109 51
101 108 101
67 123 35
5 78 89
104 112 112
13 59 120
13 83 3
38 56 56
13 18 18
8 78 89
72 111 121
17 87 87
16 20 16
64 67 126
15 43 43
57 66 66
96 103 103
27 111 27
50 109 10
13 20 20
54 99 88
36 81 46
7 29 1
19 24 87
48 72 121
31 59 18
78 115 89
96 120 120
29 66 1
28 113 28
32 107 86
70 73 70
14 50 10
32 116 26
32 93 93
37 97 77
33 40 102
38 103 38
57 126 126
41 51 58
110 126 126
1 23 1
37 103 77
43 52 52
79 87 87
13 37 77
43 59 43
69 72 121
78 94 16
55 80 70
48 96 44
83 110 3
14 22 118
57 65 57
9 17 17
18 85 75
26 84 26
11 86 62
11 103 62
9 96 28
3 115 3
66 88 66
16 59 16
23 126 126
74 90 124
11 25 43
67 113 67
34 123 34
44 57 57
81 126 126
34 108 108
19 77 87
72 121 121
15 49 15
97 128 128
6 126 6
67 86 86
116 123 26
100 116 26
53 85 75
8 44 54
105 117 105
16 46 16
55 110 70
1 106 1
16 69 16
8 33 71
36 123 35
13 84 56
94 126 16
12 105 12
46 81 46
79 98 6
9 127 24
50 64 10
78 107 86
37 121 121
53 99 88
4 39 4
12 121 121
45 98 69
31 41 58
25 27 43
1 82 1
45 114 20
17 82 17
24 105 24
25 71 43
10 59 10
11 120 62
5 56 56
41 85 75
25 31 43
101 104 101
5 65 67
92 99 88
25 97 43
82 90 32
87 94 87
88 112 88
33 118 118
30 42 52
22 111 118
92 116 26
10 76 93
113 115 92
77 125 77
49 100 57
99 112 88
20 89 20
54 58 58
50 57 10
32 62 62
37 64 126
50 62 10
11 62 62
22 95 118
80 124 124
2 26 53
72 117 121
104 121 17
9 119 28
2 51 53
37 69 69
45 115 20
5 114 128
42 124 4
33 128 71
18 91 18
58 78 58
47 99 88
75 94 75
52 70 52
34 107 86
69 75 75
85 104 75
70 89 70
11 87 87
34 55 70
68 118 118
74 82 32
54 95 54
111 119 103
47 67 108
25 106 101
3 122 66
45 61 112
47 96 108
18 107 18
85 112 75
106 124 101
10 111 10
122 127 66
6 84 6
78 80 89
32 39 32
20 54 20
34 104 17
42 57 4
63 123 35
6 79 6
34 78 34
62 72 62
61 118 112
51 75 75
112 126 112
74 125 27
16 80 16
26 95 26
38 88 88
12 19 87
7 111 7
61 100 112
33 52 52
24 27 24
51 117 51
28 72 121
72 92 121
18 110 18
4 63 4
52 67 52
126 127 24
89 115 89
26 70 26
7 44 44
19 101 87
16 29 1
83 97 3
8 79 6
33 74 71
7 64 126
45 92 20
46 106 101
8 31 18
42 60 4
56 59 56
60 114 60
13 97 73
18 30 52
48 71 71
49 52 52
41 94 16
37 126 126
107 114 86
105 128 128
32 112 112
8 63 54
55 119 70
33 124 71
56 92 56
1 125 1
16 49 16
67 76 93
19 60 87
6 39 6
90 127 24
36 74 15
55 88 88
5 110 38
37 62 62
46 52 52
71 99 88
66 121 66
61 103 112
11 54 62
43 73 43
3 82 32
73 76 93
14 32 32
63 100 57
69 128 69
57 84 56
15 111 15
49 81 46
99 115 88
49 119 103
29 40 1
60 77 77
48 78 89
61 110 112
26 48 26
47 75 75
26 125 26
121 123 121
45 117 20
14 89 34
6 89 6
25 65 43
9 84 56
16 102 16
10 19 87
7 37 77
67 85 75
39 87 87
30 106 101
41 127 24
18 92 18
79 96 6
64 104 17
44 64 126
1 68 1
120 123 35
44 103 44
44 98 69
33 81 46
50 75 75
12 96 12
45 64 126
107 123 86
11 56 62
33 78 71
24 84 24
52 63 52
28 94 16
84 101 101
1 105 1
84 100 56
52 56 52
105 126 126
41 110 58
99 117 88
75 121 75
36 124 15
52 105 52
106 126 101
8 114 54
11 39 62
49 125 27
10 14 10
25 98 43
34 94 16
4 74 4
1 2 1
55 65 70
29 110 1
61 97 112
23 94 16
50 122 66
92 100 57
61 62 112
32 65 32
16 126 16
43 72 43
36 68 15
31 116 18
25 115 43
48 117 44
41 57 58
85 97 75
22 105 118
96 108 108
56 101 101
11 44 62
63 106 101
90 94 16
13 95 73
23 67 67
102 106 101
17 21 17
5 68 128
11 71 62
14 96 34
25 59 43
50 106 101
63 122 66
107 120 86
86 117 86
29 69 1
10 122 66
93 105 93
43 98 43
41 46 58
103 128 128
48 119 44
98 116 69
6 67 6
67 128 67
86 127 24
16 37 16
76 80 93
41 87 87
9 60 28
37 55 70
41 59 58
95 114 60
17 104 17
57 104 17
47 72 108
48 125 27
44 47 108
72 115 121
10 77 10
84 121 121
96 119 103
40 48 102
44 65 67
11 64 126
14 40 102
26 41 58
37 112 112
29 96 1
14 105 34
47 110 108
96 115 92
57 61 112
13 39 73
51 106 101
18 28 18
15 65 67
41 98 58
8 115 54
68 98 69
3 87 87
78 86 86
32 60 32
76 112 93
23 44 44
20 99 88
63 99 88
32 125 32
14 122 66
28 96 28
42 104 17
56 123 56
66 100 66
62 106 101
104 111 17
27 29 1
61 125 112
12 83 3
74 79 6
29 49 1
5 61 112
88 107 88
42 61 112
48 90 44
27 122 66
9 73 28
53 102 53
30 126 52
23 63 68
53 93 93
116 117 26
53 121 53
45 128 20
91 123 35
65 84 56
19 96 87
71 81 46
51 128 128
45 70 20
71 128 71
16 100 16
53 66 66
19 120 87
42 87 87
57 71 71
45 84 20
23 112 112
121 128 121
26 52 52
89 112 112
6 44 6
53 118 118
33 57 71
44 99 88
79 83 6
24 88 88
29 102 1
51 74 124
4 23 4
45 120 20
46 56 46
66 99 66
32 88 88
31 125 18
23 60 60
23 122 66
21 95 39
100 103 57
110 120 38
66 120 66
95 106 101
23 81 46
25 77 43
17 115 17
110 114 38
72 126 126
50 89 10
22 53 118
61 91 112
12 34 34
51 112 112
6 125 6
34 97 34
95 120 120
12 115 92
78 109 89
26 32 26
13 125 27
74 95 124
24 118 118
19 79 87
78 102 102
110 123 38
9 125 27
2 4 53
5 109 128
27 77 77
17 100 17
42 72 4
20 56 20
66 119 66
51 115 92
36 119 103
18 21 18
21 37 77
28 52 52
8 22 118
77 83 77
29 39 1
6 10 10
76 126 93
83 91 3
19 27 87
38 91 38
59 121 121
63 107 86
4 118 118
3 55 70
21 60 39
42 111 4
44 110 38
95 97 12
19 95 87
87 121 87
120 126 126
13 65 67
7 73 73
7 9 28
2 12 53
78 128 89
45 95 20
16 104 16
91 100 57
20 23 20
31 48 18
80 125 27
12 86 86
61 108 112
57 118 118
34 116 26
34 84 56
1 69 1
29 52 1
13 71 71
101 122 101
116 124 26
62 104 17
79 113 6
9 107 86
11 33 62
59 83 3
87 108 87
109 119 103
38 81 46
12 67 67
106 113 101
66 87 87
31 39 18
5 33 71
2 58 53
35 72 121
25 69 43
40 62 102
59 73 120
31 40 102
13 30 52
88 117 88
29 43 1
45 56 20
66 71 66
18 40 102
35 82 32
30 33 52
105 113 90
97 117 12
34 50 10
78 84 56
17 98 17
93 95 93
27 81 46
95 117 95
6 116 6
1 42 1
67 119 67
92 98 69
25 95 43
34 35 34
58 69 58
80 94 16
25 55 43
1 111 1
39 77 77
109 117 49
30 91 52
32 64 126
19 53 87
44 87 87
36 108 108
91 126 126
70 107 86
42 48 4
59 77 77
12 39 39
43 116 43
73 82 32
84 123 56
50 81 10
60 122 66
18 41 58
15 125 27
48 103 44
7 106 101
81 87 87
21 98 69
27 43 43
37 82 77
66 76 66
88 126 88
68 116 26
59 67 120
16 70 16
36 49 15
43 122 66
102 107 102
22 64 118
79 106 101
11 46 62
2 77 53
52 53 52
10 53 10
92 123 35
19 107 87
42 108 108
42 74 4
85 88 75
30 117 52
36 72 121
55 84 56
86 128 86
57 80 57
49 78 89
97 107 86
25 117 43
76 86 93
33 67 71
8 70 70
7 82 32
79 112 112
119 126 126
37 98 69
40 47 102
25 116 43
9 91 28
57 125 57
42 56 4
31 32 18
53 76 93
12 46 46
4 24 24
5 103 128
42 119 4
25 90 43
34 88 88
41 106 101
57 109 57
58 114 58
74 119 103
88 101 101
9 104 17
14 44 34
73 74 73
81 90 46
30 120 52
1 108 1
31 120 18
113 126 126
75 118 75
45 105 20
62 81 62
120 125 27
45 106 101
5 125 27
83 119 3
11 43 43
18 116 18
89 122 66
97 115 92
18 53 53
68 70 70
12 14 34
103 111 103
6 109 6
85 106 75
76 99 88
50 58 10
79 103 6
25 79 6
29 38 1
79 108 6
81 109 46
54 66 66
38 70 70
9 79 6
42 102 102
118 125 118
39 99 88
73 84 56
24 57 24
21 67 67
98 127 24
21 82 32
53 108 53
3 41 58
16 89 16
37 120 77
41 62 62
13 52 52
43 47 43
9 53 53
63 119 103
51 108 108
105 115 92
52 113 52
39 118 118
64 80 126
64 119 126
41 53 53
47 100 108
40 89 102
17 88 88
82 96 32
67 122 66
23 125 27
10 87 87
8 65 54
94 105 16
72 76 93
37 116 26
49 61 112
80 127 24
99 110 88
53 110 53
2 95 53
103 105 103
59 68 120
7 27 27
44 88 88
95 113 90
31 105 18
13 91 73
46 73 46
59 93 93
35 55 70
71 122 66
6 49 6
68 82 32
2 94 16
75 100 75
16 127 16
52 88 88
111 124 124
20 91 20
65 107 86
63 68 68
59 117 120
100 124 57
50 78 10
74 94 16
34 37 77
30 112 112
12 103 103
45 112 112
70 100 57
56 93 93
35 38 38
3 13 3
47 50 10
14 19 87
8 97 54
94 118 16
59 102 102
49 79 6
48 66 66
34 71 71
38 52 52
71 76 93
73 114 73
45 85 75
21 107 86
2 96 53
26 77 26
30 43 52
67 101 101
71 106 101
23 59 120
1 40 1
40 55 102
11 34 62
57 59 57
58 122 66
15 123 35
30 84 52
67 99 88
30 55 52
8 18 18
25 26 43
77 122 66
48 105 44
61 94 16
35 66 66
104 105 17
27 106 101
9 75 75
55 79 6
3 110 3
48 76 93
23 32 32
75 116 75
13 21 73
33 42 4
75 87 87
62 120 62
34 42 4
34 106 101
46 69 46
47 54 108
52 61 112
60 123 35
92 110 38
10 92 10
110 128 38
11 70 62
11 40 102
13 36 73
81 120 46
41 63 58
1 52 1
21 55 70
28 61 112
68 119 103
39 72 121
103 115 92
79 93 93
36 122 66
36 83 3
80 118 118
67 93 93
12 109 12
110 115 38
19 71 87
74 111 124
81 123 46
22 79 118
7 11 62
11 38 62
66 117 66
5 95 128
2 46 53
49 53 53
54 70 70
40 128 102
37 122 66
45 66 66
87 103 87
59 79 6
52 87 87
7 41 58
15 48 44
107 127 24
44 71 71
65 122 66
7 94 16
33 100 71
21 79 6
58 79 6
34 49 34
111 115 92
35 64 126
36 115 92
35 42 4
117 126 126
45 68 20
5 32 32
78 105 89
72 119 121
3 84 56
1 11 1
45 109 20
77 112 112
13 117 73
38 50 10
19 121 87
64 86 126
103 120 120
105 108 108
45 94 16
42 64 126
81 95 46
15 120 120
90 98 69
34 76 93
4 28 4
20 35 20
59 118 118
72 95 121
96 117 105
41 86 58
17 117 17
46 120 46
28 84 56
96 126 126
71 114 71
51 107 86
49 57 57
30 110 52
31 104 17
34 96 34
11 28 62
22 68 118
5 42 4
2 112 112
64 92 126
6 65 6
6 61 112
57 70 57
5 113 128
35 123 35
36 85 75
14 28 34
47 81 108
14 64 126
94 103 16
51 58 58
78 83 3
117 127 24
75 93 75
21 125 27
15 29 1
89 125 89
62 123 62
13 61 112
119 120 120
18 35 18
90 120 120
32 68 32
118 120 118
67 81 46
26 72 121
77 127 24
20 81 46
27 41 58
74 100 57
24 64 24
115 118 118
9 116 26
93 98 93
75 117 75
44 104 17
44 116 26
20 107 20
65 119 67
34 127 24
37 43 43
43 67 43
52 119 52
8 49 54
32 106 101
23 50 10
4 84 4
19 125 87
87 100 87
74 80 124
83 84 56
60 116 26
44 123 35
28 40 102
71 91 71
40 116 102
87 122 87
7 34 34
63 115 92
78 87 87
13 76 93
23 102 102
25 68 43
67 69 69
42 114 4
22 62 118
21 51 39
65 68 67
59 110 38
15 34 34
103 125 27
84 92 56
23 54 54
26 123 26
69 125 69
18 122 66
81 115 46
8 67 54
28 82 32
83 96 3
79 109 6
52 89 52
57 107 86
52 102 52
7 107 86
26 98 69
5 23 128
15 53 53
44 74 44
14 119 34
77 84 56
71 126 126
39 109 39
14 116 26
24 58 24
76 111 93
34 102 102
40 88 88
47 61 112
3 93 93
24 33 24
42 96 4
12 106 101
93 118 93
9 76 93
47 90 108
3 100 57
16 79 16
81 94 16
4 62 62
2 119 53
1 83 1
65 67 67
38 64 126
68 96 68
16 73 16
3 85 75
11 121 62
97 114 12
83 125 3
42 128 4
22 90 118
14 102 102
86 98 69
5 11 62
37 63 77
49 127 24
19 113 87
39 84 56
24 25 24
62 75 75
16 55 16
72 87 87
15 84 56
6 42 6
20 59 20
77 104 17
57 77 57
38 90 38
36 50 10
43 70 43
117 123 35
9 64 126
3 40 102
9 23 28
8 41 58
2 9 53
3 125 3
96 112 112
58 92 58
39 101 101
13 45 20
51 69 69
35 47 108
32 83 32
78 114 89
16 33 16
13 42 4
48 112 112
72 123 121
73 79 6
25 124 43
30 125 52
93 117 93
43 50 10
8 92 54
50 108 10
7 112 112
65 126 126
11 74 62
44 59 120
20 82 20
21 77 77
73 86 86
15 81 46
93 108 93
105 110 38
46 63 46
118 121 118
82 124 32
33 47 108
86 116 26
53 67 53
27 46 46
61 111 112
92 127 24
22 124 118
62 85 75
56 102 102
33 83 71
53 57 53
68 83 3
4 111 4
61 112 112
66 72 66
14 103 34
11 119 62
40 103 102
52 93 93
74 127 24
29 116 1
67 91 67
32 94 16
28 46 46
114 116 26
83 114 3
91 96 105
84 90 56
21 59 120
59 65 120
66 92 66
16 45 16
33 38 71
38 42 4
78 81 46
23 24 24
16 66 16
3 124 3
13 60 73
31 63 18
21 57 57
23 115 92
20 98 69
88 122 66
94 112 16
12 32 32
58 100 58
85 122 75
49 115 92
94 108 16
23 49 49
55 103 70
25 113 43
24 59 24
99 124 88
64 93 93
91 113 90
37 111 77
4 105 4
58 66 66
63 112 112
46 126 126
111 116 26
63 87 87
18 38 18
24 114 24
40 69 102
7 14 34
39 126 126
7 65 67
80 105 51
22 115 118
63 125 27
30 104 17
64 71 126
74 81 46
15 113 15
85 94 75
19 44 87
62 79 6
43 96 43
107 125 86
8 27 27
29 44 1
29 120 1
48 68 44
29 128 1
14 37 77
1 76 1
70 79 6
74 115 92
9 97 28
44 127 24
57 106 101
7 88 88
23 79 6
106 109 101
16 40 16
66 122 66
12 82 32
58 75 75
11 41 62
101 102 101
35 54 54
104 114 17
65 83 3
2 72 53
43 124 43
19 31 87
11 95 62
55 106 101
80 85 75
9 115 28
3 119 3
67 124 67
66 86 66
30 38 52
4 98 4
30 40 52
57 110 57
2 3 53
45 91 20
2 61 112
58 84 58
48 128 44
52 81 52
99 101 101
53 55 53
82 100 57
45 86 20
4 42 4
64 69 126
11 30 52
68 110 38
16 57 16
47 73 108
84 111 56
68 76 93
60 99 88
21 78 89
11 49 62
117 122 66
82 108 108
75 110 75
70 72 121
5 50 10
75 112 75
41 56 58
20 64 126
13 93 93
85 103 75
36 37 77
59 115 120
51 114 51
8 50 10
92 109 92
66 118 66
24 100 24
38 106 101
8 75 75
96 113 90
23 61 112
61 83 112
32 74 32
51 53 53
9 124 28
19 117 87
86 113 86
114 115 92
40 91 102
86 87 87
63 91 68
67 87 87
9 62 62
94 95 16
8 106 101
59 101 101
53 101 101
90 106 101
1 86 1
29 117 1
6 87 87
76 125 93
9 39 28
41 107 58
73 81 46
44 125 27
111 118 118
63 105 68
44 80 44
17 123 17
14 15 34
75 127 75
10 86 10
91 117 95
42 83 4
32 33 71
61 75 75
73 111 73
64 116 126
98 109 69
94 110 16
60 76 93
79 110 6
47 89 108
10 123 10
79 99 88
43 118 118
8 120 54
37 59 77
10 47 10
55 118 118
17 53 17
37 83 77
54 125 27
103 119 103
12 29 1
55 78 70
19 64 87
29 75 1
39 115 92
1 25 1
105 116 26
11 91 62
52 121 52
92 111 92
52 126 52
13 100 57
69 87 87
30 48 52
13 96 73
104 122 66
61 98 112
28 59 120
69 79 6
60 95 60
31 57 18
79 123 6
11 31 62
40 114 102
5 60 128
1 100 1
55 116 26
21 64 126
73 100 57
77 82 77
11 109 62
62 93 93
80 110 38
60 80 51
68 99 88
23 99 88
3 68 3
85 98 75
5 97 128
29 106 1
53 74 53
37 80 77
5 116 26
55 99 88
35 126 126
22 71 118
122 124 66
100 108 108
48 59 120
80 119 103
76 113 93
47 53 53
60 93 93
29 58 1
91 97 12
88 99 88
67 115 67
75 119 75
6 83 6
10 109 10
13 15 73
53 100 53
76 121 93
19 59 87
35 57 57
44 52 52
59 72 121
12 89 89
42 73 4
42 77 4
59 84 56
25 50 10
51 66 66
25 105 43
11 80 62
79 124 6
71 82 71
28 108 108
119 128 128
14 35 34
25 67 43
1 127 1
81 112 112
95 102 102
41 82 58
15 82 32
4 46 4
10 25 10
23 53 53
29 41 1
72 99 88
16 122 16
28 67 28
77 116 26
76 107 93
49 84 56
74 123 35
87 102 87
63 127 24
29 87 1
29 74 1
40 99 88
15 114 15
6 23 6
52 108 52
17 116 17
52 111 52
42 100 4
31 101 101
29 34 1
76 84 93
109 127 24
30 53 52
5 63 128
9 43 43
28 78 89
26 106 101
13 32 32
19 93 87
3 60 3
81 100 46
3 66 66
68 69 69
42 71 4
8 107 86
1 99 1
5 79 6
114 119 103
72 100 121
15 94 16
55 104 17
68 91 68
29 84 1
46 122 66
90 113 90
90 92 92
47 70 108
52 69 52
89 92 89
23 52 52
11 99 88
59 113 120
33 39 71
16 97 16
88 96 88
14 84 56
29 42 1
2 91 53
13 88 88
15 104 17
19 124 87
23 113 90
58 91 58
48 126 126
45 62 62
35 102 102
35 76 93
2 28 53
17 34 17
99 108 88
66 108 66
4 115 4
79 92 6
9 109 28
1 33 1
54 127 24
84 96 56
39 67 67
61 88 88
51 101 101
81 108 108
25 96 43
78 92 89
25 82 43
84 85 75
61 81 112
30 41 52
69 120 69
10 94 16
72 116 121
36 60 15
6 80 6
14 48 34
47 123 108
46 93 93
79 116 6
2 118 118
8 117 54
111 120 120
55 77 70
9 74 28
64 112 112
62 71 62
18 25 43
15 69 69
36 111 15
70 80 70
70 74 70
4 85 75
115 121 121
1 70 1
61 113 112
7 36 15
31 93 93
9 13 28
33 36 71
58 98 58
41 67 58
36 103 103
88 98 88
23 104 17
8 94 16
53 116 53
51 99 88
72 109 121
60 119 103
36 110 38
78 93 93
91 92 92
16 63 16
8 111 54
42 109 4
2 19 87
31 84 18
34 40 102
65 82 32
6 88 88
59 128 120
55 95 70
20 72 121
6 94 16
23 33 71
8 13 54
57 79 6
19 122 87
11 111 62
18 127 24
8 11 62
43 85 75
86 119 86
48 111 44
6 28 6
51 62 62
79 121 6
29 100 1
67 94 16
25 72 43
16 99 16
72 108 108
27 37 77
32 115 32
38 71 71
7 52 52
72 122 66
59 104 17
9 44 28
46 84 46
82 113 32
27 75 75
40 46 102
72 91 121
86 112 112
113 118 118
67 103 67
12 20 20
12 75 75
23 70 70
39 65 67
31 44 18
21 68 39
72 85 75
41 123 58
47 104 17
41 78 58
25 30 52
5 92 128
55 57 57
76 122 66
83 116 26
54 123 54
74 91 124
73 94 16
63 74 124
14 110 34
6 93 93
28 126 126
49 97 12
7 85 75
31 75 75
95 116 26
5 12 128
7 47 108
101 126 101
22 93 93
31 51 18
48 113 44
24 87 87
84 93 93
28 87 87
36 117 15
5 35 35
80 117 51
21 81 46
34 82 32
58 85 75
83 104 17
15 70 70
33 41 58
65 101 101
37 124 77
18 84 18
37 45 20
63 118 118
41 42 58
22 94 16
41 117 58
99 107 88
53 105 53
22 55 118
5 73 128
33 80 71
50 68 10
2 102 53
58 62 62
5 13 128
7 80 51
49 104 17
31 96 18
68 84 56
50 51 10
17 94 16
14 38 34
50 79 10
68 107 86
37 96 77
26 71 71
28 124 28
18 111 18
74 117 124
46 114 46
76 88 88
27 118 118
45 74 20
23 42 4
107 121 121
10 99 88
42 116 4
4 119 4
57 105 57
91 93 93
1 118 1
53 58 53
5 105 128
99 128 88
19 25 87
24 95 24
13 104 17
61 107 112
22 96 118
65 97 67
47 106 101
9 63 28
35 58 58
4 126 126
33 53 53
34 91 34
52 127 24
66 93 66
5 22 118
42 98 4
22 82 118
48 104 17
26 42 4
56 109 56
40 92 102
14 46 46
10 113 10
2 39 53
68 122 66
64 68 126
78 90 89
2 45 53
41 115 58
61 71 112
36 76 93
73 103 103
99 104 88
47 79 6
94 115 16
22 50 118
10 30 10
9 34 34
42 107 4
14 86 86
12 111 12
63 95 68
56 62 62
23 96 105
16 44 16
42 69 4
55 96 70
13 26 26
29 104 1
37 84 56
14 73 34
14 98 69
77 100 57
24 41 24
55 82 70
37 114 77
43 89 43
23 74 124
95 127 24
1 20 1
3 16 16
39 59 120
43 84 43
45 67 20
80 82 32
42 115 4
11 57 62
49 116 26
2 63 53
13 101 101
50 91 10
17 67 17
5 91 128
97 111 12
27 127 24
113 119 103
32 55 70
24 81 24
55 111 70
100 112 112
7 113 90
40 63 102
45 82 20
18 36 18
53 104 17
115 128 128
57 68 57
72 73 121
102 115 102
15 103 103
35 104 17
37 125 77
98 106 101
61 92 112
64 90 126
55 107 86
15 93 93
23 45 20
39 56 56
10 57 10
54 68 54
92 122 66
11 81 62
96 98 69
46 94 16
36 59 120
20 105 20
14 56 56
1 16 1
44 128 44
111 123 35
13 22 118
55 108 108
33 66 66
1 74 1
73 90 73
37 86 86
49 63 68
40 107 102
14 124 34
29 77 1
50 65 10
39 63 39
78 97 89
40 85 75
113 127 24
18 66 66
41 84 58
21 99 88
16 32 16
15 59 120
14 123 34
29 119 1
86 126 126
93 127 93
65 96 67
14 100 57
82 121 121
94 101 16
12 33 71
119 123 35
22 126 118
44 78 89
84 94 16
76 103 93
30 90 52
15 98 69
56 71 71
62 73 62
50 77 10
23 66 66
18 69 69
41 119 58
29 92 1
47 71 108
98 102 102
23 97 12
37 75 75
82 85 75
69 104 17
83 87 87
35 116 26
25 84 43
40 49 102
2 88 88
90 126 126
3 74 3
54 61 112
100 110 57
65 110 38
35 89 89
112 122 66
2 87 87
19 61 87
40 68 102
56 84 56
10 101 101
29 36 1
93 125 93
6 16 16
26 118 118
27 120 27
10 18 10
20 114 20
15 35 35
30 32 52
102 120 102
24 101 101
50 52 10
34 83 34
96 128 128
1 117 1
43 61 112
5 98 69
59 64 126
70 84 56
23 123 35
15 20 20
75 123 75
53 94 16
63 77 77
52 103 52
23 34 34
68 103 103
61 93 93
59 123 35
27 115 27
5 21 128
8 116 26
15 36 15
66 79 66
48 61 112
43 88 88
28 122 66
113 114 90
4 6 6
28 29 1
5 15 128
27 28 27
19 100 87
64 83 126
69 121 121
40 58 102
46 103 46
71 97 71
6 108 6
69 109 69
41 44 58
6 30 52
16 93 16
60 78 89
22 60 118
19 47 87
94 109 16
9 111 28
6 127 24
83 113 3
33 43 43
10 93 93
103 106 101
72 88 88
52 109 52
23 36 15
30 98 52
29 98 1
6 9 6
20 39 20
19 86 87
82 91 32
12 116 26
19 99 87
58 110 58
97 120 120
11 21 62
10 89 10
23 26 26
116 118 118
4 56 4
94 125 16
6 66 66
62 98 62
11 69 62
115 116 26
74 97 12
22 81 118
44 106 101
40 108 102
11 14 62
13 115 92
76 100 93
39 54 54
21 100 57
95 108 108
9 95 28
13 28 28
102 118 118
89 121 121
44 124 44
60 98 69
56 107 86
86 125 86
34 63 34
83 111 3
37 106 101
94 123 16
33 50 10
8 60 54
13 113 73
23 38 38
25 44 43
24 48 24
44 45 20
78 103 89
64 105 126
23 91 91
18 23 18
25 40 102
13 85 75
106 115 101
1 112 1
27 86 86
67 95 67
80 98 69
2 60 53
104 110 17
12 48 44
49 122 66
49 102 102
27 85 75
12 37 77
87 113 87
27 58 58
41 124 58
11 113 62
31 124 18
30 88 88
28 69 69
8 125 27
5 37 77
62 102 102
102 126 102
53 123 53
29 56 1
38 40 102
87 93 87
13 70 70
35 37 77
57 58 58
30 47 52
31 109 18
5 18 18
36 63 15
4 37 4
26 89 26
103 121 121
21 123 35
72 124 121
76 123 93
38 101 101
21 45 20
90 91 90
68 97 12
51 109 51
59 103 120
92 119 92
55 115 70
37 70 70
66 89 66
45 49 20
33 56 71
76 90 93
91 122 66
32 76 93
5 20 20
12 42 4
44 82 32
37 105 77
81 96 46
7 76 93
47 107 108
35 115 35
117 121 121
62 86 62
3 126 126
36 46 46
14 107 86
16 24 16
18 126 126
7 59 120
69 103 69
57 83 57
13 109 73
57 95 57
15 115 92
41 89 58
3 72 121
15 31 18
11 24 24
103 116 26
4 12 4
33 125 71
12 31 18
61 128 112
119 121 121
81 125 46
66 112 66
36 84 56
68 78 89
85 87 87
71 101 101
48 91 44
75 107 75
29 99 1
39 119 103
27 54 27
37 92 77
28 45 20
73 96 73
25 45 43
8 35 54
11 88 88
25 121 43
46 59 46
86 120 86
7 21 39
4 95 4
75 84 75
10 79 10
26 80 26
30 80 52
8 28 54
6 62 6
30 52 52
37 54 77
47 98 108
1 55 1
13 111 73
31 46 46
12 85 75
90 93 93
95 115 92
75 82 75
31 123 18
61 72 112
28 38 38
14 63 34
92 107 86
26 36 26
47 121 108
1 126 1
9 90 28
4 80 4
111 122 66
8 99 88
12 62 62
90 115 92
11 76 93
47 63 108
68 123 35
79 86 6
23 105 105
18 94 16
82 126 126
12 26 26
38 86 86
69 116 69
42 49 4
21 80 39
35 91 35
67 88 88
120 128 120
61 89 112
23 117 95
15 97 12
110 113 38
41 43 43
11 48 62
30 49 52
11 42 62
38 78 89
32 45 20
56 81 46
18 80 18
10 33 10
110 122 66
31 45 18
34 72 121
4 72 4
60 82 32
22 123 118
37 38 77
7 63 68
100 123 57
24 79 24
9 36 28
45 48 20
50 85 75
81 84 46
7 33 71
28 104 17
41 74 58
31 74 18
10 120 10
15 33 71
63 82 32
7 116 26
17 66 66
46 77 46
49 123 35
117 124 124
20 55 20
11 22 118
1 119 1
48 109 44
73 83 3
43 57 43
60 87 87
54 118 118
74 118 118
17 84 17
2 116 53
7 114 60
24 90 24
45 81 46
14 30 52
11 97 62
49 94 16
27 126 126
40 124 102
12 59 120
23 80 51
