4096 2047
371 2803 3610
1818 2869 292
2667 3709 454
833 2795 3107
1422 4081 1816
84 1048 2768
701 3267 898
3203 3512 3324
1855 3222 3399
2817 2958 67
937 957 331
560 3844 314
1101 2474 2346
1504 1847 1638
1040 3022 972
370 3047 166
204 1316 1712
2293 2832 3366
1263 1872 909
785 945 3029
1546 1971 3482
1432 2290 213
1866 2815 1305
54 1483 2274
971 3030 934
1299 3266 920
532 2977 3864
2333 3572 621
1782 3796 3835
2707 2877 1309
19 182 2207
863 3991 177
1850 3157 733
37 2919 1701
1090 1362 1622
409 1733 2048
194 871 443
1103 1337 2019
2202 3373 3400
795 870 8
885 3799 2299
2444 3902 579
143 2002 4014
1715 1998 3566
3079 3208 2015
448 1013 1442
2744 3621 3270
2085 2124 2119
895 1956 473
1247 1275 4017
778 2090 3746
289 2771 1336
2201 3681 3372
1144 1244 2151
1285 1661 1127
1033 2896 14
474 1806 900
1490 2930 3417
1801 3049 2185
81 2673 3730
955 2810 3164
1682 3130 781
2327 2554 25
315 2098 435
2194 3394 1822
1476 3963 451
2111 3686 564
1979 2851 622
1760 2014 3060
551 2288 302
443 3721 3352
700 3774 1702
1235 1917 2181
498 2176 3016
2308 2439 945
1057 1852 936
1004 2999 3323
3656 4005 3097
3271 3493 3917
1583 1933 1277
59 1867 1959
1860 1899 2344
3216 3597 2813
18 3996 242
1427 3498 728
1434 3328 3403
1307 1428 3533
357 1061 2085
1900 2365 2865
2611 3496 1815
1731 1819 973
2448 2551 3795
1071 3982 3071
438 842 1243
980 1363 2802
452 2614 2268
3134 3230 3207
3878 3957 1965
798 1315 3822
1119 3566 2985
893 1433 104
3178 3988 1498
2709 3837 1312
585 2953 3384
2070 2130 1206
1662 2356 1677
1717 3923 3425
962 2498 2588
2297 2541 1054
570 1194 1978
3126 3728 3337
3687 3736 2518
2837 3698 2262
321 667 2666
1142 1153 3312
659 2863 3504
1519 3958 4022
2316 3264 2095
2754 3386 3860
338 4017 1437
2525 3818 695
2570 2957 2584
544 1366 2546
952 3583 3776
1475 3029 503
254 576 1290
951 1369 3688
1805 2462 3253
906 1903 1252
1994 2950 3473
1372 4063 171
367 2213 2839
1253 1754 72
2231 3764 175
2232 3913 2472
2487 4013 2977
391 1977 2602
2867 3735 2550
2517 3998 1686
2126 3329 1934
252 1666 607
1301 2520 1524
1440 3025 2204
1516 3769 3267
1215 1305 2709
1769 2750 3365
184 1677 2675
2481 3652 3546
337 2275 680
199 1639 2450
1028 3198 3622
557 805 525
1729 3180 2426
2620 3115 876
547 3937 2198
2734 3784 1829
2060 2552 1967
2538 3409 1220
169 1127 3631
410 1749 561
953 2270 2902
193 3994 571
344 1477 1518
1896 2648 1858
1130 2698 289
886 3481 2536
5 1135 3994
39 470 3627
2939 3201 458
526 3119 2359
2081 3153 1000
2990 3640 1091
2011 3768 670
394 2144 2687
3199 3893 3942
364 1005 400
1986 2782 2169
2944 3552 2559
1389 3950 2437
831 997 179
2281 3528 1580
104 3682 834
1938 4054 2636
2457 2657 1841
1169 1489 1202
622 2583 348
390 3132 3422
1468 2195 2448
1224 3166 3257
587 3904 2101
1053 2165 3833
956 1279 3577
1824 3986 83
3056 3159 3648
1268 1808 2660
1206 4065 4029
1694 3124 455
320 2218 2373
2441 3289 3349
2175 3602 654
642 931 714
749 3891 185
1527 3396 1281
1170 1768 732
1330 1698 3716
4 374 3620
375 3336 2851
2477 2634 1653
2282 3103 2420
133 1843 679
675 3955 301
406 1643 3993
1993 2994 3486
68 4016 109
1523 3750 2734
1976 2776 886
1491 2693 935
1673 1763 2084
757 3258 2968
2426 4007 2852
802 3172 3520
1936 2372 1545
381 3456 349
770 3690 3654
1320 2398 3396
2035 4052 3064
351 3542 281
1454 3408 895
2429 3300 1334
305 4003 3507
1753 3954 3899
216 2774 2214
243 948 2356
2034 3882 2025
896 3369 1017
1294 1789 3968
2853 3708 2644
1221 1371 4042
810 2913 1371
1810 2725 871
2518 2748 2657
1198 1576 1723
3263 3568 2402
1262 3457 1086
1022 1606 160
2154 4070 3237
88 680 3171
1212 2783 1826
938 3443 238
993 2463 1646
485 1289 3828
890 3636 809
335 1290 1588
362 3611 3555
217 3348 3817
2650 3225 3588
2260 2881 3143
3231 3555 1961
74 429 3636
556 1514 3258
2052 3612 1022
2131 3924 1447
3240 3872 3313
1400 3411 1247
63 2974 297
3105 3156 1337
2651 2855 874
860 2375 3035
150 3206 3932
2137 3469 2100
440 1798 3106
1946 4089 1637
214 822 806
2777 4036 1373
170 776 2118
310 3305 3695
1793 3353 3727
806 3812 1386
1577 3168 1160
115 1962 1681
1614 3871 2539
3521 3711 4081
2361 3391 77
2315 2885 3753
2729 3945 123
1403 1412 1733
2145 3167 3823
1148 2169 235
2504 2932 3326
1675 1713 1890
502 1820 1278
1351 2107 2812
1837 3520 3156
2286 4039 2805
135 625 3093
1841 2976 62
119 3707 2912
188 779 887
884 1788 635
1814 2722 1951
2755 3016 1602
3202 4015 2001
66 176 2580
2660 3561 2482
402 3470 2619
1995 2600 2055
782 1959 1096
64 699 3032
686 2587 3471
454 1079 2995
1515 2749 1706
165 2473 3634
1219 1329 3752
854 2732 2176
246 533 3100
2321 3405 2623
183 3107 3528
2192 3670 3953
157 2947 3565
1719 3607 3183
136 911 1144
966 2475 2934
1242 1975 2607
2572 3908 3360
1574 2569 3165
847 3019 1689
139 2969 2983
3269 4006 2072
60 1021 2639
1902 1915 3311
1992 3536 3632
236 1479 2033
1100 3359 3902
1964 2779 1219
1161 1176 2433
2521 3347 2939
2351 2690 3532
334 3355 2395
1437 3900 1567
657 3658 3269
1686 3606 3490
618 1510 351
2129 3057 1239
231 1549 1781
270 1423 3180
1141 3295 2406
2049 2639 2474
1528 4091 2013
2943 3673 3563
827 3244 155
1190 2008 2608
1339 1856 3001
288 3696 3500
3980 4096 2779
663 1711 1044
1039 2714 1008
2440 3835 544
2276 3454 878
640 4026 3552
552 2279 2918
1019 3789 2792
2955 2998 2730
744 2948 1973
2602 3459 2280
1359 2217 706
943 2975 3488
86 285 354
1779 3315 3477
1418 4032 3564
1155 1538 41
272 1909 3362
258 2452 1532
909 3691 832
777 2095 31
2227 3213 1937
2680 3781 1999
296 3560 1995
878 1163 917
1146 3387 2643
3143 3285 1255
837 2030 672
704 1406 2502
1328 2271 4072
468 2442 2172
2139 2244 694
3096 3446 1018
2242 3825 2981
221 1333 3967
1246 2908 912
495 3915 2866
161 1314 634
1934 2728 2028
921 2599 3590
9 1017 1541
206 1258 2867
1849 4056 1917
1201 3402 1808
1663 4084 2141
436 1209 2263
3484 3720 1173
1579 2181 3320
2347 3235 366
377 979 3551
264 2677 698
1390 3441 210
767 973 2179
647 2353 1084
1280 3531 1387
1121 1415 2624
934 2842 2064
1961 3624 3523
430 2304 3433
2119 2615 3773
1306 4033 2892
1589 3069 1700
1133 3746 1141
388 682 2786
2246 3500 2029
619 3010 740
2992 4028 3728
887 2835 3962
949 3333 1807
826 1408 521
783 3758 3219
154 1469 157
1685 3581 1047
122 2964 1181
330 2486 1115
479 1674 371
1105 2167 3089
2787 3513 2325
46 2962 1762
3431 3654 573
697 3337 1443
1205 2418 3853
1323 1383 3732
1184 1913 27
373 705 523
2544 3603 398
1401 2753 2765
1182 2797 78
1358 2153 628
1178 3440 3943
181 2314 1151
1796 2346 2302
191 3017 2110
292 723 1010
1082 3430 2287
2601 3927 3363
747 762 2654
269 2393 2006
1916 2889 3131
2523 3311 3850
3072 3700 2572
1237 4002 3633
75 2240 1359
3357 4069 1023
803 1858 2186
340 2435 3559
1488 2568 1799
1727 2533 2480
462 1404 3014
2151 3925 1401
2077 4025 1727
1953 4083 1912
1067 2633 446
1890 3999 2585
1859 3630 420
1891 4067 1721
2703 3961 85
2484 2553 2036
1746 2927 1217
3320 3814 196
2226 3478 3361
361 3302 3871
1623 1848 1923
763 2359 388
910 3524 2950
3028 3995 3511
674 3911 3846
1439 3877 601
32 43 250
790 3417 2133
2128 3976 3938
872 1503 3531
1861 3519 1462
475 2567 154
1411 1502 982
201 2733 3007
3023 3294 1642
27 3083 636
451 507 2824
1557 2584 2911
61 550 746
3063 3254 1629
121 3217 1174
836 3821 2327
2658 3401 300
1839 2983 486
2682 3862 1975
2191 4057 1811
1187 2248 712
653 3851 3681
1667 2929 2135
559 3786 2517
2716 3675 2105
313 1449 2146
1982 2020 2992
994 1181 1535
1906 2951 4086
168 1678 1213
692 1399 2405
78 2345 2826
1319 3314 510
10 1752 825
1972 3541 1318
50 545 427
759 2596 1497
101 3780 1966
1930 3565 1248
2017 2223 3010
883 1126 528
395 3622 375
3051 3933 3676
3273 3497 2740
1214 3525 2549
1889 2323 270
815 3577 685
1243 1755 1178
441 2768 3368
314 1145 2067
623 2094 3760
1575 3032 1135
942 1051 1996
2460 4009 3576
922 3489 683
1712 2665 1971
2785 3898 1901
1657 2105 2597
1560 3000 946
386 2995 1436
1926 2613 164
424 735 1409
1591 2156 911
2659 3236 3877
2763 3447 3919
1799 3351 3843
1487 3559 4084
630 2319 2054
48 3564 2296
1050 2766 3916
2036 3335 2276
1189 3979 970
62 892 3290
3639 3889 613
2431 2740 2844
1631 3836 1713
852 2597 623
426 1567 4073
665 2574 2323
709 2320 1896
817 3807 1537
1550 2982 2339
490 2793 3948
1838 2211 1081
2075 3523 3154
1391 2575 1880
620 2827 2890
405 3116 223
691 2746 1367
1113 4078 3766
1978 3037 3931
869 1038 3675
2273 3726 650
22 989 2797
786 3356 131
1350 3278 971
1980 2526 1506
245 458 3679
1587 3618 1276
11 1378 2557
2790 3834 2348
113 3714 2789
520 2512 1251
237 2721 3792
1470 2046 3468
2580 3371 3985
1385 3122 2926
2735 3801 928
858 3170 3072
655 2006 1265
574 902 2478
55 3095 1945
3050 3174 2862
346 601 3277
1197 1604 1261
641 2967 3928
2428 3344 501
721 1642 2626
548 1844 3889
1414 1670 3070
137 3245 2555
2604 3046 2613
226 392 3824
419 3144 4063
2391 2844 4057
1318 2742 588
541 2485 1168
2065 2354 511
2489 3370 2543
2760 3870 1194
1047 2663 3192
36 3343 1748
291 2018 1665
2355 2910 90
3593 3662 144
2072 2180 2958
1644 2996 3375
613 2986 575
3424 3749 3353
2791 4079 241
3342 3600 580
588 1833 3457
1828 2470 2795
846 2833 2838
284 1236 2712
2382 3875 997
1354 3806 1414
965 2255 3888
1462 2234 442
210 1074 2526
138 1597 2104
1094 3747 2129
996 1269 167
215 746 231
1888 3601 3147
961 2401 3359
87 3677 2575
1709 2697 1226
1175 2341 113
311 3544 3407
1770 2679 1014
722 2871 3465
853 2700 2529
1361 2174 778
3596 3671 3976
229 2312 3478
3045 3398 2301
376 1078 3556
2103 3983 2231
2189 2984 3380
1343 1784 2915
3232 3782 373
2450 2873 3645
1456 3753 2598
656 992 1715
672 2963 1709
1102 3247 3027
1865 3939 1751
2198 2670 1005
720 2736 902
3550 3695 1867
737 2821 2646
1108 3382 3333
2330 3421 3503
1901 3389 713
505 2403 344
1196 1939 3217
404 2412 2030
1308 3997 1843
717 1714 1576
908 2864 494
648 2407 2188
2449 3511 1617
1006 1086 3558
598 2076 2621
450 3645 2522
2205 2987 3492
90 1783 1120
164 3239 2778
2332 2459 2425
98 1267 3638
933 2890 3149
1640 1720 218
306 307 2567
1944 4093 438
2309 3429 137
1592 2274 3650
1732 3989 769
1172 4074 3398
3097 4000 1175
1419 2278 1171
1034 2870 4064
586 2924 227
529 2186 1788
3468 3647 1887
1204 2160 2161
684 1035 3475
1862 2792 3742
1160 2298 2468
339 3965 3530
849 3015 2570
2789 3487 633
1697 3745 2923
2547 3537 1445
3643 3676 3920
1217 1989 3412
1742 3279 2492
593 4062 3122
131 178 966
1609 3594 2213
145 2997 3470
3532 3918 1150
628 3869 161
460 1563 4075
1496 3775 993
1063 3118 1855
127 3458 1769
1066 1300 1717
1110 2109 15
1429 3909 1001
1725 2058 915
1617 3663 1878
1149 3717 3170
1608 3226 1490
1123 2294 2145
111 1638 625
134 1652 3997
2358 3867 3264
645 1448 4024
734 1158 2744
2566 3330 990
2387 2745 557
1743 2454 1364
2134 2388 4039
130 1424 2649
3706 3876 2563
751 3881 542
2410 3548 1451
2162 2302 776
708 1322 2251
477 1744 1467
421 2829 1949
21 3418 2632
1373 3345 2417
2499 4029 1389
212 3204 2914
401 3547 865
329 447 602
2123 4058 3127
2054 3557 3273
142 324 315
2188 3589 2780
3008 3397 414
857 1261 2080
531 3151 3578
1536 4086 2746
2016 3817 3449
331 2845 1267
155 2692 894
754 1807 2393
2918 3393 3081
696 1658 150
1611 3490 1195
1096 3066 775
1304 3306 1977
1535 2949 577
2687 3292 3460
1395 3503 3713
1345 2348 21
1447 2415 249
1165 3464 2361
501 1376 3226
912 1407 1830
1106 1355 1356
35 567 3104
2893 3540 460
599 2207 2903
2009 3303 152
1777 3623 357
140 3508 3898
2468 3886 1227
649 1199 882
571 4035 3906
1478 3956 3905
808 2921 459
1451 1831 4018
2310 3195 444
77 2112 3108
456 3794 84
832 1073 2945
530 4011 1704
873 1707 16
433 2093 3216
970 1241 440
558 3846 955
2224 3026 416
1410 2858 3659
563 2405 1060
509 3892 3911
730 1252 3570
102 1259 1732
1138 1374 134
209 1813 2357
1545 2664 3191
175 1065 234
3033 4077 853
1941 2979 1873
1525 3137 43
914 1191 889
3346 3852 965
607 3949 1766
3388 3926 3637
14 3858 3806
2331 3741 2488
1072 3377 2257
439 3848 3103
2038 3268 645
1107 2828 2212
2056 3207 2498
2097 3313 2922
988 3827 2960
1990 3128 3832
1738 2476 3596
2328 2971 1573
1582 4080 3808
580 651 4041
411 521 2773
2100 3061 3342
2215 2529 3128
963 1367 2501
497 2263 1661
2466 2883 3137
1043 2079 3187
445 3187 2548
1736 2269 1070
1688 2747 474
2159 2701 3263
964 1245 3944
2152 3318 124
1863 2824 2677
2647 2778 2175
2025 3554 540
3474 3649 1736
3102 3948 2637
1621 3916 66
1635 3765 3785
741 3668 1050
1927 2318 1744
1886 3993 1237
369 2641 551
91 774 305
125 2508 3153
128 1598 509
160 753 3212
1776 3551 1587
1014 3569 1121
2067 2507 689
3406 3964 3452
561 3703 854
2723 2819 2328
1018 3494 2103
1150 1804 3234
408 1996 3683
1303 3803 1077
2937 3761 1143
3324 3845 3933
107 1015 1172
3445 3580 2144
1942 3615 2470
1286 1543 1737
2179 3975 3150
304 1573 1659
1010 2416 1543
1873 3661 2668
3578 3660 2460
1020 2360 145
932 2243 1972
834 2655 2483
811 3395 508
1030 2978 3186
1234 2467 2424
3108 3857 3505
192 1062 2932
1672 2472 1865
542 715 3827
250 664 2982
387 3228 260
1098 3883 4089
761 2427 1161
2562 2762 2131
1114 3910 3536
512 3642 2535
2230 2860 381
1264 2185 1916
1687 2417 553
316 2534 1615
53 2710 3836
1031 1706 1538
901 1409 3743
1398 2071 1515
1461 3526 480
354 639 3054
240 2545 3668
769 1457 527
1450 1854 1523
812 2414 3852
866 2370 3707
1951 3887 3142
1136 3006 3692
1281 3501 1192
524 1827 1891
1501 2392 1531
3495 3804 859
279 3084 2686
1482 2171 3771
562 3942 3140
736 2190 3189
453 2886 792
2591 3742 626
2511 2635 4049
1055 3590 2685
2019 3946 496
2852 3573 2190
1724 2956 995
230 476 3711
685 2610 2008
1087 1195 4044
1607 2216 1920
149 2433 34
126 420 3789
2083 2455 1440
263 1356 2063
446 2940 2452
3625 3808 1410
345 2758 476
1734 3760 1116
1963 3436 1756
461 1498 2247
478 1739 1004
1868 3444 2202
2849 3169 1274
1443 3286 2791
2021 2646 1777
695 3123 910
265 3635 1954
417 1954 1216
328 3571 905
1370 3106 2490
1737 2073 1893
987 2741 1857
982 2662 2407
841 3425 618
913 2350 665
353 1984 1051
2629 3001 1754
407 603 2743
976 1335 1574
3188 3543 2694
286 2082 4004
1830 2909 2990
2170 3729 3955
755 1081 1739
821 3558 3008
1680 2510 1757
2228 3940 3740
1382 3967 1738
1008 1613 663
383 2257 593
42 2731 485
1444 3491 2305
2674 3233 703
1826 1877 1484
2695 2836 307
1493 2229 656
1905 2283 1601
1718 1761 2066
1522 4041 2441
1792 1925 2577
2029 3012 3279
959 3466 2481
2820 3471 3327
3633 3885 899
1648 3757 265
3567 3838 2409
223 2069 2031
784 2807 2695
202 378 2155
79 3089 1053
1512 2334 2233
1499 3943 1876
327 3194 1660
2494 3809 3111
2253 3734 752
2364 3007 3430
1381 2478 918
1088 1945 546
1797 3361 1922
293 2872 1319
2197 2868 1461
20 799 313
1137 3646 3689
100 660 3883
2800 2906 1184
384 1581 2881
1310 2911 4013
2 2322 342
2010 3966 3280
1700 2775 2132
1485 3298 415
1508 4030 3878
2300 2588 735
1723 3873 4045
1317 3081 2115
929 3850 3466
2043 2048 2292
1883 2549 328
2876 3719 3980
144 1599 1679
2086 2993 147
213 1377 254
900 1935 341
1895 4049 3254
120 2396 3209
2127 3064 2432
444 2678 2776
2676 3093 3116
425 1045 2443
981 1645 3445
728 1397 906
1283 3592 812
3071 3321 481
198 2344 3283
626 2045 3421
999 3722 2979
3036 3861 2541
2970 3752 1273
1632 2608 50
1069 2772 908
2044 3146 3912
1695 2068 1492
415 2465 3701
348 702 1667
242 2445 2087
301 2916 2168
2235 2796 1458
1465 1842 2166
2199 3034 681
261 644 1842
342 3374 468
463 2607 1705
788 1104 541
428 689 1960
3517 3527 2609
2720 2898 3159
733 3179 2898
1952 2954 2384
917 2878 2725
1875 3824 1605
4031 4066 1569
253 4076 2994
610 916 2354
2289 2579 3079
1233 2684 3783
2480 2514 1186
2385 2767 3921
650 2023 3308
537 882 1649
939 3897 3572
1948 2645 2046
1540 2903 3981
1152 2506 2012
85 3088 2099
1676 1950 2917
350 3778 1482
1791 2155 539
2421 3629 2248
1210 3587 3463
2505 3507 274
2509 3287 1
3242 3462 1624
838 1441 308
397 1721 3402
3214 3522 188
3744 4048 2321
2502 3003 1165
555 1630 3426
1026 2425 751
1282 1331 1323
3582 3864 208
336 877 1589
1115 3628 1266
1177 1778 3581
1928 3310 1038
614 3951 3717
2432 2920 3367
946 3737 1292
2059 3220 3479
1326 2923 3146
646 3488 2167
539 2801 1180
1402 3504 517
566 894 2059
1594 3414 2520
1556 3847 2606
2794 3331 3173
2586 2946 3988
3111 3674 2870
266 1256 3230
380 2379 2910
2543 3483 3718
928 3935 1746
73 3743 2537
1226 2147 1183
621 2784 1988
56 1544 3369
3110 3452 3765
1766 2804 3296
3472 3716 3075
835 1981 60
2066 2907 2071
1118 3366 3893
1931 3832 1792
3005 3094 2494
2268 3502 244
2369 3114 2500
1207 2799 3238
527 1092 1836
654 2816 1328
38 920 3930
1238 3416 4091
1480 2184 296
494 867 1052
1757 2894 3428
540 2366 1872
295 3616 3513
2831 2942 3020
596 2383 1313
400 1164 3704
703 2120 3256
925 3896 2410
2966 3475 2593
2598 3874 964
124 2857 484
1816 2163 770
51 2813 1505
1230 1321 221
259 874 2631
972 3307 1111
1532 2121 3876
978 3787 662
1565 2931 4051
1140 3086 1676
1835 2861 1411
608 3828 379
879 2522 1695
1683 2875 3626
1302 3136 2379
2003 3135 13
2005 3771 2459
1064 1921 2400
322 347 3395
2469 3617 337
899 2397 491
70 508 3096
595 2902 1233
1287 3182 3519
3363 3410 1200
372 2099 4059
1365 3906 788
2247 3068 3698
977 1222 2093
716 2394 2313
159 514 3200
2352 3027 2336
1911 2033 3338
467 727 2552
3014 3865 1818
1495 2402 1780
1759 1912 3498
2628 2841 924
968 2751 3734
3075 3450 3959
1298 2406 1210
2061 3588 3729
123 2182 1222
2336 2696 1749
2560 4060 1824
3697 3718 2184
414 3890 630
2642 3485 2034
538 3664 2218
855 3730 1107
2404 4004 3157
72 1655 489
796 4034 1291
171 947 2453
303 2823 2822
93 678 3310
3378 3739 3385
1027 3634 823
2563 4050 3758
1416 3723 3960
1080 1636 3803
797 3316 522
1265 2143 4020
2447 3831 2772
1229 2531 1814
41 3376 209
31 671 1714
2161 3514 1849
2834 4010 3484
1564 1622 138
366 3141 2109
800 1341 2634
897 1353 2669
147 1249 956
16 1955 3715
228 2981 3196
681 3162 7
658 1967 291
83 3218 1035
71 239 3595
1991 3953 2382
1612 3688 824
1274 2053 1565
105 2091 3085
3249 3350 1674
382 3040 413
189 2409 2309
1474 3725 4087
2788 3860 143
2711 3186 2860
2214 3455 2047
2683 3326 961
617 3099 1075
3684 4020 2798
898 2671 1610
255 1555 2209
466 2769 1463
1693 2537 1852
2389 3129 3469
534 2102 1752
109 3098 948
179 3754 1230
1116 2237 1224
687 1046 222
1969 2264 46
1947 2326 3386
2241 2464 3841
3574 3756 3825
275 2250 2642
281 1618 2823
3 1876 2261
1347 3139 2737
3339 3815 2249
162 1417 2503
823 1834 3229
205 3375 2868
3403 3435 1125
1568 1616 181
2496 3413 1083
2256 3219 2392
713 998 3802
1452 1822 2270
661 2737 1722
752 974 1209
238 1767 2461
1701 2178 598
26 2479 1544
2880 3912 3198
1054 4053 3354
2577 3059 382
856 1973 2938
1530 3604 1583
517 1846 1147
1561 3234 3401
1728 1943 1789
1520 2727 1680
1649 3840 3182
158 3538 1013
634 1529 47
2603 2945 2370
49 1751 3969
1084 2456 978
3039 3944 2942
2114 3667 2545
1029 1537 1332
1668 2158 3491
1168 1627 3525
2933 3545 1327
294 412 117
2022 3816 3015
1278 2196 376
926 3327 1716
631 3281 591
3439 3724 921
2578 3505 336
69 3009 1491
711 3449 2223
2471 4087 3584
233 1183 3119
1985 2148 206
2632 3224 4069
58 196 1072
3434 3480 2508
2565 3173 1296
2882 2941 981
2856 3087 3301
1405 2063 846
80 2839 2848
1392 2420 3281
251 2222 1223
1874 3349 552
2965 4040 1500
1157 1173 3670
1756 2640 1697
1534 3609 68
1696 2536 345
612 3260 3000
868 3506 787
591 2337 2208
2164 2501 2596
271 1628 2556
1845 2371 3646
3655 3905 3861
2901 3420 4090
25 1513 3649
2691 3154 1707
2624 4021 369
845 3767 3629
515 3779 3114
1898 2637 2078
3323 4094 2250
1897 2362 3995
1593 2220 2645
967 2078 2702
3223 3248 1571
676 809 1085
1128 3399 1259
1360 3183 2936
308 2245 1725
1037 4071 1596
1722 2446 2871
1681 3856 2102
290 1664 3223
2284 3659 19
719 1893 734
491 3992 3891
341 4082 3261
1492 2739 3247
343 1551 1932
2905 3632 311
3189 3309 2506
257 1202 2194
1375 3970 3136
2363 3960 3413
2702 3894 1212
829 2626 2601
2088 4095 2544
1445 3322 419
2985 3515 3719
923 3256 2974
12 3802 704
1494 1774 1821
1327 3184 322
1702 4043 2893
1878 3272 2770
319 398 1740
2329 4019 3370
1669 2411 3255
2582 3826 2614
3024 3238 3019
94 787 1644
2133 3731 204
3163 3792 1189
907 4024 3903
1159 2317 872
1829 2925 3644
432 1602 1384
1531 1957 87
780 3460 4030
1083 1132 850
1044 2738 3897
594 915 3696
615 2280 3074
163 249 2150
180 2524 3049
1857 2887 1827
1812 2064 1123
3252 3270 3348
30 1815 2751
590 2233 2705
1218 2325 3009
546 3772 3086
1518 1908 2156
1166 3689 1944
318 3275 3034
986 3930 3756
2116 2519 549
765 1124 3411
469 3981 3607
283 3920 597
1260 2238 1684
3400 3842 333
792 2605 3047
1970 4014 3547
1716 3041 2473
1823 2301 1658
1016 1075 3298
818 1762 1476
287 1436 1478
1794 3830 1938
693 1270 3782
565 3610 742
1671 3914 404
267 1689 1349
141 1291 1825
1473 1559 3355
1012 2453 2796
1091 3901 91
3805 3841 2160
203 2087 1671
352 4090 3427
3381 3727 2022
323 1773 616
814 3127 2210
1988 4008 514
2643 2752 3124
2968 3762 922
1134 3562 1002
1758 3255 951
1312 3437 797
750 3651 434
1352 3200 20
227 482 2731
282 710 1962
2812 3092 794
280 1426 4027
1220 2818 2009
2443 2895 1692
889 1968 1743
1764 2623 118
1009 1453 4085
2340 3941 1496
919 3212 1509
499 1266 1113
1615 2564 2434
2527 3164 495
669 3479 2430
2616 3325 1455
300 3800 1108
609 2183 3441
333 3952 2041
365 3833 2447
2847 3020 589
635 4088 1146
2089 3192 1634
166 3052 3781
1059 1929 2736
187 918 813
2209 2715 2290
1500 1626 2723
2653 3354 2924
1000 2007 1668
572 3853 2515
472 1097 2604
2252 3043 2774
2719 3533 1350
1601 2254 3453
52 396 2707
1193 2912 3152
510 1907 406
2386 2482 1648
2988 3934 518
488 3795 538
1904 3044 2365
1060 1459 559
1167 1364 3512
2854 3928 1892
1541 1578 3794
2631 3364 647
2399 3492 931
2938 3276 2882
3074 3120 1330
3038 3755 4060
1129 2802 3965
1553 3160 3693
2037 2879 4033
92 434 4058
1095 1111 863
738 1817 2956
486 2806 2310
1292 3415 2745
679 3854 3662
1025 1629 1363
2609 3448 914
1832 3085 1809
393 3261 2326
813 1547 3294
208 2681 860
1486 3766 2729
325 2110 2525
247 3013 3848
114 3465 927
616 2589 1519
1271 4051 378
248 522 3388
299 865 4032
1625 3486 1981
1610 2074 2969
1624 3738 4001
1379 1665 2322
1570 2557 343
816 3921 3744
1420 3257 4011
2122 3748 3291
1965 3461 2724
535 4045 232
1438 1747 4080
775 2811 2553
740 2980 148
581 1919 3951
1284 3428 3266
3619 3820 246
771 3613 465
3241 4037 1488
1179 2922 1577
756 1869 3549
1691 2146 37
1346 2461 4012
1227 1590 2367
1653 2888 4071
3058 3253 2620
219 442 2659
268 1332 3332
611 3299 1269
2373 2374 2581
1413 2001 3761
185 483 1987
844 3798 1433
106 3073 3053
2381 2773 2148
222 629 1229
256 3732 2800
584 3104 2967
1684 2542 868
1446 1505 1039
2265 2830 2727
569 1506 71
3062 3419 278
195 3888 2086
506 1125 2651
1894 3823 3788
28 302 3350
431 2672 3961
3392 3969 3026
1156 3365 3414
481 985 1666
1394 4001 142
45 3705 2611
876 1421 1868
156 2730 1559
1924 2539 2777
1870 2292 1936
47 3176 1650
110 1248 1542
1704 3599 2062
1918 2724 2083
643 875 1598
1708 3018 2628
2210 2436 3050
413 1185 583
1509 3702 2524
1336 1699 1358
132 2092 3974
1600 3783 422
804 1001 2616
1273 3101 1412
673 3575 687
960 2928 724
471 1803 3006
2339 2884 2278
1605 1787 505
516 2668 913
67 1388 4077
2150 2717 1784
1396 1460 284
1076 1077 3767
781 3829 4070
637 3196 2174
273 1239 1963
297 1338 828
1225 2685 3434
1117 1162 4040
1188 2104 2244
652 2395 1593
3215 3638 2259
984 3171 1636
718 2862 1479
1003 3035 568
582 2118 26
950 3627 1094
904 3740 199
983 1295 3545
129 1348 1534
1112 3175 3099
2850 3713 3210
519 1056 285
824 1425 838
2897 3453 449
464 936 1153
44 1795 2886
2062 3021 3329
118 604 191
2032 3669 2512
2338 2866 1942
825 3250 2975
575 1228 1753
758 1467 1353
602 3811 2834
500 3209 2782
924 1651 1795
274 3077 3087
1887 2303 3971
764 3291 2984
1387 3317 1311
312 2621 2306
1147 3438 6
2157 3251 3705
1748 1881 784
2617 3149 596
2625 2780 3287
2765 3042 1295
1997 3879 2493
2096 3699 2283
2458 3788 2849
748 3125 2704
766 3360 3879
355 2585 3328
1879 3197 2216
235 861 2821
1585 2573 3859
3284 3968 4031
1740 3065 3658
186 3644 2334
2142 2424 2987
1882 3985 2227
1785 3773 1067
1958 2015 1628
2451 3308 2595
1042 2204 2428
1892 3712 3241
493 4059 1426
1562 3296 2317
6 3763 979
207 3442 431
2084 3082 744
600 4064 392
1255 2689 3904
2012 3451 3197
1821 3972 3094
360 1240 130
8 358 1197
399 2959 293
278 1871 3188
1272 1524 3630
3598 3962 490
666 1442 3043
2891 3715 610
1580 2532 1238
1634 2528 425
1257 3319 1884
772 1430 3851
277 636 53
1864 2848 3604
1596 4068 761
379 1380 2052
1659 2627 1921
465 4055 660
789 3237 332
1180 2874 1805
2219 3653 2735
1620 2200 40
3422 3813 1240
2296 2843 1514
2258 2556 585
1960 3657 3458
2558 3433 1015
65 2550 2853
3155 3380 1847
1277 1517 2464
2024 2311 1362
1393 1650 817
1884 3797 3300
2305 2576 1516
487 2515 3870
2808 3672 229
3530 3987 2519
3277 3476 1066
146 954 3838
2535 3121 1162
152 3055 2769
1466 4047 844
225 3140 122
1052 3091 2024
89 2606 2988
2952 4075 1177
903 1571 870
3054 3246 1773
2149 3776 3940
624 1232 2762
1085 3390 1378
57 1923 1304
3423 3683 2396
1853 1987 3330
2208 4023 1919
2047 3694 3687
389 3385 3118
24 2437 1112
564 2809 1307
1966 3383 384
2026 3426 756
1309 2540 3419
3463 3791 667
991 3210 3583
880 1455 3656
82 1120 430
1656 3221 1246
592 3546 1586
2004 2675 883
363 2798 2265
1122 1595 1533
23 427 3235
356 2306 4047
683 3262 399
1974 3283 2187
801 3785 1124
1566 1851 1207
218 1730 2411
2267 2743 2767
197 1213 2240
2132 3011 1130
3666 4038 3749
276 3556 201
3288 3701 1260
1099 2636 1170
1471 2786 1726
1690 4042 39
504 3959 3442
2177 3147 2946
2166 3379 3013
368 714 3562
459 1802 151
1041 2654 2829
3467 3563 2351
2900 3903 4038
234 326 1489
2313 2491 3820
1296 2057 3653
2136 2490 309
698 3243 1761
3090 3384 212
108 1340 1741
536 3938 1474
2342 2686 3667
1472 2266 1548
941 2513 3242
7 1211 3741
768 2172 1616
3338 3579 547
349 3340 925
3138 4046 1641
2592 3932 932
819 1293 1138
167 2781 502
232 627 638
309 3863 3685
568 3977 1860
1032 3534 531
668 1464 1283
1526 2936 3810
1790 3191 3315
1772 3165 1341
1357 2926 316
29 1023 2358
3407 3929 2538
1603 2593 1556
174 553 1929
862 2644 1775
662 1011 3575
1703 3584 937
554 2559 739
2173 2249 340
1458 3868 2418
1548 3211 1106
1940 1999 2315
34 3793 555
76 3822 3611
791 3608 1760
830 2115 550
850 2193 3651
726 2618 471
2694 2699 3996
1349 3922 1335
2756 3053 786
848 905 1493
200 839 2050
1765 3866 954
455 1840 1982
1089 2917 1747
2516 2865 224
969 2548 294
1481 1920 771
1435 2239 3804
525 2335 3608
694 2203 101
13 2285 3790
732 3990 2579
173 2805 3680
1276 3259 3260
1910 4018 3275
1497 2277 3913
724 2630 1468
1809 2764 2674
1139 3290 387
3150 3161 1199
473 3227 2466
2140 3631 1472
437 2757 2582
1572 2612 1071
1254 2080 1819
1705 3819 3084
1539 2705 3830
1200 1558 3768
503 2594 3499
457 1588 2122
1825 2761 2673
807 2423 3221
1554 3190 1040
1932 3148 2329
2349 3974 214
706 773 2273
2495 3919 54
151 317 699
793 1070 1122
1646 3112 327
2376 3685 4076
1521 2013 1763
3185 4044 3265
638 760 1417
2422 3931 827
3293 3899 4046
1007 3070 2320
2825 3473 686
1771 1937 808
17 2430 3617
2638 3145 3339
940 1586 2222
2272 2555 3447
743 2400 1553
2251 3516 1331
492 2840 2183
518 688 3240
96 3100 796
2546 3553 708
597 3509 36
2236 2934 690
1384 2125 2157
190 244 3132
1786 4012 3002
153 583 255
975 2669 2360
99 2000 2790
2324 3620 3709
1710 3884 2513
2221 4085 2134
2050 2206 2497
2500 3710 2612
3177 3427 3408
435 3973 716
1171 1368 2077
958 2561 1009
3332 3605 3527
633 3518 396
3076 3907 707
103 2619 1114
2915 3849 3274
1726 3205 295
3004 3362 1375
117 3895 2978
523 2713 2371
578 2367 2635
2040 3626 772
403 1641 2486
3109 3352 1232
589 2652 3129
2483 3510 1062
3759 3971 2679
935 2991 2079
2028 3936 3268
543 3595 2107
496 1750 1909
2972 3002 1838
1741 3067 512
3312 3751 1678
632 1922 2741
2368 3368 2928
95 3704 727
745 3648 1952
606 2595 1708
1660 2859 2998
2291 3549 2721
2649 3880 3522
2726 3679 1623
1484 3133 2003
1203 3576 605
2838 3181 1927
1745 3650 129
2822 3031 748
332 3304 108
1885 2656 1710
840 3282 640
423 2287 1416
211 794 611
2138 3482 519
1633 3229 1609
148 3614 4015
690 2814 1835
573 3678 1408
1647 1949 2815
224 2106 1339
1024 1637 3966
891 1569 567
1781 2706 2618
1386 3839 3799
712 1344 2747
1584 2590 350
385 995 2082
260 731 1774
1151 3432 290
513 2826 3699
2262 3586 1347
359 927 989
1143 1800 1554
1811 2904 2808
828 2225 3774
2712 3855 3319
3142 3770 2521
3158 3859 55
1192 3947 747
3477 3641 1782
2051 2503 2896
2113 3131 3669
2031 4092 2682
3334 3367 2827
1109 1313 2638
549 2042 407
40 3078 4052
1775 1914 999
33 2299 3406
1431 2055 3508
1507 3637 2088
670 1324 3420
2390 2914 1683
177 3404 3724
1619 3301 2308
220 449 1585
112 3984 548
2259 2343 1682
298 3790 3909
579 2027 374
1342 3693 2000
2935 3412 1854
1983 3843 2070
172 881 2423
2488 2530 2879
1250 2581 2159
2571 2770 2091
262 1463 3941
864 1334 1435
1223 3539 3866
859 1735 361
1511 3680 3984
1288 2041 1728
2141 2295 738
1154 1174 810
742 2661 3529
2117 3499 2590
888 1216 1888
2846 2960 1460
2899 3917 3739
1542 2413 938
1311 2419 447
1186 3665 3821
2187 3297 437
416 2108 2863
725 3265 710
1836 3117 1270
2168 2622 1320
990 2378 1256
480 2961 1399
3570 3733 172
605 944 1953
418 2892 798
820 2357 643
2039 4022 839
577 930 310
1231 2708 1915
2212 2438 1464
851 3280 3493
1533 2408 1897
2384 4061 106
2493 3978 353
707 3080 2200
511 1058 2650
241 2688 429
1325 3529 3331
1131 2135 2840
484 1208 2293
2492 3585 2656
1297 3810 678
2666 3777 1640
2261 2377 819
843 1002 515
3358 3692 840
489 3591 2708
422 2759 2561
739 3535 1969
2497 3113 261
1093 1251 3755
1552 3060 3686
677 3274 2092
2718 4073 2951
1654 3372 1032
116 1880 560
1692 3048 3907
2380 2434 2547
1679 3193 472
2307 4072 3318
1036 2704 3044
3341 4027 2467
1049 1780 802
15 1068 1851
2101 2973 3538
97 3152 462
528 729 2943
