12000 5999
2 3 1
4 5 2
6 7 4
8 9 6
10 11 8
12 13 10
14 15 12
16 17 14
18 19 16
20 21 18
22 23 20
24 25 22
26 27 24
28 29 26
30 31 28
32 33 30
34 35 32
36 37 34
38 39 36
40 41 38
42 43 40
44 45 42
46 47 44
48 49 46
50 51 48
52 53 50
54 55 52
56 57 54
58 59 56
60 61 58
62 63 60
64 65 62
66 67 64
68 69 66
70 71 68
72 73 70
74 75 72
76 77 74
78 79 76
80 81 78
82 83 80
84 85 82
86 87 84
88 89 86
90 91 88
92 93 90
94 95 92
96 97 94
98 99 96
100 101 98
102 103 100
104 105 102
106 107 104
108 109 106
110 111 108
112 113 110
114 115 112
116 117 114
118 119 116
120 121 118
122 123 120
124 125 122
126 127 124
128 129 126
130 131 128
132 133 130
134 135 132
136 137 134
138 139 136
140 141 138
142 143 140
144 145 142
146 147 144
148 149 146
150 151 148
152 153 150
154 155 152
156 157 154
158 159 156
160 161 158
162 163 160
164 165 162
166 167 164
168 169 166
170 171 168
172 173 170
174 175 172
176 177 174
178 179 176
180 181 178
182 183 180
184 185 182
186 187 184
188 189 186
190 191 188
192 193 190
194 195 192
196 197 194
198 199 196
200 201 198
202 203 200
204 205 202
206 207 204
208 209 206
210 211 208
212 213 210
214 215 212
216 217 214
218 219 216
220 221 218
222 223 220
224 225 222
226 227 224
228 229 226
230 231 228
232 233 230
234 235 232
236 237 234
238 239 236
240 241 238
242 243 240
244 245 242
246 247 244
248 249 246
250 251 248
252 253 250
254 255 252
256 257 254
258 259 256
260 261 258
262 263 260
264 265 262
266 267 264
268 269 266
270 271 268
272 273 270
274 275 272
276 277 274
278 279 276
280 281 278
282 283 280
284 285 282
286 287 284
288 289 286
290 291 288
292 293 290
294 295 292
296 297 294
298 299 296
300 301 298
302 303 300
304 305 302
306 307 304
308 309 306
310 311 308
312 313 310
314 315 312
316 317 314
318 319 316
320 321 318
322 323 320
324 325 322
326 327 324
328 329 326
330 331 328
332 333 330
334 335 332
336 337 334
338 339 336
340 341 338
342 343 340
344 345 342
346 347 344
348 349 346
350 351 348
352 353 350
354 355 352
356 357 354
358 359 356
360 361 358
362 363 360
364 365 362
366 367 364
368 369 366
370 371 368
372 373 370
374 375 372
376 377 374
378 379 376
380 381 378
382 383 380
384 385 382
386 387 384
388 389 386
390 391 388
392 393 390
394 395 392
396 397 394
398 399 396
400 401 398
402 403 400
404 405 402
406 407 404
408 409 406
410 411 408
412 413 410
414 415 412
416 417 414
418 419 416
420 421 418
422 423 420
424 425 422
426 427 424
428 429 426
430 431 428
432 433 430
434 435 432
436 437 434
438 439 436
440 441 438
442 443 440
444 445 442
446 447 444
448 449 446
450 451 448
452 453 450
454 455 452
456 457 454
458 459 456
460 461 458
462 463 460
464 465 462
466 467 464
468 469 466
470 471 468
472 473 470
474 475 472
476 477 474
478 479 476
480 481 478
482 483 480
484 485 482
486 487 484
488 489 486
490 491 488
492 493 490
494 495 492
496 497 494
498 499 496
500 501 498
502 503 500
504 505 502
506 507 504
508 509 506
510 511 508
512 513 510
514 515 512
516 517 514
518 519 516
520 521 518
522 523 520
524 525 522
526 527 524
528 529 526
530 531 528
532 533 530
534 535 532
536 537 534
538 539 536
540 541 538
542 543 540
544 545 542
546 547 544
548 549 546
550 551 548
552 553 550
554 555 552
556 557 554
558 559 556
560 561 558
562 563 560
564 565 562
566 567 564
568 569 566
570 571 568
572 573 570
574 575 572
576 577 574
578 579 576
580 581 578
582 583 580
584 585 582
586 587 584
588 589 586
590 591 588
592 593 590
594 595 592
596 597 594
598 599 596
600 601 598
602 603 600
604 605 602
606 607 604
608 609 606
610 611 608
612 613 610
614 615 612
616 617 614
618 619 616
620 621 618
622 623 620
624 625 622
626 627 624
628 629 626
630 631 628
632 633 630
634 635 632
636 637 634
638 639 636
640 641 638
642 643 640
644 645 642
646 647 644
648 649 646
650 651 648
652 653 650
654 655 652
656 657 654
658 659 656
660 661 658
662 663 660
664 665 662
666 667 664
668 669 666
670 671 668
672 673 670
674 675 672
676 677 674
678 679 676
680 681 678
682 683 680
684 685 682
686 687 684
688 689 686
690 691 688
692 693 690
694 695 692
696 697 694
698 699 696
700 701 698
702 703 700
704 705 702
706 707 704
708 709 706
710 711 708
712 713 710
714 715 712
716 717 714
718 719 716
720 721 718
722 723 720
724 725 722
726 727 724
728 729 726
730 731 728
732 733 730
734 735 732
736 737 734
738 739 736
740 741 738
742 743 740
744 745 742
746 747 744
748 749 746
750 751 748
752 753 750
754 755 752
756 757 754
758 759 756
760 761 758
762 763 760
764 765 762
766 767 764
768 769 766
770 771 768
772 773 770
774 775 772
776 777 774
778 779 776
780 781 778
782 783 780
784 785 782
786 787 784
788 789 786
790 791 788
792 793 790
794 795 792
796 797 794
798 799 796
800 801 798
802 803 800
804 805 802
806 807 804
808 809 806
810 811 808
812 813 810
814 815 812
816 817 814
818 819 816
820 821 818
822 823 820
824 825 822
826 827 824
828 829 826
830 831 828
832 833 830
834 835 832
836 837 834
838 839 836
840 841 838
842 843 840
844 845 842
846 847 844
848 849 846
850 851 848
852 853 850
854 855 852
856 857 854
858 859 856
860 861 858
862 863 860
864 865 862
866 867 864
868 869 866
870 871 868
872 873 870
874 875 872
876 877 874
878 879 876
880 881 878
882 883 880
884 885 882
886 887 884
888 889 886
890 891 888
892 893 890
894 895 892
896 897 894
898 899 896
900 901 898
902 903 900
904 905 902
906 907 904
908 909 906
910 911 908
912 913 910
914 915 912
916 917 914
918 919 916
920 921 918
922 923 920
924 925 922
926 927 924
928 929 926
930 931 928
932 933 930
934 935 932
936 937 934
938 939 936
940 941 938
942 943 940
944 945 942
946 947 944
948 949 946
950 951 948
952 953 950
954 955 952
956 957 954
958 959 956
960 961 958
962 963 960
964 965 962
966 967 964
968 969 966
970 971 968
972 973 970
974 975 972
976 977 974
978 979 976
980 981 978
982 983 980
984 985 982
986 987 984
988 989 986
990 991 988
992 993 990
994 995 992
996 997 994
998 999 996
1000 1001 998
1002 1003 1000
1004 1005 1002
1006 1007 1004
1008 1009 1006
1010 1011 1008
1012 1013 1010
1014 1015 1012
1016 1017 1014
1018 1019 1016
1020 1021 1018
1022 1023 1020
1024 1025 1022
1026 1027 1024
1028 1029 1026
1030 1031 1028
1032 1033 1030
1034 1035 1032
1036 1037 1034
1038 1039 1036
1040 1041 1038
1042 1043 1040
1044 1045 1042
1046 1047 1044
1048 1049 1046
1050 1051 1048
1052 1053 1050
1054 1055 1052
1056 1057 1054
1058 1059 1056
1060 1061 1058
1062 1063 1060
1064 1065 1062
1066 1067 1064
1068 1069 1066
1070 1071 1068
1072 1073 1070
1074 1075 1072
1076 1077 1074
1078 1079 1076
1080 1081 1078
1082 1083 1080
1084 1085 1082
1086 1087 1084
1088 1089 1086
1090 1091 1088
1092 1093 1090
1094 1095 1092
1096 1097 1094
1098 1099 1096
1100 1101 1098
1102 1103 1100
1104 1105 1102
1106 1107 1104
1108 1109 1106
1110 1111 1108
1112 1113 1110
1114 1115 1112
1116 1117 1114
1118 1119 1116
1120 1121 1118
1122 1123 1120
1124 1125 1122
1126 1127 1124
1128 1129 1126
1130 1131 1128
1132 1133 1130
1134 1135 1132
1136 1137 1134
1138 1139 1136
1140 1141 1138
1142 1143 1140
1144 1145 1142
1146 1147 1144
1148 1149 1146
1150 1151 1148
1152 1153 1150
1154 1155 1152
1156 1157 1154
1158 1159 1156
1160 1161 1158
1162 1163 1160
1164 1165 1162
1166 1167 1164
1168 1169 1166
1170 1171 1168
1172 1173 1170
1174 1175 1172
1176 1177 1174
1178 1179 1176
1180 1181 1178
1182 1183 1180
1184 1185 1182
1186 1187 1184
1188 1189 1186
1190 1191 1188
1192 1193 1190
1194 1195 1192
1196 1197 1194
1198 1199 1196
1200 1201 1198
1202 1203 1200
1204 1205 1202
1206 1207 1204
1208 1209 1206
1210 1211 1208
1212 1213 1210
1214 1215 1212
1216 1217 1214
1218 1219 1216
1220 1221 1218
1222 1223 1220
1224 1225 1222
1226 1227 1224
1228 1229 1226
1230 1231 1228
1232 1233 1230
1234 1235 1232
1236 1237 1234
1238 1239 1236
1240 1241 1238
1242 1243 1240
1244 1245 1242
1246 1247 1244
1248 1249 1246
1250 1251 1248
1252 1253 1250
1254 1255 1252
1256 1257 1254
1258 1259 1256
1260 1261 1258
1262 1263 1260
1264 1265 1262
1266 1267 1264
1268 1269 1266
1270 1271 1268
1272 1273 1270
1274 1275 1272
1276 1277 1274
1278 1279 1276
1280 1281 1278
1282 1283 1280
1284 1285 1282
1286 1287 1284
1288 1289 1286
1290 1291 1288
1292 1293 1290
1294 1295 1292
1296 1297 1294
1298 1299 1296
1300 1301 1298
1302 1303 1300
1304 1305 1302
1306 1307 1304
1308 1309 1306
1310 1311 1308
1312 1313 1310
1314 1315 1312
1316 1317 1314
1318 1319 1316
1320 1321 1318
1322 1323 1320
1324 1325 1322
1326 1327 1324
1328 1329 1326
1330 1331 1328
1332 1333 1330
1334 1335 1332
1336 1337 1334
1338 1339 1336
1340 1341 1338
1342 1343 1340
1344 1345 1342
1346 1347 1344
1348 1349 1346
1350 1351 1348
1352 1353 1350
1354 1355 1352
1356 1357 1354
1358 1359 1356
1360 1361 1358
1362 1363 1360
1364 1365 1362
1366 1367 1364
1368 1369 1366
1370 1371 1368
1372 1373 1370
1374 1375 1372
1376 1377 1374
1378 1379 1376
1380 1381 1378
1382 1383 1380
1384 1385 1382
1386 1387 1384
1388 1389 1386
1390 1391 1388
1392 1393 1390
1394 1395 1392
1396 1397 1394
1398 1399 1396
1400 1401 1398
1402 1403 1400
1404 1405 1402
1406 1407 1404
1408 1409 1406
1410 1411 1408
1412 1413 1410
1414 1415 1412
1416 1417 1414
1418 1419 1416
1420 1421 1418
1422 1423 1420
1424 1425 1422
1426 1427 1424
1428 1429 1426
1430 1431 1428
1432 1433 1430
1434 1435 1432
1436 1437 1434
1438 1439 1436
1440 1441 1438
1442 1443 1440
1444 1445 1442
1446 1447 1444
1448 1449 1446
1450 1451 1448
1452 1453 1450
1454 1455 1452
1456 1457 1454
1458 1459 1456
1460 1461 1458
1462 1463 1460
1464 1465 1462
1466 1467 1464
1468 1469 1466
1470 1471 1468
1472 1473 1470
1474 1475 1472
1476 1477 1474
1478 1479 1476
1480 1481 1478
1482 1483 1480
1484 1485 1482
1486 1487 1484
1488 1489 1486
1490 1491 1488
1492 1493 1490
1494 1495 1492
1496 1497 1494
1498 1499 1496
1500 1501 1498
1502 1503 1500
1504 1505 1502
1506 1507 1504
1508 1509 1506
1510 1511 1508
1512 1513 1510
1514 1515 1512
1516 1517 1514
1518 1519 1516
1520 1521 1518
1522 1523 1520
1524 1525 1522
1526 1527 1524
1528 1529 1526
1530 1531 1528
1532 1533 1530
1534 1535 1532
1536 1537 1534
1538 1539 1536
1540 1541 1538
1542 1543 1540
1544 1545 1542
1546 1547 1544
1548 1549 1546
1550 1551 1548
1552 1553 1550
1554 1555 1552
1556 1557 1554
1558 1559 1556
1560 1561 1558
1562 1563 1560
1564 1565 1562
1566 1567 1564
1568 1569 1566
1570 1571 1568
1572 1573 1570
1574 1575 1572
1576 1577 1574
1578 1579 1576
1580 1581 1578
1582 1583 1580
1584 1585 1582
1586 1587 1584
1588 1589 1586
1590 1591 1588
1592 1593 1590
1594 1595 1592
1596 1597 1594
1598 1599 1596
1600 1601 1598
1602 1603 1600
1604 1605 1602
1606 1607 1604
1608 1609 1606
1610 1611 1608
1612 1613 1610
1614 1615 1612
1616 1617 1614
1618 1619 1616
1620 1621 1618
1622 1623 1620
1624 1625 1622
1626 1627 1624
1628 1629 1626
1630 1631 1628
1632 1633 1630
1634 1635 1632
1636 1637 1634
1638 1639 1636
1640 1641 1638
1642 1643 1640
1644 1645 1642
1646 1647 1644
1648 1649 1646
1650 1651 1648
1652 1653 1650
1654 1655 1652
1656 1657 1654
1658 1659 1656
1660 1661 1658
1662 1663 1660
1664 1665 1662
1666 1667 1664
1668 1669 1666
1670 1671 1668
1672 1673 1670
1674 1675 1672
1676 1677 1674
1678 1679 1676
1680 1681 1678
1682 1683 1680
1684 1685 1682
1686 1687 1684
1688 1689 1686
1690 1691 1688
1692 1693 1690
1694 1695 1692
1696 1697 1694
1698 1699 1696
1700 1701 1698
1702 1703 1700
1704 1705 1702
1706 1707 1704
1708 1709 1706
1710 1711 1708
1712 1713 1710
1714 1715 1712
1716 1717 1714
1718 1719 1716
1720 1721 1718
1722 1723 1720
1724 1725 1722
1726 1727 1724
1728 1729 1726
1730 1731 1728
1732 1733 1730
1734 1735 1732
1736 1737 1734
1738 1739 1736
1740 1741 1738
1742 1743 1740
1744 1745 1742
1746 1747 1744
1748 1749 1746
1750 1751 1748
1752 1753 1750
1754 1755 1752
1756 1757 1754
1758 1759 1756
1760 1761 1758
1762 1763 1760
1764 1765 1762
1766 1767 1764
1768 1769 1766
1770 1771 1768
1772 1773 1770
1774 1775 1772
1776 1777 1774
1778 1779 1776
1780 1781 1778
1782 1783 1780
1784 1785 1782
1786 1787 1784
1788 1789 1786
1790 1791 1788
1792 1793 1790
1794 1795 1792
1796 1797 1794
1798 1799 1796
1800 1801 1798
1802 1803 1800
1804 1805 1802
1806 1807 1804
1808 1809 1806
1810 1811 1808
1812 1813 1810
1814 1815 1812
1816 1817 1814
1818 1819 1816
1820 1821 1818
1822 1823 1820
1824 1825 1822
1826 1827 1824
1828 1829 1826
1830 1831 1828
1832 1833 1830
1834 1835 1832
1836 1837 1834
1838 1839 1836
1840 1841 1838
1842 1843 1840
1844 1845 1842
1846 1847 1844
1848 1849 1846
1850 1851 1848
1852 1853 1850
1854 1855 1852
1856 1857 1854
1858 1859 1856
1860 1861 1858
1862 1863 1860
1864 1865 1862
1866 1867 1864
1868 1869 1866
1870 1871 1868
1872 1873 1870
1874 1875 1872
1876 1877 1874
1878 1879 1876
1880 1881 1878
1882 1883 1880
1884 1885 1882
1886 1887 1884
1888 1889 1886
1890 1891 1888
1892 1893 1890
1894 1895 1892
1896 1897 1894
1898 1899 1896
1900 1901 1898
1902 1903 1900
1904 1905 1902
1906 1907 1904
1908 1909 1906
1910 1911 1908
1912 1913 1910
1914 1915 1912
1916 1917 1914
1918 1919 1916
1920 1921 1918
1922 1923 1920
1924 1925 1922
1926 1927 1924
1928 1929 1926
1930 1931 1928
1932 1933 1930
1934 1935 1932
1936 1937 1934
1938 1939 1936
1940 1941 1938
1942 1943 1940
1944 1945 1942
1946 1947 1944
1948 1949 1946
1950 1951 1948
1952 1953 1950
1954 1955 1952
1956 1957 1954
1958 1959 1956
1960 1961 1958
1962 1963 1960
1964 1965 1962
1966 1967 1964
1968 1969 1966
1970 1971 1968
1972 1973 1970
1974 1975 1972
1976 1977 1974
1978 1979 1976
1980 1981 1978
1982 1983 1980
1984 1985 1982
1986 1987 1984
1988 1989 1986
1990 1991 1988
1992 1993 1990
1994 1995 1992
1996 1997 1994
1998 1999 1996
2000 2001 1998
2002 2003 2000
2004 2005 2002
2006 2007 2004
2008 2009 2006
2010 2011 2008
2012 2013 2010
2014 2015 2012
2016 2017 2014
2018 2019 2016
2020 2021 2018
2022 2023 2020
2024 2025 2022
2026 2027 2024
2028 2029 2026
2030 2031 2028
2032 2033 2030
2034 2035 2032
2036 2037 2034
2038 2039 2036
2040 2041 2038
2042 2043 2040
2044 2045 2042
2046 2047 2044
2048 2049 2046
2050 2051 2048
2052 2053 2050
2054 2055 2052
2056 2057 2054
2058 2059 2056
2060 2061 2058
2062 2063 2060
2064 2065 2062
2066 2067 2064
2068 2069 2066
2070 2071 2068
2072 2073 2070
2074 2075 2072
2076 2077 2074
2078 2079 2076
2080 2081 2078
2082 2083 2080
2084 2085 2082
2086 2087 2084
2088 2089 2086
2090 2091 2088
2092 2093 2090
2094 2095 2092
2096 2097 2094
2098 2099 2096
2100 2101 2098
2102 2103 2100
2104 2105 2102
2106 2107 2104
2108 2109 2106
2110 2111 2108
2112 2113 2110
2114 2115 2112
2116 2117 2114
2118 2119 2116
2120 2121 2118
2122 2123 2120
2124 2125 2122
2126 2127 2124
2128 2129 2126
2130 2131 2128
2132 2133 2130
2134 2135 2132
2136 2137 2134
2138 2139 2136
2140 2141 2138
2142 2143 2140
2144 2145 2142
2146 2147 2144
2148 2149 2146
2150 2151 2148
2152 2153 2150
2154 2155 2152
2156 2157 2154
2158 2159 2156
2160 2161 2158
2162 2163 2160
2164 2165 2162
2166 2167 2164
2168 2169 2166
2170 2171 2168
2172 2173 2170
2174 2175 2172
2176 2177 2174
2178 2179 2176
2180 2181 2178
2182 2183 2180
2184 2185 2182
2186 2187 2184
2188 2189 2186
2190 2191 2188
2192 2193 2190
2194 2195 2192
2196 2197 2194
2198 2199 2196
2200 2201 2198
2202 2203 2200
2204 2205 2202
2206 2207 2204
2208 2209 2206
2210 2211 2208
2212 2213 2210
2214 2215 2212
2216 2217 2214
2218 2219 2216
2220 2221 2218
2222 2223 2220
2224 2225 2222
2226 2227 2224
2228 2229 2226
2230 2231 2228
2232 2233 2230
2234 2235 2232
2236 2237 2234
2238 2239 2236
2240 2241 2238
2242 2243 2240
2244 2245 2242
2246 2247 2244
2248 2249 2246
2250 2251 2248
2252 2253 2250
2254 2255 2252
2256 2257 2254
2258 2259 2256
2260 2261 2258
2262 2263 2260
2264 2265 2262
2266 2267 2264
2268 2269 2266
2270 2271 2268
2272 2273 2270
2274 2275 2272
2276 2277 2274
2278 2279 2276
2280 2281 2278
2282 2283 2280
2284 2285 2282
2286 2287 2284
2288 2289 2286
2290 2291 2288
2292 2293 2290
2294 2295 2292
2296 2297 2294
2298 2299 2296
2300 2301 2298
2302 2303 2300
2304 2305 2302
2306 2307 2304
2308 2309 2306
2310 2311 2308
2312 2313 2310
2314 2315 2312
2316 2317 2314
2318 2319 2316
2320 2321 2318
2322 2323 2320
2324 2325 2322
2326 2327 2324
2328 2329 2326
2330 2331 2328
2332 2333 2330
2334 2335 2332
2336 2337 2334
2338 2339 2336
2340 2341 2338
2342 2343 2340
2344 2345 2342
2346 2347 2344
2348 2349 2346
2350 2351 2348
2352 2353 2350
2354 2355 2352
2356 2357 2354
2358 2359 2356
2360 2361 2358
2362 2363 2360
2364 2365 2362
2366 2367 2364
2368 2369 2366
2370 2371 2368
2372 2373 2370
2374 2375 2372
2376 2377 2374
2378 2379 2376
2380 2381 2378
2382 2383 2380
2384 2385 2382
2386 2387 2384
2388 2389 2386
2390 2391 2388
2392 2393 2390
2394 2395 2392
2396 2397 2394
2398 2399 2396
2400 2401 2398
2402 2403 2400
2404 2405 2402
2406 2407 2404
2408 2409 2406
2410 2411 2408
2412 2413 2410
2414 2415 2412
2416 2417 2414
2418 2419 2416
2420 2421 2418
2422 2423 2420
2424 2425 2422
2426 2427 2424
2428 2429 2426
2430 2431 2428
2432 2433 2430
2434 2435 2432
2436 2437 2434
2438 2439 2436
2440 2441 2438
2442 2443 2440
2444 2445 2442
2446 2447 2444
2448 2449 2446
2450 2451 2448
2452 2453 2450
2454 2455 2452
2456 2457 2454
2458 2459 2456
2460 2461 2458
2462 2463 2460
2464 2465 2462
2466 2467 2464
2468 2469 2466
2470 2471 2468
2472 2473 2470
2474 2475 2472
2476 2477 2474
2478 2479 2476
2480 2481 2478
2482 2483 2480
2484 2485 2482
2486 2487 2484
2488 2489 2486
2490 2491 2488
2492 2493 2490
2494 2495 2492
2496 2497 2494
2498 2499 2496
2500 2501 2498
2502 2503 2500
2504 2505 2502
2506 2507 2504
2508 2509 2506
2510 2511 2508
2512 2513 2510
2514 2515 2512
2516 2517 2514
2518 2519 2516
2520 2521 2518
2522 2523 2520
2524 2525 2522
2526 2527 2524
2528 2529 2526
2530 2531 2528
2532 2533 2530
2534 2535 2532
2536 2537 2534
2538 2539 2536
2540 2541 2538
2542 2543 2540
2544 2545 2542
2546 2547 2544
2548 2549 2546
2550 2551 2548
2552 2553 2550
2554 2555 2552
2556 2557 2554
2558 2559 2556
2560 2561 2558
2562 2563 2560
2564 2565 2562
2566 2567 2564
2568 2569 2566
2570 2571 2568
2572 2573 2570
2574 2575 2572
2576 2577 2574
2578 2579 2576
2580 2581 2578
2582 2583 2580
2584 2585 2582
2586 2587 2584
2588 2589 2586
2590 2591 2588
2592 2593 2590
2594 2595 2592
2596 2597 2594
2598 2599 2596
2600 2601 2598
2602 2603 2600
2604 2605 2602
2606 2607 2604
2608 2609 2606
2610 2611 2608
2612 2613 2610
2614 2615 2612
2616 2617 2614
2618 2619 2616
2620 2621 2618
2622 2623 2620
2624 2625 2622
2626 2627 2624
2628 2629 2626
2630 2631 2628
2632 2633 2630
2634 2635 2632
2636 2637 2634
2638 2639 2636
2640 2641 2638
2642 2643 2640
2644 2645 2642
2646 2647 2644
2648 2649 2646
2650 2651 2648
2652 2653 2650
2654 2655 2652
2656 2657 2654
2658 2659 2656
2660 2661 2658
2662 2663 2660
2664 2665 2662
2666 2667 2664
2668 2669 2666
2670 2671 2668
2672 2673 2670
2674 2675 2672
2676 2677 2674
2678 2679 2676
2680 2681 2678
2682 2683 2680
2684 2685 2682
2686 2687 2684
2688 2689 2686
2690 2691 2688
2692 2693 2690
2694 2695 2692
2696 2697 2694
2698 2699 2696
2700 2701 2698
2702 2703 2700
2704 2705 2702
2706 2707 2704
2708 2709 2706
2710 2711 2708
2712 2713 2710
2714 2715 2712
2716 2717 2714
2718 2719 2716
2720 2721 2718
2722 2723 2720
2724 2725 2722
2726 2727 2724
2728 2729 2726
2730 2731 2728
2732 2733 2730
2734 2735 2732
2736 2737 2734
2738 2739 2736
2740 2741 2738
2742 2743 2740
2744 2745 2742
2746 2747 2744
2748 2749 2746
2750 2751 2748
2752 2753 2750
2754 2755 2752
2756 2757 2754
2758 2759 2756
2760 2761 2758
2762 2763 2760
2764 2765 2762
2766 2767 2764
2768 2769 2766
2770 2771 2768
2772 2773 2770
2774 2775 2772
2776 2777 2774
2778 2779 2776
2780 2781 2778
2782 2783 2780
2784 2785 2782
2786 2787 2784
2788 2789 2786
2790 2791 2788
2792 2793 2790
2794 2795 2792
2796 2797 2794
2798 2799 2796
2800 2801 2798
2802 2803 2800
2804 2805 2802
2806 2807 2804
2808 2809 2806
2810 2811 2808
2812 2813 2810
2814 2815 2812
2816 2817 2814
2818 2819 2816
2820 2821 2818
2822 2823 2820
2824 2825 2822
2826 2827 2824
2828 2829 2826
2830 2831 2828
2832 2833 2830
2834 2835 2832
2836 2837 2834
2838 2839 2836
2840 2841 2838
2842 2843 2840
2844 2845 2842
2846 2847 2844
2848 2849 2846
2850 2851 2848
2852 2853 2850
2854 2855 2852
2856 2857 2854
2858 2859 2856
2860 2861 2858
2862 2863 2860
2864 2865 2862
2866 2867 2864
2868 2869 2866
2870 2871 2868
2872 2873 2870
2874 2875 2872
2876 2877 2874
2878 2879 2876
2880 2881 2878
2882 2883 2880
2884 2885 2882
2886 2887 2884
2888 2889 2886
2890 2891 2888
2892 2893 2890
2894 2895 2892
2896 2897 2894
2898 2899 2896
2900 2901 2898
2902 2903 2900
2904 2905 2902
2906 2907 2904
2908 2909 2906
2910 2911 2908
2912 2913 2910
2914 2915 2912
2916 2917 2914
2918 2919 2916
2920 2921 2918
2922 2923 2920
2924 2925 2922
2926 2927 2924
2928 2929 2926
2930 2931 2928
2932 2933 2930
2934 2935 2932
2936 2937 2934
2938 2939 2936
2940 2941 2938
2942 2943 2940
2944 2945 2942
2946 2947 2944
2948 2949 2946
2950 2951 2948
2952 2953 2950
2954 2955 2952
2956 2957 2954
2958 2959 2956
2960 2961 2958
2962 2963 2960
2964 2965 2962
2966 2967 2964
2968 2969 2966
2970 2971 2968
2972 2973 2970
2974 2975 2972
2976 2977 2974
2978 2979 2976
2980 2981 2978
2982 2983 2980
2984 2985 2982
2986 2987 2984
2988 2989 2986
2990 2991 2988
2992 2993 2990
2994 2995 2992
2996 2997 2994
2998 2999 2996
3000 3001 2998
3002 3003 3000
3004 3005 3002
3006 3007 3004
3008 3009 3006
3010 3011 3008
3012 3013 3010
3014 3015 3012
3016 3017 3014
3018 3019 3016
3020 3021 3018
3022 3023 3020
3024 3025 3022
3026 3027 3024
3028 3029 3026
3030 3031 3028
3032 3033 3030
3034 3035 3032
3036 3037 3034
3038 3039 3036
3040 3041 3038
3042 3043 3040
3044 3045 3042
3046 3047 3044
3048 3049 3046
3050 3051 3048
3052 3053 3050
3054 3055 3052
3056 3057 3054
3058 3059 3056
3060 3061 3058
3062 3063 3060
3064 3065 3062
3066 3067 3064
3068 3069 3066
3070 3071 3068
3072 3073 3070
3074 3075 3072
3076 3077 3074
3078 3079 3076
3080 3081 3078
3082 3083 3080
3084 3085 3082
3086 3087 3084
3088 3089 3086
3090 3091 3088
3092 3093 3090
3094 3095 3092
3096 3097 3094
3098 3099 3096
3100 3101 3098
3102 3103 3100
3104 3105 3102
3106 3107 3104
3108 3109 3106
3110 3111 3108
3112 3113 3110
3114 3115 3112
3116 3117 3114
3118 3119 3116
3120 3121 3118
3122 3123 3120
3124 3125 3122
3126 3127 3124
3128 3129 3126
3130 3131 3128
3132 3133 3130
3134 3135 3132
3136 3137 3134
3138 3139 3136
3140 3141 3138
3142 3143 3140
3144 3145 3142
3146 3147 3144
3148 3149 3146
3150 3151 3148
3152 3153 3150
3154 3155 3152
3156 3157 3154
3158 3159 3156
3160 3161 3158
3162 3163 3160
3164 3165 3162
3166 3167 3164
3168 3169 3166
3170 3171 3168
3172 3173 3170
3174 3175 3172
3176 3177 3174
3178 3179 3176
3180 3181 3178
3182 3183 3180
3184 3185 3182
3186 3187 3184
3188 3189 3186
3190 3191 3188
3192 3193 3190
3194 3195 3192
3196 3197 3194
3198 3199 3196
3200 3201 3198
3202 3203 3200
3204 3205 3202
3206 3207 3204
3208 3209 3206
3210 3211 3208
3212 3213 3210
3214 3215 3212
3216 3217 3214
3218 3219 3216
3220 3221 3218
3222 3223 3220
3224 3225 3222
3226 3227 3224
3228 3229 3226
3230 3231 3228
3232 3233 3230
3234 3235 3232
3236 3237 3234
3238 3239 3236
3240 3241 3238
3242 3243 3240
3244 3245 3242
3246 3247 3244
3248 3249 3246
3250 3251 3248
3252 3253 3250
3254 3255 3252
3256 3257 3254
3258 3259 3256
3260 3261 3258
3262 3263 3260
3264 3265 3262
3266 3267 3264
3268 3269 3266
3270 3271 3268
3272 3273 3270
3274 3275 3272
3276 3277 3274
3278 3279 3276
3280 3281 3278
3282 3283 3280
3284 3285 3282
3286 3287 3284
3288 3289 3286
3290 3291 3288
3292 3293 3290
3294 3295 3292
3296 3297 3294
3298 3299 3296
3300 3301 3298
3302 3303 3300
3304 3305 3302
3306 3307 3304
3308 3309 3306
3310 3311 3308
3312 3313 3310
3314 3315 3312
3316 3317 3314
3318 3319 3316
3320 3321 3318
3322 3323 3320
3324 3325 3322
3326 3327 3324
3328 3329 3326
3330 3331 3328
3332 3333 3330
3334 3335 3332
3336 3337 3334
3338 3339 3336
3340 3341 3338
3342 3343 3340
3344 3345 3342
3346 3347 3344
3348 3349 3346
3350 3351 3348
3352 3353 3350
3354 3355 3352
3356 3357 3354
3358 3359 3356
3360 3361 3358
3362 3363 3360
3364 3365 3362
3366 3367 3364
3368 3369 3366
3370 3371 3368
3372 3373 3370
3374 3375 3372
3376 3377 3374
3378 3379 3376
3380 3381 3378
3382 3383 3380
3384 3385 3382
3386 3387 3384
3388 3389 3386
3390 3391 3388
3392 3393 3390
3394 3395 3392
3396 3397 3394
3398 3399 3396
3400 3401 3398
3402 3403 3400
3404 3405 3402
3406 3407 3404
3408 3409 3406
3410 3411 3408
3412 3413 3410
3414 3415 3412
3416 3417 3414
3418 3419 3416
3420 3421 3418
3422 3423 3420
3424 3425 3422
3426 3427 3424
3428 3429 3426
3430 3431 3428
3432 3433 3430
3434 3435 3432
3436 3437 3434
3438 3439 3436
3440 3441 3438
3442 3443 3440
3444 3445 3442
3446 3447 3444
3448 3449 3446
3450 3451 3448
3452 3453 3450
3454 3455 3452
3456 3457 3454
3458 3459 3456
3460 3461 3458
3462 3463 3460
3464 3465 3462
3466 3467 3464
3468 3469 3466
3470 3471 3468
3472 3473 3470
3474 3475 3472
3476 3477 3474
3478 3479 3476
3480 3481 3478
3482 3483 3480
3484 3485 3482
3486 3487 3484
3488 3489 3486
3490 3491 3488
3492 3493 3490
3494 3495 3492
3496 3497 3494
3498 3499 3496
3500 3501 3498
3502 3503 3500
3504 3505 3502
3506 3507 3504
3508 3509 3506
3510 3511 3508
3512 3513 3510
3514 3515 3512
3516 3517 3514
3518 3519 3516
3520 3521 3518
3522 3523 3520
3524 3525 3522
3526 3527 3524
3528 3529 3526
3530 3531 3528
3532 3533 3530
3534 3535 3532
3536 3537 3534
3538 3539 3536
3540 3541 3538
3542 3543 3540
3544 3545 3542
3546 3547 3544
3548 3549 3546
3550 3551 3548
3552 3553 3550
3554 3555 3552
3556 3557 3554
3558 3559 3556
3560 3561 3558
3562 3563 3560
3564 3565 3562
3566 3567 3564
3568 3569 3566
3570 3571 3568
3572 3573 3570
3574 3575 3572
3576 3577 3574
3578 3579 3576
3580 3581 3578
3582 3583 3580
3584 3585 3582
3586 3587 3584
3588 3589 3586
3590 3591 3588
3592 3593 3590
3594 3595 3592
3596 3597 3594
3598 3599 3596
3600 3601 3598
3602 3603 3600
3604 3605 3602
3606 3607 3604
3608 3609 3606
3610 3611 3608
3612 3613 3610
3614 3615 3612
3616 3617 3614
3618 3619 3616
3620 3621 3618
3622 3623 3620
3624 3625 3622
3626 3627 3624
3628 3629 3626
3630 3631 3628
3632 3633 3630
3634 3635 3632
3636 3637 3634
3638 3639 3636
3640 3641 3638
3642 3643 3640
3644 3645 3642
3646 3647 3644
3648 3649 3646
3650 3651 3648
3652 3653 3650
3654 3655 3652
3656 3657 3654
3658 3659 3656
3660 3661 3658
3662 3663 3660
3664 3665 3662
3666 3667 3664
3668 3669 3666
3670 3671 3668
3672 3673 3670
3674 3675 3672
3676 3677 3674
3678 3679 3676
3680 3681 3678
3682 3683 3680
3684 3685 3682
3686 3687 3684
3688 3689 3686
3690 3691 3688
3692 3693 3690
3694 3695 3692
3696 3697 3694
3698 3699 3696
3700 3701 3698
3702 3703 3700
3704 3705 3702
3706 3707 3704
3708 3709 3706
3710 3711 3708
3712 3713 3710
3714 3715 3712
3716 3717 3714
3718 3719 3716
3720 3721 3718
3722 3723 3720
3724 3725 3722
3726 3727 3724
3728 3729 3726
3730 3731 3728
3732 3733 3730
3734 3735 3732
3736 3737 3734
3738 3739 3736
3740 3741 3738
3742 3743 3740
3744 3745 3742
3746 3747 3744
3748 3749 3746
3750 3751 3748
3752 3753 3750
3754 3755 3752
3756 3757 3754
3758 3759 3756
3760 3761 3758
3762 3763 3760
3764 3765 3762
3766 3767 3764
3768 3769 3766
3770 3771 3768
3772 3773 3770
3774 3775 3772
3776 3777 3774
3778 3779 3776
3780 3781 3778
3782 3783 3780
3784 3785 3782
3786 3787 3784
3788 3789 3786
3790 3791 3788
3792 3793 3790
3794 3795 3792
3796 3797 3794
3798 3799 3796
3800 3801 3798
3802 3803 3800
3804 3805 3802
3806 3807 3804
3808 3809 3806
3810 3811 3808
3812 3813 3810
3814 3815 3812
3816 3817 3814
3818 3819 3816
3820 3821 3818
3822 3823 3820
3824 3825 3822
3826 3827 3824
3828 3829 3826
3830 3831 3828
3832 3833 3830
3834 3835 3832
3836 3837 3834
3838 3839 3836
3840 3841 3838
3842 3843 3840
3844 3845 3842
3846 3847 3844
3848 3849 3846
3850 3851 3848
3852 3853 3850
3854 3855 3852
3856 3857 3854
3858 3859 3856
3860 3861 3858
3862 3863 3860
3864 3865 3862
3866 3867 3864
3868 3869 3866
3870 3871 3868
3872 3873 3870
3874 3875 3872
3876 3877 3874
3878 3879 3876
3880 3881 3878
3882 3883 3880
3884 3885 3882
3886 3887 3884
3888 3889 3886
3890 3891 3888
3892 3893 3890
3894 3895 3892
3896 3897 3894
3898 3899 3896
3900 3901 3898
3902 3903 3900
3904 3905 3902
3906 3907 3904
3908 3909 3906
3910 3911 3908
3912 3913 3910
3914 3915 3912
3916 3917 3914
3918 3919 3916
3920 3921 3918
3922 3923 3920
3924 3925 3922
3926 3927 3924
3928 3929 3926
3930 3931 3928
3932 3933 3930
3934 3935 3932
3936 3937 3934
3938 3939 3936
3940 3941 3938
3942 3943 3940
3944 3945 3942
3946 3947 3944
3948 3949 3946
3950 3951 3948
3952 3953 3950
3954 3955 3952
3956 3957 3954
3958 3959 3956
3960 3961 3958
3962 3963 3960
3964 3965 3962
3966 3967 3964
3968 3969 3966
3970 3971 3968
3972 3973 3970
3974 3975 3972
3976 3977 3974
3978 3979 3976
3980 3981 3978
3982 3983 3980
3984 3985 3982
3986 3987 3984
3988 3989 3986
3990 3991 3988
3992 3993 3990
3994 3995 3992
3996 3997 3994
3998 3999 3996
4000 4001 3998
4002 4003 4000
4004 4005 4002
4006 4007 4004
4008 4009 4006
4010 4011 4008
4012 4013 4010
4014 4015 4012
4016 4017 4014
4018 4019 4016
4020 4021 4018
4022 4023 4020
4024 4025 4022
4026 4027 4024
4028 4029 4026
4030 4031 4028
4032 4033 4030
4034 4035 4032
4036 4037 4034
4038 4039 4036
4040 4041 4038
4042 4043 4040
4044 4045 4042
4046 4047 4044
4048 4049 4046
4050 4051 4048
4052 4053 4050
4054 4055 4052
4056 4057 4054
4058 4059 4056
4060 4061 4058
4062 4063 4060
4064 4065 4062
4066 4067 4064
4068 4069 4066
4070 4071 4068
4072 4073 4070
4074 4075 4072
4076 4077 4074
4078 4079 4076
4080 4081 4078
4082 4083 4080
4084 4085 4082
4086 4087 4084
4088 4089 4086
4090 4091 4088
4092 4093 4090
4094 4095 4092
4096 4097 4094
4098 4099 4096
4100 4101 4098
4102 4103 4100
4104 4105 4102
4106 4107 4104
4108 4109 4106
4110 4111 4108
4112 4113 4110
4114 4115 4112
4116 4117 4114
4118 4119 4116
4120 4121 4118
4122 4123 4120
4124 4125 4122
4126 4127 4124
4128 4129 4126
4130 4131 4128
4132 4133 4130
4134 4135 4132
4136 4137 4134
4138 4139 4136
4140 4141 4138
4142 4143 4140
4144 4145 4142
4146 4147 4144
4148 4149 4146
4150 4151 4148
4152 4153 4150
4154 4155 4152
4156 4157 4154
4158 4159 4156
4160 4161 4158
4162 4163 4160
4164 4165 4162
4166 4167 4164
4168 4169 4166
4170 4171 4168
4172 4173 4170
4174 4175 4172
4176 4177 4174
4178 4179 4176
4180 4181 4178
4182 4183 4180
4184 4185 4182
4186 4187 4184
4188 4189 4186
4190 4191 4188
4192 4193 4190
4194 4195 4192
4196 4197 4194
4198 4199 4196
4200 4201 4198
4202 4203 4200
4204 4205 4202
4206 4207 4204
4208 4209 4206
4210 4211 4208
4212 4213 4210
4214 4215 4212
4216 4217 4214
4218 4219 4216
4220 4221 4218
4222 4223 4220
4224 4225 4222
4226 4227 4224
4228 4229 4226
4230 4231 4228
4232 4233 4230
4234 4235 4232
4236 4237 4234
4238 4239 4236
4240 4241 4238
4242 4243 4240
4244 4245 4242
4246 4247 4244
4248 4249 4246
4250 4251 4248
4252 4253 4250
4254 4255 4252
4256 4257 4254
4258 4259 4256
4260 4261 4258
4262 4263 4260
4264 4265 4262
4266 4267 4264
4268 4269 4266
4270 4271 4268
4272 4273 4270
4274 4275 4272
4276 4277 4274
4278 4279 4276
4280 4281 4278
4282 4283 4280
4284 4285 4282
4286 4287 4284
4288 4289 4286
4290 4291 4288
4292 4293 4290
4294 4295 4292
4296 4297 4294
4298 4299 4296
4300 4301 4298
4302 4303 4300
4304 4305 4302
4306 4307 4304
4308 4309 4306
4310 4311 4308
4312 4313 4310
4314 4315 4312
4316 4317 4314
4318 4319 4316
4320 4321 4318
4322 4323 4320
4324 4325 4322
4326 4327 4324
4328 4329 4326
4330 4331 4328
4332 4333 4330
4334 4335 4332
4336 4337 4334
4338 4339 4336
4340 4341 4338
4342 4343 4340
4344 4345 4342
4346 4347 4344
4348 4349 4346
4350 4351 4348
4352 4353 4350
4354 4355 4352
4356 4357 4354
4358 4359 4356
4360 4361 4358
4362 4363 4360
4364 4365 4362
4366 4367 4364
4368 4369 4366
4370 4371 4368
4372 4373 4370
4374 4375 4372
4376 4377 4374
4378 4379 4376
4380 4381 4378
4382 4383 4380
4384 4385 4382
4386 4387 4384
4388 4389 4386
4390 4391 4388
4392 4393 4390
4394 4395 4392
4396 4397 4394
4398 4399 4396
4400 4401 4398
4402 4403 4400
4404 4405 4402
4406 4407 4404
4408 4409 4406
4410 4411 4408
4412 4413 4410
4414 4415 4412
4416 4417 4414
4418 4419 4416
4420 4421 4418
4422 4423 4420
4424 4425 4422
4426 4427 4424
4428 4429 4426
4430 4431 4428
4432 4433 4430
4434 4435 4432
4436 4437 4434
4438 4439 4436
4440 4441 4438
4442 4443 4440
4444 4445 4442
4446 4447 4444
4448 4449 4446
4450 4451 4448
4452 4453 4450
4454 4455 4452
4456 4457 4454
4458 4459 4456
4460 4461 4458
4462 4463 4460
4464 4465 4462
4466 4467 4464
4468 4469 4466
4470 4471 4468
4472 4473 4470
4474 4475 4472
4476 4477 4474
4478 4479 4476
4480 4481 4478
4482 4483 4480
4484 4485 4482
4486 4487 4484
4488 4489 4486
4490 4491 4488
4492 4493 4490
4494 4495 4492
4496 4497 4494
4498 4499 4496
4500 4501 4498
4502 4503 4500
4504 4505 4502
4506 4507 4504
4508 4509 4506
4510 4511 4508
4512 4513 4510
4514 4515 4512
4516 4517 4514
4518 4519 4516
4520 4521 4518
4522 4523 4520
4524 4525 4522
4526 4527 4524
4528 4529 4526
4530 4531 4528
4532 4533 4530
4534 4535 4532
4536 4537 4534
4538 4539 4536
4540 4541 4538
4542 4543 4540
4544 4545 4542
4546 4547 4544
4548 4549 4546
4550 4551 4548
4552 4553 4550
4554 4555 4552
4556 4557 4554
4558 4559 4556
4560 4561 4558
4562 4563 4560
4564 4565 4562
4566 4567 4564
4568 4569 4566
4570 4571 4568
4572 4573 4570
4574 4575 4572
4576 4577 4574
4578 4579 4576
4580 4581 4578
4582 4583 4580
4584 4585 4582
4586 4587 4584
4588 4589 4586
4590 4591 4588
4592 4593 4590
4594 4595 4592
4596 4597 4594
4598 4599 4596
4600 4601 4598
4602 4603 4600
4604 4605 4602
4606 4607 4604
4608 4609 4606
4610 4611 4608
4612 4613 4610
4614 4615 4612
4616 4617 4614
4618 4619 4616
4620 4621 4618
4622 4623 4620
4624 4625 4622
4626 4627 4624
4628 4629 4626
4630 4631 4628
4632 4633 4630
4634 4635 4632
4636 4637 4634
4638 4639 4636
4640 4641 4638
4642 4643 4640
4644 4645 4642
4646 4647 4644
4648 4649 4646
4650 4651 4648
4652 4653 4650
4654 4655 4652
4656 4657 4654
4658 4659 4656
4660 4661 4658
4662 4663 4660
4664 4665 4662
4666 4667 4664
4668 4669 4666
4670 4671 4668
4672 4673 4670
4674 4675 4672
4676 4677 4674
4678 4679 4676
4680 4681 4678
4682 4683 4680
4684 4685 4682
4686 4687 4684
4688 4689 4686
4690 4691 4688
4692 4693 4690
4694 4695 4692
4696 4697 4694
4698 4699 4696
4700 4701 4698
4702 4703 4700
4704 4705 4702
4706 4707 4704
4708 4709 4706
4710 4711 4708
4712 4713 4710
4714 4715 4712
4716 4717 4714
4718 4719 4716
4720 4721 4718
4722 4723 4720
4724 4725 4722
4726 4727 4724
4728 4729 4726
4730 4731 4728
4732 4733 4730
4734 4735 4732
4736 4737 4734
4738 4739 4736
4740 4741 4738
4742 4743 4740
4744 4745 4742
4746 4747 4744
4748 4749 4746
4750 4751 4748
4752 4753 4750
4754 4755 4752
4756 4757 4754
4758 4759 4756
4760 4761 4758
4762 4763 4760
4764 4765 4762
4766 4767 4764
4768 4769 4766
4770 4771 4768
4772 4773 4770
4774 4775 4772
4776 4777 4774
4778 4779 4776
4780 4781 4778
4782 4783 4780
4784 4785 4782
4786 4787 4784
4788 4789 4786
4790 4791 4788
4792 4793 4790
4794 4795 4792
4796 4797 4794
4798 4799 4796
4800 4801 4798
4802 4803 4800
4804 4805 4802
4806 4807 4804
4808 4809 4806
4810 4811 4808
4812 4813 4810
4814 4815 4812
4816 4817 4814
4818 4819 4816
4820 4821 4818
4822 4823 4820
4824 4825 4822
4826 4827 4824
4828 4829 4826
4830 4831 4828
4832 4833 4830
4834 4835 4832
4836 4837 4834
4838 4839 4836
4840 4841 4838
4842 4843 4840
4844 4845 4842
4846 4847 4844
4848 4849 4846
4850 4851 4848
4852 4853 4850
4854 4855 4852
4856 4857 4854
4858 4859 4856
4860 4861 4858
4862 4863 4860
4864 4865 4862
4866 4867 4864
4868 4869 4866
4870 4871 4868
4872 4873 4870
4874 4875 4872
4876 4877 4874
4878 4879 4876
4880 4881 4878
4882 4883 4880
4884 4885 4882
4886 4887 4884
4888 4889 4886
4890 4891 4888
4892 4893 4890
4894 4895 4892
4896 4897 4894
4898 4899 4896
4900 4901 4898
4902 4903 4900
4904 4905 4902
4906 4907 4904
4908 4909 4906
4910 4911 4908
4912 4913 4910
4914 4915 4912
4916 4917 4914
4918 4919 4916
4920 4921 4918
4922 4923 4920
4924 4925 4922
4926 4927 4924
4928 4929 4926
4930 4931 4928
4932 4933 4930
4934 4935 4932
4936 4937 4934
4938 4939 4936
4940 4941 4938
4942 4943 4940
4944 4945 4942
4946 4947 4944
4948 4949 4946
4950 4951 4948
4952 4953 4950
4954 4955 4952
4956 4957 4954
4958 4959 4956
4960 4961 4958
4962 4963 4960
4964 4965 4962
4966 4967 4964
4968 4969 4966
4970 4971 4968
4972 4973 4970
4974 4975 4972
4976 4977 4974
4978 4979 4976
4980 4981 4978
4982 4983 4980
4984 4985 4982
4986 4987 4984
4988 4989 4986
4990 4991 4988
4992 4993 4990
4994 4995 4992
4996 4997 4994
4998 4999 4996
5000 5001 4998
5002 5003 5000
5004 5005 5002
5006 5007 5004
5008 5009 5006
5010 5011 5008
5012 5013 5010
5014 5015 5012
5016 5017 5014
5018 5019 5016
5020 5021 5018
5022 5023 5020
5024 5025 5022
5026 5027 5024
5028 5029 5026
5030 5031 5028
5032 5033 5030
5034 5035 5032
5036 5037 5034
5038 5039 5036
5040 5041 5038
5042 5043 5040
5044 5045 5042
5046 5047 5044
5048 5049 5046
5050 5051 5048
5052 5053 5050
5054 5055 5052
5056 5057 5054
5058 5059 5056
5060 5061 5058
5062 5063 5060
5064 5065 5062
5066 5067 5064
5068 5069 5066
5070 5071 5068
5072 5073 5070
5074 5075 5072
5076 5077 5074
5078 5079 5076
5080 5081 5078
5082 5083 5080
5084 5085 5082
5086 5087 5084
5088 5089 5086
5090 5091 5088
5092 5093 5090
5094 5095 5092
5096 5097 5094
5098 5099 5096
5100 5101 5098
5102 5103 5100
5104 5105 5102
5106 5107 5104
5108 5109 5106
5110 5111 5108
5112 5113 5110
5114 5115 5112
5116 5117 5114
5118 5119 5116
5120 5121 5118
5122 5123 5120
5124 5125 5122
5126 5127 5124
5128 5129 5126
5130 5131 5128
5132 5133 5130
5134 5135 5132
5136 5137 5134
5138 5139 5136
5140 5141 5138
5142 5143 5140
5144 5145 5142
5146 5147 5144
5148 5149 5146
5150 5151 5148
5152 5153 5150
5154 5155 5152
5156 5157 5154
5158 5159 5156
5160 5161 5158
5162 5163 5160
5164 5165 5162
5166 5167 5164
5168 5169 5166
5170 5171 5168
5172 5173 5170
5174 5175 5172
5176 5177 5174
5178 5179 5176
5180 5181 5178
5182 5183 5180
5184 5185 5182
5186 5187 5184
5188 5189 5186
5190 5191 5188
5192 5193 5190
5194 5195 5192
5196 5197 5194
5198 5199 5196
5200 5201 5198
5202 5203 5200
5204 5205 5202
5206 5207 5204
5208 5209 5206
5210 5211 5208
5212 5213 5210
5214 5215 5212
5216 5217 5214
5218 5219 5216
5220 5221 5218
5222 5223 5220
5224 5225 5222
5226 5227 5224
5228 5229 5226
5230 5231 5228
5232 5233 5230
5234 5235 5232
5236 5237 5234
5238 5239 5236
5240 5241 5238
5242 5243 5240
5244 5245 5242
5246 5247 5244
5248 5249 5246
5250 5251 5248
5252 5253 5250
5254 5255 5252
5256 5257 5254
5258 5259 5256
5260 5261 5258
5262 5263 5260
5264 5265 5262
5266 5267 5264
5268 5269 5266
5270 5271 5268
5272 5273 5270
5274 5275 5272
5276 5277 5274
5278 5279 5276
5280 5281 5278
5282 5283 5280
5284 5285 5282
5286 5287 5284
5288 5289 5286
5290 5291 5288
5292 5293 5290
5294 5295 5292
5296 5297 5294
5298 5299 5296
5300 5301 5298
5302 5303 5300
5304 5305 5302
5306 5307 5304
5308 5309 5306
5310 5311 5308
5312 5313 5310
5314 5315 5312
5316 5317 5314
5318 5319 5316
5320 5321 5318
5322 5323 5320
5324 5325 5322
5326 5327 5324
5328 5329 5326
5330 5331 5328
5332 5333 5330
5334 5335 5332
5336 5337 5334
5338 5339 5336
5340 5341 5338
5342 5343 5340
5344 5345 5342
5346 5347 5344
5348 5349 5346
5350 5351 5348
5352 5353 5350
5354 5355 5352
5356 5357 5354
5358 5359 5356
5360 5361 5358
5362 5363 5360
5364 5365 5362
5366 5367 5364
5368 5369 5366
5370 5371 5368
5372 5373 5370
5374 5375 5372
5376 5377 5374
5378 5379 5376
5380 5381 5378
5382 5383 5380
5384 5385 5382
5386 5387 5384
5388 5389 5386
5390 5391 5388
5392 5393 5390
5394 5395 5392
5396 5397 5394
5398 5399 5396
5400 5401 5398
5402 5403 5400
5404 5405 5402
5406 5407 5404
5408 5409 5406
5410 5411 5408
5412 5413 5410
5414 5415 5412
5416 5417 5414
5418 5419 5416
5420 5421 5418
5422 5423 5420
5424 5425 5422
5426 5427 5424
5428 5429 5426
5430 5431 5428
5432 5433 5430
5434 5435 5432
5436 5437 5434
5438 5439 5436
5440 5441 5438
5442 5443 5440
5444 5445 5442
5446 5447 5444
5448 5449 5446
5450 5451 5448
5452 5453 5450
5454 5455 5452
5456 5457 5454
5458 5459 5456
5460 5461 5458
5462 5463 5460
5464 5465 5462
5466 5467 5464
5468 5469 5466
5470 5471 5468
5472 5473 5470
5474 5475 5472
5476 5477 5474
5478 5479 5476
5480 5481 5478
5482 5483 5480
5484 5485 5482
5486 5487 5484
5488 5489 5486
5490 5491 5488
5492 5493 5490
5494 5495 5492
5496 5497 5494
5498 5499 5496
5500 5501 5498
5502 5503 5500
5504 5505 5502
5506 5507 5504
5508 5509 5506
5510 5511 5508
5512 5513 5510
5514 5515 5512
5516 5517 5514
5518 5519 5516
5520 5521 5518
5522 5523 5520
5524 5525 5522
5526 5527 5524
5528 5529 5526
5530 5531 5528
5532 5533 5530
5534 5535 5532
5536 5537 5534
5538 5539 5536
5540 5541 5538
5542 5543 5540
5544 5545 5542
5546 5547 5544
5548 5549 5546
5550 5551 5548
5552 5553 5550
5554 5555 5552
5556 5557 5554
5558 5559 5556
5560 5561 5558
5562 5563 5560
5564 5565 5562
5566 5567 5564
5568 5569 5566
5570 5571 5568
5572 5573 5570
5574 5575 5572
5576 5577 5574
5578 5579 5576
5580 5581 5578
5582 5583 5580
5584 5585 5582
5586 5587 5584
5588 5589 5586
5590 5591 5588
5592 5593 5590
5594 5595 5592
5596 5597 5594
5598 5599 5596
5600 5601 5598
5602 5603 5600
5604 5605 5602
5606 5607 5604
5608 5609 5606
5610 5611 5608
5612 5613 5610
5614 5615 5612
5616 5617 5614
5618 5619 5616
5620 5621 5618
5622 5623 5620
5624 5625 5622
5626 5627 5624
5628 5629 5626
5630 5631 5628
5632 5633 5630
5634 5635 5632
5636 5637 5634
5638 5639 5636
5640 5641 5638
5642 5643 5640
5644 5645 5642
5646 5647 5644
5648 5649 5646
5650 5651 5648
5652 5653 5650
5654 5655 5652
5656 5657 5654
5658 5659 5656
5660 5661 5658
5662 5663 5660
5664 5665 5662
5666 5667 5664
5668 5669 5666
5670 5671 5668
5672 5673 5670
5674 5675 5672
5676 5677 5674
5678 5679 5676
5680 5681 5678
5682 5683 5680
5684 5685 5682
5686 5687 5684
5688 5689 5686
5690 5691 5688
5692 5693 5690
5694 5695 5692
5696 5697 5694
5698 5699 5696
5700 5701 5698
5702 5703 5700
5704 5705 5702
5706 5707 5704
5708 5709 5706
5710 5711 5708
5712 5713 5710
5714 5715 5712
5716 5717 5714
5718 5719 5716
5720 5721 5718
5722 5723 5720
5724 5725 5722
5726 5727 5724
5728 5729 5726
5730 5731 5728
5732 5733 5730
5734 5735 5732
5736 5737 5734
5738 5739 5736
5740 5741 5738
5742 5743 5740
5744 5745 5742
5746 5747 5744
5748 5749 5746
5750 5751 5748
5752 5753 5750
5754 5755 5752
5756 5757 5754
5758 5759 5756
5760 5761 5758
5762 5763 5760
5764 5765 5762
5766 5767 5764
5768 5769 5766
5770 5771 5768
5772 5773 5770
5774 5775 5772
5776 5777 5774
5778 5779 5776
5780 5781 5778
5782 5783 5780
5784 5785 5782
5786 5787 5784
5788 5789 5786
5790 5791 5788
5792 5793 5790
5794 5795 5792
5796 5797 5794
5798 5799 5796
5800 5801 5798
5802 5803 5800
5804 5805 5802
5806 5807 5804
5808 5809 5806
5810 5811 5808
5812 5813 5810
5814 5815 5812
5816 5817 5814
5818 5819 5816
5820 5821 5818
5822 5823 5820
5824 5825 5822
5826 5827 5824
5828 5829 5826
5830 5831 5828
5832 5833 5830
5834 5835 5832
5836 5837 5834
5838 5839 5836
5840 5841 5838
5842 5843 5840
5844 5845 5842
5846 5847 5844
5848 5849 5846
5850 5851 5848
5852 5853 5850
5854 5855 5852
5856 5857 5854
5858 5859 5856
5860 5861 5858
5862 5863 5860
5864 5865 5862
5866 5867 5864
5868 5869 5866
5870 5871 5868
5872 5873 5870
5874 5875 5872
5876 5877 5874
5878 5879 5876
5880 5881 5878
5882 5883 5880
5884 5885 5882
5886 5887 5884
5888 5889 5886
5890 5891 5888
5892 5893 5890
5894 5895 5892
5896 5897 5894
5898 5899 5896
5900 5901 5898
5902 5903 5900
5904 5905 5902
5906 5907 5904
5908 5909 5906
5910 5911 5908
5912 5913 5910
5914 5915 5912
5916 5917 5914
5918 5919 5916
5920 5921 5918
5922 5923 5920
5924 5925 5922
5926 5927 5924
5928 5929 5926
5930 5931 5928
5932 5933 5930
5934 5935 5932
5936 5937 5934
5938 5939 5936
5940 5941 5938
5942 5943 5940
5944 5945 5942
5946 5947 5944
5948 5949 5946
5950 5951 5948
5952 5953 5950
5954 5955 5952
5956 5957 5954
5958 5959 5956
5960 5961 5958
5962 5963 5960
5964 5965 5962
5966 5967 5964
5968 5969 5966
5970 5971 5968
5972 5973 5970
5974 5975 5972
5976 5977 5974
5978 5979 5976
5980 5981 5978
5982 5983 5980
5984 5985 5982
5986 5987 5984
5988 5989 5986
5990 5991 5988
5992 5993 5990
5994 5995 5992
5996 5997 5994
5998 5999 5996
6000 6001 5998
6002 6003 6000
6004 6005 6002
6006 6007 6004
6008 6009 6006
6010 6011 6008
6012 6013 6010
6014 6015 6012
6016 6017 6014
6018 6019 6016
6020 6021 6018
6022 6023 6020
6024 6025 6022
6026 6027 6024
6028 6029 6026
6030 6031 6028
6032 6033 6030
6034 6035 6032
6036 6037 6034
6038 6039 6036
6040 6041 6038
6042 6043 6040
6044 6045 6042
6046 6047 6044
6048 6049 6046
6050 6051 6048
6052 6053 6050
6054 6055 6052
6056 6057 6054
6058 6059 6056
6060 6061 6058
6062 6063 6060
6064 6065 6062
6066 6067 6064
6068 6069 6066
6070 6071 6068
6072 6073 6070
6074 6075 6072
6076 6077 6074
6078 6079 6076
6080 6081 6078
6082 6083 6080
6084 6085 6082
6086 6087 6084
6088 6089 6086
6090 6091 6088
6092 6093 6090
6094 6095 6092
6096 6097 6094
6098 6099 6096
6100 6101 6098
6102 6103 6100
6104 6105 6102
6106 6107 6104
6108 6109 6106
6110 6111 6108
6112 6113 6110
6114 6115 6112
6116 6117 6114
6118 6119 6116
6120 6121 6118
6122 6123 6120
6124 6125 6122
6126 6127 6124
6128 6129 6126
6130 6131 6128
6132 6133 6130
6134 6135 6132
6136 6137 6134
6138 6139 6136
6140 6141 6138
6142 6143 6140
6144 6145 6142
6146 6147 6144
6148 6149 6146
6150 6151 6148
6152 6153 6150
6154 6155 6152
6156 6157 6154
6158 6159 6156
6160 6161 6158
6162 6163 6160
6164 6165 6162
6166 6167 6164
6168 6169 6166
6170 6171 6168
6172 6173 6170
6174 6175 6172
6176 6177 6174
6178 6179 6176
6180 6181 6178
6182 6183 6180
6184 6185 6182
6186 6187 6184
6188 6189 6186
6190 6191 6188
6192 6193 6190
6194 6195 6192
6196 6197 6194
6198 6199 6196
6200 6201 6198
6202 6203 6200
6204 6205 6202
6206 6207 6204
6208 6209 6206
6210 6211 6208
6212 6213 6210
6214 6215 6212
6216 6217 6214
6218 6219 6216
6220 6221 6218
6222 6223 6220
6224 6225 6222
6226 6227 6224
6228 6229 6226
6230 6231 6228
6232 6233 6230
6234 6235 6232
6236 6237 6234
6238 6239 6236
6240 6241 6238
6242 6243 6240
6244 6245 6242
6246 6247 6244
6248 6249 6246
6250 6251 6248
6252 6253 6250
6254 6255 6252
6256 6257 6254
6258 6259 6256
6260 6261 6258
6262 6263 6260
6264 6265 6262
6266 6267 6264
6268 6269 6266
6270 6271 6268
6272 6273 6270
6274 6275 6272
6276 6277 6274
6278 6279 6276
6280 6281 6278
6282 6283 6280
6284 6285 6282
6286 6287 6284
6288 6289 6286
6290 6291 6288
6292 6293 6290
6294 6295 6292
6296 6297 6294
6298 6299 6296
6300 6301 6298
6302 6303 6300
6304 6305 6302
6306 6307 6304
6308 6309 6306
6310 6311 6308
6312 6313 6310
6314 6315 6312
6316 6317 6314
6318 6319 6316
6320 6321 6318
6322 6323 6320
6324 6325 6322
6326 6327 6324
6328 6329 6326
6330 6331 6328
6332 6333 6330
6334 6335 6332
6336 6337 6334
6338 6339 6336
6340 6341 6338
6342 6343 6340
6344 6345 6342
6346 6347 6344
6348 6349 6346
6350 6351 6348
6352 6353 6350
6354 6355 6352
6356 6357 6354
6358 6359 6356
6360 6361 6358
6362 6363 6360
6364 6365 6362
6366 6367 6364
6368 6369 6366
6370 6371 6368
6372 6373 6370
6374 6375 6372
6376 6377 6374
6378 6379 6376
6380 6381 6378
6382 6383 6380
6384 6385 6382
6386 6387 6384
6388 6389 6386
6390 6391 6388
6392 6393 6390
6394 6395 6392
6396 6397 6394
6398 6399 6396
6400 6401 6398
6402 6403 6400
6404 6405 6402
6406 6407 6404
6408 6409 6406
6410 6411 6408
6412 6413 6410
6414 6415 6412
6416 6417 6414
6418 6419 6416
6420 6421 6418
6422 6423 6420
6424 6425 6422
6426 6427 6424
6428 6429 6426
6430 6431 6428
6432 6433 6430
6434 6435 6432
6436 6437 6434
6438 6439 6436
6440 6441 6438
6442 6443 6440
6444 6445 6442
6446 6447 6444
6448 6449 6446
6450 6451 6448
6452 6453 6450
6454 6455 6452
6456 6457 6454
6458 6459 6456
6460 6461 6458
6462 6463 6460
6464 6465 6462
6466 6467 6464
6468 6469 6466
6470 6471 6468
6472 6473 6470
6474 6475 6472
6476 6477 6474
6478 6479 6476
6480 6481 6478
6482 6483 6480
6484 6485 6482
6486 6487 6484
6488 6489 6486
6490 6491 6488
6492 6493 6490
6494 6495 6492
6496 6497 6494
6498 6499 6496
6500 6501 6498
6502 6503 6500
6504 6505 6502
6506 6507 6504
6508 6509 6506
6510 6511 6508
6512 6513 6510
6514 6515 6512
6516 6517 6514
6518 6519 6516
6520 6521 6518
6522 6523 6520
6524 6525 6522
6526 6527 6524
6528 6529 6526
6530 6531 6528
6532 6533 6530
6534 6535 6532
6536 6537 6534
6538 6539 6536
6540 6541 6538
6542 6543 6540
6544 6545 6542
6546 6547 6544
6548 6549 6546
6550 6551 6548
6552 6553 6550
6554 6555 6552
6556 6557 6554
6558 6559 6556
6560 6561 6558
6562 6563 6560
6564 6565 6562
6566 6567 6564
6568 6569 6566
6570 6571 6568
6572 6573 6570
6574 6575 6572
6576 6577 6574
6578 6579 6576
6580 6581 6578
6582 6583 6580
6584 6585 6582
6586 6587 6584
6588 6589 6586
6590 6591 6588
6592 6593 6590
6594 6595 6592
6596 6597 6594
6598 6599 6596
6600 6601 6598
6602 6603 6600
6604 6605 6602
6606 6607 6604
6608 6609 6606
6610 6611 6608
6612 6613 6610
6614 6615 6612
6616 6617 6614
6618 6619 6616
6620 6621 6618
6622 6623 6620
6624 6625 6622
6626 6627 6624
6628 6629 6626
6630 6631 6628
6632 6633 6630
6634 6635 6632
6636 6637 6634
6638 6639 6636
6640 6641 6638
6642 6643 6640
6644 6645 6642
6646 6647 6644
6648 6649 6646
6650 6651 6648
6652 6653 6650
6654 6655 6652
6656 6657 6654
6658 6659 6656
6660 6661 6658
6662 6663 6660
6664 6665 6662
6666 6667 6664
6668 6669 6666
6670 6671 6668
6672 6673 6670
6674 6675 6672
6676 6677 6674
6678 6679 6676
6680 6681 6678
6682 6683 6680
6684 6685 6682
6686 6687 6684
6688 6689 6686
6690 6691 6688
6692 6693 6690
6694 6695 6692
6696 6697 6694
6698 6699 6696
6700 6701 6698
6702 6703 6700
6704 6705 6702
6706 6707 6704
6708 6709 6706
6710 6711 6708
6712 6713 6710
6714 6715 6712
6716 6717 6714
6718 6719 6716
6720 6721 6718
6722 6723 6720
6724 6725 6722
6726 6727 6724
6728 6729 6726
6730 6731 6728
6732 6733 6730
6734 6735 6732
6736 6737 6734
6738 6739 6736
6740 6741 6738
6742 6743 6740
6744 6745 6742
6746 6747 6744
6748 6749 6746
6750 6751 6748
6752 6753 6750
6754 6755 6752
6756 6757 6754
6758 6759 6756
6760 6761 6758
6762 6763 6760
6764 6765 6762
6766 6767 6764
6768 6769 6766
6770 6771 6768
6772 6773 6770
6774 6775 6772
6776 6777 6774
6778 6779 6776
6780 6781 6778
6782 6783 6780
6784 6785 6782
6786 6787 6784
6788 6789 6786
6790 6791 6788
6792 6793 6790
6794 6795 6792
6796 6797 6794
6798 6799 6796
6800 6801 6798
6802 6803 6800
6804 6805 6802
6806 6807 6804
6808 6809 6806
6810 6811 6808
6812 6813 6810
6814 6815 6812
6816 6817 6814
6818 6819 6816
6820 6821 6818
6822 6823 6820
6824 6825 6822
6826 6827 6824
6828 6829 6826
6830 6831 6828
6832 6833 6830
6834 6835 6832
6836 6837 6834
6838 6839 6836
6840 6841 6838
6842 6843 6840
6844 6845 6842
6846 6847 6844
6848 6849 6846
6850 6851 6848
6852 6853 6850
6854 6855 6852
6856 6857 6854
6858 6859 6856
6860 6861 6858
6862 6863 6860
6864 6865 6862
6866 6867 6864
6868 6869 6866
6870 6871 6868
6872 6873 6870
6874 6875 6872
6876 6877 6874
6878 6879 6876
6880 6881 6878
6882 6883 6880
6884 6885 6882
6886 6887 6884
6888 6889 6886
6890 6891 6888
6892 6893 6890
6894 6895 6892
6896 6897 6894
6898 6899 6896
6900 6901 6898
6902 6903 6900
6904 6905 6902
6906 6907 6904
6908 6909 6906
6910 6911 6908
6912 6913 6910
6914 6915 6912
6916 6917 6914
6918 6919 6916
6920 6921 6918
6922 6923 6920
6924 6925 6922
6926 6927 6924
6928 6929 6926
6930 6931 6928
6932 6933 6930
6934 6935 6932
6936 6937 6934
6938 6939 6936
6940 6941 6938
6942 6943 6940
6944 6945 6942
6946 6947 6944
6948 6949 6946
6950 6951 6948
6952 6953 6950
6954 6955 6952
6956 6957 6954
6958 6959 6956
6960 6961 6958
6962 6963 6960
6964 6965 6962
6966 6967 6964
6968 6969 6966
6970 6971 6968
6972 6973 6970
6974 6975 6972
6976 6977 6974
6978 6979 6976
6980 6981 6978
6982 6983 6980
6984 6985 6982
6986 6987 6984
6988 6989 6986
6990 6991 6988
6992 6993 6990
6994 6995 6992
6996 6997 6994
6998 6999 6996
7000 7001 6998
7002 7003 7000
7004 7005 7002
7006 7007 7004
7008 7009 7006
7010 7011 7008
7012 7013 7010
7014 7015 7012
7016 7017 7014
7018 7019 7016
7020 7021 7018
7022 7023 7020
7024 7025 7022
7026 7027 7024
7028 7029 7026
7030 7031 7028
7032 7033 7030
7034 7035 7032
7036 7037 7034
7038 7039 7036
7040 7041 7038
7042 7043 7040
7044 7045 7042
7046 7047 7044
7048 7049 7046
7050 7051 7048
7052 7053 7050
7054 7055 7052
7056 7057 7054
7058 7059 7056
7060 7061 7058
7062 7063 7060
7064 7065 7062
7066 7067 7064
7068 7069 7066
7070 7071 7068
7072 7073 7070
7074 7075 7072
7076 7077 7074
7078 7079 7076
7080 7081 7078
7082 7083 7080
7084 7085 7082
7086 7087 7084
7088 7089 7086
7090 7091 7088
7092 7093 7090
7094 7095 7092
7096 7097 7094
7098 7099 7096
7100 7101 7098
7102 7103 7100
7104 7105 7102
7106 7107 7104
7108 7109 7106
7110 7111 7108
7112 7113 7110
7114 7115 7112
7116 7117 7114
7118 7119 7116
7120 7121 7118
7122 7123 7120
7124 7125 7122
7126 7127 7124
7128 7129 7126
7130 7131 7128
7132 7133 7130
7134 7135 7132
7136 7137 7134
7138 7139 7136
7140 7141 7138
7142 7143 7140
7144 7145 7142
7146 7147 7144
7148 7149 7146
7150 7151 7148
7152 7153 7150
7154 7155 7152
7156 7157 7154
7158 7159 7156
7160 7161 7158
7162 7163 7160
7164 7165 7162
7166 7167 7164
7168 7169 7166
7170 7171 7168
7172 7173 7170
7174 7175 7172
7176 7177 7174
7178 7179 7176
7180 7181 7178
7182 7183 7180
7184 7185 7182
7186 7187 7184
7188 7189 7186
7190 7191 7188
7192 7193 7190
7194 7195 7192
7196 7197 7194
7198 7199 7196
7200 7201 7198
7202 7203 7200
7204 7205 7202
7206 7207 7204
7208 7209 7206
7210 7211 7208
7212 7213 7210
7214 7215 7212
7216 7217 7214
7218 7219 7216
7220 7221 7218
7222 7223 7220
7224 7225 7222
7226 7227 7224
7228 7229 7226
7230 7231 7228
7232 7233 7230
7234 7235 7232
7236 7237 7234
7238 7239 7236
7240 7241 7238
7242 7243 7240
7244 7245 7242
7246 7247 7244
7248 7249 7246
7250 7251 7248
7252 7253 7250
7254 7255 7252
7256 7257 7254
7258 7259 7256
7260 7261 7258
7262 7263 7260
7264 7265 7262
7266 7267 7264
7268 7269 7266
7270 7271 7268
7272 7273 7270
7274 7275 7272
7276 7277 7274
7278 7279 7276
7280 7281 7278
7282 7283 7280
7284 7285 7282
7286 7287 7284
7288 7289 7286
7290 7291 7288
7292 7293 7290
7294 7295 7292
7296 7297 7294
7298 7299 7296
7300 7301 7298
7302 7303 7300
7304 7305 7302
7306 7307 7304
7308 7309 7306
7310 7311 7308
7312 7313 7310
7314 7315 7312
7316 7317 7314
7318 7319 7316
7320 7321 7318
7322 7323 7320
7324 7325 7322
7326 7327 7324
7328 7329 7326
7330 7331 7328
7332 7333 7330
7334 7335 7332
7336 7337 7334
7338 7339 7336
7340 7341 7338
7342 7343 7340
7344 7345 7342
7346 7347 7344
7348 7349 7346
7350 7351 7348
7352 7353 7350
7354 7355 7352
7356 7357 7354
7358 7359 7356
7360 7361 7358
7362 7363 7360
7364 7365 7362
7366 7367 7364
7368 7369 7366
7370 7371 7368
7372 7373 7370
7374 7375 7372
7376 7377 7374
7378 7379 7376
7380 7381 7378
7382 7383 7380
7384 7385 7382
7386 7387 7384
7388 7389 7386
7390 7391 7388
7392 7393 7390
7394 7395 7392
7396 7397 7394
7398 7399 7396
7400 7401 7398
7402 7403 7400
7404 7405 7402
7406 7407 7404
7408 7409 7406
7410 7411 7408
7412 7413 7410
7414 7415 7412
7416 7417 7414
7418 7419 7416
7420 7421 7418
7422 7423 7420
7424 7425 7422
7426 7427 7424
7428 7429 7426
7430 7431 7428
7432 7433 7430
7434 7435 7432
7436 7437 7434
7438 7439 7436
7440 7441 7438
7442 7443 7440
7444 7445 7442
7446 7447 7444
7448 7449 7446
7450 7451 7448
7452 7453 7450
7454 7455 7452
7456 7457 7454
7458 7459 7456
7460 7461 7458
7462 7463 7460
7464 7465 7462
7466 7467 7464
7468 7469 7466
7470 7471 7468
7472 7473 7470
7474 7475 7472
7476 7477 7474
7478 7479 7476
7480 7481 7478
7482 7483 7480
7484 7485 7482
7486 7487 7484
7488 7489 7486
7490 7491 7488
7492 7493 7490
7494 7495 7492
7496 7497 7494
7498 7499 7496
7500 7501 7498
7502 7503 7500
7504 7505 7502
7506 7507 7504
7508 7509 7506
7510 7511 7508
7512 7513 7510
7514 7515 7512
7516 7517 7514
7518 7519 7516
7520 7521 7518
7522 7523 7520
7524 7525 7522
7526 7527 7524
7528 7529 7526
7530 7531 7528
7532 7533 7530
7534 7535 7532
7536 7537 7534
7538 7539 7536
7540 7541 7538
7542 7543 7540
7544 7545 7542
7546 7547 7544
7548 7549 7546
7550 7551 7548
7552 7553 7550
7554 7555 7552
7556 7557 7554
7558 7559 7556
7560 7561 7558
7562 7563 7560
7564 7565 7562
7566 7567 7564
7568 7569 7566
7570 7571 7568
7572 7573 7570
7574 7575 7572
7576 7577 7574
7578 7579 7576
7580 7581 7578
7582 7583 7580
7584 7585 7582
7586 7587 7584
7588 7589 7586
7590 7591 7588
7592 7593 7590
7594 7595 7592
7596 7597 7594
7598 7599 7596
7600 7601 7598
7602 7603 7600
7604 7605 7602
7606 7607 7604
7608 7609 7606
7610 7611 7608
7612 7613 7610
7614 7615 7612
7616 7617 7614
7618 7619 7616
7620 7621 7618
7622 7623 7620
7624 7625 7622
7626 7627 7624
7628 7629 7626
7630 7631 7628
7632 7633 7630
7634 7635 7632
7636 7637 7634
7638 7639 7636
7640 7641 7638
7642 7643 7640
7644 7645 7642
7646 7647 7644
7648 7649 7646
7650 7651 7648
7652 7653 7650
7654 7655 7652
7656 7657 7654
7658 7659 7656
7660 7661 7658
7662 7663 7660
7664 7665 7662
7666 7667 7664
7668 7669 7666
7670 7671 7668
7672 7673 7670
7674 7675 7672
7676 7677 7674
7678 7679 7676
7680 7681 7678
7682 7683 7680
7684 7685 7682
7686 7687 7684
7688 7689 7686
7690 7691 7688
7692 7693 7690
7694 7695 7692
7696 7697 7694
7698 7699 7696
7700 7701 7698
7702 7703 7700
7704 7705 7702
7706 7707 7704
7708 7709 7706
7710 7711 7708
7712 7713 7710
7714 7715 7712
7716 7717 7714
7718 7719 7716
7720 7721 7718
7722 7723 7720
7724 7725 7722
7726 7727 7724
7728 7729 7726
7730 7731 7728
7732 7733 7730
7734 7735 7732
7736 7737 7734
7738 7739 7736
7740 7741 7738
7742 7743 7740
7744 7745 7742
7746 7747 7744
7748 7749 7746
7750 7751 7748
7752 7753 7750
7754 7755 7752
7756 7757 7754
7758 7759 7756
7760 7761 7758
7762 7763 7760
7764 7765 7762
7766 7767 7764
7768 7769 7766
7770 7771 7768
7772 7773 7770
7774 7775 7772
7776 7777 7774
7778 7779 7776
7780 7781 7778
7782 7783 7780
7784 7785 7782
7786 7787 7784
7788 7789 7786
7790 7791 7788
7792 7793 7790
7794 7795 7792
7796 7797 7794
7798 7799 7796
7800 7801 7798
7802 7803 7800
7804 7805 7802
7806 7807 7804
7808 7809 7806
7810 7811 7808
7812 7813 7810
7814 7815 7812
7816 7817 7814
7818 7819 7816
7820 7821 7818
7822 7823 7820
7824 7825 7822
7826 7827 7824
7828 7829 7826
7830 7831 7828
7832 7833 7830
7834 7835 7832
7836 7837 7834
7838 7839 7836
7840 7841 7838
7842 7843 7840
7844 7845 7842
7846 7847 7844
7848 7849 7846
7850 7851 7848
7852 7853 7850
7854 7855 7852
7856 7857 7854
7858 7859 7856
7860 7861 7858
7862 7863 7860
7864 7865 7862
7866 7867 7864
7868 7869 7866
7870 7871 7868
7872 7873 7870
7874 7875 7872
7876 7877 7874
7878 7879 7876
7880 7881 7878
7882 7883 7880
7884 7885 7882
7886 7887 7884
7888 7889 7886
7890 7891 7888
7892 7893 7890
7894 7895 7892
7896 7897 7894
7898 7899 7896
7900 7901 7898
7902 7903 7900
7904 7905 7902
7906 7907 7904
7908 7909 7906
7910 7911 7908
7912 7913 7910
7914 7915 7912
7916 7917 7914
7918 7919 7916
7920 7921 7918
7922 7923 7920
7924 7925 7922
7926 7927 7924
7928 7929 7926
7930 7931 7928
7932 7933 7930
7934 7935 7932
7936 7937 7934
7938 7939 7936
7940 7941 7938
7942 7943 7940
7944 7945 7942
7946 7947 7944
7948 7949 7946
7950 7951 7948
7952 7953 7950
7954 7955 7952
7956 7957 7954
7958 7959 7956
7960 7961 7958
7962 7963 7960
7964 7965 7962
7966 7967 7964
7968 7969 7966
7970 7971 7968
7972 7973 7970
7974 7975 7972
7976 7977 7974
7978 7979 7976
7980 7981 7978
7982 7983 7980
7984 7985 7982
7986 7987 7984
7988 7989 7986
7990 7991 7988
7992 7993 7990
7994 7995 7992
7996 7997 7994
7998 7999 7996
8000 8001 7998
8002 8003 8000
8004 8005 8002
8006 8007 8004
8008 8009 8006
8010 8011 8008
8012 8013 8010
8014 8015 8012
8016 8017 8014
8018 8019 8016
8020 8021 8018
8022 8023 8020
8024 8025 8022
8026 8027 8024
8028 8029 8026
8030 8031 8028
8032 8033 8030
8034 8035 8032
8036 8037 8034
8038 8039 8036
8040 8041 8038
8042 8043 8040
8044 8045 8042
8046 8047 8044
8048 8049 8046
8050 8051 8048
8052 8053 8050
8054 8055 8052
8056 8057 8054
8058 8059 8056
8060 8061 8058
8062 8063 8060
8064 8065 8062
8066 8067 8064
8068 8069 8066
8070 8071 8068
8072 8073 8070
8074 8075 8072
8076 8077 8074
8078 8079 8076
8080 8081 8078
8082 8083 8080
8084 8085 8082
8086 8087 8084
8088 8089 8086
8090 8091 8088
8092 8093 8090
8094 8095 8092
8096 8097 8094
8098 8099 8096
8100 8101 8098
8102 8103 8100
8104 8105 8102
8106 8107 8104
8108 8109 8106
8110 8111 8108
8112 8113 8110
8114 8115 8112
8116 8117 8114
8118 8119 8116
8120 8121 8118
8122 8123 8120
8124 8125 8122
8126 8127 8124
8128 8129 8126
8130 8131 8128
8132 8133 8130
8134 8135 8132
8136 8137 8134
8138 8139 8136
8140 8141 8138
8142 8143 8140
8144 8145 8142
8146 8147 8144
8148 8149 8146
8150 8151 8148
8152 8153 8150
8154 8155 8152
8156 8157 8154
8158 8159 8156
8160 8161 8158
8162 8163 8160
8164 8165 8162
8166 8167 8164
8168 8169 8166
8170 8171 8168
8172 8173 8170
8174 8175 8172
8176 8177 8174
8178 8179 8176
8180 8181 8178
8182 8183 8180
8184 8185 8182
8186 8187 8184
8188 8189 8186
8190 8191 8188
8192 8193 8190
8194 8195 8192
8196 8197 8194
8198 8199 8196
8200 8201 8198
8202 8203 8200
8204 8205 8202
8206 8207 8204
8208 8209 8206
8210 8211 8208
8212 8213 8210
8214 8215 8212
8216 8217 8214
8218 8219 8216
8220 8221 8218
8222 8223 8220
8224 8225 8222
8226 8227 8224
8228 8229 8226
8230 8231 8228
8232 8233 8230
8234 8235 8232
8236 8237 8234
8238 8239 8236
8240 8241 8238
8242 8243 8240
8244 8245 8242
8246 8247 8244
8248 8249 8246
8250 8251 8248
8252 8253 8250
8254 8255 8252
8256 8257 8254
8258 8259 8256
8260 8261 8258
8262 8263 8260
8264 8265 8262
8266 8267 8264
8268 8269 8266
8270 8271 8268
8272 8273 8270
8274 8275 8272
8276 8277 8274
8278 8279 8276
8280 8281 8278
8282 8283 8280
8284 8285 8282
8286 8287 8284
8288 8289 8286
8290 8291 8288
8292 8293 8290
8294 8295 8292
8296 8297 8294
8298 8299 8296
8300 8301 8298
8302 8303 8300
8304 8305 8302
8306 8307 8304
8308 8309 8306
8310 8311 8308
8312 8313 8310
8314 8315 8312
8316 8317 8314
8318 8319 8316
8320 8321 8318
8322 8323 8320
8324 8325 8322
8326 8327 8324
8328 8329 8326
8330 8331 8328
8332 8333 8330
8334 8335 8332
8336 8337 8334
8338 8339 8336
8340 8341 8338
8342 8343 8340
8344 8345 8342
8346 8347 8344
8348 8349 8346
8350 8351 8348
8352 8353 8350
8354 8355 8352
8356 8357 8354
8358 8359 8356
8360 8361 8358
8362 8363 8360
8364 8365 8362
8366 8367 8364
8368 8369 8366
8370 8371 8368
8372 8373 8370
8374 8375 8372
8376 8377 8374
8378 8379 8376
8380 8381 8378
8382 8383 8380
8384 8385 8382
8386 8387 8384
8388 8389 8386
8390 8391 8388
8392 8393 8390
8394 8395 8392
8396 8397 8394
8398 8399 8396
8400 8401 8398
8402 8403 8400
8404 8405 8402
8406 8407 8404
8408 8409 8406
8410 8411 8408
8412 8413 8410
8414 8415 8412
8416 8417 8414
8418 8419 8416
8420 8421 8418
8422 8423 8420
8424 8425 8422
8426 8427 8424
8428 8429 8426
8430 8431 8428
8432 8433 8430
8434 8435 8432
8436 8437 8434
8438 8439 8436
8440 8441 8438
8442 8443 8440
8444 8445 8442
8446 8447 8444
8448 8449 8446
8450 8451 8448
8452 8453 8450
8454 8455 8452
8456 8457 8454
8458 8459 8456
8460 8461 8458
8462 8463 8460
8464 8465 8462
8466 8467 8464
8468 8469 8466
8470 8471 8468
8472 8473 8470
8474 8475 8472
8476 8477 8474
8478 8479 8476
8480 8481 8478
8482 8483 8480
8484 8485 8482
8486 8487 8484
8488 8489 8486
8490 8491 8488
8492 8493 8490
8494 8495 8492
8496 8497 8494
8498 8499 8496
8500 8501 8498
8502 8503 8500
8504 8505 8502
8506 8507 8504
8508 8509 8506
8510 8511 8508
8512 8513 8510
8514 8515 8512
8516 8517 8514
8518 8519 8516
8520 8521 8518
8522 8523 8520
8524 8525 8522
8526 8527 8524
8528 8529 8526
8530 8531 8528
8532 8533 8530
8534 8535 8532
8536 8537 8534
8538 8539 8536
8540 8541 8538
8542 8543 8540
8544 8545 8542
8546 8547 8544
8548 8549 8546
8550 8551 8548
8552 8553 8550
8554 8555 8552
8556 8557 8554
8558 8559 8556
8560 8561 8558
8562 8563 8560
8564 8565 8562
8566 8567 8564
8568 8569 8566
8570 8571 8568
8572 8573 8570
8574 8575 8572
8576 8577 8574
8578 8579 8576
8580 8581 8578
8582 8583 8580
8584 8585 8582
8586 8587 8584
8588 8589 8586
8590 8591 8588
8592 8593 8590
8594 8595 8592
8596 8597 8594
8598 8599 8596
8600 8601 8598
8602 8603 8600
8604 8605 8602
8606 8607 8604
8608 8609 8606
8610 8611 8608
8612 8613 8610
8614 8615 8612
8616 8617 8614
8618 8619 8616
8620 8621 8618
8622 8623 8620
8624 8625 8622
8626 8627 8624
8628 8629 8626
8630 8631 8628
8632 8633 8630
8634 8635 8632
8636 8637 8634
8638 8639 8636
8640 8641 8638
8642 8643 8640
8644 8645 8642
8646 8647 8644
8648 8649 8646
8650 8651 8648
8652 8653 8650
8654 8655 8652
8656 8657 8654
8658 8659 8656
8660 8661 8658
8662 8663 8660
8664 8665 8662
8666 8667 8664
8668 8669 8666
8670 8671 8668
8672 8673 8670
8674 8675 8672
8676 8677 8674
8678 8679 8676
8680 8681 8678
8682 8683 8680
8684 8685 8682
8686 8687 8684
8688 8689 8686
8690 8691 8688
8692 8693 8690
8694 8695 8692
8696 8697 8694
8698 8699 8696
8700 8701 8698
8702 8703 8700
8704 8705 8702
8706 8707 8704
8708 8709 8706
8710 8711 8708
8712 8713 8710
8714 8715 8712
8716 8717 8714
8718 8719 8716
8720 8721 8718
8722 8723 8720
8724 8725 8722
8726 8727 8724
8728 8729 8726
8730 8731 8728
8732 8733 8730
8734 8735 8732
8736 8737 8734
8738 8739 8736
8740 8741 8738
8742 8743 8740
8744 8745 8742
8746 8747 8744
8748 8749 8746
8750 8751 8748
8752 8753 8750
8754 8755 8752
8756 8757 8754
8758 8759 8756
8760 8761 8758
8762 8763 8760
8764 8765 8762
8766 8767 8764
8768 8769 8766
8770 8771 8768
8772 8773 8770
8774 8775 8772
8776 8777 8774
8778 8779 8776
8780 8781 8778
8782 8783 8780
8784 8785 8782
8786 8787 8784
8788 8789 8786
8790 8791 8788
8792 8793 8790
8794 8795 8792
8796 8797 8794
8798 8799 8796
8800 8801 8798
8802 8803 8800
8804 8805 8802
8806 8807 8804
8808 8809 8806
8810 8811 8808
8812 8813 8810
8814 8815 8812
8816 8817 8814
8818 8819 8816
8820 8821 8818
8822 8823 8820
8824 8825 8822
8826 8827 8824
8828 8829 8826
8830 8831 8828
8832 8833 8830
8834 8835 8832
8836 8837 8834
8838 8839 8836
8840 8841 8838
8842 8843 8840
8844 8845 8842
8846 8847 8844
8848 8849 8846
8850 8851 8848
8852 8853 8850
8854 8855 8852
8856 8857 8854
8858 8859 8856
8860 8861 8858
8862 8863 8860
8864 8865 8862
8866 8867 8864
8868 8869 8866
8870 8871 8868
8872 8873 8870
8874 8875 8872
8876 8877 8874
8878 8879 8876
8880 8881 8878
8882 8883 8880
8884 8885 8882
8886 8887 8884
8888 8889 8886
8890 8891 8888
8892 8893 8890
8894 8895 8892
8896 8897 8894
8898 8899 8896
8900 8901 8898
8902 8903 8900
8904 8905 8902
8906 8907 8904
8908 8909 8906
8910 8911 8908
8912 8913 8910
8914 8915 8912
8916 8917 8914
8918 8919 8916
8920 8921 8918
8922 8923 8920
8924 8925 8922
8926 8927 8924
8928 8929 8926
8930 8931 8928
8932 8933 8930
8934 8935 8932
8936 8937 8934
8938 8939 8936
8940 8941 8938
8942 8943 8940
8944 8945 8942
8946 8947 8944
8948 8949 8946
8950 8951 8948
8952 8953 8950
8954 8955 8952
8956 8957 8954
8958 8959 8956
8960 8961 8958
8962 8963 8960
8964 8965 8962
8966 8967 8964
8968 8969 8966
8970 8971 8968
8972 8973 8970
8974 8975 8972
8976 8977 8974
8978 8979 8976
8980 8981 8978
8982 8983 8980
8984 8985 8982
8986 8987 8984
8988 8989 8986
8990 8991 8988
8992 8993 8990
8994 8995 8992
8996 8997 8994
8998 8999 8996
9000 9001 8998
9002 9003 9000
9004 9005 9002
9006 9007 9004
9008 9009 9006
9010 9011 9008
9012 9013 9010
9014 9015 9012
9016 9017 9014
9018 9019 9016
9020 9021 9018
9022 9023 9020
9024 9025 9022
9026 9027 9024
9028 9029 9026
9030 9031 9028
9032 9033 9030
9034 9035 9032
9036 9037 9034
9038 9039 9036
9040 9041 9038
9042 9043 9040
9044 9045 9042
9046 9047 9044
9048 9049 9046
9050 9051 9048
9052 9053 9050
9054 9055 9052
9056 9057 9054
9058 9059 9056
9060 9061 9058
9062 9063 9060
9064 9065 9062
9066 9067 9064
9068 9069 9066
9070 9071 9068
9072 9073 9070
9074 9075 9072
9076 9077 9074
9078 9079 9076
9080 9081 9078
9082 9083 9080
9084 9085 9082
9086 9087 9084
9088 9089 9086
9090 9091 9088
9092 9093 9090
9094 9095 9092
9096 9097 9094
9098 9099 9096
9100 9101 9098
9102 9103 9100
9104 9105 9102
9106 9107 9104
9108 9109 9106
9110 9111 9108
9112 9113 9110
9114 9115 9112
9116 9117 9114
9118 9119 9116
9120 9121 9118
9122 9123 9120
9124 9125 9122
9126 9127 9124
9128 9129 9126
9130 9131 9128
9132 9133 9130
9134 9135 9132
9136 9137 9134
9138 9139 9136
9140 9141 9138
9142 9143 9140
9144 9145 9142
9146 9147 9144
9148 9149 9146
9150 9151 9148
9152 9153 9150
9154 9155 9152
9156 9157 9154
9158 9159 9156
9160 9161 9158
9162 9163 9160
9164 9165 9162
9166 9167 9164
9168 9169 9166
9170 9171 9168
9172 9173 9170
9174 9175 9172
9176 9177 9174
9178 9179 9176
9180 9181 9178
9182 9183 9180
9184 9185 9182
9186 9187 9184
9188 9189 9186
9190 9191 9188
9192 9193 9190
9194 9195 9192
9196 9197 9194
9198 9199 9196
9200 9201 9198
9202 9203 9200
9204 9205 9202
9206 9207 9204
9208 9209 9206
9210 9211 9208
9212 9213 9210
9214 9215 9212
9216 9217 9214
9218 9219 9216
9220 9221 9218
9222 9223 9220
9224 9225 9222
9226 9227 9224
9228 9229 9226
9230 9231 9228
9232 9233 9230
9234 9235 9232
9236 9237 9234
9238 9239 9236
9240 9241 9238
9242 9243 9240
9244 9245 9242
9246 9247 9244
9248 9249 9246
9250 9251 9248
9252 9253 9250
9254 9255 9252
9256 9257 9254
9258 9259 9256
9260 9261 9258
9262 9263 9260
9264 9265 9262
9266 9267 9264
9268 9269 9266
9270 9271 9268
9272 9273 9270
9274 9275 9272
9276 9277 9274
9278 9279 9276
9280 9281 9278
9282 9283 9280
9284 9285 9282
9286 9287 9284
9288 9289 9286
9290 9291 9288
9292 9293 9290
9294 9295 9292
9296 9297 9294
9298 9299 9296
9300 9301 9298
9302 9303 9300
9304 9305 9302
9306 9307 9304
9308 9309 9306
9310 9311 9308
9312 9313 9310
9314 9315 9312
9316 9317 9314
9318 9319 9316
9320 9321 9318
9322 9323 9320
9324 9325 9322
9326 9327 9324
9328 9329 9326
9330 9331 9328
9332 9333 9330
9334 9335 9332
9336 9337 9334
9338 9339 9336
9340 9341 9338
9342 9343 9340
9344 9345 9342
9346 9347 9344
9348 9349 9346
9350 9351 9348
9352 9353 9350
9354 9355 9352
9356 9357 9354
9358 9359 9356
9360 9361 9358
9362 9363 9360
9364 9365 9362
9366 9367 9364
9368 9369 9366
9370 9371 9368
9372 9373 9370
9374 9375 9372
9376 9377 9374
9378 9379 9376
9380 9381 9378
9382 9383 9380
9384 9385 9382
9386 9387 9384
9388 9389 9386
9390 9391 9388
9392 9393 9390
9394 9395 9392
9396 9397 9394
9398 9399 9396
9400 9401 9398
9402 9403 9400
9404 9405 9402
9406 9407 9404
9408 9409 9406
9410 9411 9408
9412 9413 9410
9414 9415 9412
9416 9417 9414
9418 9419 9416
9420 9421 9418
9422 9423 9420
9424 9425 9422
9426 9427 9424
9428 9429 9426
9430 9431 9428
9432 9433 9430
9434 9435 9432
9436 9437 9434
9438 9439 9436
9440 9441 9438
9442 9443 9440
9444 9445 9442
9446 9447 9444
9448 9449 9446
9450 9451 9448
9452 9453 9450
9454 9455 9452
9456 9457 9454
9458 9459 9456
9460 9461 9458
9462 9463 9460
9464 9465 9462
9466 9467 9464
9468 9469 9466
9470 9471 9468
9472 9473 9470
9474 9475 9472
9476 9477 9474
9478 9479 9476
9480 9481 9478
9482 9483 9480
9484 9485 9482
9486 9487 9484
9488 9489 9486
9490 9491 9488
9492 9493 9490
9494 9495 9492
9496 9497 9494
9498 9499 9496
9500 9501 9498
9502 9503 9500
9504 9505 9502
9506 9507 9504
9508 9509 9506
9510 9511 9508
9512 9513 9510
9514 9515 9512
9516 9517 9514
9518 9519 9516
9520 9521 9518
9522 9523 9520
9524 9525 9522
9526 9527 9524
9528 9529 9526
9530 9531 9528
9532 9533 9530
9534 9535 9532
9536 9537 9534
9538 9539 9536
9540 9541 9538
9542 9543 9540
9544 9545 9542
9546 9547 9544
9548 9549 9546
9550 9551 9548
9552 9553 9550
9554 9555 9552
9556 9557 9554
9558 9559 9556
9560 9561 9558
9562 9563 9560
9564 9565 9562
9566 9567 9564
9568 9569 9566
9570 9571 9568
9572 9573 9570
9574 9575 9572
9576 9577 9574
9578 9579 9576
9580 9581 9578
9582 9583 9580
9584 9585 9582
9586 9587 9584
9588 9589 9586
9590 9591 9588
9592 9593 9590
9594 9595 9592
9596 9597 9594
9598 9599 9596
9600 9601 9598
9602 9603 9600
9604 9605 9602
9606 9607 9604
9608 9609 9606
9610 9611 9608
9612 9613 9610
9614 9615 9612
9616 9617 9614
9618 9619 9616
9620 9621 9618
9622 9623 9620
9624 9625 9622
9626 9627 9624
9628 9629 9626
9630 9631 9628
9632 9633 9630
9634 9635 9632
9636 9637 9634
9638 9639 9636
9640 9641 9638
9642 9643 9640
9644 9645 9642
9646 9647 9644
9648 9649 9646
9650 9651 9648
9652 9653 9650
9654 9655 9652
9656 9657 9654
9658 9659 9656
9660 9661 9658
9662 9663 9660
9664 9665 9662
9666 9667 9664
9668 9669 9666
9670 9671 9668
9672 9673 9670
9674 9675 9672
9676 9677 9674
9678 9679 9676
9680 9681 9678
9682 9683 9680
9684 9685 9682
9686 9687 9684
9688 9689 9686
9690 9691 9688
9692 9693 9690
9694 9695 9692
9696 9697 9694
9698 9699 9696
9700 9701 9698
9702 9703 9700
9704 9705 9702
9706 9707 9704
9708 9709 9706
9710 9711 9708
9712 9713 9710
9714 9715 9712
9716 9717 9714
9718 9719 9716
9720 9721 9718
9722 9723 9720
9724 9725 9722
9726 9727 9724
9728 9729 9726
9730 9731 9728
9732 9733 9730
9734 9735 9732
9736 9737 9734
9738 9739 9736
9740 9741 9738
9742 9743 9740
9744 9745 9742
9746 9747 9744
9748 9749 9746
9750 9751 9748
9752 9753 9750
9754 9755 9752
9756 9757 9754
9758 9759 9756
9760 9761 9758
9762 9763 9760
9764 9765 9762
9766 9767 9764
9768 9769 9766
9770 9771 9768
9772 9773 9770
9774 9775 9772
9776 9777 9774
9778 9779 9776
9780 9781 9778
9782 9783 9780
9784 9785 9782
9786 9787 9784
9788 9789 9786
9790 9791 9788
9792 9793 9790
9794 9795 9792
9796 9797 9794
9798 9799 9796
9800 9801 9798
9802 9803 9800
9804 9805 9802
9806 9807 9804
9808 9809 9806
9810 9811 9808
9812 9813 9810
9814 9815 9812
9816 9817 9814
9818 9819 9816
9820 9821 9818
9822 9823 9820
9824 9825 9822
9826 9827 9824
9828 9829 9826
9830 9831 9828
9832 9833 9830
9834 9835 9832
9836 9837 9834
9838 9839 9836
9840 9841 9838
9842 9843 9840
9844 9845 9842
9846 9847 9844
9848 9849 9846
9850 9851 9848
9852 9853 9850
9854 9855 9852
9856 9857 9854
9858 9859 9856
9860 9861 9858
9862 9863 9860
9864 9865 9862
9866 9867 9864
9868 9869 9866
9870 9871 9868
9872 9873 9870
9874 9875 9872
9876 9877 9874
9878 9879 9876
9880 9881 9878
9882 9883 9880
9884 9885 9882
9886 9887 9884
9888 9889 9886
9890 9891 9888
9892 9893 9890
9894 9895 9892
9896 9897 9894
9898 9899 9896
9900 9901 9898
9902 9903 9900
9904 9905 9902
9906 9907 9904
9908 9909 9906
9910 9911 9908
9912 9913 9910
9914 9915 9912
9916 9917 9914
9918 9919 9916
9920 9921 9918
9922 9923 9920
9924 9925 9922
9926 9927 9924
9928 9929 9926
9930 9931 9928
9932 9933 9930
9934 9935 9932
9936 9937 9934
9938 9939 9936
9940 9941 9938
9942 9943 9940
9944 9945 9942
9946 9947 9944
9948 9949 9946
9950 9951 9948
9952 9953 9950
9954 9955 9952
9956 9957 9954
9958 9959 9956
9960 9961 9958
9962 9963 9960
9964 9965 9962
9966 9967 9964
9968 9969 9966
9970 9971 9968
9972 9973 9970
9974 9975 9972
9976 9977 9974
9978 9979 9976
9980 9981 9978
9982 9983 9980
9984 9985 9982
9986 9987 9984
9988 9989 9986
9990 9991 9988
9992 9993 9990
9994 9995 9992
9996 9997 9994
9998 9999 9996
10000 10001 9998
10002 10003 10000
10004 10005 10002
10006 10007 10004
10008 10009 10006
10010 10011 10008
10012 10013 10010
10014 10015 10012
10016 10017 10014
10018 10019 10016
10020 10021 10018
10022 10023 10020
10024 10025 10022
10026 10027 10024
10028 10029 10026
10030 10031 10028
10032 10033 10030
10034 10035 10032
10036 10037 10034
10038 10039 10036
10040 10041 10038
10042 10043 10040
10044 10045 10042
10046 10047 10044
10048 10049 10046
10050 10051 10048
10052 10053 10050
10054 10055 10052
10056 10057 10054
10058 10059 10056
10060 10061 10058
10062 10063 10060
10064 10065 10062
10066 10067 10064
10068 10069 10066
10070 10071 10068
10072 10073 10070
10074 10075 10072
10076 10077 10074
10078 10079 10076
10080 10081 10078
10082 10083 10080
10084 10085 10082
10086 10087 10084
10088 10089 10086
10090 10091 10088
10092 10093 10090
10094 10095 10092
10096 10097 10094
10098 10099 10096
10100 10101 10098
10102 10103 10100
10104 10105 10102
10106 10107 10104
10108 10109 10106
10110 10111 10108
10112 10113 10110
10114 10115 10112
10116 10117 10114
10118 10119 10116
10120 10121 10118
10122 10123 10120
10124 10125 10122
10126 10127 10124
10128 10129 10126
10130 10131 10128
10132 10133 10130
10134 10135 10132
10136 10137 10134
10138 10139 10136
10140 10141 10138
10142 10143 10140
10144 10145 10142
10146 10147 10144
10148 10149 10146
10150 10151 10148
10152 10153 10150
10154 10155 10152
10156 10157 10154
10158 10159 10156
10160 10161 10158
10162 10163 10160
10164 10165 10162
10166 10167 10164
10168 10169 10166
10170 10171 10168
10172 10173 10170
10174 10175 10172
10176 10177 10174
10178 10179 10176
10180 10181 10178
10182 10183 10180
10184 10185 10182
10186 10187 10184
10188 10189 10186
10190 10191 10188
10192 10193 10190
10194 10195 10192
10196 10197 10194
10198 10199 10196
10200 10201 10198
10202 10203 10200
10204 10205 10202
10206 10207 10204
10208 10209 10206
10210 10211 10208
10212 10213 10210
10214 10215 10212
10216 10217 10214
10218 10219 10216
10220 10221 10218
10222 10223 10220
10224 10225 10222
10226 10227 10224
10228 10229 10226
10230 10231 10228
10232 10233 10230
10234 10235 10232
10236 10237 10234
10238 10239 10236
10240 10241 10238
10242 10243 10240
10244 10245 10242
10246 10247 10244
10248 10249 10246
10250 10251 10248
10252 10253 10250
10254 10255 10252
10256 10257 10254
10258 10259 10256
10260 10261 10258
10262 10263 10260
10264 10265 10262
10266 10267 10264
10268 10269 10266
10270 10271 10268
10272 10273 10270
10274 10275 10272
10276 10277 10274
10278 10279 10276
10280 10281 10278
10282 10283 10280
10284 10285 10282
10286 10287 10284
10288 10289 10286
10290 10291 10288
10292 10293 10290
10294 10295 10292
10296 10297 10294
10298 10299 10296
10300 10301 10298
10302 10303 10300
10304 10305 10302
10306 10307 10304
10308 10309 10306
10310 10311 10308
10312 10313 10310
10314 10315 10312
10316 10317 10314
10318 10319 10316
10320 10321 10318
10322 10323 10320
10324 10325 10322
10326 10327 10324
10328 10329 10326
10330 10331 10328
10332 10333 10330
10334 10335 10332
10336 10337 10334
10338 10339 10336
10340 10341 10338
10342 10343 10340
10344 10345 10342
10346 10347 10344
10348 10349 10346
10350 10351 10348
10352 10353 10350
10354 10355 10352
10356 10357 10354
10358 10359 10356
10360 10361 10358
10362 10363 10360
10364 10365 10362
10366 10367 10364
10368 10369 10366
10370 10371 10368
10372 10373 10370
10374 10375 10372
10376 10377 10374
10378 10379 10376
10380 10381 10378
10382 10383 10380
10384 10385 10382
10386 10387 10384
10388 10389 10386
10390 10391 10388
10392 10393 10390
10394 10395 10392
10396 10397 10394
10398 10399 10396
10400 10401 10398
10402 10403 10400
10404 10405 10402
10406 10407 10404
10408 10409 10406
10410 10411 10408
10412 10413 10410
10414 10415 10412
10416 10417 10414
10418 10419 10416
10420 10421 10418
10422 10423 10420
10424 10425 10422
10426 10427 10424
10428 10429 10426
10430 10431 10428
10432 10433 10430
10434 10435 10432
10436 10437 10434
10438 10439 10436
10440 10441 10438
10442 10443 10440
10444 10445 10442
10446 10447 10444
10448 10449 10446
10450 10451 10448
10452 10453 10450
10454 10455 10452
10456 10457 10454
10458 10459 10456
10460 10461 10458
10462 10463 10460
10464 10465 10462
10466 10467 10464
10468 10469 10466
10470 10471 10468
10472 10473 10470
10474 10475 10472
10476 10477 10474
10478 10479 10476
10480 10481 10478
10482 10483 10480
10484 10485 10482
10486 10487 10484
10488 10489 10486
10490 10491 10488
10492 10493 10490
10494 10495 10492
10496 10497 10494
10498 10499 10496
10500 10501 10498
10502 10503 10500
10504 10505 10502
10506 10507 10504
10508 10509 10506
10510 10511 10508
10512 10513 10510
10514 10515 10512
10516 10517 10514
10518 10519 10516
10520 10521 10518
10522 10523 10520
10524 10525 10522
10526 10527 10524
10528 10529 10526
10530 10531 10528
10532 10533 10530
10534 10535 10532
10536 10537 10534
10538 10539 10536
10540 10541 10538
10542 10543 10540
10544 10545 10542
10546 10547 10544
10548 10549 10546
10550 10551 10548
10552 10553 10550
10554 10555 10552
10556 10557 10554
10558 10559 10556
10560 10561 10558
10562 10563 10560
10564 10565 10562
10566 10567 10564
10568 10569 10566
10570 10571 10568
10572 10573 10570
10574 10575 10572
10576 10577 10574
10578 10579 10576
10580 10581 10578
10582 10583 10580
10584 10585 10582
10586 10587 10584
10588 10589 10586
10590 10591 10588
10592 10593 10590
10594 10595 10592
10596 10597 10594
10598 10599 10596
10600 10601 10598
10602 10603 10600
10604 10605 10602
10606 10607 10604
10608 10609 10606
10610 10611 10608
10612 10613 10610
10614 10615 10612
10616 10617 10614
10618 10619 10616
10620 10621 10618
10622 10623 10620
10624 10625 10622
10626 10627 10624
10628 10629 10626
10630 10631 10628
10632 10633 10630
10634 10635 10632
10636 10637 10634
10638 10639 10636
10640 10641 10638
10642 10643 10640
10644 10645 10642
10646 10647 10644
10648 10649 10646
10650 10651 10648
10652 10653 10650
10654 10655 10652
10656 10657 10654
10658 10659 10656
10660 10661 10658
10662 10663 10660
10664 10665 10662
10666 10667 10664
10668 10669 10666
10670 10671 10668
10672 10673 10670
10674 10675 10672
10676 10677 10674
10678 10679 10676
10680 10681 10678
10682 10683 10680
10684 10685 10682
10686 10687 10684
10688 10689 10686
10690 10691 10688
10692 10693 10690
10694 10695 10692
10696 10697 10694
10698 10699 10696
10700 10701 10698
10702 10703 10700
10704 10705 10702
10706 10707 10704
10708 10709 10706
10710 10711 10708
10712 10713 10710
10714 10715 10712
10716 10717 10714
10718 10719 10716
10720 10721 10718
10722 10723 10720
10724 10725 10722
10726 10727 10724
10728 10729 10726
10730 10731 10728
10732 10733 10730
10734 10735 10732
10736 10737 10734
10738 10739 10736
10740 10741 10738
10742 10743 10740
10744 10745 10742
10746 10747 10744
10748 10749 10746
10750 10751 10748
10752 10753 10750
10754 10755 10752
10756 10757 10754
10758 10759 10756
10760 10761 10758
10762 10763 10760
10764 10765 10762
10766 10767 10764
10768 10769 10766
10770 10771 10768
10772 10773 10770
10774 10775 10772
10776 10777 10774
10778 10779 10776
10780 10781 10778
10782 10783 10780
10784 10785 10782
10786 10787 10784
10788 10789 10786
10790 10791 10788
10792 10793 10790
10794 10795 10792
10796 10797 10794
10798 10799 10796
10800 10801 10798
10802 10803 10800
10804 10805 10802
10806 10807 10804
10808 10809 10806
10810 10811 10808
10812 10813 10810
10814 10815 10812
10816 10817 10814
10818 10819 10816
10820 10821 10818
10822 10823 10820
10824 10825 10822
10826 10827 10824
10828 10829 10826
10830 10831 10828
10832 10833 10830
10834 10835 10832
10836 10837 10834
10838 10839 10836
10840 10841 10838
10842 10843 10840
10844 10845 10842
10846 10847 10844
10848 10849 10846
10850 10851 10848
10852 10853 10850
10854 10855 10852
10856 10857 10854
10858 10859 10856
10860 10861 10858
10862 10863 10860
10864 10865 10862
10866 10867 10864
10868 10869 10866
10870 10871 10868
10872 10873 10870
10874 10875 10872
10876 10877 10874
10878 10879 10876
10880 10881 10878
10882 10883 10880
10884 10885 10882
10886 10887 10884
10888 10889 10886
10890 10891 10888
10892 10893 10890
10894 10895 10892
10896 10897 10894
10898 10899 10896
10900 10901 10898
10902 10903 10900
10904 10905 10902
10906 10907 10904
10908 10909 10906
10910 10911 10908
10912 10913 10910
10914 10915 10912
10916 10917 10914
10918 10919 10916
10920 10921 10918
10922 10923 10920
10924 10925 10922
10926 10927 10924
10928 10929 10926
10930 10931 10928
10932 10933 10930
10934 10935 10932
10936 10937 10934
10938 10939 10936
10940 10941 10938
10942 10943 10940
10944 10945 10942
10946 10947 10944
10948 10949 10946
10950 10951 10948
10952 10953 10950
10954 10955 10952
10956 10957 10954
10958 10959 10956
10960 10961 10958
10962 10963 10960
10964 10965 10962
10966 10967 10964
10968 10969 10966
10970 10971 10968
10972 10973 10970
10974 10975 10972
10976 10977 10974
10978 10979 10976
10980 10981 10978
10982 10983 10980
10984 10985 10982
10986 10987 10984
10988 10989 10986
10990 10991 10988
10992 10993 10990
10994 10995 10992
10996 10997 10994
10998 10999 10996
11000 11001 10998
11002 11003 11000
11004 11005 11002
11006 11007 11004
11008 11009 11006
11010 11011 11008
11012 11013 11010
11014 11015 11012
11016 11017 11014
11018 11019 11016
11020 11021 11018
11022 11023 11020
11024 11025 11022
11026 11027 11024
11028 11029 11026
11030 11031 11028
11032 11033 11030
11034 11035 11032
11036 11037 11034
11038 11039 11036
11040 11041 11038
11042 11043 11040
11044 11045 11042
11046 11047 11044
11048 11049 11046
11050 11051 11048
11052 11053 11050
11054 11055 11052
11056 11057 11054
11058 11059 11056
11060 11061 11058
11062 11063 11060
11064 11065 11062
11066 11067 11064
11068 11069 11066
11070 11071 11068
11072 11073 11070
11074 11075 11072
11076 11077 11074
11078 11079 11076
11080 11081 11078
11082 11083 11080
11084 11085 11082
11086 11087 11084
11088 11089 11086
11090 11091 11088
11092 11093 11090
11094 11095 11092
11096 11097 11094
11098 11099 11096
11100 11101 11098
11102 11103 11100
11104 11105 11102
11106 11107 11104
11108 11109 11106
11110 11111 11108
11112 11113 11110
11114 11115 11112
11116 11117 11114
11118 11119 11116
11120 11121 11118
11122 11123 11120
11124 11125 11122
11126 11127 11124
11128 11129 11126
11130 11131 11128
11132 11133 11130
11134 11135 11132
11136 11137 11134
11138 11139 11136
11140 11141 11138
11142 11143 11140
11144 11145 11142
11146 11147 11144
11148 11149 11146
11150 11151 11148
11152 11153 11150
11154 11155 11152
11156 11157 11154
11158 11159 11156
11160 11161 11158
11162 11163 11160
11164 11165 11162
11166 11167 11164
11168 11169 11166
11170 11171 11168
11172 11173 11170
11174 11175 11172
11176 11177 11174
11178 11179 11176
11180 11181 11178
11182 11183 11180
11184 11185 11182
11186 11187 11184
11188 11189 11186
11190 11191 11188
11192 11193 11190
11194 11195 11192
11196 11197 11194
11198 11199 11196
11200 11201 11198
11202 11203 11200
11204 11205 11202
11206 11207 11204
11208 11209 11206
11210 11211 11208
11212 11213 11210
11214 11215 11212
11216 11217 11214
11218 11219 11216
11220 11221 11218
11222 11223 11220
11224 11225 11222
11226 11227 11224
11228 11229 11226
11230 11231 11228
11232 11233 11230
11234 11235 11232
11236 11237 11234
11238 11239 11236
11240 11241 11238
11242 11243 11240
11244 11245 11242
11246 11247 11244
11248 11249 11246
11250 11251 11248
11252 11253 11250
11254 11255 11252
11256 11257 11254
11258 11259 11256
11260 11261 11258
11262 11263 11260
11264 11265 11262
11266 11267 11264
11268 11269 11266
11270 11271 11268
11272 11273 11270
11274 11275 11272
11276 11277 11274
11278 11279 11276
11280 11281 11278
11282 11283 11280
11284 11285 11282
11286 11287 11284
11288 11289 11286
11290 11291 11288
11292 11293 11290
11294 11295 11292
11296 11297 11294
11298 11299 11296
11300 11301 11298
11302 11303 11300
11304 11305 11302
11306 11307 11304
11308 11309 11306
11310 11311 11308
11312 11313 11310
11314 11315 11312
11316 11317 11314
11318 11319 11316
11320 11321 11318
11322 11323 11320
11324 11325 11322
11326 11327 11324
11328 11329 11326
11330 11331 11328
11332 11333 11330
11334 11335 11332
11336 11337 11334
11338 11339 11336
11340 11341 11338
11342 11343 11340
11344 11345 11342
11346 11347 11344
11348 11349 11346
11350 11351 11348
11352 11353 11350
11354 11355 11352
11356 11357 11354
11358 11359 11356
11360 11361 11358
11362 11363 11360
11364 11365 11362
11366 11367 11364
11368 11369 11366
11370 11371 11368
11372 11373 11370
11374 11375 11372
11376 11377 11374
11378 11379 11376
11380 11381 11378
11382 11383 11380
11384 11385 11382
11386 11387 11384
11388 11389 11386
11390 11391 11388
11392 11393 11390
11394 11395 11392
11396 11397 11394
11398 11399 11396
11400 11401 11398
11402 11403 11400
11404 11405 11402
11406 11407 11404
11408 11409 11406
11410 11411 11408
11412 11413 11410
11414 11415 11412
11416 11417 11414
11418 11419 11416
11420 11421 11418
11422 11423 11420
11424 11425 11422
11426 11427 11424
11428 11429 11426
11430 11431 11428
11432 11433 11430
11434 11435 11432
11436 11437 11434
11438 11439 11436
11440 11441 11438
11442 11443 11440
11444 11445 11442
11446 11447 11444
11448 11449 11446
11450 11451 11448
11452 11453 11450
11454 11455 11452
11456 11457 11454
11458 11459 11456
11460 11461 11458
11462 11463 11460
11464 11465 11462
11466 11467 11464
11468 11469 11466
11470 11471 11468
11472 11473 11470
11474 11475 11472
11476 11477 11474
11478 11479 11476
11480 11481 11478
11482 11483 11480
11484 11485 11482
11486 11487 11484
11488 11489 11486
11490 11491 11488
11492 11493 11490
11494 11495 11492
11496 11497 11494
11498 11499 11496
11500 11501 11498
11502 11503 11500
11504 11505 11502
11506 11507 11504
11508 11509 11506
11510 11511 11508
11512 11513 11510
11514 11515 11512
11516 11517 11514
11518 11519 11516
11520 11521 11518
11522 11523 11520
11524 11525 11522
11526 11527 11524
11528 11529 11526
11530 11531 11528
11532 11533 11530
11534 11535 11532
11536 11537 11534
11538 11539 11536
11540 11541 11538
11542 11543 11540
11544 11545 11542
11546 11547 11544
11548 11549 11546
11550 11551 11548
11552 11553 11550
11554 11555 11552
11556 11557 11554
11558 11559 11556
11560 11561 11558
11562 11563 11560
11564 11565 11562
11566 11567 11564
11568 11569 11566
11570 11571 11568
11572 11573 11570
11574 11575 11572
11576 11577 11574
11578 11579 11576
11580 11581 11578
11582 11583 11580
11584 11585 11582
11586 11587 11584
11588 11589 11586
11590 11591 11588
11592 11593 11590
11594 11595 11592
11596 11597 11594
11598 11599 11596
11600 11601 11598
11602 11603 11600
11604 11605 11602
11606 11607 11604
11608 11609 11606
11610 11611 11608
11612 11613 11610
11614 11615 11612
11616 11617 11614
11618 11619 11616
11620 11621 11618
11622 11623 11620
11624 11625 11622
11626 11627 11624
11628 11629 11626
11630 11631 11628
11632 11633 11630
11634 11635 11632
11636 11637 11634
11638 11639 11636
11640 11641 11638
11642 11643 11640
11644 11645 11642
11646 11647 11644
11648 11649 11646
11650 11651 11648
11652 11653 11650
11654 11655 11652
11656 11657 11654
11658 11659 11656
11660 11661 11658
11662 11663 11660
11664 11665 11662
11666 11667 11664
11668 11669 11666
11670 11671 11668
11672 11673 11670
11674 11675 11672
11676 11677 11674
11678 11679 11676
11680 11681 11678
11682 11683 11680
11684 11685 11682
11686 11687 11684
11688 11689 11686
11690 11691 11688
11692 11693 11690
11694 11695 11692
11696 11697 11694
11698 11699 11696
11700 11701 11698
11702 11703 11700
11704 11705 11702
11706 11707 11704
11708 11709 11706
11710 11711 11708
11712 11713 11710
11714 11715 11712
11716 11717 11714
11718 11719 11716
11720 11721 11718
11722 11723 11720
11724 11725 11722
11726 11727 11724
11728 11729 11726
11730 11731 11728
11732 11733 11730
11734 11735 11732
11736 11737 11734
11738 11739 11736
11740 11741 11738
11742 11743 11740
11744 11745 11742
11746 11747 11744
11748 11749 11746
11750 11751 11748
11752 11753 11750
11754 11755 11752
11756 11757 11754
11758 11759 11756
11760 11761 11758
11762 11763 11760
11764 11765 11762
11766 11767 11764
11768 11769 11766
11770 11771 11768
11772 11773 11770
11774 11775 11772
11776 11777 11774
11778 11779 11776
11780 11781 11778
11782 11783 11780
11784 11785 11782
11786 11787 11784
11788 11789 11786
11790 11791 11788
11792 11793 11790
11794 11795 11792
11796 11797 11794
11798 11799 11796
11800 11801 11798
11802 11803 11800
11804 11805 11802
11806 11807 11804
11808 11809 11806
11810 11811 11808
11812 11813 11810
11814 11815 11812
11816 11817 11814
11818 11819 11816
11820 11821 11818
11822 11823 11820
11824 11825 11822
11826 11827 11824
11828 11829 11826
11830 11831 11828
11832 11833 11830
11834 11835 11832
11836 11837 11834
11838 11839 11836
11840 11841 11838
11842 11843 11840
11844 11845 11842
11846 11847 11844
11848 11849 11846
11850 11851 11848
11852 11853 11850
11854 11855 11852
11856 11857 11854
11858 11859 11856
11860 11861 11858
11862 11863 11860
11864 11865 11862
11866 11867 11864
11868 11869 11866
11870 11871 11868
11872 11873 11870
11874 11875 11872
11876 11877 11874
11878 11879 11876
11880 11881 11878
11882 11883 11880
11884 11885 11882
11886 11887 11884
11888 11889 11886
11890 11891 11888
11892 11893 11890
11894 11895 11892
11896 11897 11894
11898 11899 11896
11900 11901 11898
11902 11903 11900
11904 11905 11902
11906 11907 11904
11908 11909 11906
11910 11911 11908
11912 11913 11910
11914 11915 11912
11916 11917 11914
11918 11919 11916
11920 11921 11918
11922 11923 11920
11924 11925 11922
11926 11927 11924
11928 11929 11926
11930 11931 11928
11932 11933 11930
11934 11935 11932
11936 11937 11934
11938 11939 11936
11940 11941 11938
11942 11943 11940
11944 11945 11942
11946 11947 11944
11948 11949 11946
11950 11951 11948
11952 11953 11950
11954 11955 11952
11956 11957 11954
11958 11959 11956
11960 11961 11958
11962 11963 11960
11964 11965 11962
11966 11967 11964
11968 11969 11966
11970 11971 11968
11972 11973 11970
11974 11975 11972
11976 11977 11974
11978 11979 11976
11980 11981 11978
11982 11983 11980
11984 11985 11982
11986 11987 11984
11988 11989 11986
11990 11991 11988
11992 11993 11990
11994 11995 11992
11996 11997 11994
11998 11999 11996
