128 8128
7 103 7
59 104 104
49 56 49
18 46 46
51 123 123
19 60 60
30 52 52
25 92 25
34 104 104
43 104 43
56 88 88
88 113 88
48 128 128
60 121 121
37 93 37
21 99 99
7 39 7
53 67 67
35 82 35
76 87 87
62 69 62
96 128 128
26 123 123
4 99 99
59 123 123
59 89 89
37 122 122
52 64 52
8 63 63
110 128 128
76 105 105
2 7 7
22 93 22
107 126 107
84 96 84
109 123 109
23 42 42
60 94 60
42 58 42
68 113 113
99 112 99
72 86 72
120 128 128
14 94 14
71 123 123
59 96 59
8 46 8
45 72 72
100 101 100
48 91 48
80 99 99
35 112 112
30 88 88
38 49 38
2 56 2
20 70 20
1 114 1
17 112 112
66 78 78
61 72 61
58 116 116
6 107 6
33 45 33
66 76 76
40 62 62
61 81 81
30 89 89
49 84 49
39 56 39
47 54 54
55 109 109
38 50 50
109 122 109
50 121 121
57 127 57
43 97 43
18 85 85
9 83 83
4 46 4
88 111 88
54 95 54
113 116 116
91 124 124
107 108 107
8 82 8
47 80 47
6 78 78
3 34 34
77 112 112
6 37 37
38 84 38
18 76 76
50 59 50
14 79 14
30 120 30
22 25 25
1 13 1
8 23 8
37 42 37
44 57 44
91 114 114
12 27 12
14 17 14
23 46 46
8 88 8
50 113 50
9 53 53
12 59 12
29 52 52
32 59 59
82 123 123
32 76 76
1 98 1
112 121 121
17 43 43
18 38 38
34 101 34
42 114 114
51 111 51
71 116 116
24 107 24
76 114 114
7 43 7
92 94 94
3 103 103
95 128 128
28 31 31
34 62 62
67 84 67
25 33 25
60 75 60
48 84 84
2 57 2
22 31 22
43 102 43
65 69 69
87 115 115
83 96 83
68 120 120
13 55 55
19 34 34
39 124 124
17 69 69
16 79 16
54 122 122
22 107 107
24 83 24
35 124 124
2 87 87
13 85 85
39 79 79
64 101 101
23 85 85
79 102 102
35 121 121
82 85 85
80 85 85
2 15 15
23 65 23
46 95 46
56 112 112
12 123 12
1 53 1
29 112 112
46 75 46
78 89 78
32 96 32
22 24 24
41 55 55
41 113 41
16 40 40
28 90 90
68 121 121
55 115 115
41 53 53
89 118 89
40 43 43
80 96 80
74 93 93
62 97 62
12 37 12
18 83 83
28 83 83
93 116 116
59 74 59
121 126 121
98 102 102
15 41 15
101 127 101
30 38 38
64 111 111
91 122 122
41 86 41
93 103 93
16 101 16
53 87 87
46 50 50
82 100 100
32 39 39
10 15 10
29 128 128
58 85 85
109 114 109
10 18 10
14 56 14
49 95 49
7 102 7
44 58 44
10 55 10
73 85 85
5 68 5
118 127 118
40 60 40
16 22 16
54 108 54
40 68 40
1 113 1
32 61 61
46 88 88
106 113 106
92 118 92
102 118 102
89 128 128
9 10 10
13 33 33
32 66 66
32 99 99
25 45 25
29 82 29
45 52 52
19 64 19
9 114 114
27 46 27
27 43 43
52 86 52
62 81 62
19 35 35
97 105 105
81 99 99
9 93 9
55 118 55
77 123 123
56 122 122
88 107 88
41 122 122
3 45 45
87 122 122
13 53 53
16 36 16
55 63 63
65 81 81
7 22 7
60 88 88
16 63 63
13 56 13
21 45 21
38 106 106
34 81 81
74 96 74
23 44 44
5 121 5
38 53 38
29 60 29
32 54 54
11 66 66
19 94 94
92 99 99
84 125 125
5 25 5
82 115 115
48 68 48
15 97 15
31 115 115
9 121 121
102 107 107
10 120 10
55 128 128
36 38 38
16 53 16
35 79 35
23 112 112
6 95 6
101 111 111
39 67 67
56 100 100
16 30 16
61 73 61
59 70 70
6 36 6
36 118 36
49 81 81
24 127 24
100 103 100
21 69 69
85 116 85
10 118 10
109 126 109
51 113 51
80 128 128
73 95 95
106 126 106
43 92 43
3 20 20
28 128 128
17 115 115
55 68 55
59 62 62
119 125 119
3 32 32
43 58 43
20 40 40
25 90 90
47 101 47
10 108 10
16 117 16
118 120 120
74 75 75
22 105 105
34 120 34
44 126 44
62 109 109
43 96 43
13 76 76
73 119 119
10 109 109
30 45 45
93 104 104
35 46 35
12 33 12
13 126 126
113 126 126
16 75 16
110 126 110
40 53 40
84 87 87
30 53 53
82 119 119
8 25 25
97 112 112
84 94 84
10 38 38
35 41 35
103 111 103
46 82 46
120 125 125
60 93 93
15 21 21
18 64 64
42 112 112
101 114 114
28 82 28
50 51 50
13 49 49
27 80 27
85 96 85
103 106 106
61 90 90
56 77 56
47 64 47
103 121 121
2 49 49
33 123 123
26 54 54
49 124 124
92 110 110
15 60 60
62 88 62
40 46 40
41 106 106
43 119 119
71 108 108
23 36 23
42 95 42
11 55 55
24 35 24
69 104 69
32 62 62
15 46 46
5 30 5
45 128 128
39 53 53
5 66 5
13 60 60
33 69 69
3 51 51
43 46 43
21 121 121
9 105 105
84 107 107
18 95 95
34 54 54
91 117 117
10 35 35
49 53 53
48 83 83
45 124 124
47 104 104
24 25 25
37 45 37
8 111 8
16 52 16
95 97 95
40 117 40
119 120 119
28 99 99
59 90 90
52 106 106
68 92 92
4 94 4
55 123 123
19 48 48
4 36 4
31 109 109
42 127 42
18 71 71
42 64 42
1 17 1
5 69 5
23 75 23
52 96 52
12 23 12
54 85 54
50 117 50
57 79 79
90 118 90
23 57 23
20 49 20
18 35 35
78 99 99
2 66 66
1 96 1
5 8 5
95 100 100
13 97 13
29 45 29
11 71 71
25 54 54
66 125 125
97 101 101
24 76 24
19 85 85
31 122 122
19 96 19
67 89 67
2 73 73
78 117 78
69 80 69
91 105 105
3 120 120
17 67 67
10 93 10
10 79 10
60 95 60
19 62 62
51 55 51
2 5 5
84 119 119
67 122 67
22 99 99
13 91 13
98 120 120
96 114 114
41 93 93
46 74 46
94 114 114
3 46 46
1 111 1
13 28 13
13 121 121
27 74 27
47 108 47
108 126 108
12 26 12
2 51 51
58 86 86
4 80 80
53 93 53
73 127 73
63 111 63
27 35 27
8 93 8
61 111 61
91 103 103
4 14 4
55 87 87
23 83 83
18 121 121
7 34 7
9 98 9
28 34 34
75 115 115
120 124 124
5 9 5
13 88 88
43 88 43
66 96 66
68 127 68
69 105 105
4 125 125
86 115 115
115 126 115
78 86 78
23 86 23
30 91 30
31 125 125
49 62 62
7 112 7
50 126 50
87 108 87
19 23 23
9 110 110
74 128 128
13 128 128
68 126 126
51 84 51
31 80 80
25 95 25
28 105 105
11 117 117
52 83 83
41 125 125
15 64 15
15 68 15
70 121 121
33 89 33
46 70 70
89 125 125
108 115 115
23 115 115
4 60 4
88 120 88
32 115 115
20 95 20
124 125 124
14 104 104
13 108 108
23 121 121
107 127 107
37 88 37
24 48 24
42 83 83
14 46 14
26 118 26
9 74 9
90 121 90
33 81 81
4 13 4
9 104 104
36 109 109
13 109 109
60 122 122
20 121 121
31 60 60
58 117 117
118 122 122
14 116 116
34 74 34
30 73 30
41 111 111
38 58 38
87 121 121
30 64 30
34 122 122
78 106 106
9 43 43
4 95 4
40 96 40
74 88 88
6 123 123
54 119 119
78 105 105
20 79 20
44 114 114
65 97 65
54 79 54
94 116 116
48 114 114
52 75 52
9 103 9
55 58 55
21 71 21
3 101 101
36 50 50
12 78 12
1 93 1
14 108 108
12 31 12
47 124 124
14 97 14
40 102 40
5 39 5
26 127 26
10 124 124
26 35 35
9 38 38
37 62 62
114 119 119
46 65 46
53 112 112
82 105 105
86 123 123
89 119 119
89 121 121
9 76 76
60 86 60
50 58 50
43 72 43
64 75 75
7 77 7
8 30 8
1 5 1
78 102 78
39 47 47
89 109 109
82 104 104
5 106 5
83 103 83
36 73 73
9 13 9
11 18 11
5 123 5
62 64 62
44 54 54
10 85 85
45 96 45
95 106 106
6 112 112
98 123 123
26 105 105
38 57 38
33 58 33
81 118 81
66 80 80
1 18 1
12 120 12
15 81 81
11 113 11
10 115 115
48 92 48
15 59 15
2 114 114
48 77 48
28 76 76
11 56 11
66 90 90
40 48 40
52 112 112
3 71 71
6 18 6
56 85 85
97 104 104
83 104 104
64 102 102
10 90 90
48 109 109
3 28 28
82 97 97
19 69 69
43 127 43
29 30 29
29 33 33
51 52 51
56 58 58
10 78 78
15 79 79
84 112 112
55 110 110
97 100 100
52 121 121
30 112 112
60 126 60
33 120 33
66 121 121
7 80 7
97 111 111
5 78 5
10 80 80
10 29 10
44 98 44
82 110 110
44 116 116
32 92 92
3 16 16
32 45 45
42 69 69
15 61 61
73 98 73
6 30 6
45 120 45
55 105 105
65 71 71
16 119 119
8 13 8
9 73 9
5 43 43
9 70 70
47 90 90
61 101 61
52 100 100
75 77 75
2 41 41
60 119 119
93 118 93
10 92 10
20 120 20
36 102 102
15 27 27
20 29 20
48 61 61
43 91 43
2 120 2
60 90 90
3 56 56
18 80 80
46 47 47
29 55 29
114 115 115
16 102 16
73 81 81
31 81 81
69 98 69
52 58 52
40 73 40
81 97 81
2 83 83
21 91 21
126 127 126
116 128 128
63 124 124
8 10 8
18 113 113
42 107 107
22 62 62
33 74 33
73 74 73
62 73 62
63 106 106
13 113 113
14 18 14
66 97 66
44 112 112
19 86 86
10 51 10
28 59 59
99 108 99
15 72 72
47 60 47
85 91 85
81 128 81
32 34 34
72 103 72
9 128 128
74 80 80
32 100 100
26 100 100
47 95 47
69 108 69
11 128 128
70 77 70
98 119 119
20 25 25
26 45 26
84 122 122
42 82 42
112 119 119
43 48 43
83 126 83
42 67 67
21 101 21
29 116 116
10 24 24
35 122 122
30 55 55
55 64 55
77 89 89
22 42 42
46 91 46
24 33 33
42 52 52
99 128 99
96 127 96
106 111 106
10 13 10
11 73 11
15 58 15
6 14 6
65 99 99
12 124 12
28 79 79
89 93 89
47 117 117
65 93 93
44 69 69
64 87 87
34 58 34
52 110 52
36 44 44
62 80 62
31 46 46
21 79 21
23 116 116
22 47 47
23 108 108
23 117 117
43 98 43
56 74 56
51 102 51
9 12 12
5 73 5
12 67 12
18 21 21
29 75 29
11 122 122
20 84 20
67 108 67
81 98 81
2 97 2
1 81 1
63 69 69
92 95 95
92 105 105
108 109 109
94 110 110
68 117 117
60 115 115
41 65 41
86 89 89
27 111 27
35 120 35
25 26 25
9 30 9
77 80 80
6 128 128
2 103 103
4 11 4
70 106 106
64 78 78
82 93 93
2 126 126
58 110 110
34 42 34
71 73 71
61 116 61
32 51 51
20 125 20
80 89 89
50 104 104
65 66 66
67 88 67
41 100 100
40 108 40
6 13 6
48 62 62
15 30 30
52 107 107
71 96 71
49 88 88
13 67 67
23 81 81
30 49 49
121 127 121
19 41 41
11 39 39
58 112 112
32 124 124
12 62 12
89 95 89
9 52 52
13 18 13
8 56 8
49 68 49
7 40 7
31 38 38
96 120 120
1 88 1
31 57 31
37 126 37
75 127 75
61 119 119
7 92 7
74 76 76
70 85 85
74 87 87
52 78 78
14 106 106
57 64 64
43 53 43
74 113 113
57 89 89
92 123 123
15 28 15
6 75 6
7 32 7
15 122 122
38 112 112
9 22 22
16 74 16
30 66 66
7 55 7
12 47 12
80 123 123
37 98 37
91 101 101
93 97 93
16 60 16
25 97 25
81 127 81
6 124 124
50 94 50
86 116 116
12 52 12
99 119 99
46 48 46
43 52 43
118 119 119
48 103 48
65 76 76
38 72 38
50 54 54
18 39 39
15 109 109
24 75 24
20 81 81
23 118 23
50 73 50
108 111 108
31 117 117
42 94 42
102 113 102
3 41 41
112 124 124
47 92 47
25 88 25
12 103 12
13 27 27
115 123 115
97 99 99
20 64 20
4 67 67
40 50 40
94 112 112
34 102 34
88 109 109
9 115 115
54 116 54
43 95 43
62 92 62
73 91 73
45 48 45
96 116 116
2 55 55
52 124 124
70 71 70
10 87 87
33 98 33
66 106 106
111 115 115
39 113 39
116 125 125
52 91 52
12 101 12
43 87 43
50 85 50
28 96 28
28 74 28
15 53 53
20 46 20
85 92 85
20 118 20
1 84 1
28 51 51
71 102 102
56 84 84
56 89 89
18 51 51
13 79 79
16 109 109
49 111 49
34 48 34
39 100 100
87 94 87
38 91 38
36 67 67
86 119 119
55 80 80
52 116 52
76 125 125
58 111 111
24 121 121
6 55 6
4 105 105
78 127 78
29 53 53
85 90 90
68 97 97
6 115 115
14 99 99
99 102 99
3 82 82
12 46 12
17 77 17
17 37 37
17 49 49
82 112 112
78 112 78
95 96 95
4 119 119
51 87 87
46 109 109
23 92 23
28 57 28
64 74 74
70 93 70
62 77 62
30 124 124
90 94 90
88 106 106
9 51 51
38 126 38
65 84 84
57 128 128
21 125 21
15 108 108
37 104 37
56 120 120
14 37 37
55 124 124
58 108 108
43 62 62
82 102 102
110 116 116
78 98 78
16 37 37
59 92 59
61 62 62
9 102 102
7 84 7
47 125 125
111 118 111
67 120 67
26 97 26
24 125 24
88 116 88
66 79 66
33 91 33
16 78 16
44 76 76
75 87 87
115 124 115
13 115 115
31 41 41
19 125 125
70 116 70
115 128 115
54 105 105
76 112 112
8 15 8
44 121 121
12 28 12
115 118 115
21 126 21
23 51 51
29 95 29
13 118 13
25 76 25
77 87 87
26 37 37
43 89 43
12 126 12
60 78 78
99 122 99
3 19 19
28 30 30
45 98 45
60 100 100
68 91 68
57 85 85
26 87 87
22 26 26
27 114 114
10 45 10
15 98 15
19 26 26
58 125 125
41 88 88
24 114 24
19 61 61
44 75 44
49 77 49
9 57 9
37 57 37
94 108 108
35 103 35
101 126 126
20 107 20
28 85 85
92 112 112
18 84 84
17 101 17
81 93 81
54 120 54
53 125 125
72 74 72
87 89 87
59 67 67
33 37 37
6 52 6
80 91 80
23 110 110
21 90 90
70 113 70
16 103 16
63 125 63
56 113 113
3 4 4
25 38 25
47 121 121
37 118 37
26 95 26
8 119 119
93 127 93
72 88 88
46 64 46
61 69 69
25 124 124
25 117 25
30 125 125
90 115 90
109 124 109
79 124 124
5 67 67
7 95 7
79 101 79
14 74 14
28 106 106
3 87 87
10 28 10
27 81 81
13 125 125
105 115 105
106 107 106
3 85 85
14 36 14
38 114 114
72 125 125
83 85 85
51 61 61
98 115 115
33 79 33
1 28 1
24 34 24
60 124 124
72 82 72
34 53 34
62 89 62
35 73 35
53 54 54
18 124 124
93 115 115
53 60 53
85 111 85
7 113 7
48 121 121
57 113 113
89 102 89
18 41 41
24 59 24
55 56 55
6 116 6
51 125 125
41 90 90
26 73 26
18 108 108
29 100 100
6 44 6
33 113 33
12 56 12
35 128 128
32 83 83
28 72 72
108 112 112
72 108 72
25 71 25
26 43 43
51 62 62
82 92 92
66 71 66
71 111 71
5 95 5
110 117 117
46 128 128
125 127 125
64 105 105
17 120 17
1 26 1
16 41 16
62 111 62
24 32 24
26 72 26
20 69 69
33 121 33
87 124 124
14 78 78
57 97 97
70 103 70
51 71 51
4 88 88
54 78 54
29 73 29
31 127 31
77 106 106
91 126 126
49 57 49
76 95 76
82 99 99
10 21 21
83 128 128
39 112 112
30 61 61
25 73 25
14 23 14
34 55 34
50 127 50
100 114 100
11 83 83
7 117 7
86 98 86
31 104 104
3 88 88
66 122 122
10 123 123
21 87 21
60 118 60
12 55 12
2 59 59
43 69 43
68 77 68
60 113 60
54 77 54
10 103 10
15 119 119
8 74 8
34 43 43
29 54 54
48 70 70
86 97 86
48 72 72
84 93 84
67 85 67
6 56 6
38 109 109
39 84 84
59 122 122
96 99 99
9 125 125
20 42 20
111 114 114
6 40 40
59 91 59
68 118 68
108 127 108
63 75 63
53 78 78
14 128 128
50 57 50
63 127 63
13 52 52
10 83 83
1 99 1
86 106 106
108 118 108
78 114 114
21 127 21
8 45 8
63 80 63
58 123 123
3 97 97
82 127 82
27 101 27
107 113 107
36 63 63
8 107 8
40 42 40
98 99 99
10 75 10
75 108 108
87 119 119
92 101 101
49 71 49
89 117 117
26 53 53
16 26 16
23 26 26
68 114 114
3 13 13
105 117 105
41 63 63
11 96 11
14 98 14
43 114 43
30 82 30
5 56 5
116 118 116
8 69 69
76 97 76
42 70 70
19 24 24
40 70 40
37 44 37
100 105 100
19 102 102
60 74 60
84 126 84
46 93 93
89 103 89
25 60 25
17 72 72
33 115 115
65 72 72
91 100 100
14 69 69
26 94 26
4 90 90
11 121 121
2 105 105
76 113 76
87 123 123
12 107 12
51 91 51
11 49 49
12 82 12
13 104 104
92 106 106
92 124 124
17 64 17
43 106 43
10 23 10
18 52 52
56 95 95
31 85 85
104 116 104
35 92 35
21 103 21
7 54 7
104 112 104
57 87 87
104 126 104
50 61 50
106 112 106
23 123 123
2 102 102
35 119 119
50 116 50
16 106 106
7 37 7
79 90 90
51 92 51
15 63 63
51 107 107
50 70 50
44 56 44
61 64 61
49 60 49
70 74 70
11 98 11
33 90 90
109 110 109
23 99 99
64 96 64
39 51 51
99 106 99
9 117 117
112 117 117
11 69 69
5 14 5
21 30 21
102 127 102
8 60 8
66 73 66
19 119 119
27 57 27
22 92 22
49 125 125
44 68 44
75 110 110
71 79 71
27 109 109
98 109 109
8 47 8
24 104 104
14 120 14
81 126 81
16 127 16
39 85 85
53 99 99
106 116 106
15 80 80
44 96 44
4 39 4
90 99 99
61 114 114
24 70 24
42 62 62
20 75 20
59 127 59
6 79 6
30 42 42
37 59 37
13 111 111
21 112 21
4 52 52
37 95 37
7 85 7
1 74 1
109 117 109
56 123 123
72 106 106
19 65 65
24 66 24
120 122 122
55 78 78
20 85 85
39 99 99
21 25 25
107 124 124
61 115 115
57 117 117
62 115 62
6 26 6
92 117 117
11 123 123
54 125 54
52 103 52
30 46 46
41 75 41
47 94 47
6 50 50
79 117 117
47 68 47
15 38 38
52 56 52
12 112 12
78 123 123
57 69 69
120 126 126
41 81 81
86 90 90
33 40 40
58 122 122
22 64 22
69 87 69
53 120 53
58 70 70
6 110 6
17 75 17
4 7 7
77 90 90
66 113 66
34 46 34
20 43 43
18 24 24
71 81 81
7 26 7
36 65 65
32 37 37
91 112 112
17 110 110
28 122 122
83 97 83
1 103 1
20 104 104
61 76 76
22 33 33
25 62 62
9 94 9
97 110 110
35 62 62
5 49 5
59 85 85
106 124 124
46 90 90
8 49 8
17 42 42
16 27 16
54 111 54
77 104 104
24 85 85
40 74 40
18 116 116
51 118 51
51 59 51
52 68 52
51 105 105
50 109 109
27 70 27
66 103 66
16 82 16
48 54 54
61 117 117
34 38 34
1 68 1
6 86 6
77 119 119
20 117 117
25 118 25
13 86 86
38 68 38
48 86 48
100 126 100
7 61 7
14 86 14
32 58 58
67 76 67
33 73 33
62 93 62
56 97 56
24 44 24
19 92 92
18 31 31
38 41 38
75 99 99
59 71 71
31 40 40
20 128 128
28 95 95
11 95 95
12 34 12
22 60 22
81 111 81
2 110 110
20 101 20
83 121 121
46 110 110
77 78 78
69 78 69
22 102 102
11 22 22
77 92 92
111 127 111
63 126 63
71 99 99
11 88 88
47 56 47
28 67 67
15 57 15
12 96 12
4 20 20
68 128 128
48 117 117
26 102 26
34 94 34
5 107 5
87 120 87
45 78 78
46 54 54
23 91 23
31 98 31
89 108 89
47 76 47
49 58 49
33 100 100
94 121 121
16 85 85
81 89 81
28 88 88
77 114 114
36 77 36
85 100 100
14 118 14
51 128 128
65 106 106
47 99 99
37 105 105
10 111 10
66 81 81
19 71 71
71 115 115
17 20 20
16 112 16
23 30 23
20 38 20
34 86 34
11 25 25
1 16 1
5 29 5
99 123 99
17 61 61
1 36 1
80 113 80
78 85 85
80 83 83
3 11 11
12 91 12
105 106 105
85 105 105
1 97 1
73 97 73
78 92 78
100 125 100
82 86 86
60 72 72
18 27 27
116 120 116
57 71 71
32 79 79
47 69 69
7 87 7
12 49 12
52 59 52
53 71 53
42 65 42
13 16 16
34 91 34
32 38 38
46 106 106
48 60 48
33 126 33
66 100 100
20 92 20
25 47 25
33 68 33
103 115 115
74 121 121
59 116 116
67 125 67
8 71 8
5 46 5
110 123 123
82 88 88
6 111 6
63 64 63
10 114 114
39 102 102
99 114 99
50 53 50
26 51 51
93 128 128
65 82 65
5 55 5
73 76 76
23 97 23
63 73 63
10 60 10
57 98 98
25 69 69
8 42 8
59 118 59
14 51 51
12 44 12
13 29 29
46 79 46
27 120 27
42 92 42
27 105 105
31 48 48
30 95 30
59 120 59
39 94 94
19 40 40
33 39 33
16 81 81
32 95 95
96 111 111
4 81 81
30 44 44
8 32 8
16 39 16
59 75 75
12 19 12
31 54 54
31 74 31
20 55 20
51 94 51
90 124 90
11 78 78
89 115 115
2 61 61
41 105 105
95 126 126
69 100 100
5 12 12
13 51 51
41 77 41
89 116 89
56 69 69
25 61 25
22 68 22
116 123 123
16 93 16
27 126 27
22 75 22
2 21 21
21 46 21
26 63 63
49 103 49
56 78 78
20 71 20
64 104 104
54 112 54
3 40 40
43 60 43
42 100 100
9 24 24
93 124 124
51 73 51
104 108 104
29 67 67
8 53 8
52 90 90
37 43 37
40 118 40
105 120 105
93 101 93
50 92 50
109 118 109
43 67 67
78 88 78
79 89 89
20 96 20
25 115 115
31 83 83
3 31 31
106 120 106
12 24 12
13 39 39
9 62 62
76 124 124
29 68 29
118 126 126
17 68 17
16 95 16
97 107 107
89 110 89
78 116 78
45 81 81
49 69 69
94 99 99
48 102 102
45 58 45
70 98 70
30 79 30
109 120 109
27 32 27
79 100 100
9 88 88
76 77 76
8 104 104
55 62 62
72 100 100
8 11 8
116 127 116
30 33 33
110 122 122
68 115 115
18 57 18
25 93 25
75 107 107
35 74 35
27 50 50
52 88 88
22 126 22
47 74 47
45 64 45
11 79 79
4 86 4
29 37 37
10 97 10
5 28 5
26 76 76
81 92 81
69 119 119
14 93 14
58 102 102
51 108 51
85 119 119
74 82 82
48 52 52
26 29 26
68 75 75
28 108 108
74 94 94
10 112 112
82 126 126
50 63 50
94 101 94
80 116 80
5 54 5
13 59 59
61 91 61
66 77 66
80 117 117
57 91 91
31 103 103
53 105 105
68 100 100
23 28 23
51 121 121
35 70 35
26 110 26
18 99 99
2 113 113
73 121 121
7 86 7
14 101 14
8 102 8
42 71 42
51 86 51
21 67 67
32 127 32
37 101 37
12 88 12
16 111 16
70 114 114
64 113 113
33 95 33
48 79 48
12 58 12
21 117 21
33 43 43
18 78 78
104 119 119
37 97 37
68 80 80
89 100 100
4 122 122
52 71 52
82 83 83
78 101 78
4 127 4
31 95 95
71 128 128
37 94 37
31 75 75
5 7 7
29 81 81
122 128 122
1 67 1
63 82 63
19 22 22
5 99 99
2 10 10
14 39 14
64 99 99
41 58 41
35 113 35
22 58 22
18 19 19
70 95 70
8 28 8
23 45 45
31 53 53
7 28 7
71 77 71
72 107 107
74 110 110
46 78 78
29 76 76
101 113 101
24 79 24
26 27 27
17 32 17
52 115 115
46 125 125
86 118 86
101 116 116
13 100 100
28 87 87
75 92 75
35 75 35
17 83 83
75 76 76
21 97 21
31 56 31
46 105 105
76 81 81
30 51 51
54 106 54
43 56 43
73 103 103
99 111 99
80 125 125
89 123 123
92 98 92
36 82 82
8 77 8
42 97 42
23 59 23
23 70 70
83 102 83
23 61 61
117 128 128
90 105 105
33 56 33
69 92 69
18 74 74
41 80 80
31 43 43
73 114 114
104 106 106
32 82 32
65 126 126
1 125 1
9 66 66
56 119 119
84 110 84
31 93 93
8 29 8
51 81 81
17 23 23
11 72 72
13 83 83
63 101 63
72 104 104
30 93 93
25 68 25
34 78 78
75 85 85
50 100 100
16 55 16
54 73 54
15 83 83
74 127 74
8 120 8
4 17 4
23 76 76
42 60 42
35 93 35
86 111 111
51 72 51
31 70 70
16 125 16
21 57 21
61 127 61
5 38 5
60 117 117
76 84 76
98 124 124
68 101 101
65 67 67
49 122 122
60 106 106
114 123 123
11 74 11
65 111 111
8 100 100
14 88 88
61 103 61
45 118 45
25 127 25
10 12 12
4 102 4
27 107 27
27 86 27
20 123 123
9 71 9
5 27 5
7 8 7
87 88 87
10 16 16
54 93 54
58 97 58
48 53 53
32 36 32
35 80 35
1 89 1
59 126 126
105 114 105
6 98 6
44 100 100
23 25 25
47 102 47
67 115 67
33 101 33
61 106 106
39 73 39
9 47 47
36 64 36
10 121 121
17 48 48
17 95 17
57 77 77
48 100 100
62 87 62
49 76 76
57 102 102
17 51 51
40 127 40
35 54 54
27 103 27
36 128 128
44 62 62
10 125 125
33 70 33
18 59 59
12 74 12
111 126 111
15 112 112
50 105 105
5 110 5
3 115 115
45 126 45
16 65 16
11 48 48
85 124 124
16 66 16
6 119 119
43 64 43
85 127 85
42 103 42
47 96 47
8 76 8
57 90 90
3 6 6
126 128 128
80 110 80
5 48 5
58 77 58
20 39 20
58 128 128
18 70 70
36 100 100
49 115 115
8 72 8
105 121 105
12 32 12
40 92 40
55 73 55
27 88 27
29 98 29
69 124 124
39 71 71
3 14 14
22 32 22
71 76 76
21 106 106
77 103 103
58 96 58
76 103 76
11 50 50
23 52 52
7 120 7
55 81 81
58 92 92
44 87 87
43 83 43
64 117 117
25 56 25
8 33 33
24 89 24
24 115 115
86 108 108
37 67 67
19 75 75
83 110 83
16 24 24
65 78 78
84 127 84
26 126 26
12 87 12
8 54 54
59 113 113
36 83 83
22 41 22
74 98 74
40 97 40
29 113 29
38 47 47
56 83 83
84 111 84
31 102 102
82 128 128
31 51 51
3 60 60
4 123 123
19 51 51
28 43 43
9 87 87
17 118 17
33 86 33
18 87 87
64 85 85
17 93 93
47 127 47
75 117 117
45 109 109
21 94 21
40 114 40
61 98 61
82 106 106
94 97 94
29 103 29
59 106 106
75 113 75
1 4 1
28 56 28
49 127 49
20 74 20
85 123 123
36 119 119
3 62 62
2 38 38
1 23 1
78 87 78
52 95 52
29 46 29
50 78 50
56 111 111
26 36 26
19 117 117
9 100 100
10 106 106
49 118 49
39 93 93
3 75 75
13 81 81
87 102 87
8 101 8
1 22 1
1 82 1
38 51 38
38 95 38
4 103 4
27 47 27
21 50 50
13 106 106
40 100 100
72 93 72
9 55 9
84 88 88
38 43 43
39 101 39
13 102 102
43 61 43
45 102 102
22 39 22
44 59 44
69 118 69
40 98 40
97 125 125
103 124 124
103 125 125
20 126 20
24 73 24
1 121 1
4 9 4
53 83 83
78 122 122
18 65 65
20 54 54
84 114 114
64 79 79
63 88 63
18 77 18
62 68 62
33 88 33
84 92 84
69 103 69
101 117 117
66 127 66
31 50 50
8 122 122
4 53 53
7 104 7
16 110 16
57 84 84
36 126 126
101 109 109
97 109 109
16 114 114
33 99 99
27 55 27
62 113 62
68 111 111
57 88 88
18 100 100
100 121 100
13 68 13
52 92 52
17 123 123
36 52 52
21 124 124
36 57 36
67 68 67
34 128 128
26 111 26
46 61 61
20 98 20
42 75 42
59 100 100
76 98 76
47 83 83
11 91 11
26 78 78
19 111 111
2 75 75
63 78 63
45 91 45
3 117 117
90 113 90
106 125 106
15 113 15
114 118 114
33 110 33
31 107 107
2 68 2
25 53 25
65 86 86
25 34 25
11 63 63
47 59 47
46 49 49
88 121 121
26 121 121
73 90 90
38 45 38
1 50 1
77 81 81
29 126 29
59 102 102
4 15 4
37 50 37
41 85 85
22 36 22
87 101 87
38 46 38
25 105 105
23 90 90
68 69 69
13 72 72
6 12 12
42 73 42
52 126 52
103 117 117
76 120 76
57 61 61
26 62 62
2 48 48
100 106 100
58 76 76
52 104 104
57 80 80
18 79 79
32 67 67
26 114 114
54 115 115
9 72 72
68 74 74
5 102 5
2 89 89
40 93 40
54 101 54
23 35 35
1 42 1
35 66 35
27 41 27
43 122 122
24 61 24
1 76 1
31 94 94
60 98 60
100 107 100
44 92 44
20 91 20
121 125 121
36 94 94
1 10 1
30 48 48
46 86 46
20 48 20
26 99 99
33 41 33
36 95 95
44 109 109
13 14 14
14 59 14
117 118 117
67 128 67
90 122 90
94 123 123
84 91 84
8 20 20
86 120 86
52 85 85
3 18 18
52 63 63
13 77 13
90 125 90
28 124 124
44 115 115
7 81 7
18 92 92
37 92 37
7 72 7
6 45 6
37 65 37
6 23 6
54 71 54
33 66 33
52 125 125
2 32 2
74 86 86
40 56 40
36 51 51
11 118 11
64 121 121
91 121 121
39 55 55
48 50 50
20 119 119
14 33 33
3 8 8
4 74 4
2 70 70
18 81 81
14 73 14
40 109 109
44 88 88
23 29 29
67 116 67
59 84 84
29 58 29
83 95 83
89 113 89
26 85 85
15 43 43
68 72 72
113 125 125
27 78 78
60 107 107
119 127 119
3 33 33
12 66 12
29 120 29
75 89 89
81 121 81
59 107 107
52 87 87
62 107 62
18 69 69
45 114 114
40 61 40
94 103 103
28 49 49
7 107 7
50 66 50
19 115 115
12 97 12
22 67 67
9 82 9
32 53 53
25 89 25
20 65 20
61 113 61
38 79 38
61 92 61
27 75 27
64 91 64
81 120 81
59 93 93
53 98 53
7 111 7
41 62 62
45 105 105
59 111 111
34 79 34
2 28 28
1 54 1
15 121 121
2 27 27
102 119 119
34 35 34
105 122 105
4 65 4
29 35 35
12 92 12
92 96 92
25 36 25
56 80 80
30 126 30
83 114 83
34 126 34
49 54 54
84 100 100
55 74 55
11 67 67
23 60 23
23 31 23
70 110 70
103 112 112
37 76 37
124 126 124
35 42 35
105 123 105
83 108 83
88 99 99
79 121 121
82 125 125
7 94 7
1 35 1
25 98 25
7 27 7
3 106 106
64 100 100
15 95 15
34 117 117
48 56 48
108 110 110
9 42 42
38 124 124
50 67 67
1 25 1
18 106 106
64 90 90
29 97 29
60 125 125
37 64 37
40 125 40
37 111 37
32 114 114
6 108 6
17 78 78
7 67 7
77 99 99
1 8 1
35 101 35
36 113 113
46 101 46
57 115 115
12 108 12
39 104 104
1 124 1
17 58 17
12 35 12
65 95 95
7 89 7
19 113 113
46 76 76
33 114 33
51 53 53
70 79 70
82 109 109
18 22 22
38 127 38
26 117 117
37 47 37
54 69 69
19 54 54
20 114 114
79 109 109
69 76 69
54 118 54
19 57 19
78 104 104
77 91 91
56 62 62
10 20 20
66 89 89
72 117 117
6 59 6
90 109 109
51 56 51
1 27 1
26 93 26
4 44 4
1 41 1
91 107 107
49 116 49
23 107 107
4 43 43
68 96 68
49 83 83
89 96 89
36 110 110
57 66 66
59 81 81
24 78 24
68 105 105
19 110 110
1 79 1
9 56 9
25 94 25
59 99 99
58 95 95
59 79 79
68 79 79
62 98 62
37 108 37
82 107 107
90 112 90
13 62 62
65 74 65
29 105 105
43 108 43
98 101 101
20 67 67
86 103 103
66 119 119
60 114 114
34 103 34
39 74 39
55 113 55
33 71 33
50 72 50
23 87 87
79 108 108
28 117 117
12 25 12
27 115 115
58 82 58
71 80 80
35 68 35
72 128 128
106 122 122
80 100 100
55 82 55
78 83 83
70 120 70
72 77 72
47 81 81
57 67 67
31 69 69
1 51 1
17 35 35
25 80 25
85 121 121
37 103 37
61 70 61
104 125 104
21 84 21
69 111 69
37 39 37
42 119 119
61 125 125
34 64 34
34 107 34
14 30 14
1 48 1
108 117 117
2 116 116
55 85 85
98 114 114
6 80 80
63 122 122
79 97 79
66 111 66
15 78 78
74 101 101
55 104 104
84 104 104
5 80 5
62 72 62
93 96 93
8 99 99
72 91 72
9 29 29
72 79 72
64 110 110
104 111 104
35 108 35
96 110 110
49 52 49
5 32 5
81 91 81
20 63 63
42 45 42
56 127 56
10 56 10
108 121 121
25 126 25
21 98 21
23 93 93
9 23 9
10 22 10
68 73 73
19 103 103
38 107 38
117 126 117
95 118 95
52 109 109
4 101 4
60 101 60
4 85 85
99 118 99
24 90 90
50 118 50
7 100 7
61 112 112
9 63 63
114 122 122
19 74 19
71 94 71
64 81 81
27 112 27
45 107 107
51 106 106
30 41 30
92 120 92
25 83 25
33 84 33
12 80 12
11 28 11
59 110 110
113 115 115
20 58 20
30 114 114
47 89 47
70 90 90
83 106 106
18 96 18
28 41 41
17 45 45
66 104 104
10 52 10
36 61 61
50 91 50
96 123 123
25 29 25
68 98 68
78 91 78
91 104 104
73 100 100
12 61 12
67 121 67
19 30 30
57 123 123
6 67 67
22 85 85
34 118 34
26 109 109
56 65 65
16 94 16
15 86 15
33 119 119
55 101 55
53 70 53
83 100 100
66 110 66
95 107 107
63 67 67
107 119 119
1 15 1
16 19 16
53 80 80
3 113 113
100 123 100
43 125 43
8 9 8
47 66 47
2 19 2
51 63 63
21 70 21
61 128 128
29 96 29
55 70 70
27 63 63
80 107 80
18 75 75
18 63 63
88 119 119
26 92 26
62 110 62
37 107 37
122 124 122
19 77 19
51 82 51
96 119 119
4 78 78
45 85 85
34 87 87
104 105 105
41 99 99
22 113 22
14 55 14
5 118 5
89 99 99
13 80 80
22 98 22
107 115 115
58 75 75
106 109 109
89 92 89
40 71 40
58 59 59
50 89 50
10 101 10
50 64 50
22 111 22
37 110 37
88 122 122
101 107 107
19 128 128
45 90 90
14 66 66
72 75 72
21 65 21
51 103 51
12 69 12
70 88 88
24 96 24
50 87 50
24 64 24
97 98 97
79 83 83
81 123 81
35 81 81
16 124 124
34 92 34
71 84 84
3 112 112
30 101 30
36 122 122
62 128 62
106 115 115
29 125 125
64 77 64
29 40 40
29 93 29
76 126 76
49 72 49
22 37 37
38 99 99
48 104 104
1 119 1
13 26 26
57 78 78
101 106 106
83 117 83
45 97 45
99 104 99
89 91 89
63 89 63
59 121 121
78 125 78
14 54 54
7 114 7
14 112 112
24 56 24
26 32 26
50 65 50
93 123 123
82 117 117
2 124 124
27 54 54
20 37 37
13 124 124
5 79 5
29 70 70
42 120 42
102 122 122
8 97 8
9 33 33
12 99 99
7 19 7
5 108 5
1 91 1
38 42 38
26 59 26
67 99 99
41 108 108
47 118 47
29 44 44
11 20 20
97 123 123
65 77 65
60 73 60
24 30 24
8 84 8
99 113 99
13 107 107
63 84 63
2 99 99
29 111 29
90 126 90
3 70 70
71 93 71
7 75 7
77 128 128
23 73 23
28 33 33
9 107 107
83 115 115
100 108 100
79 119 119
21 64 21
123 124 124
117 119 119
39 72 72
22 96 22
55 86 55
10 31 10
115 120 115
81 95 81
64 65 65
27 83 83
104 128 128
52 99 99
6 66 66
30 99 99
66 128 128
36 117 117
27 124 124
30 59 30
36 40 40
23 120 23
8 91 8
37 53 37
86 126 126
6 54 54
102 105 105
19 120 19
15 23 23
3 15 15
53 126 53
94 127 94
5 120 5
3 114 114
33 50 33
57 95 95
79 126 79
80 101 80
11 108 108
44 86 44
45 79 45
7 10 7
23 54 54
104 110 104
30 92 30
27 77 27
108 122 122
68 88 88
63 117 63
7 93 7
8 27 27
78 115 115
116 126 116
41 97 41
37 66 37
8 79 8
26 30 26
20 51 20
10 74 10
56 70 70
3 37 37
87 116 87
44 55 44
42 89 89
85 110 85
15 37 37
87 127 87
42 91 42
69 102 69
25 44 25
32 43 43
41 83 83
30 80 80
41 68 41
64 89 89
14 29 29
121 128 128
64 70 70
18 33 33
10 72 10
14 31 14
22 46 22
1 7 1
64 93 93
75 86 75
70 75 70
45 51 51
17 88 88
18 90 90
86 92 86
4 8 8
47 122 122
14 122 122
68 104 104
65 79 79
57 83 83
85 112 85
14 35 35
6 82 6
3 59 59
10 47 47
97 108 108
20 22 20
12 93 12
32 78 78
86 113 113
47 116 47
59 119 119
15 62 62
45 112 112
84 128 128
2 91 2
21 56 21
4 33 33
94 98 94
111 119 119
30 115 115
43 103 43
21 123 123
63 109 109
14 105 105
6 60 6
7 21 7
28 109 109
45 75 45
31 111 111
7 52 7
90 100 100
57 82 82
69 110 69
37 75 37
32 119 119
11 101 11
20 62 62
6 72 6
8 24 24
13 40 40
51 114 114
4 126 4
60 128 128
25 109 109
25 72 25
48 123 123
26 108 26
71 104 104
3 12 12
33 104 104
72 115 115
1 112 1
9 16 16
49 92 49
21 42 21
35 53 35
63 104 104
46 71 71
43 80 43
46 123 123
2 71 71
105 107 105
17 126 17
25 31 25
61 71 61
110 113 110
109 112 109
29 107 107
83 105 105
14 41 14
64 107 107
79 86 79
56 93 93
17 26 26
57 105 105
122 127 122
111 120 111
18 110 110
35 87 87
18 47 47
16 35 16
14 65 14
20 68 20
28 29 29
84 86 84
39 89 89
12 71 12
54 84 54
54 74 54
43 47 43
15 35 35
38 125 125
40 90 90
36 68 36
44 80 80
38 92 38
32 128 128
6 114 114
25 107 25
56 126 126
4 22 4
4 110 4
95 125 125
23 106 106
33 62 62
82 120 120
21 32 21
31 73 73
8 105 105
3 127 3
58 74 58
72 102 72
22 88 88
93 102 102
102 117 117
11 33 33
10 117 117
5 76 5
100 112 100
30 58 30
69 81 81
39 42 42
37 81 81
10 30 10
68 116 116
87 128 128
86 105 105
4 70 70
42 84 84
56 92 92
75 104 104
91 94 94
56 99 99
19 108 108
66 86 66
24 109 109
5 83 5
6 24 24
23 109 109
27 110 27
30 119 119
23 71 71
44 99 99
5 6 5
110 112 112
87 113 87
50 97 50
78 93 78
104 115 115
10 70 10
9 79 9
70 102 70
3 78 78
2 94 94
54 103 54
7 97 7
72 122 122
45 95 45
100 115 100
34 93 34
49 74 49
44 105 105
14 72 72
37 60 37
1 58 1
12 48 12
2 121 121
52 123 123
14 27 27
23 122 122
68 103 103
32 97 32
83 93 83
51 80 80
49 70 70
29 56 29
59 83 83
1 47 1
36 90 90
83 86 83
20 99 99
24 97 24
48 64 48
36 121 121
38 93 38
2 100 100
107 114 114
78 80 78
13 90 90
24 29 24
34 105 105
23 41 23
45 116 116
63 79 63
14 121 121
17 54 54
10 128 128
3 72 72
39 43 43
62 125 62
79 123 123
3 44 44
14 82 14
77 94 94
42 47 47
22 35 35
22 73 22
38 83 83
11 89 89
38 77 38
77 88 88
71 105 105
104 113 104
28 53 53
15 88 88
33 94 33
71 121 121
95 124 124
15 92 15
6 16 16
17 53 53
92 107 107
86 95 95
16 43 43
43 82 43
46 124 124
23 111 23
19 36 19
2 35 35
56 103 103
12 70 12
21 35 21
57 81 81
41 87 87
68 122 122
70 81 81
25 114 25
43 75 43
87 95 87
65 96 65
96 106 106
23 113 23
12 40 12
16 58 16
110 121 121
36 87 87
77 121 121
93 100 100
12 68 12
57 109 109
21 75 21
8 16 16
36 79 79
29 94 29
42 113 42
8 41 8
17 39 17
15 65 15
70 107 107
25 55 25
11 107 107
83 90 90
33 77 33
14 52 52
22 118 22
55 65 55
31 47 47
40 47 40
53 121 121
16 17 16
37 46 37
39 54 54
99 125 99
108 124 124
11 54 54
72 81 81
59 94 94
39 52 52
84 103 84
26 107 107
10 71 10
14 60 14
6 9 6
55 66 66
1 90 1
70 99 99
89 112 112
4 83 83
50 84 50
20 24 24
26 34 34
71 118 71
29 110 110
15 18 15
15 96 15
28 107 107
58 100 100
43 128 43
70 87 87
42 77 42
7 115 7
78 121 121
73 102 102
63 95 63
55 71 71
87 117 117
36 114 114
112 125 125
54 57 54
17 82 17
51 58 51
72 113 72
53 69 69
11 87 87
117 125 117
87 114 114
32 123 123
18 125 125
38 67 67
36 59 59
90 127 90
48 73 48
88 125 125
16 67 67
7 78 7
29 88 88
25 63 25
15 70 70
18 89 89
12 50 12
18 82 82
46 57 46
41 71 71
62 112 62
30 121 121
79 92 79
71 124 124
37 114 37
9 75 9
36 101 101
81 117 81
17 47 47
61 80 61
69 84 69
9 41 9
42 68 42
47 119 119
91 127 91
13 41 41
60 91 60
76 122 122
96 118 96
53 72 53
38 115 115
33 109 109
54 70 54
25 82 25
28 48 48
108 114 114
85 103 85
14 123 123
33 108 33
14 40 40
30 87 87
64 115 115
2 67 67
14 47 47
5 92 5
102 114 114
4 79 4
21 43 43
13 58 58
1 20 1
11 45 45
67 91 67
40 116 40
10 94 10
17 114 114
8 85 85
77 127 77
40 66 40
5 70 5
4 116 116
13 24 24
52 67 67
24 53 24
7 16 7
41 46 46
94 124 124
9 14 14
18 73 73
51 78 78
36 41 41
30 109 109
1 92 1
106 110 106
27 84 27
110 118 110
44 83 83
12 45 12
17 80 80
13 43 43
14 34 34
84 117 117
20 89 20
102 116 116
93 119 119
9 18 9
92 103 103
58 121 121
74 79 79
85 108 85
38 76 76
73 125 125
21 72 21
31 58 58
25 108 25
70 108 70
12 128 12
31 101 101
15 76 76
59 82 59
13 92 92
64 66 66
47 78 78
46 58 46
67 123 67
33 80 33
3 124 124
111 117 117
42 102 42
70 105 105
13 120 13
30 77 30
49 121 121
120 123 123
88 93 88
9 11 9
73 86 86
27 66 27
6 33 33
15 73 15
97 106 106
57 106 106
54 67 67
4 62 62
12 109 109
37 100 100
18 26 26
45 101 45
95 120 95
89 106 106
32 86 86
56 82 56
8 123 123
17 56 17
28 115 115
31 78 78
16 113 16
64 127 64
12 90 12
23 55 55
11 115 115
72 96 72
91 98 98
112 123 123
14 84 84
22 101 22
84 109 109
56 63 63
54 68 54
13 20 20
63 116 63
15 90 90
46 111 46
10 64 10
46 89 89
62 104 62
111 123 123
49 100 100
20 127 20
104 123 123
71 74 71
30 69 69
18 117 117
36 49 49
45 61 61
88 98 88
28 100 100
72 87 87
7 74 7
60 120 60
17 73 17
93 121 121
27 62 62
68 90 90
16 69 69
35 38 35
21 41 21
68 84 84
87 92 87
24 67 67
48 76 76
107 122 122
77 124 124
4 92 4
4 29 4
47 82 47
4 58 4
55 106 106
33 107 33
11 103 103
17 125 125
6 32 6
65 90 90
39 57 39
99 105 99
22 50 50
49 105 105
100 113 100
21 105 105
48 126 48
5 10 5
36 74 36
100 117 100
29 49 49
3 90 90
50 74 50
40 51 40
46 100 100
53 68 53
19 127 19
51 89 89
23 125 125
18 102 102
19 38 38
41 50 50
4 117 117
102 128 128
102 109 109
40 87 40
72 120 72
45 63 63
83 92 83
111 125 125
7 125 7
19 76 76
31 64 31
38 103 38
50 80 50
70 96 70
17 117 117
26 86 26
29 34 34
36 80 80
4 49 49
60 70 70
56 115 115
36 75 75
27 71 27
38 69 69
11 58 11
13 44 44
32 87 87
56 86 86
37 55 37
100 127 100
22 40 40
81 113 81
27 104 104
18 45 45
41 73 41
49 91 49
105 124 105
30 67 67
6 39 6
36 81 81
27 38 27
123 126 123
74 102 102
3 52 52
23 101 23
46 114 114
69 115 115
76 86 76
33 57 33
8 80 8
103 120 103
32 52 52
8 108 8
7 29 7
114 120 114
2 40 40
72 101 72
74 99 99
11 26 26
14 115 115
26 58 26
110 124 124
24 116 24
65 128 128
27 76 27
110 125 125
10 41 10
51 68 51
75 93 93
58 89 89
70 83 83
35 115 115
37 48 37
26 60 26
1 73 1
1 108 1
74 112 112
8 66 8
60 80 80
5 53 5
8 51 8
7 13 7
8 86 8
2 118 2
24 98 24
89 114 114
11 106 106
7 11 7
13 87 87
51 90 90
105 112 105
100 104 100
15 22 22
94 96 94
6 65 6
44 119 119
11 111 111
40 49 40
81 90 90
46 69 69
53 73 53
64 116 116
19 31 31
96 104 104
45 110 110
37 70 37
44 127 44
10 39 10
16 118 16
92 111 111
32 80 80
50 110 50
15 77 15
44 101 44
13 23 23
39 122 122
7 62 7
66 105 105
14 89 89
5 36 5
19 20 20
15 101 15
17 103 103
49 123 123
75 94 94
39 103 103
18 118 18
88 108 88
54 98 54
39 41 39
17 96 17
4 106 106
111 116 116
93 107 107
60 103 103
60 97 60
42 118 42
32 108 108
22 112 112
117 122 122
69 116 69
91 97 97
40 105 105
39 106 106
60 64 60
23 47 47
7 50 7
17 92 17
34 68 34
34 80 34
1 86 1
22 109 109
100 122 100
52 94 52
32 106 106
31 114 114
33 103 33
4 27 27
23 100 100
40 121 40
49 51 51
24 45 24
51 120 51
32 121 121
4 30 4
10 119 119
90 120 90
91 92 92
19 53 53
39 63 63
55 98 55
100 128 100
5 103 5
119 122 122
24 72 24
3 119 119
23 48 48
38 111 38
43 121 43
26 98 26
2 3 2
63 77 63
102 106 106
48 99 99
2 109 109
39 116 116
103 114 114
67 101 67
35 49 35
33 102 33
34 96 34
22 61 61
43 126 43
93 125 125
5 114 5
35 84 35
85 94 85
30 57 30
43 68 43
29 74 29
24 50 50
38 40 40
75 109 109
72 76 76
84 108 84
44 73 44
54 128 128
33 36 33
12 22 12
62 65 62
29 50 50
45 89 89
103 107 107
57 59 59
52 73 52
64 67 67
16 99 99
16 21 21
80 119 119
14 75 14
2 58 58
7 108 7
9 120 9
81 109 109
45 92 45
43 44 43
48 122 122
39 75 39
79 95 79
39 70 70
35 50 50
21 60 21
93 113 93
21 49 21
19 43 43
6 93 6
73 108 108
24 65 24
9 40 40
6 20 20
23 79 23
88 96 88
40 99 99
57 62 62
2 17 17
13 46 46
96 103 103
53 57 53
25 96 25
5 13 5
45 87 87
26 66 66
92 109 109
28 84 84
54 56 54
26 42 26
67 114 67
6 113 6
8 12 12
18 109 109
10 33 33
1 105 1
10 96 10
55 84 84
19 25 25
25 41 25
8 103 8
39 45 45
18 49 49
19 105 105
30 40 40
30 43 43
15 110 110
33 53 33
30 113 30
32 105 105
47 113 47
35 72 35
21 28 21
32 75 75
28 40 40
27 39 27
22 72 72
16 80 16
1 77 1
24 123 123
9 81 81
38 65 38
34 100 100
22 56 22
78 90 90
85 113 85
5 88 5
52 117 117
30 105 105
98 103 103
42 54 54
9 54 54
2 72 72
56 106 106
2 13 13
48 88 88
46 51 51
48 127 48
70 115 115
84 95 84
57 68 68
16 77 16
61 108 61
7 17 7
79 112 112
44 91 44
19 47 47
44 48 44
7 69 7
105 126 105
18 93 93
22 70 70
31 49 49
90 123 90
13 74 13
73 92 92
32 57 32
79 88 88
13 34 34
60 92 60
36 53 53
26 47 47
76 80 76
43 107 43
102 112 112
36 91 36
100 118 100
70 124 124
5 20 5
10 32 10
43 51 43
63 90 90
41 107 107
74 111 111
88 100 100
21 23 21
6 68 6
91 119 119
15 16 16
92 116 116
67 73 67
44 120 44
27 108 27
87 96 87
83 118 83
39 50 50
25 65 25
36 43 43
30 85 85
71 122 122
83 88 83
20 28 20
102 111 102
25 70 25
86 87 87
67 97 67
58 84 84
81 96 81
114 121 121
54 96 54
41 44 44
93 117 117
17 70 70
5 97 5
65 87 87
59 63 63
39 46 46
2 6 6
31 90 90
13 70 70
17 66 66
7 66 7
49 63 63
15 20 20
99 126 99
3 102 102
6 94 6
73 110 110
71 101 71
56 118 56
60 99 99
52 119 119
80 106 106
47 93 47
87 90 90
45 73 45
78 84 78
31 37 37
37 127 37
5 75 5
3 125 125
32 113 113
4 84 4
52 118 52
56 73 73
32 112 112
23 56 23
28 126 126
34 84 34
29 31 29
88 101 88
69 89 69
73 99 99
7 12 7
76 79 76
21 61 21
40 124 124
80 93 80
5 65 5
37 72 37
36 69 69
34 40 40
41 45 45
64 98 98
46 83 83
60 83 83
46 115 115
50 111 50
74 123 123
23 119 119
31 34 34
61 86 61
84 116 116
30 78 78
14 111 14
34 59 34
48 63 63
79 99 99
44 47 47
96 102 102
7 57 7
32 56 56
57 126 126
47 128 128
24 126 24
56 72 72
97 126 126
40 115 115
10 89 89
30 75 30
42 50 50
61 65 61
35 37 37
34 36 34
14 61 61
50 107 50
74 118 74
67 124 67
41 47 47
35 44 35
57 93 93
23 37 37
72 110 72
76 99 99
77 82 82
24 103 24
6 126 6
45 119 119
81 119 81
122 126 122
33 52 33
55 93 55
57 99 99
3 81 81
107 112 112
11 32 11
27 60 27
51 77 51
80 105 105
49 102 49
8 90 90
79 96 79
17 111 17
37 115 115
37 90 90
20 33 33
3 9 9
35 57 35
36 127 36
25 86 25
49 87 87
2 54 54
14 44 44
76 101 76
58 67 67
53 91 53
91 110 110
14 83 83
45 80 80
32 126 126
31 97 31
20 76 20
55 57 55
48 106 106
95 123 123
24 110 24
44 94 44
11 75 75
42 117 117
51 115 115
11 62 62
102 110 102
18 94 94
51 76 76
6 62 62
29 117 117
46 102 102
7 14 7
22 117 117
18 30 30
16 98 16
8 124 124
4 42 4
28 36 28
5 104 5
93 98 93
88 124 124
15 82 15
53 81 81
70 84 70
11 102 102
53 89 89
3 93 93
34 72 34
66 75 66
94 125 125
12 38 12
114 128 128
44 77 44
31 59 59
2 117 117
45 54 54
4 5 5
50 101 50
17 97 17
40 45 40
60 63 63
8 21 21
1 19 1
2 90 90
48 125 125
29 102 102
2 29 29
82 113 113
42 106 106
84 115 115
21 62 62
12 42 12
4 45 4
11 30 30
52 101 52
68 78 78
57 114 114
45 88 88
23 103 103
8 87 87
110 127 110
30 102 102
79 82 79
25 66 25
44 49 49
62 74 62
24 40 40
40 106 40
63 92 63
86 109 109
66 95 66
50 108 50
8 125 125
62 127 62
23 63 63
30 81 81
41 74 41
71 120 71
13 78 78
14 109 109
10 50 50
1 110 1
51 116 51
10 40 40
22 90 90
80 127 80
61 104 104
81 104 81
103 104 104
89 105 105
102 121 121
62 122 62
16 62 62
42 43 43
23 64 23
66 93 66
16 46 16
9 17 9
11 90 90
71 100 100
1 87 1
80 103 80
103 116 116
46 98 46
19 87 87
76 116 76
3 111 111
31 44 44
16 128 128
52 114 114
56 75 75
18 120 120
6 31 6
9 85 85
9 60 9
21 82 21
9 92 9
38 64 38
21 85 85
47 123 123
80 87 87
45 49 49
95 99 99
8 22 8
18 127 18
25 122 122
86 110 110
7 116 7
75 82 75
65 105 105
7 42 7
72 83 83
33 125 33
36 123 123
107 125 125
8 126 8
19 97 19
3 35 35
91 93 93
24 99 99
54 107 54
65 103 103
48 101 48
17 127 17
59 73 59
92 126 126
48 58 48
31 116 116
16 57 16
69 72 69
51 112 112
29 32 29
10 110 10
26 106 106
57 118 118
3 64 64
15 25 25
29 99 99
30 54 54
21 77 21
29 114 114
33 93 33
62 106 62
5 115 115
1 40 1
1 65 1
85 88 85
72 121 121
23 50 50
101 118 101
42 99 99
55 120 55
30 39 30
16 28 16
17 100 100
62 71 62
14 57 14
11 52 52
44 66 66
92 119 119
13 45 45
56 81 81
47 57 47
91 106 106
18 29 29
4 111 4
1 127 1
82 91 82
24 26 24
43 50 43
25 74 25
80 88 80
99 115 99
114 126 114
3 109 109
37 99 99
69 75 69
86 101 101
32 110 110
39 121 121
23 105 105
41 98 41
52 60 52
94 126 126
15 19 15
41 69 69
55 77 55
45 74 45
51 101 51
6 21 21
71 107 107
25 77 25
14 58 14
39 98 39
28 116 116
33 97 33
4 16 16
33 60 33
8 61 8
41 114 114
24 101 24
60 110 110
3 80 80
54 124 124
50 88 50
69 74 69
12 89 12
67 83 67
57 60 60
29 108 108
77 116 116
91 99 99
2 46 46
44 104 104
63 103 63
32 55 55
58 124 124
39 119 119
51 127 51
42 61 61
27 121 121
40 95 40
36 62 62
23 66 66
92 97 92
103 108 108
78 109 109
27 90 90
71 91 71
44 102 44
36 124 124
63 74 63
31 42 42
3 123 123
81 115 81
21 47 21
83 112 83
69 90 90
71 90 90
31 106 106
86 122 122
5 23 5
17 94 17
41 78 78
25 49 25
54 97 54
104 118 104
23 43 43
32 65 65
19 107 107
2 63 63
90 101 90
28 45 45
97 115 115
27 42 27
37 117 37
3 53 53
73 77 73
65 112 112
52 66 66
85 86 85
10 102 10
80 111 80
96 98 98
32 89 89
48 115 115
36 96 36
13 48 48
32 41 41
42 66 66
14 119 119
40 75 40
9 122 122
16 68 16
43 78 43
47 62 62
83 109 109
64 72 72
95 103 103
78 128 128
57 58 58
37 69 37
16 115 115
29 78 78
17 81 81
36 106 106
66 67 67
95 121 121
42 55 42
29 90 90
28 93 93
37 125 37
12 60 12
32 101 101
75 97 75
29 101 29
7 91 7
7 88 7
83 113 83
69 120 69
26 74 26
19 73 73
37 71 37
70 117 117
40 85 40
25 103 25
6 57 6
61 84 61
59 61 61
8 96 8
38 66 66
74 116 116
85 102 85
60 67 67
50 86 50
107 128 128
2 111 111
42 108 42
8 112 8
71 88 88
41 127 41
75 120 75
61 83 83
24 57 24
94 95 94
89 107 89
10 105 105
7 110 7
22 59 22
11 13 11
64 80 80
76 83 83
90 96 90
11 77 11
41 61 61
66 102 66
4 76 76
105 109 109
38 122 122
1 95 1
69 109 109
24 117 24
9 39 9
100 124 100
52 111 52
10 68 10
67 107 67
37 82 37
16 23 16
34 110 34
7 20 7
40 119 119
34 88 34
50 71 50
66 92 66
26 80 80
57 110 110
6 19 6
2 125 125
77 95 95
12 117 12
34 75 34
15 87 87
4 19 4
111 121 121
6 125 125
45 86 45
116 124 124
50 125 50
16 126 16
73 117 117
87 104 104
1 11 1
44 79 44
27 33 33
15 116 116
9 15 9
67 93 67
18 54 54
49 67 67
53 127 53
73 82 73
10 104 104
14 85 85
3 107 107
51 100 100
8 34 34
8 83 83
105 128 105
4 6 6
6 91 6
5 116 5
13 99 99
23 102 102
9 19 9
2 18 2
12 15 12
24 102 24
56 124 124
5 105 105
98 122 122
29 118 29
39 96 39
106 117 106
81 88 81
27 44 27
20 86 20
102 115 115
56 107 107
20 90 90
65 88 88
47 109 109
35 95 35
66 74 66
13 22 22
25 64 25
31 108 108
19 114 114
42 49 49
40 41 40
61 105 105
53 104 104
43 84 43
23 114 114
85 99 99
35 116 35
68 110 110
41 57 41
99 100 99
41 103 103
90 97 90
12 104 12
61 124 124
87 99 99
38 55 38
40 110 40
28 86 86
14 67 67
85 101 85
45 123 123
85 115 115
103 109 109
52 127 52
59 124 124
9 116 116
32 118 32
40 63 40
49 86 49
49 106 106
71 75 71
60 69 69
6 77 6
53 77 53
42 128 128
19 45 45
24 122 122
49 75 49
36 86 86
28 68 28
17 62 62
73 109 109
47 65 47
4 82 4
53 59 53
25 43 43
47 53 47
35 67 67
34 50 50
3 116 116
12 57 12
47 105 105
106 119 119
99 124 99
2 39 39
40 76 40
99 117 99
68 106 106
56 60 60
13 65 65
4 113 4
28 111 111
111 112 112
33 106 106
44 71 44
93 94 93
73 75 75
67 117 67
53 110 53
4 63 63
93 106 106
14 43 43
2 107 107
57 101 101
55 103 55
95 116 116
16 105 105
32 93 93
11 59 11
5 62 62
4 47 47
41 120 41
34 77 34
56 110 110
20 106 106
9 89 89
49 89 89
15 71 71
50 79 50
22 87 87
9 118 9
63 76 63
35 86 35
35 96 35
48 116 116
125 126 125
43 101 43
11 84 84
22 103 22
3 49 49
19 124 124
42 87 87
25 35 25
3 83 83
7 123 7
29 124 124
29 69 69
95 115 115
11 19 11
26 28 26
53 96 53
5 59 5
1 123 1
35 61 61
26 56 26
112 126 112
43 113 43
71 117 117
47 72 47
73 88 88
117 127 117
9 108 108
82 89 89
99 120 99
44 82 44
60 81 81
30 127 30
45 82 45
79 84 84
9 90 90
23 38 38
83 120 83
97 121 121
4 108 4
70 94 70
97 120 120
1 44 1
59 101 101
84 121 121
12 79 12
30 56 30
26 89 89
5 94 5
15 103 103
74 124 124
2 14 14
8 114 114
75 80 80
15 105 105
27 92 27
8 39 8
23 39 23
17 119 119
106 127 106
65 100 100
8 95 8
9 58 9
49 98 49
11 12 12
9 35 35
57 108 108
35 114 114
13 89 89
90 93 90
72 99 99
20 34 20
2 64 2
2 122 122
18 55 55
43 63 43
5 128 5
17 55 55
63 120 63
19 58 58
63 72 63
17 50 50
7 127 7
34 116 34
72 119 119
19 100 100
80 114 114
79 118 79
100 111 100
47 110 47
76 90 90
26 81 81
46 103 46
25 85 25
25 87 25
29 57 29
15 126 126
74 77 74
76 89 76
75 98 75
103 126 103
5 113 5
76 127 76
3 84 84
88 103 88
15 44 44
101 115 115
11 29 29
22 78 78
7 31 7
64 106 106
26 79 26
18 111 111
75 88 88
11 109 109
87 91 87
78 118 78
22 28 22
21 68 21
31 32 31
6 10 6
90 92 90
14 50 50
51 74 51
71 119 119
121 124 124
5 16 5
94 106 106
83 87 83
37 61 37
38 94 38
30 60 30
10 113 10
31 124 124
17 105 105
28 58 58
82 103 103
11 94 94
26 49 49
60 109 109
29 71 29
93 126 93
21 116 21
65 123 123
29 65 29
113 119 119
54 62 62
57 86 86
39 126 126
62 114 62
69 126 69
39 91 39
60 61 61
76 92 76
24 41 24
22 43 43
6 118 6
73 105 105
25 27 25
30 72 72
77 83 83
48 69 69
34 121 121
41 51 51
19 63 63
47 112 112
48 96 48
65 108 108
80 118 80
29 61 61
30 118 30
11 86 11
48 71 71
16 84 16
42 96 42
80 120 80
27 72 27
65 73 65
79 104 104
64 82 82
34 57 34
7 51 7
95 101 95
81 124 81
26 125 125
81 83 81
3 25 25
59 125 125
17 18 17
80 122 122
86 99 99
47 126 47
57 122 122
69 113 69
63 94 63
29 39 29
20 94 20
19 28 28
62 86 62
19 104 104
3 27 27
99 116 99
41 59 41
69 112 69
4 98 4
97 119 119
23 84 84
59 64 59
97 103 103
14 92 14
56 101 101
28 110 110
11 37 37
80 97 80
20 50 50
3 38 38
16 86 16
24 39 24
16 73 16
7 98 7
17 124 124
21 89 21
21 58 21
67 98 67
18 115 115
37 112 37
73 123 123
14 24 24
3 22 22
73 79 79
49 107 107
41 43 43
19 42 42
16 108 16
19 56 19
72 116 72
33 46 33
71 95 71
41 102 102
65 114 114
39 114 114
39 80 80
16 121 121
38 78 78
54 88 54
6 38 38
48 81 81
26 71 26
45 68 45
34 49 34
109 127 109
26 57 26
49 50 50
33 75 33
54 91 54
6 122 122
50 115 115
57 65 65
108 125 125
27 69 69
63 71 63
56 79 79
77 85 85
11 40 40
16 64 16
50 52 50
17 38 38
17 102 102
27 96 27
101 110 110
11 34 34
8 109 109
25 102 25
14 80 80
4 54 54
93 109 109
56 96 56
58 115 115
79 113 79
75 102 102
17 57 17
55 108 108
43 59 43
54 123 123
86 88 88
69 79 69
49 85 85
36 76 76
113 114 114
72 90 90
21 80 21
67 103 67
2 86 86
43 93 43
27 37 37
24 108 24
61 93 61
7 76 7
44 123 123
6 27 27
28 94 94
38 39 38
52 105 105
66 124 124
92 114 114
88 127 88
25 67 67
75 83 83
16 123 123
19 39 39
28 62 62
89 90 90
61 109 109
73 126 126
64 84 84
50 112 50
77 115 115
84 89 89
4 107 107
23 98 23
98 112 112
1 14 1
80 81 81
70 122 122
8 26 8
54 72 54
74 85 85
6 89 89
58 119 119
28 70 70
20 112 20
97 102 102
10 63 63
6 11 6
60 66 66
1 101 1
15 48 48
3 66 66
19 123 123
75 90 90
29 47 47
40 103 40
49 104 104
53 107 53
27 89 27
38 108 38
17 60 17
27 49 27
40 80 40
53 103 53
16 38 16
87 109 109
81 103 81
53 114 114
17 27 27
5 82 5
22 124 124
75 118 75
42 86 42
74 105 105
22 120 22
59 128 128
38 61 61
70 73 70
73 101 101
104 109 109
3 48 48
20 73 20
46 72 72
22 104 104
92 128 128
44 107 107
13 15 15
4 41 4
106 118 106
21 27 21
61 88 61
94 100 100
59 69 69
46 56 46
34 114 114
44 111 44
58 98 58
45 100 100
81 82 81
44 63 63
6 51 6
8 64 8
105 119 105
45 62 62
79 115 115
41 60 60
9 64 9
65 127 65
42 85 85
14 38 38
18 112 112
84 90 90
17 21 21
5 37 37
8 81 81
50 98 50
8 17 8
9 127 9
19 122 122
85 125 85
66 109 109
44 106 106
40 67 67
107 117 117
15 49 49
55 112 112
8 68 8
34 56 34
18 48 48
30 123 123
54 63 54
10 98 10
8 116 8
26 91 26
43 85 43
16 51 16
67 126 67
44 64 44
45 99 99
78 119 119
53 84 53
22 125 125
98 110 110
67 110 67
34 98 34
77 97 97
28 78 78
23 69 69
61 89 89
49 79 49
27 128 128
48 105 105
38 116 38
4 40 40
5 81 81
58 120 58
37 41 37
49 73 49
37 68 37
9 113 9
54 94 54
23 67 67
4 61 61
19 29 29
90 117 90
18 97 97
69 123 123
48 107 107
58 65 65
2 53 53
20 57 20
58 79 79
33 92 33
78 107 78
22 23 22
65 118 65
43 54 43
110 114 114
38 85 85
7 68 7
54 109 109
10 69 69
2 25 25
34 61 34
6 117 117
4 32 4
36 55 55
69 83 69
67 112 67
4 100 100
33 48 33
18 43 43
31 76 76
10 19 10
113 121 121
1 32 1
65 91 65
65 70 70
1 80 1
30 108 108
7 71 7
31 65 65
18 114 114
54 55 54
17 104 104
12 121 12
38 81 81
22 116 116
82 90 90
24 47 24
48 75 48
14 107 107
91 96 91
56 105 105
46 107 107
26 96 26
7 122 7
35 91 35
41 92 41
24 124 124
24 51 24
16 56 16
60 79 79
5 90 90
18 105 105
43 124 43
26 61 61
20 77 20
62 120 62
5 89 5
96 100 100
10 66 66
48 89 89
12 51 12
107 118 107
96 101 101
46 118 46
1 24 1
119 128 119
69 127 69
2 93 93
80 108 80
50 124 124
5 44 5
29 59 29
49 61 61
38 119 119
2 33 33
73 113 113
27 87 27
2 43 43
25 51 25
25 59 25
55 97 55
46 96 46
8 75 8
10 17 10
30 84 84
42 109 109
38 52 38
73 122 122
3 89 89
51 126 51
74 97 97
12 65 12
25 40 40
98 111 111
39 123 123
51 66 66
37 120 37
38 73 38
35 40 40
16 31 16
34 85 85
29 122 122
72 80 80
69 94 69
9 37 37
13 64 13
79 122 122
22 74 22
112 115 115
60 105 105
15 56 15
61 75 61
65 80 80
63 128 128
10 107 10
41 91 41
83 99 99
107 120 107
99 109 99
68 124 124
20 124 124
9 111 9
6 73 6
85 107 85
8 48 8
64 68 68
77 125 125
105 113 105
17 91 17
86 114 114
5 11 5
81 125 81
21 120 21
35 105 105
63 87 63
98 107 107
44 85 85
5 112 5
33 112 33
3 92 92
25 125 25
10 25 25
4 38 38
37 119 119
34 124 124
48 110 110
20 35 20
42 79 42
32 71 71
2 12 12
94 109 109
39 92 39
57 74 74
80 98 80
12 114 12
2 34 34
17 90 90
110 120 110
82 122 122
60 62 62
13 63 63
5 22 5
1 49 1
7 49 7
7 23 7
2 127 2
44 124 124
9 21 21
35 52 35
67 92 67
79 114 114
23 24 24
41 123 123
48 65 48
69 86 69
35 45 35
39 59 39
34 99 99
11 43 43
113 128 128
34 123 123
8 113 8
3 57 3
62 91 62
5 98 5
5 50 5
53 74 53
11 97 11
9 106 106
81 84 81
11 47 47
28 91 28
2 62 62
30 36 30
41 67 67
13 36 13
68 125 125
64 76 76
38 59 38
44 53 53
33 128 128
31 91 31
39 87 87
33 54 54
62 90 90
24 95 24
55 79 55
18 91 18
8 117 117
42 44 44
20 111 20
3 105 105
75 84 84
48 78 78
32 109 109
6 96 6
3 121 121
40 86 40
12 43 12
37 80 37
79 81 81
37 124 37
53 101 53
56 71 71
60 87 87
61 77 61
32 98 32
62 105 105
14 32 14
11 46 46
46 92 46
40 88 40
85 98 85
61 99 99
99 107 99
63 108 63
46 53 53
15 102 102
45 67 67
92 108 108
93 105 105
37 63 37
104 121 104
19 49 49
6 7 7
35 90 90
36 85 85
13 110 110
27 56 27
40 107 40
15 34 34
35 94 35
85 128 128
63 114 63
30 116 116
42 116 116
24 74 24
3 118 3
21 92 21
77 84 84
27 67 67
5 124 124
18 32 32
29 115 115
68 123 123
58 94 94
11 116 116
95 105 105
74 107 107
47 111 47
24 128 128
9 44 44
67 118 67
36 48 48
22 108 108
65 107 107
31 82 31
56 64 56
12 100 100
32 104 104
29 80 80
81 122 81
12 122 12
73 107 107
1 75 1
4 120 4
11 68 11
43 90 90
1 116 1
54 86 54
60 112 112
24 69 69
10 44 10
11 44 44
31 84 84
69 121 69
76 88 76
59 65 59
24 38 24
43 77 43
74 106 106
21 34 21
10 27 27
28 66 66
57 119 119
40 77 40
53 85 85
111 124 124
65 115 115
1 21 1
110 111 110
56 104 104
22 80 80
42 123 123
55 72 72
88 102 88
88 105 105
101 124 124
48 111 48
47 115 115
20 23 20
66 126 66
23 72 72
71 98 71
64 119 119
97 116 116
58 64 58
5 40 5
32 72 72
56 128 128
3 23 23
19 83 83
9 61 61
70 126 70
79 91 79
19 37 37
44 118 44
76 82 76
21 51 21
70 112 112
51 60 51
28 54 54
69 71 69
25 28 25
6 28 6
3 74 74
40 112 40
121 122 122
61 68 61
28 75 75
66 72 66
35 100 100
26 33 33
28 39 39
57 63 63
5 119 119
67 82 67
66 82 66
102 103 102
26 120 26
1 33 1
75 101 75
38 118 38
30 86 30
124 128 124
8 59 8
3 99 99
49 97 49
103 113 103
39 49 49
50 76 50
46 116 116
32 47 47
66 87 87
12 105 12
23 127 23
38 86 38
47 71 47
12 36 12
54 92 54
74 90 90
6 64 6
5 24 5
35 118 35
7 121 7
53 61 61
116 119 119
7 59 7
21 55 21
47 51 47
83 107 83
81 114 81
67 77 67
8 36 8
99 101 99
15 118 15
103 118 103
4 50 50
8 57 8
56 125 125
103 128 128
36 92 92
37 51 37
30 96 30
35 47 47
31 61 61
18 42 42
86 112 112
23 95 23
11 92 11
46 117 117
62 94 62
5 91 5
75 125 125
9 86 9
43 115 115
61 121 121
30 71 71
30 103 103
70 72 70
75 121 121
70 78 78
4 128 128
32 90 90
17 89 89
66 91 66
6 85 85
31 67 67
68 95 95
108 128 128
32 35 35
52 53 53
62 96 62
93 114 114
35 78 78
82 101 101
56 117 117
89 122 122
31 63 63
30 63 63
80 84 80
29 64 29
39 108 108
95 110 110
16 70 16
6 92 6
6 99 99
11 114 114
40 120 40
25 37 37
77 113 113
64 108 108
52 122 122
17 71 71
35 85 85
33 59 33
1 107 1
53 79 53
52 97 52
5 17 5
82 98 82
81 112 81
27 97 27
38 104 104
8 89 8
24 43 43
20 26 20
33 111 33
84 124 124
65 124 124
10 67 67
38 88 38
6 88 6
90 104 90
4 31 4
28 52 52
69 128 128
37 40 37
74 103 103
2 108 108
1 29 1
95 109 109
77 100 100
101 128 128
16 104 104
34 41 34
2 77 2
75 106 106
17 30 17
16 47 16
48 90 90
25 106 106
1 39 1
76 128 128
67 75 67
9 67 67
21 88 21
61 97 61
85 97 85
45 127 45
63 70 63
93 110 110
88 126 88
91 125 125
57 111 111
57 120 120
29 84 84
14 125 125
41 104 104
37 113 37
8 40 40
28 89 89
15 117 117
18 53 53
20 105 105
40 89 40
45 59 45
53 76 76
47 49 47
67 87 67
22 84 84
5 33 5
95 111 111
6 35 35
3 24 24
89 98 89
96 117 117
9 69 69
21 44 21
7 45 7
4 77 4
75 103 103
10 82 10
73 116 116
28 42 42
69 97 69
7 101 7
32 63 63
13 117 117
49 82 49
5 47 5
68 71 71
47 91 47
64 118 64
22 86 22
34 113 34
75 111 111
19 89 89
16 48 16
2 101 101
26 31 26
5 122 122
27 79 27
99 121 99
47 79 47
96 107 107
42 76 76
40 79 40
31 87 87
24 52 24
88 110 88
29 63 63
25 84 25
103 127 103
70 86 70
117 120 117
67 111 67
107 116 107
71 110 110
52 113 52
10 26 10
4 26 26
13 114 114
53 95 53
1 45 1
64 97 97
62 83 62
3 39 39
15 32 15
31 99 99
40 91 40
14 91 14
40 54 40
89 120 89
89 111 89
64 122 122
30 122 122
7 119 7
36 56 56
88 128 128
53 128 128
4 24 24
68 76 76
55 90 90
2 123 123
22 123 123
81 85 81
22 119 119
44 61 61
40 123 40
79 120 79
2 16 16
4 97 4
15 93 93
6 34 34
71 87 87
34 70 34
26 112 112
9 25 25
52 80 80
33 42 33
31 126 126
34 89 34
59 66 66
21 63 63
9 50 50
5 127 5
60 89 89
71 82 71
18 128 128
50 93 50
54 89 54
54 126 54
3 58 58
85 95 85
51 99 99
67 105 105
50 103 50
60 102 102
44 108 44
22 95 22
20 93 20
7 65 7
5 35 5
18 67 67
35 64 35
115 121 115
15 31 15
7 128 7
116 117 117
43 70 43
54 104 54
8 37 37
90 98 90
30 37 37
112 120 112
85 89 85
55 96 55
15 52 52
57 73 73
51 64 51
6 49 6
100 116 100
52 77 52
73 104 104
61 100 100
1 46 1
62 95 62
46 59 46
5 60 5
46 108 108
98 100 100
112 113 112
31 92 92
92 100 100
75 124 124
1 61 1
32 88 88
16 76 16
109 125 109
15 50 50
44 128 128
35 102 35
3 30 30
19 70 70
15 114 114
33 38 33
75 123 123
6 103 6
2 47 47
47 107 47
25 99 99
19 121 121
55 119 119
46 87 87
60 127 60
33 96 33
80 94 80
32 46 46
32 81 81
3 21 21
98 105 105
16 107 16
94 120 94
22 27 27
20 60 20
50 56 50
35 123 123
52 70 70
95 98 95
58 63 63
113 118 113
45 76 76
77 111 111
24 28 24
43 86 43
38 96 38
27 31 27
9 49 49
45 56 45
81 94 81
2 30 30
33 51 33
95 102 102
89 124 124
10 84 10
15 127 15
20 21 21
48 108 108
18 62 62
15 24 24
95 127 95
1 120 1
26 113 26
15 99 99
77 102 102
47 120 47
58 60 60
36 105 105
34 73 34
89 97 89
32 69 69
10 91 10
49 126 49
43 81 81
106 108 106
8 35 8
7 70 7
102 120 102
60 76 76
112 127 112
19 59 59
18 20 20
28 71 71
54 60 54
22 55 22
5 86 5
34 37 37
64 88 88
56 59 59
77 79 79
38 97 38
37 87 37
56 102 102
59 114 114
76 93 76
51 75 51
17 121 121
84 120 84
34 109 109
28 38 38
7 47 7
66 85 85
79 93 93
74 126 126
13 95 95
3 100 100
58 88 88
55 61 61
91 123 123
83 84 83
39 120 39
20 103 20
58 68 58
5 87 5
58 87 87
76 78 78
67 72 67
7 41 7
55 95 55
115 127 115
12 113 12
48 120 48
73 89 89
41 119 119
19 118 19
19 81 81
24 55 24
98 118 98
45 65 45
21 100 100
51 98 51
53 108 53
63 121 121
47 75 47
34 60 34
40 58 40
3 63 63
25 39 25
9 101 9
64 94 94
45 83 83
50 77 50
53 111 53
74 114 114
92 104 104
76 118 76
88 104 104
87 97 87
78 100 100
47 61 47
38 75 38
12 41 12
37 123 37
114 116 114
59 88 88
1 60 1
7 35 7
20 116 20
36 104 104
65 92 92
98 126 126
21 37 37
6 76 76
9 99 99
27 82 27
31 79 79
66 94 66
39 69 69
13 25 25
1 85 1
8 58 8
54 90 90
52 62 62
2 74 2
57 121 121
52 120 52
31 77 31
32 50 50
17 44 44
43 109 109
8 62 62
55 67 67
75 79 79
4 25 25
18 25 25
62 78 62
64 109 109
21 107 21
61 82 61
32 64 32
2 81 81
53 123 123
112 118 112
18 36 36
9 45 45
3 5 5
43 123 43
57 124 124
18 122 122
22 83 83
43 116 43
48 93 93
16 90 90
49 78 78
12 86 12
53 75 53
39 109 109
20 100 100
7 46 7
87 100 100
4 23 4
1 3 1
44 95 44
11 127 11
27 122 122
3 65 65
24 118 24
28 98 28
31 128 128
20 78 78
19 80 80
87 98 87
41 94 94
32 103 103
50 60 50
24 42 24
63 115 115
61 120 61
89 127 89
12 76 12
58 114 114
47 77 47
78 82 78
42 122 122
71 89 89
21 81 81
70 100 100
2 45 45
103 110 110
28 114 114
84 101 84
64 128 128
85 109 109
32 73 73
75 95 75
3 69 69
30 32 30
18 44 44
73 115 115
53 82 53
25 101 25
47 48 47
62 118 62
79 125 125
86 127 86
36 116 116
83 116 83
87 118 87
65 121 121
85 120 85
42 57 42
2 84 84
35 59 35
70 109 109
42 115 115
15 55 55
7 106 7
101 102 102
77 126 126
66 68 66
56 108 108
16 91 16
30 117 117
96 122 122
12 54 12
56 116 116
12 53 12
24 49 24
39 118 39
26 116 26
82 118 82
62 66 62
61 74 61
55 69 69
26 65 26
92 115 115
48 59 48
1 63 1
23 27 27
13 17 17
75 91 75
46 62 62
61 87 87
18 104 104
50 119 119
32 68 32
8 128 128
65 94 94
71 125 125
59 60 60
17 99 99
11 85 85
37 83 37
31 62 62
20 59 20
34 63 63
64 114 114
86 104 104
1 122 1
81 100 100
15 29 29
23 128 128
55 127 55
24 86 24
26 38 38
57 100 100
63 113 63
48 67 67
86 96 86
16 96 16
112 116 112
20 61 20
24 113 24
17 40 40
63 105 105
29 87 87
31 96 31
31 119 119
27 29 27
63 91 63
95 113 95
10 116 10
97 127 97
60 108 108
7 33 7
103 119 119
10 53 53
69 95 69
39 68 39
27 106 106
84 85 85
72 127 72
50 128 128
69 88 69
50 99 99
54 81 81
14 25 25
58 69 69
127 128 128
53 117 117
39 128 128
40 55 40
31 45 45
65 113 113
86 102 102
10 99 99
36 42 42
41 117 117
81 102 81
19 72 72
71 72 72
93 95 93
8 106 106
5 63 5
60 96 60
33 105 105
43 76 43
14 22 22
10 42 10
55 121 121
37 106 37
74 83 83
74 120 120
8 115 115
74 84 84
65 98 65
49 66 66
65 119 119
5 57 5
38 98 38
33 117 33
47 55 47
25 30 25
24 93 24
34 95 34
12 29 12
79 107 107
76 94 76
38 117 117
16 44 16
102 104 104
41 95 41
5 26 5
31 89 89
13 19 13
45 55 45
15 120 15
119 123 119
18 58 58
8 52 8
95 112 112
17 128 128
40 78 40
9 46 9
11 76 76
34 111 34
36 71 71
117 124 124
62 117 62
17 108 108
58 109 109
69 73 69
52 54 54
82 124 124
33 82 33
35 56 35
14 48 14
25 32 25
62 103 62
21 113 21
87 103 87
42 88 88
57 104 104
11 16 16
59 76 76
118 128 128
12 72 12
24 112 24
45 104 104
17 22 22
42 59 42
4 59 4
105 111 105
15 85 85
35 97 35
98 127 98
34 51 34
22 127 22
98 104 104
13 75 75
62 101 62
5 111 5
39 61 61
20 109 109
41 48 48
39 78 78
16 29 16
101 121 121
30 104 104
23 68 23
9 124 124
30 50 50
12 125 12
4 51 51
21 24 24
5 100 100
7 60 7
59 87 87
73 118 73
48 82 48
46 119 119
46 55 55
51 96 51
46 121 121
5 19 5
45 117 117
21 54 54
114 117 114
77 122 122
26 122 122
77 107 107
42 48 42
59 72 72
30 68 30
60 104 104
72 94 72
36 70 70
111 113 111
49 59 49
32 60 60
68 83 83
72 84 72
20 66 20
54 80 54
44 50 50
94 117 117
44 70 70
14 15 14
97 113 113
58 66 66
59 105 105
29 86 29
44 74 44
38 74 38
93 120 93
108 116 116
62 84 62
90 103 90
97 114 114
75 116 116
8 14 8
53 106 106
42 72 72
109 128 109
16 92 16
15 124 124
19 67 67
119 124 119
27 98 27
46 97 46
38 60 38
45 93 45
67 100 100
64 124 124
26 128 128
64 71 71
16 54 54
27 68 27
76 119 119
20 47 20
71 109 109
77 108 108
83 94 83
51 79 51
68 85 85
29 121 121
28 97 28
6 70 6
93 99 99
58 61 61
120 127 120
11 23 23
50 96 50
102 126 102
9 28 9
40 94 40
48 97 48
43 110 43
40 113 40
79 98 79
21 118 21
5 18 5
87 107 87
57 116 116
24 87 24
5 85 5
43 65 43
63 98 63
78 96 78
18 101 101
83 111 83
67 119 67
13 66 66
30 76 76
9 20 20
28 35 35
30 111 30
6 47 47
99 110 99
46 80 80
16 88 16
15 84 84
2 88 88
20 41 20
63 119 119
40 84 40
22 52 52
52 72 52
12 95 12
77 98 98
39 97 39
42 80 80
22 30 22
66 99 99
54 83 54
88 97 88
26 77 26
19 109 109
60 123 123
107 121 121
33 63 33
51 88 88
53 109 109
33 61 33
3 104 104
17 122 122
36 89 89
42 90 90
13 69 69
46 94 46
33 35 33
18 61 61
14 103 14
10 48 10
43 57 43
98 128 128
71 114 114
7 38 7
19 84 84
37 116 37
49 113 49
104 124 124
36 115 115
49 55 49
17 87 87
86 91 86
65 120 65
14 90 90
52 65 52
5 34 5
107 109 109
54 59 54
31 105 105
70 80 80
101 123 123
105 125 105
35 76 76
58 99 99
38 70 38
12 39 12
36 88 88
53 102 53
27 51 27
83 124 124
4 35 35
42 104 104
27 53 27
103 123 123
24 120 24
1 102 1
63 96 63
20 53 20
33 34 33
19 99 99
70 111 70
72 124 124
105 110 105
21 111 21
59 117 117
14 70 70
75 122 122
4 12 12
75 112 112
5 45 5
41 79 79
19 55 55
16 71 16
49 120 49
10 122 122
18 119 119
38 82 38
56 76 76
19 78 78
43 79 43
35 51 35
41 64 41
26 84 26
2 26 26
74 100 100
22 94 22
49 110 49
6 22 6
32 70 70
118 121 121
106 121 106
59 78 78
58 62 62
42 46 42
76 100 100
97 124 124
104 114 104
44 93 44
41 128 128
24 92 24
18 123 123
36 93 93
18 66 66
48 113 48
42 78 78
37 86 37
49 109 109
6 53 53
53 97 53
26 90 90
45 50 50
101 122 122
30 98 30
105 118 105
54 61 54
19 95 95
59 68 59
39 88 88
17 63 63
5 77 5
7 36 7
47 86 47
80 90 90
20 82 20
1 70 1
39 76 76
3 61 61
24 54 54
65 89 89
98 116 116
73 106 106
68 93 93
80 86 80
11 21 21
14 21 21
46 81 81
70 119 119
41 110 110
28 63 63
12 119 12
11 124 124
10 36 10
25 42 25
38 121 121
7 73 7
1 30 1
26 124 124
3 95 95
28 120 28
61 63 63
51 110 51
106 114 106
39 81 81
74 91 74
113 123 123
15 39 39
12 77 12
21 78 21
68 94 94
45 70 70
79 87 87
47 52 47
63 100 100
1 56 1
36 46 46
34 44 34
17 65 17
28 77 28
40 81 81
9 77 9
15 17 17
41 70 70
82 121 121
101 104 104
16 87 16
1 104 1
27 113 27
23 77 23
48 119 119
14 110 110
12 102 12
22 128 128
12 83 12
35 106 106
16 120 16
96 105 105
35 58 35
26 119 119
87 126 87
4 91 4
5 101 5
43 117 43
13 37 37
41 56 41
51 57 51
101 120 101
19 68 19
14 95 14
84 98 84
2 78 78
65 125 125
90 116 90
26 41 26
11 125 125
4 57 4
62 75 62
24 68 24
54 64 54
55 117 117
41 116 116
28 125 125
6 121 121
32 117 117
50 95 50
32 42 42
62 99 99
61 102 61
85 106 106
54 127 54
36 97 97
23 94 23
59 98 59
31 123 123
9 109 109
63 97 63
4 34 34
81 101 81
11 41 41
11 126 126
114 125 114
2 36 2
3 50 50
19 101 101
23 126 23
54 117 54
18 72 72
65 75 75
1 94 1
32 122 122
61 67 67
72 114 114
18 34 34
46 60 46
5 117 5
52 108 52
55 125 125
8 73 8
2 69 69
44 117 117
1 31 1
39 90 90
88 114 114
28 61 61
58 127 58
60 71 71
50 62 62
63 118 63
41 42 42
27 100 100
2 44 44
35 89 89
1 38 1
75 126 126
19 98 19
22 77 22
39 58 39
58 104 104
44 81 81
74 89 89
51 54 54
13 112 112
4 104 104
53 55 53
57 76 76
3 26 26
61 123 123
1 128 1
29 89 89
112 114 114
88 90 90
31 88 88
11 81 81
2 23 23
24 106 106
69 114 69
48 95 48
1 52 1
13 31 13
81 105 105
96 124 124
99 127 99
25 123 123
35 107 35
19 90 90
65 85 85
3 77 3
1 55 1
50 81 81
10 34 34
17 24 24
66 88 66
60 77 60
52 128 128
65 102 102
13 84 84
80 115 115
9 32 9
39 111 111
12 106 12
35 36 35
40 59 40
33 72 33
24 31 24
56 87 87
64 69 69
53 119 119
77 109 109
2 82 2
48 94 48
31 110 110
15 74 15
100 119 100
48 49 49
20 72 20
61 126 61
70 97 70
2 76 76
11 14 14
32 116 116
64 92 92
52 93 52
108 113 108
77 110 110
65 117 117
3 73 73
26 82 26
62 85 62
69 117 69
53 122 122
24 100 100
96 115 115
31 39 39
37 121 37
26 104 104
8 78 78
29 72 72
38 123 123
30 47 47
1 12 1
20 83 83
55 114 114
2 4 4
82 95 95
9 68 9
19 46 46
88 89 89
93 112 112
51 117 117
52 74 52
42 81 81
55 111 55
75 119 119
94 115 115
58 118 58
14 87 87
25 112 25
104 117 104
55 92 55
8 118 8
39 107 107
22 65 22
100 109 109
15 33 33
26 68 26
58 101 101
35 69 69
13 35 35
46 112 112
63 110 63
63 68 63
39 115 115
44 72 72
57 72 72
67 109 109
44 78 78
33 116 33
16 50 50
27 102 27
53 63 63
76 96 76
53 115 115
55 83 83
26 75 26
54 114 54
6 101 6
2 85 85
28 102 102
15 115 115
69 93 69
103 105 105
27 127 27
60 116 116
41 121 121
10 100 100
86 93 93
116 121 121
91 115 115
50 90 90
37 54 37
27 119 119
94 119 119
80 126 80
53 62 62
109 121 109
77 117 117
47 103 47
7 58 7
54 110 54
39 125 125
73 124 124
41 101 41
2 104 104
43 111 43
2 115 115
42 111 42
2 106 106
9 96 9
29 119 119
27 116 27
7 109 7
52 81 81
36 37 37
113 122 122
73 112 112
32 111 111
67 74 67
28 104 104
41 72 72
3 98 98
27 45 27
22 71 22
13 50 50
21 38 21
50 68 50
27 30 27
30 35 35
15 111 111
6 15 6
16 25 25
2 52 52
51 65 51
31 86 86
26 55 26
80 124 124
32 84 84
51 69 69
29 66 66
46 127 46
123 127 123
102 123 123
37 85 37
24 82 24
78 124 124
74 125 125
44 45 44
14 62 62
25 120 25
21 76 21
37 91 37
1 59 1
36 78 78
46 113 46
28 37 37
113 124 124
62 79 62
23 40 40
64 123 123
47 88 47
64 125 125
76 123 123
24 77 24
70 118 70
56 61 61
13 71 71
48 66 66
6 29 6
94 107 107
13 61 61
82 114 114
20 113 20
22 34 34
6 25 25
4 56 4
79 128 128
15 69 69
14 77 14
24 46 24
29 51 51
88 123 123
7 83 7
37 102 37
19 27 27
53 94 53
41 109 109
36 47 47
106 123 123
6 83 83
23 88 88
41 96 41
11 38 38
79 110 110
71 85 85
13 103 103
23 96 23
58 126 126
16 122 122
68 87 87
8 38 8
22 122 122
34 71 34
66 116 66
4 55 4
61 95 61
84 102 84
9 31 9
46 73 46
20 97 20
23 82 23
94 111 111
63 93 63
30 128 128
72 111 72
67 127 67
26 88 88
68 99 99
13 30 30
42 126 42
64 103 103
21 128 128
16 89 16
5 31 5
62 100 100
15 128 128
16 18 16
29 92 29
18 68 68
18 107 107
36 39 39
59 109 109
54 100 100
48 51 51
43 120 43
80 82 80
54 76 54
50 82 50
39 110 110
88 91 88
78 95 78
61 110 61
29 62 62
64 95 95
68 102 102
84 123 123
3 36 36
50 102 50
123 128 128
64 126 126
68 112 112
64 73 73
44 51 51
10 62 62
49 64 49
53 64 53
19 82 19
54 65 54
14 126 14
94 118 94
23 89 89
27 61 27
2 8 8
9 95 9
87 93 87
5 61 5
36 112 112
29 43 43
10 11 10
92 121 121
81 87 81
42 125 125
39 66 66
38 62 62
12 75 12
47 84 47
91 108 108
17 106 106
35 60 35
41 76 76
17 25 25
20 80 20
53 124 124
2 9 9
46 77 46
58 72 72
53 56 53
22 97 22
17 59 17
27 34 27
56 98 56
2 50 50
72 78 78
17 52 52
71 127 71
49 114 114
11 105 105
44 65 44
25 104 104
34 106 106
49 108 49
94 113 94
1 100 1
35 127 35
42 121 121
17 85 85
63 107 63
97 117 117
33 87 33
16 61 16
15 89 89
9 84 84
12 14 12
17 29 29
14 68 14
14 26 26
15 26 26
28 112 112
9 126 9
33 65 33
9 97 9
25 79 25
33 78 33
46 99 99
87 111 87
62 121 62
10 65 10
110 119 119
21 33 33
52 55 52
68 81 81
6 69 69
78 81 81
5 52 5
28 80 80
7 90 7
77 93 93
3 108 108
31 36 31
33 127 33
98 121 121
84 113 84
4 71 4
11 110 110
91 109 109
40 122 122
58 80 80
48 118 48
41 54 54
38 102 38
74 92 92
35 126 35
21 104 104
25 128 128
31 71 71
78 94 78
73 120 73
21 86 21
43 112 43
44 103 44
21 110 21
109 115 109
3 86 86
21 114 114
21 102 21
51 104 104
10 86 10
2 22 22
10 88 10
65 83 83
108 119 119
65 109 109
88 95 88
22 121 121
30 90 90
10 77 10
10 76 76
23 80 80
6 8 8
28 65 65
6 105 105
111 128 128
82 111 111
38 56 38
37 77 37
15 100 100
14 28 14
16 72 16
69 70 69
92 102 102
35 104 104
20 88 20
86 117 117
15 67 67
3 42 42
62 76 62
47 50 50
76 91 76
7 25 7
3 29 29
1 37 1
38 87 87
47 97 47
26 39 26
13 42 42
2 112 112
8 92 8
30 110 110
73 83 83
2 98 2
70 104 104
24 81 81
76 109 109
4 28 4
73 128 128
18 86 86
31 120 31
59 97 59
42 124 124
61 107 61
88 117 117
10 61 61
71 113 71
35 65 35
39 40 40
42 56 42
55 60 55
90 95 90
55 99 99
19 52 52
27 65 27
90 114 90
20 36 20
3 47 47
21 53 21
7 96 7
60 82 60
54 75 54
80 109 109
1 71 1
68 119 119
52 98 52
41 112 112
45 108 108
115 116 115
26 64 26
42 110 42
36 66 66
61 118 61
34 108 34
53 90 90
6 41 6
8 31 8
112 122 122
58 103 103
28 46 46
40 111 40
48 112 112
88 92 88
69 91 69
11 104 104
17 19 17
70 76 76
102 125 125
21 26 21
117 123 123
57 107 107
43 105 105
11 82 11
68 70 70
29 36 29
54 121 54
35 83 83
29 106 106
11 120 11
24 91 24
15 104 104
95 114 114
4 121 121
10 127 10
13 93 93
45 121 121
75 105 105
25 52 25
6 102 6
21 36 21
47 98 47
46 84 84
9 80 80
22 66 66
22 79 22
37 49 37
72 73 72
83 123 123
24 27 24
104 127 104
20 115 115
3 128 128
11 51 51
72 85 85
31 112 112
26 101 26
36 108 108
60 85 85
34 115 115
49 94 49
21 83 83
21 96 21
62 116 62
74 115 115
9 78 78
2 11 11
24 119 119
22 57 22
23 49 49
61 94 61
51 95 51
1 78 1
53 58 53
59 86 86
4 37 37
99 103 99
12 98 12
79 80 80
18 126 126
8 65 8
93 111 93
124 127 124
6 97 6
25 116 25
14 20 20
47 106 106
50 123 123
34 82 34
11 80 80
57 103 103
64 83 83
114 124 124
10 43 43
91 118 91
1 57 1
41 66 66
75 100 100
116 122 122
24 71 24
2 24 24
14 63 63
27 85 85
59 95 95
21 22 21
3 68 68
7 18 7
17 74 17
16 49 16
105 108 105
8 50 50
83 91 83
118 125 125
12 16 12
28 81 81
34 97 34
2 95 95
87 105 105
81 107 81
17 76 76
84 99 99
69 101 69
56 66 66
14 102 102
69 99 99
45 113 45
76 115 115
35 43 43
66 70 66
87 106 106
105 116 105
6 84 6
88 118 88
98 106 106
28 44 44
10 126 10
53 65 53
15 51 51
95 108 108
36 98 36
80 95 80
48 57 48
3 43 43
35 117 117
9 123 123
96 97 97
85 117 85
28 123 123
11 15 15
2 92 92
56 90 90
104 107 104
53 118 53
98 117 117
30 97 30
41 124 124
8 121 121
19 112 112
84 106 106
58 91 58
95 119 119
28 119 119
12 18 12
42 63 63
7 9 7
77 101 101
20 108 20
32 120 120
7 48 7
70 91 70
44 52 52
7 124 7
17 34 34
79 111 79
70 128 128
11 35 35
28 103 103
33 55 33
40 104 40
27 28 27
7 118 7
25 57 25
22 29 29
7 30 7
18 60 60
75 114 114
2 128 128
115 117 115
58 83 83
17 41 17
63 81 81
76 85 85
36 111 111
4 109 109
24 94 24
42 101 42
22 115 115
29 104 104
80 121 121
20 27 27
4 89 89
12 111 12
66 83 83
1 118 1
53 88 53
37 73 37
51 85 85
17 36 17
33 67 67
88 112 112
3 94 94
34 66 34
12 127 12
39 117 117
51 119 119
2 37 37
6 43 43
63 85 63
45 94 45
63 83 63
9 26 26
4 118 4
38 71 38
41 84 84
2 119 119
56 114 114
31 100 100
12 30 12
33 76 33
5 72 5
51 109 109
22 38 38
13 123 123
29 83 83
89 94 89
15 75 15
50 120 50
22 54 54
91 111 111
20 56 20
7 15 7
72 109 109
17 84 84
16 33 33
23 32 23
79 85 85
88 115 115
81 110 81
11 31 11
68 89 89
6 42 6
17 46 46
34 39 34
77 105 105
66 69 69
22 53 53
38 44 38
77 118 77
11 36 11
16 83 83
45 69 69
15 42 42
31 66 66
32 49 49
30 107 107
101 112 112
12 64 12
18 40 40
36 58 58
26 69 69
67 69 67
55 107 107
8 18 8
37 78 37
16 97 16
6 109 109
35 63 63
12 13 12
33 47 33
64 86 86
40 126 40
10 73 10
78 113 78
85 122 122
91 102 102
68 107 107
52 89 89
34 112 34
41 52 52
13 57 13
38 128 128
30 65 30
82 84 84
70 92 70
5 84 5
9 27 27
3 91 91
62 108 62
67 79 67
62 70 62
46 126 46
80 102 80
4 93 4
100 110 100
52 102 52
38 113 38
49 112 112
22 110 110
25 78 25
20 52 20
7 79 7
11 112 112
30 94 30
60 65 60
63 102 63
33 122 122
67 95 67
11 53 53
41 49 49
79 105 105
47 100 100
45 57 45
70 123 123
38 110 38
90 128 90
11 100 100
60 84 84
39 64 39
16 45 16
32 48 48
74 122 122
28 121 121
63 123 123
44 84 44
15 40 40
74 117 117
23 53 53
94 104 104
47 63 63
109 116 109
7 53 7
3 96 3
31 113 113
75 78 78
29 48 29
70 82 70
108 123 123
57 92 92
4 114 114
62 63 62
33 44 33
46 68 46
13 47 47
31 33 33
6 74 6
89 101 89
5 41 5
70 101 70
4 75 4
45 122 122
101 108 108
68 86 86
26 70 70
17 107 107
15 47 47
4 72 72
35 88 35
96 121 121
79 127 79
4 73 4
8 110 8
21 74 21
32 85 85
35 98 35
31 55 55
37 109 109
4 112 112
14 76 76
48 85 85
22 69 69
77 96 77
48 124 124
12 85 12
81 106 81
36 107 107
53 100 100
19 93 93
16 32 16
15 66 66
63 66 63
3 17 17
23 104 104
14 64 14
92 125 125
59 115 115
36 54 54
35 99 99
28 73 73
38 105 105
29 77 29
11 57 11
32 33 33
50 69 69
86 125 125
96 108 108
6 127 6
27 93 27
97 128 128
125 128 128
40 72 40
23 74 23
26 40 40
45 77 45
19 88 88
66 108 66
39 48 48
111 122 122
83 127 83
93 108 108
37 38 37
19 126 126
115 122 115
22 49 49
55 102 102
21 66 21
9 65 9
22 106 106
4 87 87
52 82 52
51 83 83
63 112 63
21 59 21
6 61 61
16 59 16
16 34 16
29 127 29
12 17 12
24 37 37
62 119 62
11 24 24
43 99 99
6 63 63
71 78 78
46 122 122
32 107 107
5 15 5
66 112 112
27 91 27
66 123 123
71 97 71
65 68 65
1 109 1
21 40 40
22 89 89
49 96 49
53 66 66
23 78 78
26 115 115
54 82 54
22 82 22
20 87 20
6 71 6
40 101 40
14 71 14
18 37 37
115 125 115
34 69 69
38 54 54
28 55 55
90 102 90
41 89 89
5 93 5
68 82 82
69 106 69
72 126 72
12 94 12
81 86 81
19 32 19
1 64 1
23 33 33
31 121 121
55 91 55
57 125 125
15 106 106
17 31 17
26 44 26
19 116 116
66 114 114
27 52 27
18 23 23
20 31 20
96 113 113
66 120 66
85 104 104
96 112 112
13 101 101
30 62 62
2 65 65
14 45 14
76 107 76
71 86 71
39 82 39
8 70 8
21 108 21
34 127 34
67 96 67
9 36 9
39 127 39
40 52 40
78 111 78
49 65 49
74 78 78
11 64 11
33 124 124
45 84 84
21 122 122
13 54 54
4 48 4
108 120 108
41 82 41
35 109 109
57 96 96
55 94 55
71 112 112
58 107 107
109 119 109
10 58 10
28 50 50
55 122 122
3 54 54
27 40 40
42 51 51
34 83 83
47 73 47
60 111 60
44 90 90
23 34 34
66 115 115
56 68 56
36 99 99
76 108 76
58 106 106
87 112 87
67 70 67
45 71 45
38 63 63
28 64 28
13 82 13
61 78 78
94 128 128
41 115 115
107 123 123
49 119 119
14 53 53
94 105 105
43 118 43
1 6 1
85 126 85
47 85 85
69 122 122
40 69 40
20 122 122
72 92 72
30 34 34
27 58 27
6 106 106
32 102 102
118 123 123
52 57 52
50 83 50
6 104 104
11 99 99
10 59 10
37 56 37
10 37 37
113 127 113
27 125 27
59 77 59
101 125 125
58 73 58
50 55 50
54 113 54
89 126 89
1 66 1
19 33 33
9 59 9
112 128 128
18 50 50
23 62 62
14 96 14
39 62 62
55 89 89
32 44 44
53 92 53
62 82 62
87 125 87
37 52 37
62 124 62
97 122 122
4 66 66
18 103 103
1 43 1
6 81 81
14 42 42
67 81 67
37 128 37
1 72 1
34 76 34
65 116 116
8 55 8
67 80 67
80 104 104
44 97 44
71 106 106
34 119 119
26 83 83
61 85 85
48 87 87
109 111 109
122 125 122
85 87 85
73 78 78
7 63 7
19 44 44
45 125 125
42 105 105
11 17 17
90 108 90
88 94 88
65 104 104
56 91 56
58 71 71
55 75 55
11 119 119
1 34 1
5 126 5
47 58 47
55 59 55
9 119 119
75 96 75
45 66 66
104 120 104
62 67 67
10 57 10
36 45 45
74 109 109
102 124 124
24 63 63
5 64 5
73 96 73
36 120 120
14 100 100
21 115 115
45 53 53
91 113 113
57 94 94
26 50 50
51 70 51
67 102 67
2 96 2
83 119 119
30 74 30
6 87 87
19 21 21
73 80 80
38 100 100
44 60 44
43 94 43
49 90 90
13 21 21
119 121 119
25 110 25
43 45 43
56 109 109
22 48 22
70 125 125
61 96 61
1 62 1
44 110 44
53 116 53
17 109 109
52 61 61
21 39 21
4 69 69
40 128 128
3 55 55
69 82 69
33 118 33
38 120 38
36 72 72
7 44 7
20 45 20
24 80 24
3 122 122
123 125 123
53 86 53
74 119 119
17 33 33
20 110 20
8 67 67
18 98 98
22 45 22
65 122 122
86 121 121
50 75 50
14 127 14
41 118 41
68 108 108
98 125 125
56 121 121
58 113 113
86 107 107
51 67 67
46 85 85
43 55 43
82 87 87
5 96 5
15 123 123
113 117 117
18 88 88
25 119 119
46 104 104
21 93 21
12 84 12
26 67 67
26 103 26
76 121 121
44 122 122
91 128 128
38 89 89
3 10 10
6 58 6
31 52 52
4 18 4
8 98 8
5 71 5
28 113 113
7 24 7
73 84 84
11 60 60
101 103 103
30 31 30
102 108 102
83 98 83
2 79 79
73 87 87
11 27 27
15 54 54
6 46 6
25 58 25
77 120 120
27 118 27
15 91 15
35 111 35
66 98 66
85 93 85
21 119 119
61 122 122
9 91 9
87 110 87
44 89 89
56 57 56
69 107 69
46 67 67
94 122 122
19 91 19
27 95 27
24 84 24
4 21 21
38 101 38
90 110 90
40 65 40
113 120 113
85 114 85
52 69 69
48 74 48
11 93 93
42 93 42
12 20 12
106 128 128
24 62 62
79 106 106
67 94 67
1 83 1
73 111 111
12 73 12
22 114 114
118 124 124
98 113 113
35 39 35
109 113 109
95 122 122
24 105 105
64 112 112
28 69 69
30 70 70
25 75 25
22 81 81
28 47 47
30 100 100
71 103 71
57 112 112
38 80 80
56 94 94
37 79 37
22 51 51
76 106 106
51 97 51
46 66 66
35 71 35
81 108 81
1 2 1
4 124 124
16 20 16
42 98 42
62 126 62
86 100 100
54 99 99
51 93 51
67 104 67
49 93 49
89 104 104
8 127 8
74 81 81
16 100 100
35 125 125
58 81 81
39 86 39
67 90 67
54 102 54
13 119 119
44 67 67
43 74 43
34 52 34
49 101 49
6 17 6
19 106 106
61 66 61
12 21 12
35 77 35
9 112 112
67 86 67
72 98 72
2 60 60
22 44 44
110 115 115
6 100 100
117 121 121
48 98 48
44 46 44
26 46 26
41 126 126
25 50 25
33 64 33
43 66 43
10 95 10
20 102 20
78 120 78
64 120 120
78 126 78
19 50 50
3 67 67
83 101 83
7 82 7
39 95 39
101 119 119
63 86 63
65 101 101
90 107 90
29 79 29
22 100 100
5 109 109
42 74 42
42 53 53
38 48 38
32 94 94
13 96 13
76 102 76
40 82 40
17 79 17
23 124 124
11 65 11
33 85 33
107 111 107
76 111 76
25 113 25
15 107 107
92 122 122
8 19 8
81 116 81
14 113 14
24 111 24
91 116 116
9 34 34
91 95 95
74 95 95
37 89 37
48 80 80
44 125 125
62 123 62
17 86 17
66 101 66
84 118 84
33 49 33
17 28 17
78 108 78
104 122 122
31 35 35
5 125 5
83 122 122
14 49 49
17 116 116
10 54 54
76 104 104
12 81 12
29 42 42
72 97 72
12 110 12
72 118 72
5 58 5
4 115 115
29 91 29
97 118 97
84 105 105
59 108 108
74 108 108
96 126 126
5 21 5
78 103 78
57 75 75
34 67 67
34 90 90
15 94 94
3 126 126
15 125 125
14 19 14
71 126 71
91 120 120
7 64 7
4 68 4
53 113 53
51 122 122
46 52 52
63 65 63
86 124 124
17 113 17
74 104 104
23 58 23
5 51 5
27 48 27
56 67 67
43 100 100
2 31 31
47 67 67
43 71 43
1 126 1
46 120 46
32 74 32
27 59 27
55 76 76
100 102 100
52 76 76
92 127 92
29 123 123
121 123 123
27 64 27
7 126 7
66 84 66
51 124 124
5 74 5
27 117 27
12 118 12
79 94 79
25 121 25
15 36 15
60 68 60
92 93 93
29 41 29
55 126 55
93 122 122
79 103 103
58 90 90
20 32 20
49 117 117
103 122 122
21 73 21
55 116 116
14 117 117
32 77 32
80 112 112
21 109 109
26 48 26
90 106 90
39 77 39
52 79 52
29 85 85
55 100 100
90 119 90
13 116 116
25 46 25
30 83 83
35 48 35
13 122 122
114 127 114
58 105 105
4 64 4
66 118 66
58 93 93
12 116 12
24 58 24
69 125 69
34 65 34
21 29 21
27 99 99
28 32 28
69 85 69
40 44 40
33 83 33
6 90 90
7 56 7
82 108 108
22 91 22
69 96 69
45 111 45
70 89 89
49 80 80
25 91 25
3 76 76
1 115 1
32 125 125
68 109 109
78 97 78
90 111 90
22 76 76
95 117 117
10 14 10
107 110 107
72 95 72
16 42 16
24 36 24
72 89 89
28 60 60
11 42 42
78 79 78
47 87 87
37 74 37
67 71 67
84 97 84
17 98 17
34 45 34
31 118 31
76 110 76
86 94 94
94 102 102
36 125 125
36 84 84
19 66 66
49 99 99
31 68 31
5 42 5
28 118 28
37 96 37
20 44 20
27 123 123
71 83 83
82 116 116
39 105 105
13 94 94
8 94 8
59 112 112
43 73 43
66 117 117
49 128 128
73 93 93
18 56 56
13 98 13
59 103 103
3 110 110
83 125 83
34 125 34
3 79 79
28 127 28
75 81 81
21 31 21
1 69 1
32 40 40
35 110 35
66 107 66
45 115 115
4 96 4
95 104 104
120 121 121
11 61 61
14 114 114
13 105 105
39 44 44
39 83 83
44 113 44
96 109 109
62 102 62
14 16 16
2 80 80
27 36 27
21 48 21
50 114 50
14 124 124
31 72 72
52 84 52
10 46 10
86 128 128
8 44 8
25 100 100
16 116 16
13 38 38
40 64 40
54 66 54
37 58 37
83 89 83
85 118 85
80 92 80
25 48 25
57 70 70
13 73 73
25 111 25
24 60 24
46 63 63
36 60 60
45 46 45
7 105 7
22 63 63
40 57 40
21 95 21
96 125 125
11 70 70
13 127 13
14 81 81
7 99 99
38 90 90
67 78 67
58 78 78
40 83 40
9 48 9
76 117 117
63 99 99
27 94 27
19 79 79
61 79 61
28 92 92
67 113 67
35 55 35
71 92 71
48 55 55
73 94 94
20 30 20
29 38 38
70 127 70
72 112 112
30 106 106
2 42 42
1 117 1
45 103 45
28 101 101
12 63 12
72 123 123
54 87 54
8 43 43
6 120 6
98 108 108
13 32 13
54 58 54
39 65 39
115 119 115
36 103 103
100 120 100
79 116 116
32 91 32
90 91 90
37 84 37
82 96 82
27 73 27
122 123 122
92 113 113
10 49 10
10 81 81
2 20 20
47 70 47
45 60 45
69 77 69
75 128 128
50 106 106
59 80 80
29 109 109
65 110 110
4 10 10
6 48 6
21 52 21
43 49 43
50 122 122
78 110 78
55 88 88
105 127 105
25 81 81
15 45 45
45 106 106
47 114 114
1 106 1
101 105 105
18 28 28
67 106 67
34 47 34
1 9 1
82 94 94
24 88 24
3 7 7
39 60 60
12 115 12
77 86 86
119 126 119
72 105 105
45 47 47
26 52 26
