128 4019
120 123 8
28 120 8
59 120 8
67 120 8
9 120 8
44 120 8
65 120 8
120 128 8
48 120 8
92 120 8
5 120 8
103 120 8
115 120 8
73 120 8
119 120 8
39 120 8
13 120 8
12 120 8
21 120 8
15 120 8
97 120 8
120 124 8
36 120 8
51 120 8
74 120 8
68 120 8
80 120 8
49 120 8
63 120 8
90 120 8
109 120 8
60 120 8
113 120 8
105 120 8
114 120 8
7 120 8
96 120 8
95 120 8
111 120 8
91 120 8
117 120 8
23 120 8
28 123 8
59 123 8
67 123 8
9 123 8
44 123 8
65 123 8
123 128 8
48 123 8
92 123 8
5 123 8
103 123 8
115 123 8
73 123 8
119 123 8
39 123 8
13 123 8
12 123 8
21 123 8
15 123 8
97 123 8
123 124 8
36 123 8
51 123 8
74 123 8
68 123 8
80 123 8
49 123 8
63 123 8
90 123 8
109 123 8
60 123 8
113 123 8
105 123 8
114 123 8
7 123 8
96 123 8
95 123 8
111 123 8
91 123 8
117 123 8
23 123 8
28 59 8
28 67 8
9 28 8
28 44 8
28 65 8
28 128 8
28 48 8
28 92 8
5 28 8
28 103 8
28 115 8
28 73 8
28 119 8
28 39 8
13 28 8
12 28 8
21 28 8
15 28 8
28 97 8
28 124 8
28 36 8
28 51 8
28 74 8
28 68 8
28 80 8
28 49 8
28 63 8
28 90 8
28 109 8
28 60 8
28 113 8
28 105 8
28 114 8
7 28 8
28 96 8
28 95 8
28 111 8
28 91 8
28 117 8
23 28 8
59 67 8
9 59 8
44 59 8
59 65 8
59 128 8
48 59 8
59 92 8
5 59 8
59 103 8
59 115 8
59 73 8
59 119 8
39 59 8
13 59 8
12 59 8
21 59 8
15 59 8
59 97 8
59 124 8
36 59 8
51 59 8
59 74 8
59 68 8
59 80 8
49 59 8
59 63 8
59 90 8
59 109 8
59 60 8
59 113 8
59 105 8
59 114 8
7 59 8
59 96 8
59 95 8
59 111 8
59 91 8
59 117 8
23 59 8
9 67 8
44 67 8
65 67 8
67 128 8
48 67 8
67 92 8
5 67 8
67 103 8
67 115 8
67 73 8
67 119 8
39 67 8
13 67 8
12 67 8
21 67 8
15 67 8
67 97 8
67 124 8
36 67 8
51 67 8
67 74 8
67 68 8
67 80 8
49 67 8
63 67 8
67 90 8
67 109 8
60 67 8
67 113 8
67 105 8
67 114 8
7 67 8
67 96 8
67 95 8
67 111 8
67 91 8
67 117 8
23 67 8
9 44 8
9 65 8
9 128 8
9 48 8
9 92 8
5 9 8
9 103 8
9 115 8
9 73 8
9 119 8
9 39 8
9 13 8
9 12 8
9 21 8
9 15 8
9 97 8
9 124 8
9 36 8
9 51 8
9 74 8
9 68 8
9 80 8
9 49 8
9 63 8
9 90 8
9 109 8
9 60 8
9 113 8
9 105 8
9 114 8
7 9 8
9 96 8
9 95 8
9 111 8
9 91 8
9 117 8
9 23 8
44 65 8
44 128 8
44 48 8
44 92 8
5 44 8
44 103 8
44 115 8
44 73 8
44 119 8
39 44 8
13 44 8
12 44 8
21 44 8
15 44 8
44 97 8
44 124 8
36 44 8
44 51 8
44 74 8
44 68 8
44 80 8
44 49 8
44 63 8
44 90 8
44 109 8
44 60 8
44 113 8
44 105 8
44 114 8
7 44 8
44 96 8
44 95 8
44 111 8
44 91 8
44 117 8
23 44 8
65 128 8
48 65 8
65 92 8
5 65 8
65 103 8
65 115 8
65 73 8
65 119 8
39 65 8
13 65 8
12 65 8
21 65 8
15 65 8
65 97 8
65 124 8
36 65 8
51 65 8
65 74 8
65 68 8
65 80 8
49 65 8
63 65 8
65 90 8
65 109 8
60 65 8
65 113 8
65 105 8
65 114 8
7 65 8
65 96 8
65 95 8
65 111 8
65 91 8
65 117 8
23 65 8
48 128 8
92 128 8
5 128 8
103 128 8
115 128 8
73 128 8
119 128 8
39 128 8
13 128 8
12 128 8
21 128 8
15 128 8
97 128 8
124 128 8
36 128 8
51 128 8
74 128 8
68 128 8
80 128 8
49 128 8
63 128 8
90 128 8
109 128 8
60 128 8
113 128 8
105 128 8
114 128 8
7 128 8
96 128 8
95 128 8
111 128 8
91 128 8
117 128 8
23 128 8
48 92 8
5 48 8
48 103 8
48 115 8
48 73 8
48 119 8
39 48 8
13 48 8
12 48 8
21 48 8
15 48 8
48 97 8
48 124 8
36 48 8
48 51 8
48 74 8
48 68 8
48 80 8
48 49 8
48 63 8
48 90 8
48 109 8
48 60 8
48 113 8
48 105 8
48 114 8
7 48 8
48 96 8
48 95 8
48 111 8
48 91 8
48 117 8
23 48 8
5 92 8
92 103 8
92 115 8
73 92 8
92 119 8
39 92 8
13 92 8
12 92 8
21 92 8
15 92 8
92 97 8
92 124 8
36 92 8
51 92 8
74 92 8
68 92 8
80 92 8
49 92 8
63 92 8
90 92 8
92 109 8
60 92 8
92 113 8
92 105 8
92 114 8
7 92 8
92 96 8
92 95 8
92 111 8
91 92 8
92 117 8
23 92 8
5 103 8
5 115 8
5 73 8
5 119 8
5 39 8
5 13 8
5 12 8
5 21 8
5 15 8
5 97 8
5 124 8
5 36 8
5 51 8
5 74 8
5 68 8
5 80 8
5 49 8
5 63 8
5 90 8
5 109 8
5 60 8
5 113 8
5 105 8
5 114 8
5 7 8
5 96 8
5 95 8
5 111 8
5 91 8
5 117 8
5 23 8
103 115 8
73 103 8
103 119 8
39 103 8
13 103 8
12 103 8
21 103 8
15 103 8
97 103 8
103 124 8
36 103 8
51 103 8
74 103 8
68 103 8
80 103 8
49 103 8
63 103 8
90 103 8
103 109 8
60 103 8
103 113 8
103 105 8
103 114 8
7 103 8
96 103 8
95 103 8
103 111 8
91 103 8
103 117 8
23 103 8
73 115 8
115 119 8
39 115 8
13 115 8
12 115 8
21 115 8
15 115 8
97 115 8
115 124 8
36 115 8
51 115 8
74 115 8
68 115 8
80 115 8
49 115 8
63 115 8
90 115 8
109 115 8
60 115 8
113 115 8
105 115 8
114 115 8
7 115 8
96 115 8
95 115 8
111 115 8
91 115 8
115 117 8
23 115 8
73 119 8
39 73 8
13 73 8
12 73 8
21 73 8
15 73 8
73 97 8
73 124 8
36 73 8
51 73 8
73 74 8
68 73 8
73 80 8
49 73 8
63 73 8
73 90 8
73 109 8
60 73 8
73 113 8
73 105 8
73 114 8
7 73 8
73 96 8
73 95 8
73 111 8
73 91 8
73 117 8
23 73 8
39 119 8
13 119 8
12 119 8
21 119 8
15 119 8
97 119 8
119 124 8
36 119 8
51 119 8
74 119 8
68 119 8
80 119 8
49 119 8
63 119 8
90 119 8
109 119 8
60 119 8
113 119 8
105 119 8
114 119 8
7 119 8
96 119 8
95 119 8
111 119 8
91 119 8
117 119 8
23 119 8
13 39 8
12 39 8
21 39 8
15 39 8
39 97 8
39 124 8
36 39 8
39 51 8
39 74 8
39 68 8
39 80 8
39 49 8
39 63 8
39 90 8
39 109 8
39 60 8
39 113 8
39 105 8
39 114 8
7 39 8
39 96 8
39 95 8
39 111 8
39 91 8
39 117 8
23 39 8
12 13 8
13 21 8
13 15 8
13 97 8
13 124 8
13 36 8
13 51 8
13 74 8
13 68 8
13 80 8
13 49 8
13 63 8
13 90 8
13 109 8
13 60 8
13 113 8
13 105 8
13 114 8
7 13 8
13 96 8
13 95 8
13 111 8
13 91 8
13 117 8
13 23 8
12 21 8
12 15 8
12 97 8
12 124 8
12 36 8
12 51 8
12 74 8
12 68 8
12 80 8
12 49 8
12 63 8
12 90 8
12 109 8
12 60 8
12 113 8
12 105 8
12 114 8
7 12 8
12 96 8
12 95 8
12 111 8
12 91 8
12 117 8
12 23 8
15 21 8
21 97 8
21 124 8
21 36 8
21 51 8
21 74 8
21 68 8
21 80 8
21 49 8
21 63 8
21 90 8
21 109 8
21 60 8
21 113 8
21 105 8
21 114 8
7 21 8
21 96 8
21 95 8
21 111 8
21 91 8
21 117 8
21 23 8
15 97 8
15 124 8
15 36 8
15 51 8
15 74 8
15 68 8
15 80 8
15 49 8
15 63 8
15 90 8
15 109 8
15 60 8
15 113 8
15 105 8
15 114 8
7 15 8
15 96 8
15 95 8
15 111 8
15 91 8
15 117 8
15 23 8
97 124 8
36 97 8
51 97 8
74 97 8
68 97 8
80 97 8
49 97 8
63 97 8
90 97 8
97 109 8
60 97 8
97 113 8
97 105 8
97 114 8
7 97 8
96 97 8
95 97 8
97 111 8
91 97 8
97 117 8
23 97 8
36 124 8
51 124 8
74 124 8
68 124 8
80 124 8
49 124 8
63 124 8
90 124 8
109 124 8
60 124 8
113 124 8
105 124 8
114 124 8
7 124 8
96 124 8
95 124 8
111 124 8
91 124 8
117 124 8
23 124 8
36 51 8
36 74 8
36 68 8
36 80 8
36 49 8
36 63 8
36 90 8
36 109 8
36 60 8
36 113 8
36 105 8
36 114 8
7 36 8
36 96 8
36 95 8
36 111 8
36 91 8
36 117 8
23 36 8
51 74 8
51 68 8
51 80 8
49 51 8
51 63 8
51 90 8
51 109 8
51 60 8
51 113 8
51 105 8
51 114 8
7 51 8
51 96 8
51 95 8
51 111 8
51 91 8
51 117 8
23 51 8
68 74 8
74 80 8
49 74 8
63 74 8
74 90 8
74 109 8
60 74 8
74 113 8
74 105 8
74 114 8
7 74 8
74 96 8
74 95 8
74 111 8
74 91 8
74 117 8
23 74 8
68 80 8
49 68 8
63 68 8
68 90 8
68 109 8
60 68 8
68 113 8
68 105 8
68 114 8
7 68 8
68 96 8
68 95 8
68 111 8
68 91 8
68 117 8
23 68 8
49 80 8
63 80 8
80 90 8
80 109 8
60 80 8
80 113 8
80 105 8
80 114 8
7 80 8
80 96 8
80 95 8
80 111 8
80 91 8
80 117 8
23 80 8
49 63 8
49 90 8
49 109 8
49 60 8
49 113 8
49 105 8
49 114 8
7 49 8
49 96 8
49 95 8
49 111 8
49 91 8
49 117 8
23 49 8
63 90 8
63 109 8
60 63 8
63 113 8
63 105 8
63 114 8
7 63 8
63 96 8
63 95 8
63 111 8
63 91 8
63 117 8
23 63 8
90 109 8
60 90 8
90 113 8
90 105 8
90 114 8
7 90 8
90 96 8
90 95 8
90 111 8
90 91 8
90 117 8
23 90 8
60 109 8
109 113 8
105 109 8
109 114 8
7 109 8
96 109 8
95 109 8
109 111 8
91 109 8
109 117 8
23 109 8
60 113 8
60 105 8
60 114 8
7 60 8
60 96 8
60 95 8
60 111 8
60 91 8
60 117 8
23 60 8
105 113 8
113 114 8
7 113 8
96 113 8
95 113 8
111 113 8
91 113 8
113 117 8
23 113 8
105 114 8
7 105 8
96 105 8
95 105 8
105 111 8
91 105 8
105 117 8
23 105 8
7 114 8
96 114 8
95 114 8
111 114 8
91 114 8
114 117 8
23 114 8
7 96 8
7 95 8
7 111 8
7 91 8
7 117 8
7 23 8
95 96 8
96 111 8
91 96 8
96 117 8
23 96 8
95 111 8
91 95 8
95 117 8
23 95 8
91 111 8
111 117 8
23 111 8
91 117 8
23 91 8
23 117 8
1 120 1
87 120 87
29 120 29
75 120 75
19 120 19
16 120 16
85 120 85
101 120 101
94 120 94
66 120 66
106 120 106
88 120 88
120 122 122
93 120 93
99 120 99
112 120 112
76 120 76
118 120 118
61 120 61
24 120 24
22 120 22
17 120 17
120 127 127
10 120 10
104 120 104
52 120 52
50 120 50
53 120 53
30 120 30
102 120 102
2 120 2
6 120 6
40 120 40
120 126 126
79 120 79
43 120 43
64 120 64
62 120 62
25 120 25
58 120 58
11 120 11
108 120 108
41 120 41
4 120 4
47 120 47
120 121 121
42 120 42
46 120 46
72 120 72
69 120 69
81 120 81
18 120 18
98 120 98
71 120 71
31 120 31
26 120 26
33 120 33
20 120 20
116 120 116
86 120 86
45 120 45
56 120 56
107 120 107
57 120 57
84 120 84
70 120 70
100 120 100
77 120 77
55 120 55
32 120 32
37 120 37
34 120 34
82 120 82
3 120 3
14 120 14
89 120 89
83 120 83
38 120 38
78 120 78
27 120 27
110 120 110
54 120 54
120 125 125
35 120 35
8 120 8
10 99 99
31 89 31
20 104 104
36 41 41
6 10 10
25 60 25
42 127 127
63 108 108
1 40 1
41 55 41
41 107 41
24 28 24
45 60 45
53 112 112
19 101 19
34 59 34
61 66 66
85 106 85
75 87 87
13 71 71
16 68 16
42 56 42
79 119 79
40 41 40
28 100 100
110 117 110
49 86 86
29 64 29
22 61 61
115 116 116
30 33 30
55 89 55
42 104 104
25 107 25
15 112 112
42 45 42
61 87 87
4 87 87
50 84 50
107 112 112
39 89 89
15 88 88
66 127 66
31 44 31
21 94 94
8 22 22
33 74 33
52 122 122
29 103 29
52 73 52
18 37 18
83 87 87
7 126 126
58 89 58
16 53 16
3 113 3
53 99 99
51 70 70
32 54 32
46 80 46
61 75 75
26 32 26
19 80 19
46 117 46
82 125 82
50 67 50
64 112 112
47 80 47
75 110 75
1 29 1
7 56 56
25 71 25
62 75 75
23 69 69
86 103 86
9 104 104
33 92 33
66 110 66
88 99 88
37 42 42
87 122 87
14 113 14
11 35 11
50 71 50
16 87 87
57 67 57
29 116 29
22 121 22
22 126 22
20 47 47
51 88 88
8 106 106
71 78 71
42 97 42
13 108 108
61 124 61
65 125 125
85 125 85
25 45 25
26 51 26
22 102 22
37 116 116
19 61 19
16 29 29
19 43 19
17 121 17
7 75 75
24 68 24
58 111 58
25 64 64
57 106 106
33 114 33
17 64 17
23 55 55
16 62 16
51 101 101
32 72 72
25 96 25
25 73 25
41 67 41
35 123 35
6 76 76
19 59 19
6 41 6
29 88 29
20 71 71
6 61 61
98 108 108
31 78 31
79 87 87
1 26 1
66 86 66
56 92 56
64 121 64
76 109 76
24 71 24
106 123 106
16 94 16
67 78 78
53 72 53
24 107 24
9 64 64
58 83 58
28 76 76
68 71 71
2 106 106
9 32 32
47 124 47
85 126 85
60 127 127
34 114 34
1 102 1
29 85 29
79 90 79
58 104 104
13 33 33
18 116 18
112 126 112
17 22 22
95 126 126
65 78 78
29 109 29
88 104 88
71 107 71
8 50 50
24 98 24
75 123 75
71 98 98
8 15 8
22 53 22
9 43 43
1 2 1
99 118 99
78 86 86
22 101 101
50 123 50
1 88 1
35 101 101
37 91 37
32 62 62
5 33 33
102 127 127
30 49 30
4 8 4
1 94 1
21 118 118
2 55 2
58 122 122
37 101 101
19 118 19
79 94 94
16 85 16
66 70 66
56 124 56
19 66 19
58 102 102
32 51 32
19 87 87
29 101 29
43 66 66
95 108 108
1 101 1
72 122 122
31 69 69
60 69 69
20 39 20
34 97 34
8 95 8
63 86 86
88 106 106
18 85 85
16 40 16
28 61 61
22 43 22
64 68 64
20 81 81
34 54 34
2 116 2
77 93 93
66 106 66
67 127 127
89 112 112
16 103 16
76 127 76
18 104 104
52 88 88
40 87 87
30 52 52
30 42 30
37 63 37
3 124 3
21 107 107
30 62 30
56 76 76
84 125 84
93 103 93
6 39 6
82 107 107
11 36 11
10 64 10
3 11 11
53 81 53
27 117 27
13 57 57
106 114 106
3 99 99
26 83 26
80 94 94
18 29 29
58 87 87
25 98 25
52 113 52
77 126 126
44 93 93
18 23 18
45 108 108
87 125 87
85 97 85
41 102 102
3 105 3
75 94 75
37 89 37
84 85 85
69 121 121
38 68 38
11 97 11
18 22 22
46 64 64
1 50 1
40 65 40
41 77 41
94 95 94
10 11 10
52 112 112
46 72 46
98 128 98
44 106 106
85 114 85
41 103 41
29 48 29
101 117 101
88 122 88
6 17 17
39 47 47
33 73 33
57 104 104
8 98 98
25 127 127
88 95 88
10 29 29
10 88 88
3 122 122
11 25 25
56 123 56
23 107 107
23 35 35
71 122 122
82 104 104
12 45 45
55 106 106
28 33 33
75 125 75
26 29 29
29 75 29
65 82 82
63 94 94
22 24 24
17 86 17
21 75 75
82 106 106
46 123 46
71 104 104
6 122 122
29 40 29
48 125 125
17 44 17
13 55 55
46 114 46
2 87 87
93 106 106
94 102 94
25 35 25
9 26 26
29 84 29
8 67 8
10 18 10
19 68 19
61 107 61
1 14 1
69 118 118
1 112 1
16 101 16
94 122 94
106 111 106
14 114 14
50 121 50
1 105 1
57 75 75
69 90 69
24 43 24
75 84 75
43 70 43
8 18 18
35 128 35
55 59 55
16 32 16
10 126 10
71 79 79
42 106 106
28 81 81
11 22 22
61 76 76
18 39 18
29 87 87
27 74 27
30 74 30
66 88 66
7 107 107
87 128 87
7 19 19
33 119 33
86 113 86
5 17 17
11 105 11
76 118 76
32 64 64
66 99 66
20 107 20
27 126 126
45 62 62
8 24 24
2 79 2
11 56 11
14 34 34
78 112 112
4 22 22
68 83 83
18 93 93
56 98 98
54 67 54
1 118 1
29 122 29
33 56 33
30 84 30
34 72 72
32 119 32
14 71 71
78 117 78
4 82 4
41 89 41
61 105 61
6 36 6
30 37 30
34 121 121
38 102 102
35 74 35
76 90 76
45 109 45
2 94 94
3 67 3
16 66 16
16 75 75
67 108 108
3 24 24
10 61 61
74 86 86
52 86 52
22 23 22
19 100 19
26 121 121
4 101 101
6 43 6
57 71 71
34 37 37
37 45 45
21 76 76
54 114 54
98 126 126
42 46 42
56 86 86
23 38 38
62 88 88
61 93 93
38 44 38
13 100 100
89 122 122
2 115 2
38 41 41
87 94 87
6 111 6
1 104 1
24 75 75
90 102 102
12 30 30
23 83 83
39 126 126
25 37 25
76 119 76
13 50 50
56 95 56
97 98 98
21 101 101
84 100 84
30 75 75
35 86 86
62 99 99
16 112 16
8 25 25
70 104 104
68 82 82
6 108 6
45 112 112
38 115 38
22 25 22
27 59 27
43 122 122
14 20 20
33 121 121
25 110 25
53 71 53
8 86 86
31 49 31
79 103 79
46 49 46
24 85 85
1 39 1
21 46 46
24 84 24
1 87 1
66 107 66
94 128 94
11 27 11
1 108 1
22 33 22
24 122 122
8 105 8
79 116 79
82 123 82
6 32 6
53 85 85
70 87 87
19 53 19
88 101 101
45 127 127
12 94 94
3 69 69
5 41 41
106 118 106
29 94 29
33 55 33
40 52 52
20 79 79
11 68 11
14 61 61
16 93 16
101 118 101
52 61 61
4 117 4
17 71 17
110 113 110
51 127 127
97 101 101
18 47 47
50 102 50
78 83 83
91 127 127
41 127 127
15 71 71
66 105 66
41 79 79
16 122 16
5 78 78
37 70 70
87 101 87
72 118 118
76 79 76
88 112 88
71 119 71
41 58 58
101 128 101
17 35 17
81 108 108
81 101 101
82 121 121
3 81 81
42 48 42
64 89 64
76 99 99
8 73 8
19 89 19
16 74 16
25 93 93
121 123 121
52 93 93
31 36 31
27 109 27
34 98 98
61 85 85
16 19 19
41 81 41
15 20 20
4 28 4
1 64 1
22 106 106
68 78 78
1 78 1
48 61 61
33 125 33
28 72 72
122 127 122
20 77 20
34 57 57
75 97 75
75 101 75
25 26 25
22 64 22
53 70 53
77 91 77
20 41 41
32 46 46
32 47 47
74 76 76
94 101 101
13 27 27
51 85 85
33 52 52
22 52 22
76 77 76
93 104 93
9 17 17
75 93 75
16 41 16
64 92 64
75 111 75
26 70 26
79 85 85
1 27 1
4 125 4
8 104 104
44 107 107
16 99 16
22 71 22
26 33 26
33 98 98
12 38 38
72 99 99
21 116 116
72 103 72
81 99 99
38 119 38
39 71 71
46 81 46
60 108 108
17 30 17
1 106 1
106 112 106
17 59 17
82 105 82
49 122 122
47 66 66
69 126 126
81 83 81
81 106 106
45 98 98
102 123 102
11 77 11
99 110 99
50 101 101
79 112 112
14 117 14
32 102 102
16 107 16
16 116 16
10 31 10
38 122 122
62 113 62
14 50 50
18 55 18
34 92 34
35 83 83
87 93 87
59 121 121
88 92 88
68 102 102
37 84 84
63 76 76
18 43 43
11 75 75
86 90 86
70 116 116
19 75 75
12 83 83
116 121 121
35 40 40
12 106 106
29 108 29
7 26 26
67 101 101
10 19 19
105 121 121
104 126 104
83 84 84
30 48 30
12 35 35
61 122 122
22 40 22
88 110 88
23 41 41
17 69 17
102 110 102
22 42 22
4 70 4
12 121 121
57 103 57
58 62 62
84 113 84
32 33 33
55 82 55
76 101 101
59 100 100
37 93 93
54 102 102
57 58 58
1 117 1
1 62 1
84 122 122
18 36 18
39 82 82
64 111 64
80 87 87
35 70 70
19 48 19
55 103 55
47 121 47
35 102 102
1 75 1
46 58 58
3 100 100
26 40 40
37 82 37
43 96 43
25 36 25
10 104 10
72 75 75
48 53 53
43 61 61
17 34 17
58 114 58
81 97 81
59 64 64
34 124 34
7 24 24
9 52 52
61 112 112
1 127 1
46 104 104
70 76 76
16 60 16
45 101 101
21 106 106
46 107 46
53 106 106
22 87 87
54 105 54
81 115 81
1 72 1
8 97 8
19 65 19
109 125 125
47 72 47
65 84 84
1 66 1
4 98 4
16 102 16
10 102 10
101 112 101
84 91 84
29 56 29
58 88 88
56 82 56
13 122 122
45 100 45
19 77 19
39 94 94
78 97 78
44 89 89
1 56 1
33 64 64
27 50 50
13 81 81
38 91 38
37 47 47
16 127 16
55 124 55
5 89 89
24 52 24
53 118 118
99 106 106
30 94 94
51 99 99
43 52 52
84 101 101
87 88 87
5 18 18
89 99 99
77 85 85
17 48 17
50 54 50
19 93 19
20 31 31
58 66 66
4 55 4
16 118 16
10 77 10
94 108 94
87 98 87
29 80 29
23 43 43
70 101 101
11 52 52
22 75 75
93 122 122
34 112 112
9 53 53
40 76 76
10 127 127
16 47 16
40 48 40
17 36 17
33 60 33
101 108 101
2 77 2
12 81 81
41 118 118
107 125 107
89 106 106
93 119 93
79 122 122
17 96 17
27 66 66
35 90 35
45 99 99
34 53 53
25 85 85
62 72 62
15 33 33
57 77 57
6 89 6
98 121 121
71 86 71
38 92 38
4 93 93
71 118 118
2 49 2
49 88 88
40 109 40
8 65 8
80 127 127
46 118 118
55 72 72
51 61 61
39 66 66
53 107 53
3 28 3
27 28 27
24 38 24
3 98 98
47 105 47
39 112 112
2 56 2
8 61 61
76 111 76
10 128 10
83 114 83
33 46 46
52 70 52
25 69 25
118 127 118
49 83 83
6 56 6
2 76 76
4 100 4
50 69 50
81 90 81
81 88 88
66 101 101
20 73 20
33 112 112
30 105 30
1 17 1
6 48 6
23 106 106
86 110 86
37 75 75
1 20 1
39 78 78
69 70 69
1 53 1
32 115 32
15 81 81
11 69 11
6 118 118
50 56 50
35 53 53
2 75 75
69 111 69
101 107 101
46 74 46
38 105 38
89 91 89
2 34 2
115 122 122
24 53 24
52 76 76
24 108 24
54 94 94
79 117 79
43 49 43
110 124 110
2 35 2
29 78 29
17 25 17
17 123 17
10 103 10
71 103 71
37 124 37
124 126 126
64 66 66
34 55 55
107 124 107
17 122 122
104 111 104
9 25 25
22 111 22
32 34 32
22 98 22
42 128 42
56 88 88
101 115 101
55 67 55
2 14 2
43 98 43
34 109 34
22 88 88
21 40 40
41 49 41
75 96 75
40 83 40
85 104 85
82 89 82
35 46 46
28 116 116
45 94 94
31 85 85
100 121 121
6 46 6
47 75 75
20 125 20
102 118 118
89 111 89
18 98 18
33 35 33
55 65 55
92 122 122
12 116 116
76 112 112
29 30 29
13 31 31
2 53 53
52 60 52
29 66 29
60 110 110
59 108 108
51 110 110
12 62 62
109 112 112
30 90 30
3 29 29
121 122 122
108 127 127
84 89 84
41 96 41
83 90 83
37 41 41
5 85 85
94 96 94
24 109 24
12 46 46
29 121 29
20 84 20
47 79 79
26 104 104
75 106 75
25 99 99
1 16 1
4 99 99
31 43 43
52 68 52
75 99 75
56 79 79
54 125 54
76 93 93
10 65 10
85 128 85
14 22 22
83 104 104
31 90 31
64 73 64
1 35 1
17 106 106
13 79 79
66 81 66
20 28 20
68 89 89
87 110 87
41 104 104
12 61 61
64 97 64
6 81 6
50 70 50
4 121 4
52 128 52
83 127 127
73 88 88
46 83 46
42 70 42
20 111 20
31 64 64
46 62 62
10 123 10
82 111 82
36 62 62
98 107 98
70 125 70
93 94 94
41 108 108
41 62 62
2 126 2
40 104 104
68 106 106
59 82 82
7 77 77
41 70 41
12 126 126
17 100 17
67 106 106
102 104 104
42 44 42
83 126 126
2 114 2
44 85 85
74 81 81
16 106 16
16 25 16
5 88 88
76 87 87
24 126 24
41 95 41
10 53 10
23 102 102
97 126 126
61 99 99
16 82 16
31 45 31
104 108 104
13 86 86
2 25 2
24 73 24
8 94 94
105 106 106
34 38 34
106 115 106
85 108 85
7 55 55
47 101 101
6 85 85
43 99 99
43 102 102
36 55 55
87 106 87
43 82 43
4 49 4
97 118 118
25 102 102
52 75 75
22 69 22
36 82 82
58 64 64
53 61 61
43 47 43
60 100 100
30 67 30
18 58 58
80 110 110
11 79 79
48 88 88
24 124 24
1 11 1
78 84 84
9 93 93
3 78 3
5 71 71
27 119 27
25 31 25
99 101 101
1 122 1
29 51 29
16 22 16
31 102 102
15 118 118
50 97 50
4 12 4
38 62 62
10 125 10
38 108 108
53 102 53
99 114 99
29 52 29
99 123 99
34 108 108
31 97 31
89 92 89
13 116 116
3 93 93
19 29 29
41 80 41
45 117 45
50 62 50
27 127 127
73 84 84
35 116 116
94 124 94
53 66 66
37 109 37
12 47 47
19 44 19
29 105 29
98 112 112
52 85 85
22 70 22
14 67 14
32 83 32
28 43 43
31 75 75
66 75 75
6 126 6
71 127 127
70 91 70
15 43 43
19 122 19
35 125 125
64 122 122
36 43 43
64 118 118
4 66 66
66 108 66
1 109 1
108 126 126
53 116 53
22 37 22
1 19 1
4 76 76
41 121 41
8 87 87
36 72 72
43 58 43
18 127 127
64 83 64
35 65 35
17 23 17
54 66 66
51 94 94
57 128 57
24 115 24
14 83 14
10 50 10
59 106 106
28 46 46
25 47 25
56 108 108
72 82 72
38 101 101
7 72 72
75 88 75
53 97 53
55 98 98
82 84 84
15 121 121
67 85 85
10 73 10
36 46 46
10 22 22
19 104 19
88 94 94
70 106 106
26 99 99
22 48 22
85 103 85
40 123 40
81 119 81
11 90 11
8 23 8
4 61 61
51 81 81
42 64 64
10 24 24
66 95 66
42 115 42
83 95 83
52 57 52
70 99 99
20 52 52
98 101 101
7 66 66
91 101 101
31 81 81
24 55 24
73 94 94
40 50 50
18 106 106
19 123 19
15 107 107
82 94 94
52 101 101
19 116 19
10 79 10
9 35 35
23 25 25
59 75 75
85 89 85
33 72 72
22 49 22
32 113 32
71 116 71
3 114 3
21 77 77
1 76 1
69 107 69
4 43 43
63 89 89
50 106 106
33 104 104
61 64 61
54 127 127
25 89 25
86 106 106
11 67 11
27 84 84
57 88 88
47 114 47
29 99 29
34 94 94
78 81 81
19 85 19
9 14 14
51 121 121
26 98 98
66 121 66
30 93 93
45 107 45
22 93 93
45 68 45
40 88 88
3 83 3
5 106 106
45 88 88
97 100 100
6 127 127
21 82 82
26 127 127
40 75 75
20 82 20
29 39 29
14 40 40
85 100 85
59 118 118
15 126 126
71 88 88
86 118 118
14 62 62
25 49 25
98 104 104
12 32 32
19 88 19
52 127 127
68 127 127
17 126 17
5 19 19
50 104 104
88 118 88
86 92 86
37 83 37
104 106 106
74 126 126
57 89 57
79 98 79
43 77 43
94 118 94
72 85 85
22 78 22
47 54 47
2 112 112
49 77 77
89 104 104
12 17 17
56 71 71
12 93 93
99 128 99
67 70 70
1 97 1
33 40 40
41 52 52
1 24 1
48 58 58
43 109 43
17 88 88
4 47 4
2 39 2
60 85 85
40 47 40
103 116 116
11 122 122
6 50 50
28 94 94
10 90 10
16 18 16
9 40 40
126 127 127
61 127 61
17 53 17
18 126 126
70 114 70
70 108 108
28 107 107
32 71 71
46 85 85
55 78 55
24 101 101
5 29 29
55 121 121
26 117 26
9 30 30
85 92 85
27 91 27
17 119 17
19 112 19
75 122 75
4 52 52
32 123 32
34 110 34
5 102 102
99 107 99
37 99 99
62 74 62
84 108 108
2 52 52
58 97 58
5 122 122
71 108 108
18 83 18
88 100 88
18 42 42
75 124 75
8 92 8
4 75 75
10 25 10
31 57 31
11 92 11
59 84 84
10 42 10
26 49 26
50 127 127
33 66 66
19 64 19
43 63 43
70 98 98
70 119 70
2 118 118
104 127 127
84 90 84
79 115 79
13 78 78
34 127 127
94 119 94
73 122 122
96 112 112
33 122 122
86 100 86
38 113 38
107 118 118
81 117 81
20 74 20
61 96 61
68 125 125
59 66 66
4 89 4
42 81 42
94 117 94
111 118 118
44 72 72
3 110 3
82 122 122
6 65 6
69 114 69
24 104 24
24 87 87
47 59 47
36 127 127
14 17 17
48 50 50
9 89 89
14 45 45
2 43 2
77 100 100
11 124 11
21 71 71
17 102 17
96 106 106
36 126 126
114 121 121
40 101 101
80 88 88
7 71 71
66 114 66
46 121 121
34 107 107
66 72 66
41 84 41
87 97 87
90 122 122
14 78 14
4 115 4
15 69 69
58 61 61
34 45 45
72 88 88
2 83 2
7 46 46
13 118 118
56 61 61
16 90 16
58 107 58
22 95 22
111 122 122
21 122 122
96 126 126
26 61 61
52 119 52
53 96 53
4 62 62
8 40 40
78 110 78
5 118 118
2 113 2
83 99 99
50 108 50
40 46 40
34 118 118
87 112 87
33 71 71
9 83 83
92 99 99
8 59 8
47 128 47
42 60 42
1 57 1
64 101 101
92 125 125
89 108 108
62 76 76
55 109 55
11 24 24
60 101 101
1 51 1
38 64 64
83 111 83
93 99 93
102 124 102
61 82 61
75 80 75
68 94 94
2 58 2
85 94 85
77 125 77
62 103 62
29 57 29
26 53 53
55 113 55
14 38 14
20 30 30
7 27 27
14 64 64
43 126 126
49 69 69
78 118 118
30 127 127
17 101 101
57 101 101
27 48 27
33 58 58
28 87 87
10 46 10
81 100 81
93 121 93
23 88 88
58 109 58
25 75 75
29 53 29
22 107 22
9 102 102
21 22 22
108 124 108
19 90 19
33 36 33
6 35 6
62 116 62
1 96 1
24 82 24
45 75 75
40 113 40
19 67 19
11 94 94
46 59 46
19 45 19
51 87 87
9 116 116
93 101 101
58 67 58
52 66 66
14 115 14
76 126 76
11 113 11
52 54 52
54 61 61
94 115 94
9 121 121
2 124 2
65 88 88
51 64 64
38 98 98
9 82 82
19 107 19
28 34 34
5 98 98
41 64 64
5 108 108
28 88 88
25 79 79
1 59 1
2 122 122
39 122 122
22 76 76
32 125 32
30 58 30
100 101 101
64 116 64
10 112 112
47 87 87
31 74 31
66 73 66
18 20 18
16 115 16
70 111 70
1 90 1
47 64 64
31 50 50
41 97 41
46 95 46
53 84 53
19 24 19
23 45 45
118 121 118
38 117 38
85 121 85
26 27 26
33 117 33
53 65 53
24 93 93
119 126 126
1 44 1
47 48 47
30 116 30
30 54 30
24 114 24
41 110 41
30 69 30
68 84 84
103 126 126
52 110 52
53 82 53
82 118 118
61 97 61
70 128 70
33 76 76
98 125 98
11 81 11
62 70 62
34 119 34
65 86 86
64 127 127
22 84 22
103 122 122
14 111 14
35 109 35
61 121 61
29 118 29
59 107 107
10 95 10
113 125 125
20 122 122
3 70 70
19 106 19
31 91 31
82 113 82
54 113 54
6 78 6
27 100 100
35 39 35
94 105 94
29 42 29
10 75 75
40 77 40
41 122 122
4 32 4
62 108 62
52 63 52
34 36 34
56 97 56
20 66 66
5 30 30
18 110 18
11 42 11
53 69 53
85 101 85
4 85 85
65 87 87
84 128 84
107 116 116
3 62 62
63 71 71
110 125 110
77 104 104
35 59 35
43 110 43
58 68 58
70 90 70
31 93 93
35 48 35
79 107 79
112 118 112
1 89 1
84 107 107
8 28 8
68 108 108
10 109 10
20 116 20
56 114 56
7 32 32
55 70 70
12 55 55
80 125 125
14 57 57
18 92 18
30 118 118
24 66 66
31 115 31
5 25 25
70 86 86
27 97 27
37 88 88
36 86 86
62 106 106
13 98 98
108 109 108
12 14 14
16 44 16
83 92 83
46 124 46
72 84 72
1 93 1
19 32 19
77 96 77
10 35 10
79 106 106
49 66 66
77 95 77
57 84 57
19 110 19
20 127 127
13 22 22
3 14 3
89 110 89
57 87 87
69 94 94
76 85 85
70 81 81
3 79 79
66 111 66
75 104 75
72 117 72
96 101 101
42 75 75
104 115 104
24 106 106
61 106 106
86 98 98
52 82 52
72 101 101
4 56 4
11 57 11
62 127 127
47 53 53
22 108 22
23 93 93
26 31 31
57 83 57
57 76 76
46 116 46
18 86 18
57 60 57
5 27 27
18 79 79
19 26 19
67 72 72
4 104 104
54 106 106
50 80 50
83 125 83
13 85 85
72 78 72
46 110 46
6 53 53
1 36 1
53 108 53
62 104 104
17 63 17
6 34 6
17 24 24
78 99 99
11 28 11
41 53 53
22 30 22
26 41 41
23 122 122
18 32 18
24 88 88
78 80 78
94 126 94
40 127 127
71 80 71
6 42 6
105 110 110
62 111 62
31 118 118
17 46 17
13 17 17
19 41 19
6 70 6
47 122 122
100 115 100
50 86 50
54 104 104
24 25 24
18 107 18
90 104 104
23 61 61
31 82 31
7 31 31
11 26 11
47 78 47
21 30 30
31 48 31
60 89 89
4 38 4
34 81 81
40 80 40
1 79 1
8 79 79
108 119 108
16 113 16
18 78 18
61 68 61
83 122 122
70 95 70
14 102 102
47 98 47
63 93 93
34 126 126
69 102 102
6 125 6
33 101 101
35 51 35
15 50 50
30 66 66
11 112 112
27 30 30
39 76 76
94 99 94
64 126 126
95 104 104
48 75 75
11 49 11
8 41 41
57 115 57
11 19 19
30 64 30
37 62 62
64 102 102
48 62 62
59 86 86
101 119 101
57 73 57
5 54 54
66 122 66
19 25 19
74 75 75
20 87 87
5 14 14
58 98 58
57 80 57
45 48 45
66 118 66
3 55 55
38 118 118
11 43 43
65 102 102
57 93 93
28 126 126
11 89 11
18 121 121
89 103 89
92 94 94
48 116 116
17 76 76
27 98 98
19 52 19
40 112 112
15 19 19
106 124 106
6 93 93
75 76 75
81 126 126
18 125 18
33 118 118
34 63 34
34 49 34
101 121 101
116 117 116
65 70 70
52 87 87
14 100 100
53 56 53
57 109 57
69 85 85
4 119 4
36 57 57
11 117 11
75 112 75
46 98 46
27 108 108
36 81 81
10 100 10
36 112 112
101 103 101
17 90 17
71 113 71
43 101 101
13 56 56
22 67 22
99 104 99
26 35 26
4 64 64
61 118 118
86 107 86
11 62 62
61 126 61
47 89 47
47 81 47
69 76 76
40 43 40
22 81 22
6 96 6
107 123 107
54 68 54
26 46 46
84 98 98
2 47 2
53 63 53
8 111 8
3 102 102
72 102 102
64 109 64
109 116 116
10 107 10
78 104 104
21 81 81
30 47 30
94 114 94
58 112 112
63 106 106
38 80 38
86 119 86
58 65 58
80 118 118
67 122 122
91 93 93
82 91 82
112 122 122
60 118 118
3 25 25
92 121 121
24 99 99
6 110 6
25 52 52
2 29 29
1 84 1
19 84 19
46 61 61
14 79 79
2 5 2
43 83 43
1 110 1
53 57 53
88 126 88
94 127 94
71 84 71
14 56 56
42 79 79
41 86 41
61 102 61
15 104 104
85 124 85
52 108 52
12 54 54
39 83 83
77 102 102
40 119 40
28 37 37
121 128 121
16 36 16
27 121 121
33 113 33
41 76 76
18 52 52
50 124 50
15 54 54
40 64 40
54 75 75
56 75 75
2 10 10
39 101 101
58 116 58
12 43 43
10 108 10
17 115 17
47 100 47
78 125 78
19 76 19
99 105 99
91 125 125
33 82 33
54 118 118
87 118 87
41 45 41
93 117 93
6 19 19
101 102 101
4 57 4
60 98 98
76 94 94
75 98 75
50 110 50
30 104 104
23 33 33
70 107 107
46 60 46
16 30 16
10 66 66
34 48 34
46 101 101
4 58 58
22 82 22
3 7 3
45 74 45
42 88 88
76 122 122
40 55 40
20 25 25
60 78 78
35 76 76
6 103 6
68 88 88
66 104 66
77 89 77
10 83 10
68 79 79
4 44 4
49 108 108
27 113 27
100 122 122
35 62 62
57 118 118
40 105 40
41 100 41
16 119 16
65 89 89
39 52 52
2 85 85
59 81 81
57 69 69
43 92 43
11 106 106
45 55 45
32 126 126
33 94 94
22 45 22
10 14 10
16 79 16
117 118 118
26 60 26
29 60 29
81 86 81
4 102 102
20 42 42
82 95 82
3 85 85
33 62 62
28 50 50
13 88 88
71 81 81
70 113 70
43 112 112
27 99 99
10 101 101
41 85 85
52 94 94
10 21 10
88 125 88
24 46 24
59 70 70
85 93 85
6 31 6
55 60 55
59 72 72
43 45 43
6 98 6
69 78 69
91 112 112
49 62 62
51 79 79
8 69 69
38 83 83
27 62 62
93 125 93
30 34 30
56 109 56
38 125 38
8 76 76
78 91 78
6 69 6
40 53 53
30 119 30
19 69 19
99 113 99
83 91 83
8 17 17
3 109 3
21 100 100
1 69 1
53 126 53
81 128 81
25 124 25
31 62 62
17 54 17
60 94 94
50 112 112
52 64 52
15 47 47
27 53 53
55 77 77
41 71 41
10 13 10
80 83 83
40 110 40
35 78 78
58 93 93
28 40 40
60 126 126
10 37 10
14 103 14
64 76 76
18 100 18
19 36 19
76 128 76
49 79 79
22 91 22
94 103 94
1 31 1
24 125 24
38 46 46
4 63 4
10 111 10
30 122 122
65 100 100
27 61 61
29 45 29
32 63 32
9 18 18
55 102 102
20 95 20
22 127 22
11 38 11
110 127 127
32 104 104
17 50 17
15 83 83
45 85 85
50 105 50
68 77 77
4 17 17
66 87 87
36 94 94
111 116 116
74 104 104
25 83 25
18 97 18
47 68 47
74 102 102
11 108 11
30 98 30
32 111 32
9 38 38
11 103 11
87 117 87
33 68 33
43 128 43
9 108 108
50 109 50
19 51 19
82 85 85
2 73 2
105 108 108
37 108 108
55 87 87
43 71 43
4 107 4
4 80 4
32 110 32
30 111 30
17 21 17
15 86 86
24 49 24
48 57 57
70 88 88
23 104 104
60 125 125
102 126 102
99 126 99
66 93 66
23 118 118
85 105 85
4 72 4
92 118 118
35 71 71
88 89 88
65 93 93
61 94 94
16 57 16
25 34 25
71 106 106
7 108 108
27 39 27
40 63 40
5 32 32
33 93 93
102 112 112
20 105 20
3 68 3
2 90 2
18 124 18
93 112 93
52 55 52
90 126 126
112 116 112
88 111 88
66 126 66
25 108 25
16 73 16
24 26 24
8 35 35
24 116 24
58 72 58
100 118 118
54 95 54
61 73 61
20 54 20
8 34 34
98 99 99
11 53 53
50 116 50
29 97 29
1 65 1
53 77 53
18 66 66
93 114 93
12 69 69
30 87 87
37 68 37
8 117 8
29 77 29
65 99 99
32 91 32
7 47 47
10 122 122
53 123 53
33 128 33
50 52 52
6 106 106
67 79 79
74 77 77
31 34 31
2 61 61
62 97 62
93 105 93
62 126 126
34 52 52
19 99 19
31 42 42
26 116 26
16 61 16
31 46 46
64 78 64
45 50 50
104 112 112
53 54 53
23 34 34
72 79 79
37 48 37
94 98 94
8 19 19
29 47 29
117 125 125
99 116 99
56 85 85
30 55 30
4 16 16
15 27 27
67 93 93
34 83 34
85 87 87
18 113 18
84 94 94
79 109 79
76 106 106
55 104 104
79 93 93
29 104 29
40 60 40
53 100 53
25 128 25
11 48 11
23 40 40
40 81 40
43 125 43
67 94 94
70 127 127
41 115 41
85 91 85
23 94 94
1 15 1
50 88 88
3 60 3
65 72 72
10 92 10
95 118 118
97 122 122
16 96 16
37 123 37
44 104 104
31 106 106
41 117 41
34 50 50
16 76 16
39 70 70
21 79 79
53 80 53
82 98 98
122 126 122
1 80 1
8 52 52
29 76 29
67 87 87
15 38 38
116 122 122
63 102 102
82 100 100
45 54 45
13 106 106
4 73 4
5 69 69
24 105 24
80 121 121
121 125 121
53 55 53
18 114 18
23 116 116
2 11 2
19 40 19
57 65 57
29 106 29
20 119 20
86 124 86
19 91 19
57 123 57
16 126 16
32 86 86
35 87 87
41 114 41
66 103 66
81 102 102
26 106 106
6 88 88
35 117 35
78 79 79
62 114 62
48 86 86
1 85 1
6 117 6
14 33 33
31 73 31
40 99 99
75 78 75
25 68 25
3 38 3
58 127 127
32 74 32
22 55 22
5 42 42
28 45 45
16 43 16
57 90 57
25 106 106
93 113 93
6 124 6
62 63 62
17 107 17
1 107 1
40 68 40
18 96 18
87 121 87
23 70 70
11 86 11
7 69 69
36 98 98
31 96 31
50 118 118
2 86 2
6 112 112
71 73 71
21 112 112
17 52 17
12 16 16
63 88 88
73 79 79
85 112 85
53 91 53
33 47 47
48 72 72
41 72 41
72 108 108
61 111 61
46 128 46
76 88 88
43 91 43
24 76 76
17 37 17
11 59 11
48 52 52
55 96 55
2 23 2
13 62 62
11 65 11
37 72 72
48 93 93
61 90 61
10 16 16
2 32 2
7 81 81
6 104 104
114 122 122
20 64 64
16 86 16
11 109 11
33 84 33
14 112 112
26 107 26
49 75 75
49 64 64
15 41 41
46 47 47
70 75 75
3 43 43
21 24 24
17 51 17
24 127 24
68 98 98
2 24 24
2 6 2
119 122 122
56 66 66
52 117 52
62 78 62
11 74 11
48 81 81
63 107 107
16 77 16
50 81 50
107 126 126
82 97 82
4 42 4
53 121 53
32 95 32
2 8 2
10 30 10
19 94 19
33 57 33
79 97 79
17 84 17
76 108 76
86 116 116
24 36 24
45 76 76
8 47 47
24 97 24
10 106 106
54 101 101
41 83 41
10 80 10
43 84 43
115 118 118
87 111 87
14 19 19
27 45 45
58 71 58
58 69 58
56 73 56
24 123 24
20 100 20
50 61 61
3 95 3
61 117 61
44 81 81
8 128 8
88 102 88
1 70 1
106 122 106
10 72 10
60 81 81
52 123 52
34 116 116
14 68 14
19 35 19
40 103 40
4 24 24
89 105 89
40 72 40
3 90 3
19 23 19
83 118 118
18 31 18
14 36 14
38 39 38
46 89 46
1 5 1
88 127 88
7 42 42
4 40 40
25 57 25
3 106 106
32 122 122
1 22 1
5 40 40
4 23 4
31 38 31
22 103 22
55 80 55
22 36 22
85 115 85
17 127 17
66 116 66
4 96 4
66 119 66
29 72 29
2 119 2
46 106 106
49 107 107
38 61 61
31 98 98
106 126 106
46 68 46
66 128 66
18 115 18
38 50 50
69 91 69
58 82 58
61 88 88
62 68 62
93 127 93
25 72 25
4 114 4
14 80 14
28 64 64
46 103 46
47 62 62
14 69 69
44 53 53
38 128 38
68 118 118
11 78 11
53 73 53
75 79 75
14 66 66
17 97 17
34 93 93
27 36 27
78 115 78
86 88 88
1 28 1
114 116 116
56 116 116
37 50 50
7 18 18
14 16 16
70 110 70
2 66 66
83 110 83
13 104 104
34 35 34
2 103 2
4 123 4
57 59 57
72 87 87
17 70 17
3 119 3
93 95 93
42 73 42
15 46 46
17 65 17
26 102 102
52 84 52
83 115 83
2 62 2
6 66 66
21 110 110
96 122 122
25 29 29
14 29 29
18 118 118
2 71 2
81 113 81
79 104 104
45 122 122
86 128 86
52 95 52
68 122 122
51 76 76
11 114 11
25 38 25
21 70 70
6 75 75
7 30 30
37 122 122
68 70 70
31 107 31
27 55 55
57 113 57
78 93 93
14 25 25
17 75 75
70 105 70
40 91 40
24 63 24
42 108 108
52 114 52
55 99 99
45 70 45
72 126 126
99 100 99
65 122 122
84 86 86
121 126 126
64 119 64
5 10 10
81 104 104
3 72 72
18 60 18
31 51 31
50 85 85
101 106 101
11 123 11
25 40 40
29 69 29
26 126 126
35 110 110
6 14 6
73 104 104
13 26 26
20 97 20
30 92 30
52 111 52
65 69 69
38 59 38
25 94 94
52 58 52
63 87 87
9 75 75
27 115 27
15 18 18
85 96 85
20 32 20
72 92 72
41 92 41
10 118 118
6 67 6
77 101 101
46 87 87
19 79 19
24 112 112
25 123 25
32 97 32
46 108 108
79 84 79
81 93 93
38 70 70
86 87 87
41 42 41
8 31 31
8 124 8
61 98 61
1 52 1
90 107 107
85 99 85
26 57 26
75 118 75
27 81 81
75 116 75
47 92 47
86 121 121
9 45 45
19 49 19
38 42 42
100 125 100
12 70 70
26 96 26
11 87 87
42 49 42
77 112 112
55 73 55
52 109 52
61 103 61
44 112 112
43 44 43
45 90 45
4 90 4
21 86 86
102 121 102
4 67 4
73 102 102
38 81 81
18 67 18
14 98 98
8 113 8
13 18 18
85 111 85
2 26 2
10 94 94
26 125 26
69 128 69
15 40 40
43 90 43
29 59 29
14 37 37
5 77 77
50 91 50
102 106 106
82 90 82
5 101 101
54 122 122
3 19 19
33 105 33
28 104 104
12 72 72
51 108 108
100 105 100
24 110 24
80 104 104
99 111 99
77 114 77
19 117 19
11 60 11
84 124 84
5 116 116
9 106 106
126 128 126
11 70 11
80 82 82
13 32 32
7 22 22
10 43 10
48 64 64
38 124 38
101 122 101
11 21 11
40 84 40
10 36 10
20 99 99
33 59 33
12 52 52
22 51 22
34 82 34
45 73 45
118 126 118
61 78 61
11 29 29
99 112 99
37 69 69
2 102 102
3 26 26
68 110 110
61 81 61
58 101 101
105 126 126
26 48 26
34 79 79
93 110 93
15 98 98
62 71 62
42 83 42
30 82 30
59 62 62
6 27 6
26 111 26
35 56 56
116 119 116
6 49 6
8 93 93
8 30 30
60 112 112
51 98 98
80 81 81
103 108 108
45 128 45
44 61 61
2 92 2
18 56 18
50 87 87
9 47 47
61 110 61
33 34 33
76 82 76
35 92 35
53 101 101
80 93 93
20 70 20
49 82 82
16 38 16
62 82 62
55 81 81
45 69 69
4 124 4
30 100 30
69 87 87
11 17 17
11 32 11
31 101 101
63 69 69
116 126 126
19 108 19
9 20 20
85 102 85
36 70 70
20 83 20
30 97 30
27 90 27
4 48 4
104 118 118
21 45 45
20 103 20
2 50 50
5 24 24
26 73 26
25 80 25
31 126 126
45 61 61
24 83 24
40 97 40
62 91 62
108 121 108
100 126 126
78 107 107
14 60 14
26 76 76
75 85 75
66 80 66
10 86 10
32 70 70
36 58 58
79 86 79
6 87 87
22 46 22
103 118 118
77 108 108
54 71 71
43 87 87
30 46 30
16 69 16
32 93 93
46 99 99
63 110 110
9 58 58
58 84 58
84 118 118
41 57 41
37 81 81
62 101 101
23 50 50
57 74 57
52 79 52
40 56 40
14 65 14
16 49 16
16 37 16
52 115 52
18 109 18
76 116 76
55 127 127
71 74 71
23 24 24
37 64 64
5 86 86
60 75 75
41 75 75
26 45 26
31 117 31
62 102 102
77 78 77
55 116 116
62 124 62
18 65 18
56 89 56
56 121 121
28 41 41
98 105 98
34 113 34
6 95 6
31 41 41
10 32 10
77 82 77
34 105 34
63 66 66
93 100 93
35 52 52
77 79 79
85 109 85
40 98 40
37 126 126
91 106 106
52 71 52
24 80 24
26 38 26
8 66 66
40 59 40
60 99 99
56 126 126
69 106 106
53 115 53
41 91 41
12 76 76
104 116 104
9 56 56
49 84 84
7 84 84
32 60 32
39 104 104
49 126 126
3 118 118
78 88 88
4 41 41
23 52 52
43 119 43
16 64 16
77 107 107
66 74 66
57 92 57
72 97 72
19 119 19
48 122 122
21 52 52
63 85 85
9 112 112
24 113 24
14 48 14
37 98 98
36 108 108
31 113 31
57 112 112
17 28 17
68 72 72
90 98 98
6 16 16
26 75 75
11 50 50
6 30 30
47 93 93
78 116 116
22 35 22
55 94 94
70 100 70
76 102 76
100 123 100
1 100 1
33 99 99
88 105 88
6 92 6
32 117 32
84 114 84
21 72 72
22 96 22
10 74 10
77 109 77
8 20 20
46 119 46
29 91 29
7 54 54
33 86 33
50 99 99
1 123 1
37 38 37
93 126 93
87 104 87
37 77 77
49 53 53
22 118 118
83 96 83
44 94 94
30 77 30
19 121 19
22 29 29
5 53 53
4 111 4
19 20 19
60 93 93
30 41 30
32 73 32
1 4 1
11 102 102
17 81 17
117 127 127
10 51 10
115 125 125
82 116 116
58 96 58
49 57 57
25 63 25
75 119 75
75 95 75
47 108 108
26 86 26
4 105 4
84 92 84
28 47 47
29 79 29
40 45 40
13 41 41
6 105 6
20 40 40
8 54 54
77 99 99
96 121 121
56 96 56
98 118 118
46 84 46
36 47 47
1 32 1
14 28 14
79 118 118
78 106 106
59 122 122
18 99 99
11 126 126
24 111 24
33 78 33
76 80 76
18 63 18
87 126 87
41 94 94
27 106 106
112 119 112
45 71 71
73 83 83
102 111 102
2 51 2
47 51 47
30 65 30
49 100 100
73 81 81
53 125 53
17 79 17
12 56 56
16 104 16
37 59 37
34 115 34
24 29 29
34 87 87
87 91 87
100 112 112
74 108 108
74 89 89
76 91 76
26 119 26
19 82 19
43 62 43
11 12 11
15 93 93
9 99 99
23 37 37
58 76 76
18 74 18
10 119 10
43 48 43
44 126 126
11 47 11
4 81 4
3 82 82
34 95 34
55 92 55
31 70 31
86 114 86
70 123 70
39 75 75
4 20 4
2 93 93
88 103 88
56 94 94
118 128 118
57 126 126
64 74 64
46 78 46
14 126 126
59 127 127
31 67 31
66 76 66
86 109 86
33 53 53
43 100 43
34 77 77
7 37 37
99 115 99
25 33 25
51 107 107
56 105 56
4 19 19
100 114 100
56 122 122
25 65 25
57 99 99
3 47 47
90 125 125
44 121 121
19 113 19
10 63 10
3 66 66
42 47 47
9 77 77
8 13 8
47 55 47
43 76 76
1 43 1
48 106 106
37 113 37
57 98 98
45 102 102
26 89 26
4 88 88
63 112 112
13 40 40
100 106 106
3 57 57
14 81 81
99 121 99
23 54 54
