128 3612
80 113 12
8 95 3
106 112 87
23 81 4
52 82 52
28 74 27
40 53 24
13 84 26
9 58 6
6 36 6
38 57 26
90 113 51
32 64 52
9 42 62
90 103 103
63 103 103
96 99 101
39 78 77
87 89 87
24 58 24
53 72 24
25 57 6
101 116 101
12 120 120
7 24 24
65 79 52
46 126 52
79 89 52
41 83 6
13 90 44
73 84 26
49 117 12
66 114 87
63 67 27
37 123 56
45 84 69
17 49 93
37 84 26
4 21 4
1 118 1
55 117 56
97 123 27
3 103 3
13 41 6
1 11 1
3 118 101
111 118 101
79 126 52
94 115 87
7 60 51
48 113 120
35 113 3
16 38 1
1 87 1
23 70 26
99 123 101
22 128 93
22 81 93
78 116 69
4 34 4
68 87 87
51 69 69
41 118 101
44 109 44
80 105 12
65 68 120
41 121 6
18 79 52
65 114 120
84 123 26
11 105 6
40 75 1
63 82 56
29 93 1
24 64 24
69 89 69
87 111 87
39 69 69
22 104 93
51 64 52
27 108 6
49 120 120
76 109 101
3 45 69
19 77 1
43 110 52
21 51 103
33 90 69
24 116 24
40 109 52
10 73 93
43 56 52
36 55 56
1 70 1
71 77 4
40 52 52
88 105 87
78 110 77
105 119 44
2 107 24
60 105 51
38 63 77
46 102 24
67 113 27
23 125 3
48 68 120
1 112 1
25 90 6
50 67 24
1 78 1
38 103 77
61 112 101
70 128 26
15 112 101
72 81 62
14 27 77
9 109 27
28 60 27
34 37 56
31 103 4
51 110 3
36 86 69
21 109 103
28 29 1
104 114 93
68 103 103
35 123 3
113 119 44
39 48 120
1 68 1
22 38 93
22 26 93
14 45 69
11 54 6
57 89 26
12 104 93
25 107 6
18 52 52
86 92 69
45 87 87
49 125 3
2 124 24
54 99 101
42 83 62
77 114 77
32 90 56
100 116 69
47 52 52
6 85 1
20 103 69
50 76 101
55 70 26
58 61 101
62 114 62
21 79 52
111 114 51
80 115 44
20 44 69
16 121 1
21 99 101
41 50 24
31 120 4
27 103 27
73 76 101
52 56 52
89 99 101
79 102 24
3 55 56
63 95 12
8 128 3
12 19 1
2 67 24
53 112 101
71 76 101
78 111 77
50 128 24
28 62 62
7 121 62
69 70 69
16 44 1
1 82 1
3 9 3
24 96 24
6 97 6
120 127 93
59 86 69
89 106 87
42 50 24
80 116 69
14 84 26
13 63 44
72 125 62
99 115 101
6 82 6
76 91 101
23 117 90
90 119 44
79 90 52
17 50 93
55 82 56
42 101 101
12 97 103
39 100 26
27 77 77
10 67 93
60 100 26
3 47 62
18 47 62
104 125 93
31 80 4
3 65 3
1 109 1
23 91 90
84 96 26
4 109 4
22 59 93
24 60 24
81 117 4
86 127 93
92 93 93
97 124 103
70 106 87
59 93 93
94 114 87
43 99 101
26 120 26
64 95 52
94 122 87
14 126 52
1 71 1
19 66 1
78 109 77
53 69 24
69 73 69
65 105 120
28 105 27
45 125 69
93 127 93
93 128 93
56 96 56
23 88 87
11 52 52
29 124 1
21 64 52
67 120 27
4 37 4
6 52 52
3 15 3
64 93 93
55 113 56
63 108 6
37 88 87
7 37 56
101 122 87
51 97 103
46 72 62
63 112 101
79 108 52
22 50 93
58 119 6
12 91 12
104 112 101
3 13 3
24 52 24
5 100 26
86 97 69
60 98 4
39 67 27
23 124 103
64 102 24
28 76 101
60 83 77
23 105 51
83 121 62
56 120 56
55 90 56
89 92 77
108 113 6
23 90 90
111 120 120
6 115 6
59 72 62
56 105 56
1 120 1
38 68 77
27 84 26
77 109 77
38 89 77
26 57 26
31 125 4
58 76 101
12 49 12
30 101 101
1 37 1
87 93 87
3 39 3
4 46 62
63 114 12
94 109 87
19 87 1
39 122 87
32 96 56
14 125 77
31 32 4
2 77 24
11 102 24
24 119 24
23 103 103
23 86 69
52 114 52
8 124 3
31 98 4
12 124 103
20 45 69
31 40 52
56 110 56
74 104 93
14 68 77
6 26 6
14 82 56
38 102 24
57 108 6
38 44 77
89 123 77
14 107 26
1 28 1
2 85 1
101 119 101
34 72 62
9 11 6
12 85 1
87 115 87
22 71 93
12 23 12
52 110 52
25 48 6
15 124 103
13 29 1
46 104 93
21 118 101
31 36 4
71 78 4
97 126 52
25 62 6
88 104 87
52 55 52
63 125 3
26 59 26
47 121 62
61 74 101
93 105 93
49 68 12
21 49 103
27 117 27
41 98 6
1 106 1
18 36 4
26 38 26
1 14 1
55 116 69
8 85 1
53 99 101
40 45 52
36 84 26
88 101 87
5 73 120
6 54 6
27 54 3
9 50 24
12 62 62
55 103 56
18 107 4
35 86 69
44 73 44
48 88 87
36 39 44
71 122 87
86 116 69
73 106 87
89 101 101
46 86 62
6 9 6
31 112 101
77 95 77
6 39 6
19 33 1
76 77 101
9 35 3
91 96 90
4 26 4
5 111 120
103 110 3
102 120 24
97 116 69
49 71 4
44 105 44
1 30 1
103 109 103
54 70 26
54 83 77
82 120 56
6 47 6
71 104 93
11 88 87
7 36 103
32 92 56
60 95 51
34 67 56
46 93 93
35 50 24
102 125 24
104 127 93
41 52 52
16 17 1
70 99 101
9 93 93
57 106 87
27 43 52
21 74 103
17 104 93
59 77 77
82 87 87
15 36 103
60 114 51
4 93 93
5 56 56
57 110 26
69 87 87
9 56 56
10 76 101
103 127 93
10 71 93
1 41 1
38 120 77
98 108 6
35 91 3
4 57 4
84 87 87
95 126 52
3 21 3
6 107 6
8 102 24
50 85 1
92 128 120
10 14 93
48 58 6
26 49 26
35 55 56
22 117 93
3 28 3
15 51 103
21 70 26
13 50 24
54 62 62
54 107 26
24 46 24
18 121 62
40 88 87
62 124 62
33 41 6
6 96 6
29 84 1
67 97 27
57 96 26
48 122 87
8 13 3
23 79 52
95 120 120
63 109 12
77 89 77
39 108 6
51 128 120
101 111 101
12 119 44
114 127 93
13 80 44
39 73 44
51 102 24
15 49 103
31 119 4
108 124 6
34 87 87
82 104 93
55 77 56
48 124 120
3 120 3
9 60 27
60 103 103
120 123 27
36 83 77
36 117 103
56 63 56
11 103 6
39 57 26
37 70 26
110 119 3
30 69 24
39 94 87
53 67 24
29 127 1
21 87 87
37 59 56
48 99 101
20 54 69
30 106 87
15 70 26
3 72 62
15 82 56
4 33 4
23 65 120
16 65 1
1 22 1
16 23 1
12 63 12
60 92 120
15 117 103
34 79 52
54 119 3
81 89 4
15 24 24
38 117 77
4 28 4
6 86 6
9 91 27
34 56 56
8 52 52
107 126 52
37 107 26
11 74 6
52 111 52
60 85 1
17 42 93
50 87 87
1 16 1
50 97 24
60 68 12
2 122 87
44 121 62
14 54 77
92 118 101
16 123 1
24 92 24
93 120 93
3 56 56
40 126 52
69 91 69
8 94 87
84 99 101
24 83 24
85 96 1
3 60 3
9 24 24
101 109 101
32 74 56
2 14 24
4 120 4
1 10 1
64 122 87
48 92 120
1 123 1
12 75 1
12 114 12
70 122 87
40 77 52
57 60 26
91 101 101
18 111 4
69 125 69
1 69 1
83 111 77
67 118 101
105 113 51
52 64 52
61 107 101
70 114 26
74 116 69
81 122 87
69 92 69
13 51 44
15 83 77
98 101 101
11 112 101
92 100 26
97 114 103
34 62 62
73 128 120
71 87 87
43 119 52
31 70 4
54 109 3
33 75 1
78 113 77
55 72 62
19 86 1
18 78 4
37 116 69
15 98 4
9 57 26
111 113 51
44 57 26
1 46 1
2 52 24
41 87 87
21 80 103
62 111 62
91 92 120
27 87 87
15 123 27
51 96 51
20 106 87
109 111 51
77 99 101
30 93 93
36 65 120
54 117 3
35 52 52
2 116 24
42 65 62
29 73 1
4 121 62
38 78 77
79 96 52
18 23 4
37 69 69
32 33 69
6 46 6
45 71 4
15 87 87
1 116 1
66 115 87
69 120 69
57 92 26
6 66 87
18 37 4
2 11 24
21 126 52
37 44 56
13 73 44
35 114 3
46 77 62
50 109 24
97 113 103
7 55 56
78 114 77
33 68 69
73 124 44
76 101 101
42 119 62
68 114 12
32 45 69
80 101 101
37 89 56
43 122 87
13 125 3
53 73 24
95 107 26
57 121 62
54 77 77
35 128 3
39 65 120
23 77 77
21 23 103
7 96 90
36 60 103
13 49 44
18 71 4
3 110 3
4 20 4
1 59 1
62 113 62
53 82 24
11 117 6
61 101 101
3 79 52
38 60 77
22 83 93
110 125 3
18 80 4
47 112 101
23 118 101
6 42 6
45 91 69
79 120 52
24 80 24
68 111 12
5 45 69
53 63 24
1 56 1
18 99 101
33 35 69
37 93 93
27 91 27
7 97 103
19 61 1
20 68 69
12 117 12
5 32 56
23 84 26
24 87 87
53 101 101
72 126 52
24 73 24
12 111 12
7 117 90
6 72 6
9 77 77
87 94 87
90 105 51
15 92 120
24 51 24
5 33 69
22 95 93
21 24 24
16 93 1
41 110 6
44 55 56
20 49 69
77 90 77
13 93 93
99 112 101
9 59 27
48 62 62
12 67 27
21 117 103
64 92 52
83 96 77
18 69 4
19 114 1
119 128 120
41 80 6
15 110 3
53 117 24
6 109 6
17 45 93
88 93 87
106 113 87
10 103 93
73 88 87
21 120 120
18 87 87
56 73 56
81 112 101
93 104 93
29 91 1
26 45 69
13 21 44
13 103 44
3 119 3
46 106 87
24 100 24
3 8 3
42 88 87
70 124 26
5 76 101
25 46 6
15 119 44
102 124 24
70 88 87
43 51 52
51 54 3
65 73 120
62 96 62
15 114 103
36 113 103
74 82 56
27 86 69
22 96 93
93 113 93
27 32 56
9 123 27
35 84 26
83 91 77
2 30 24
31 65 4
17 117 93
91 115 44
65 123 27
84 113 26
87 108 87
16 40 1
44 64 52
57 70 26
68 120 120
93 96 93
3 81 4
9 119 27
93 126 93
28 59 27
3 52 52
54 127 93
18 68 4
24 39 24
20 123 69
38 108 6
14 65 77
61 109 101
59 124 27
63 120 120
66 108 87
28 65 27
69 84 69
105 123 27
3 14 77
32 34 56
6 20 6
38 93 93
84 100 26
16 75 1
18 116 4
87 110 87
82 126 52
18 114 4
10 46 93
49 73 44
98 112 101
14 23 77
39 60 44
62 128 62
9 90 27
83 114 77
9 43 52
98 107 4
32 111 56
1 92 1
74 117 12
9 107 26
7 114 51
57 84 26
27 28 27
5 24 24
34 66 87
55 93 93
37 125 56
15 104 93
2 110 24
51 68 12
28 69 69
32 43 52
13 115 44
23 111 90
36 40 52
44 91 44
73 123 27
14 93 93
49 77 77
66 106 87
19 110 1
54 128 3
57 109 26
23 100 26
38 74 77
45 128 69
12 121 62
65 119 120
96 124 103
15 65 120
7 19 1
23 25 6
84 89 26
20 47 62
68 69 69
60 104 93
5 101 101
92 99 101
3 48 3
28 47 62
4 42 62
113 114 51
31 107 4
6 58 6
23 61 101
4 40 52
62 126 52
72 117 62
11 24 24
18 62 62
13 99 101
96 127 93
96 97 103
38 91 77
58 60 6
64 127 93
49 119 44
1 122 1
1 43 1
107 116 69
16 85 1
62 71 62
4 69 4
23 27 27
1 127 1
22 102 93
90 91 90
16 35 1
52 89 52
10 88 87
35 54 3
102 104 93
55 94 87
9 69 69
5 42 62
92 107 26
69 116 69
119 126 52
16 113 1
23 128 120
77 119 77
85 128 1
90 94 87
7 71 4
45 111 69
21 68 103
41 55 6
52 70 52
10 93 93
65 110 3
62 86 62
72 120 62
56 76 101
24 43 24
41 108 6
5 18 4
26 69 69
63 93 93
52 96 52
23 82 56
19 40 1
31 81 4
63 92 120
43 120 52
29 105 1
30 43 24
56 80 56
23 30 24
4 126 52
27 47 62
69 97 69
62 64 52
14 37 56
89 126 52
44 49 44
45 86 69
14 26 26
64 79 52
88 103 87
20 50 24
49 103 103
8 121 62
85 113 1
65 128 120
26 100 26
1 53 1
83 97 77
82 107 26
54 66 87
83 89 77
12 69 69
82 90 56
9 47 62
42 102 24
18 59 4
59 123 27
9 94 87
109 116 69
107 114 26
8 79 52
8 105 3
4 65 4
43 115 52
57 67 26
6 128 6
34 35 56
91 120 120
78 104 93
15 21 103
118 119 101
23 43 52
82 89 56
61 90 101
4 38 4
12 35 3
17 61 101
1 32 1
43 66 87
62 80 62
54 98 4
42 93 93
79 110 52
62 100 62
55 120 56
41 84 6
43 128 52
60 117 51
23 80 12
43 52 52
49 121 62
80 93 93
86 112 101
56 108 6
88 115 87
28 67 27
20 66 87
9 23 27
13 120 120
35 118 101
89 119 77
54 93 93
6 98 6
87 97 87
6 95 6
14 116 69
65 80 120
93 112 101
11 101 101
103 106 87
68 92 120
30 74 24
2 76 101
38 77 77
10 64 93
85 117 1
104 128 93
43 84 52
88 99 87
18 26 4
39 124 44
1 81 1
55 106 87
40 118 101
23 114 51
8 101 101
46 119 62
13 42 62
54 115 3
66 70 87
27 106 87
26 116 69
26 121 62
62 93 93
32 103 56
21 122 87
7 105 51
53 76 101
22 53 93
44 115 44
52 68 52
58 82 6
94 97 87
51 86 69
4 89 4
99 107 101
19 119 1
6 101 101
3 71 4
3 108 6
22 52 93
33 40 52
27 52 52
72 80 62
49 122 87
55 56 56
3 36 3
12 36 103
77 91 77
42 62 62
73 125 3
35 48 3
46 89 62
3 69 69
23 52 52
62 107 62
60 76 101
96 119 44
31 69 4
8 62 62
1 24 1
96 110 3
17 115 93
55 67 56
87 104 87
37 38 56
14 35 77
15 23 103
31 56 4
37 82 56
49 116 69
5 51 120
58 83 6
29 37 1
95 96 90
32 77 56
88 100 87
40 44 52
17 96 93
16 101 1
56 116 69
63 113 12
55 89 56
112 118 101
36 109 103
28 114 27
24 102 24
56 70 26
82 93 93
44 113 44
116 124 69
21 52 52
10 24 93
33 44 69
67 77 77
1 125 1
31 75 1
39 103 44
10 112 101
1 80 1
105 108 6
3 116 69
91 128 120
114 121 62
87 121 87
79 115 52
49 91 12
27 120 27
36 81 4
51 125 3
19 127 1
68 117 12
14 110 77
68 74 12
23 51 51
103 115 44
31 66 87
39 107 26
4 77 4
79 87 87
92 120 120
5 49 120
63 91 12
83 127 93
14 38 77
40 76 101
8 127 93
82 113 56
6 123 6
49 110 3
68 89 77
44 92 120
48 110 3
67 115 27
84 92 26
48 57 26
50 99 101
36 41 6
26 92 26
56 82 56
46 120 62
93 99 101
104 124 93
121 125 62
47 60 62
20 108 6
86 106 87
47 71 62
84 98 4
56 93 93
81 82 4
66 87 87
50 123 24
96 126 52
7 11 6
8 15 3
24 31 24
26 32 26
57 120 26
23 44 44
48 104 93
35 53 24
23 78 77
3 59 3
31 100 4
17 121 93
27 50 24
118 120 101
21 123 27
23 95 90
72 124 62
52 83 52
56 114 56
23 126 52
93 121 93
117 120 120
13 24 24
48 77 77
65 121 62
106 123 87
63 96 12
26 53 24
1 36 1
24 111 24
1 65 1
44 67 27
52 61 101
36 58 6
4 82 4
86 98 4
6 121 6
61 99 101
89 124 77
24 122 87
121 127 93
85 91 1
59 120 27
96 109 51
70 100 26
52 117 52
64 89 52
19 68 1
82 98 4
6 31 6
90 98 4
23 104 93
72 87 87
67 116 69
18 60 4
35 101 101
24 79 24
62 101 101
125 126 52
43 50 24
28 88 87
58 63 6
45 73 69
70 101 101
27 92 27
76 93 101
24 49 24
8 44 3
51 61 101
68 113 12
48 101 101
31 115 4
49 76 101
85 97 1
56 77 56
51 88 87
15 54 3
33 122 87
65 86 69
6 55 6
75 112 1
40 105 52
44 51 44
5 65 120
36 54 3
55 114 56
113 123 27
76 112 101
75 79 1
65 111 120
37 109 56
119 124 44
93 109 93
101 126 101
121 123 62
24 117 24
33 93 93
43 44 52
74 86 69
27 105 27
10 85 1
122 126 87
4 96 4
38 122 87
9 87 87
12 105 12
91 119 44
49 63 12
65 107 26
36 118 101
90 115 44
67 127 93
9 63 27
56 100 26
2 101 101
17 127 93
3 97 3
63 119 44
43 53 24
79 111 52
77 78 77
77 87 87
8 22 93
11 93 93
18 81 4
3 78 77
23 55 56
86 125 69
56 123 56
6 51 6
101 104 101
24 93 93
26 40 52
7 64 52
27 121 62
30 75 1
118 121 101
28 123 27
12 82 56
20 101 101
34 38 56
102 119 24
7 61 101
42 49 62
6 80 6
81 123 4
57 128 26
63 85 1
67 119 27
16 74 1
13 94 87
39 71 4
6 116 6
108 127 93
24 98 24
75 100 1
23 113 51
6 23 6
49 74 12
44 95 44
20 52 52
6 14 6
87 95 87
37 101 101
27 111 27
72 73 62
24 126 24
39 109 44
14 95 77
23 59 27
55 87 87
18 53 24
24 59 24
41 49 6
16 49 1
32 127 93
53 107 24
6 10 93
34 98 4
67 71 4
38 56 56
114 116 69
25 40 52
86 120 69
37 91 56
15 75 1
21 36 103
16 57 1
1 115 1
47 65 62
27 93 93
14 28 77
60 93 93
26 46 62
20 28 69
4 90 4
96 113 51
86 91 69
10 83 93
6 125 6
1 45 1
2 65 24
42 128 62
101 114 101
2 78 24
52 69 52
103 128 120
9 108 6
4 51 4
126 127 93
75 109 1
5 9 27
38 98 4
40 79 52
52 128 52
23 101 101
46 98 62
84 108 6
7 113 51
34 123 56
56 107 26
7 93 93
50 116 24
48 93 93
3 101 101
84 127 93
22 93 93
92 119 120
20 124 69
51 99 101
24 50 24
5 91 120
25 35 6
18 31 4
6 68 6
16 43 1
34 93 93
92 104 93
24 41 24
88 125 87
65 95 120
64 101 101
1 105 1
14 105 77
93 110 93
18 43 52
91 117 90
60 109 51
40 93 93
70 98 4
33 54 69
7 118 101
65 89 77
77 110 77
81 98 4
58 59 6
74 96 12
10 97 93
5 63 120
66 125 87
84 125 26
31 59 4
5 12 120
13 96 44
8 110 3
69 100 69
114 120 120
47 124 62
5 107 26
7 51 51
101 112 101
109 118 101
18 73 4
83 122 87
4 35 4
25 71 6
115 118 101
6 104 93
52 93 93
38 83 77
27 35 3
82 118 101
20 69 69
11 100 6
37 64 52
20 80 69
24 108 24
4 48 4
98 105 4
13 38 77
10 22 93
33 78 69
4 110 4
40 104 93
31 121 62
23 109 51
17 24 93
11 13 6
3 111 3
43 96 52
54 76 101
12 65 120
75 85 1
4 41 6
87 117 87
69 119 69
7 111 90
74 113 12
14 74 77
3 38 77
7 21 103
5 6 6
47 104 93
4 102 24
34 124 56
6 88 87
104 106 87
28 61 101
93 114 93
44 100 26
7 124 103
101 108 101
58 97 6
109 113 51
13 81 4
69 83 69
44 93 93
59 73 27
20 38 69
58 93 93
11 25 6
62 83 62
47 63 62
20 89 69
64 94 87
57 74 26
28 93 93
7 95 90
107 128 26
58 105 6
36 49 103
41 73 6
53 55 24
82 103 56
25 81 6
24 101 101
68 82 56
75 111 1
81 113 4
66 85 1
5 77 77
10 23 93
3 92 3
9 103 27
115 119 44
80 117 12
68 85 1
90 114 51
66 76 87
36 62 62
52 77 52
81 93 93
96 103 103
101 113 101
21 92 120
95 115 44
68 115 44
6 108 6
8 96 3
79 116 52
25 102 24
18 70 4
20 83 69
18 88 87
23 89 77
5 113 120
70 117 26
95 111 90
12 102 24
108 119 6
18 49 4
45 52 52
98 118 101
39 101 101
24 89 24
31 92 4
69 86 69
52 120 52
38 52 52
7 126 52
38 76 101
25 73 6
1 27 1
87 127 87
119 121 62
58 62 6
36 112 101
24 123 24
19 44 1
35 119 3
89 96 77
3 105 3
83 125 77
64 74 52
31 45 4
80 109 12
49 111 12
119 125 3
61 73 101
44 117 44
15 93 93
66 88 87
8 12 3
11 77 6
23 98 4
77 117 77
30 87 87
74 114 12
23 85 1
78 118 101
37 126 52
51 113 51
57 104 93
2 105 24
56 90 56
32 41 6
35 72 62
26 118 101
15 60 103
61 111 101
8 115 3
15 94 87
14 101 101
41 76 101
15 77 77
35 79 52
36 108 6
22 84 93
22 87 87
10 38 93
84 102 24
69 74 69
73 86 69
19 101 1
31 54 4
18 57 4
4 101 101
80 121 62
1 40 1
100 112 101
44 54 3
56 121 62
2 24 24
20 23 69
31 52 52
12 103 103
114 118 101
23 57 26
36 95 103
7 23 7
14 113 77
77 124 77
88 89 87
25 91 6
12 51 12
90 120 120
48 118 101
5 62 62
23 63 12
9 117 27
14 87 87
90 104 93
15 41 6
37 51 56
28 83 77
8 89 77
62 97 62
9 25 6
85 87 1
14 56 56
38 71 4
21 82 56
9 54 3
78 106 87
25 89 6
30 127 93
11 23 6
85 106 1
38 51 77
30 102 24
34 97 56
56 60 56
23 31 4
22 112 101
15 76 101
33 127 93
8 30 24
23 93 93
23 26 26
26 60 26
43 100 52
40 90 52
64 126 52
48 82 56
44 118 101
70 80 26
23 67 27
71 102 24
26 115 26
109 120 120
45 101 101
56 57 26
49 100 26
59 87 87
105 110 3
13 69 69
3 7 3
49 102 24
59 106 87
95 98 4
28 80 27
96 121 62
54 110 3
84 114 26
28 46 62
1 18 1
28 103 27
81 111 4
68 110 3
27 69 69
22 23 93
25 54 6
64 119 52
24 120 24
64 87 87
104 110 93
27 63 27
37 108 6
21 73 44
33 80 69
3 61 101
40 55 52
67 101 101
67 128 27
13 32 56
62 115 62
4 72 62
18 127 93
42 72 62
13 44 44
34 115 56
27 123 27
45 88 87
38 40 52
41 96 6
5 103 120
71 125 4
32 82 56
52 119 52
48 116 69
51 53 24
25 69 6
90 123 27
111 122 87
43 103 52
61 106 87
6 111 6
49 126 52
65 69 69
14 89 77
29 60 1
6 50 24
36 93 93
57 90 26
16 37 1
18 30 24
74 92 120
15 27 27
43 54 52
59 111 27
61 127 101
70 95 26
75 96 1
107 120 26
67 122 87
73 109 44
45 116 69
23 71 4
86 119 69
6 49 6
53 123 24
35 51 3
52 53 24
40 91 52
16 20 1
38 123 77
24 65 24
73 114 44
111 116 69
17 125 93
17 122 87
6 19 1
20 29 1
94 120 87
23 50 24
63 78 77
54 113 3
29 57 1
93 101 101
8 31 4
39 91 44
98 120 4
63 66 87
57 115 26
15 111 103
56 115 56
3 16 1
91 114 51
71 121 62
98 102 24
56 71 4
39 114 44
66 79 87
35 124 3
56 113 56
64 124 52
24 56 24
83 108 6
78 81 4
106 122 87
55 104 93
57 99 101
40 87 87
22 33 93
41 115 6
45 112 101
40 92 52
41 93 93
7 109 51
48 74 120
33 128 69
5 80 120
17 26 93
35 116 69
46 48 62
10 104 93
74 77 77
4 68 4
13 119 44
41 112 101
12 44 44
64 72 52
50 58 24
83 120 77
114 122 87
95 114 51
11 118 101
60 69 69
12 21 103
15 73 44
55 85 1
48 73 120
9 26 26
43 106 87
34 70 26
6 15 6
16 19 1
94 96 87
74 89 77
23 96 90
58 66 87
92 96 120
23 69 69
42 97 62
1 61 1
83 113 77
23 123 27
16 111 1
60 78 77
19 45 1
77 112 101
31 116 4
52 63 52
35 115 3
21 119 44
23 35 3
5 16 1
49 94 87
31 90 4
85 94 1
66 95 87
9 62 62
28 91 27
83 104 93
73 111 44
104 119 93
45 70 69
25 106 87
14 33 69
109 114 51
34 99 101
10 99 101
46 121 62
93 108 93
71 73 4
36 69 69
79 114 52
30 52 24
9 83 77
27 56 56
8 50 24
26 52 52
100 115 26
1 88 1
12 47 62
28 119 27
14 127 93
66 127 87
7 125 3
18 105 4
6 40 52
23 68 12
35 117 3
52 86 52
2 127 93
15 97 103
7 40 52
1 23 1
26 56 26
3 53 24
11 21 6
50 114 24
81 127 93
97 100 26
80 114 12
32 91 56
16 87 1
14 119 77
12 15 103
40 64 52
88 97 87
90 108 6
55 101 101
90 93 93
3 49 3
94 106 87
59 85 1
107 123 26
4 17 93
74 121 62
22 90 93
1 85 1
39 92 120
25 93 93
1 100 1
56 59 56
107 113 26
30 85 1
29 97 1
8 67 3
86 95 69
37 67 56
23 102 24
12 60 12
15 52 52
37 98 4
43 93 93
21 48 120
62 127 93
53 103 24
23 33 69
23 48 120
26 29 1
47 62 62
4 92 4
75 89 1
19 75 1
23 28 27
108 123 6
66 104 87
22 30 93
25 37 6
1 79 1
53 87 87
23 115 44
58 104 93
27 125 3
12 56 56
91 118 101
9 125 3
17 27 93
4 88 87
35 93 93
112 113 101
56 92 56
3 4 4
15 26 26
53 93 93
5 92 120
6 79 52
15 127 93
32 104 93
89 113 77
35 66 87
6 32 6
30 45 24
60 123 27
59 84 26
41 62 6
22 101 101
1 84 1
3 80 3
81 125 4
104 111 93
104 105 93
9 38 77
68 70 26
18 55 4
10 79 93
26 39 26
49 84 26
16 115 1
27 128 27
25 124 6
111 127 93
32 37 56
11 63 6
94 98 87
31 38 4
71 82 4
51 73 44
24 53 24
3 46 62
8 120 3
39 82 56
66 107 87
23 72 62
73 102 24
20 63 69
23 39 44
96 115 44
1 121 1
112 128 101
47 107 62
62 95 62
59 121 62
9 17 93
7 66 87
4 105 4
27 39 27
32 110 56
56 104 93
18 93 93
50 53 24
83 117 77
55 98 4
9 52 52
6 110 6
40 71 52
9 106 87
77 113 77
46 94 87
62 81 62
54 89 77
9 95 27
73 93 93
3 102 24
49 88 87
65 127 93
6 63 6
96 101 101
13 58 6
49 128 120
13 113 44
17 101 101
91 105 51
60 89 77
13 23 44
12 52 52
83 116 69
42 74 62
38 39 77
37 56 56
10 63 93
2 40 24
51 103 103
60 63 12
61 120 101
6 38 6
82 121 62
87 90 87
32 62 62
6 70 6
23 107 26
6 41 6
21 90 103
5 128 120
1 64 1
7 77 77
14 19 1
2 27 24
33 73 69
99 110 101
25 88 87
108 110 6
1 75 1
38 50 24
3 25 6
85 121 1
69 82 69
7 108 6
4 71 4
74 120 120
61 118 101
10 116 93
63 77 77
110 126 52
55 109 56
48 80 120
39 96 44
18 89 4
65 97 120
53 121 24
30 50 24
33 38 69
78 91 77
65 88 87
41 58 6
4 128 4
95 113 51
19 113 1
19 125 1
27 68 27
69 110 69
91 103 103
33 70 69
17 22 93
9 18 4
43 79 52
26 77 26
86 102 24
57 69 69
66 73 87
31 91 4
42 63 62
73 112 101
47 79 52
115 122 87
18 41 6
1 99 1
6 89 6
27 53 24
105 117 51
92 113 120
65 76 101
54 61 101
34 61 101
20 95 69
82 127 93
43 89 52
86 110 69
52 100 52
91 93 93
60 115 44
59 78 77
55 102 24
76 126 101
25 36 6
7 74 12
17 87 87
39 89 77
43 47 52
123 128 27
3 35 3
37 47 62
20 64 52
19 41 1
36 51 103
74 91 12
31 87 87
71 90 4
105 114 51
12 86 69
4 125 4
11 43 52
23 24 24
63 87 87
11 35 6
43 101 101
53 88 87
70 104 93
64 114 52
26 89 26
77 123 77
81 116 4
93 116 93
10 91 93
25 50 24
1 111 1
17 25 93
28 116 69
95 117 90
4 116 4
31 74 4
61 93 101
74 127 93
1 19 1
81 115 4
87 99 87
40 41 52
19 85 1
74 90 12
10 95 93
8 65 3
15 43 52
7 92 120
15 50 24
10 25 93
49 113 12
7 91 90
66 94 87
24 97 24
13 33 69
39 86 69
85 110 1
9 110 3
21 110 3
47 100 62
25 92 6
69 118 101
34 55 56
97 109 103
115 120 120
17 93 93
5 78 77
91 102 24
37 41 6
97 119 44
20 34 69
95 97 103
49 109 12
30 90 24
5 39 120
66 110 87
33 65 69
22 127 93
52 107 52
123 125 3
22 89 93
11 62 6
29 79 1
87 105 87
14 115 77
64 99 101
51 117 51
95 112 101
52 103 52
43 104 93
71 128 4
85 112 1
10 31 93
60 84 26
51 74 12
34 95 56
19 31 1
23 75 1
82 95 56
68 108 6
81 84 4
88 106 87
73 96 44
42 54 62
54 73 3
83 93 93
72 75 1
82 97 56
24 26 24
3 30 24
9 92 27
20 99 101
54 80 3
23 87 87
1 50 1
23 32 56
13 128 120
10 87 87
95 105 51
75 95 1
34 105 56
78 89 77
55 105 56
116 127 93
40 43 52
4 86 4
10 37 93
48 115 120
67 121 62
19 89 1
107 119 26
26 86 69
120 128 120
71 85 1
53 56 24
29 62 1
51 126 52
113 116 69
11 92 6
64 66 87
11 94 87
57 118 101
22 70 93
1 25 1
56 62 62
36 121 62
36 80 103
17 29 1
30 37 24
17 89 93
69 78 69
36 61 101
11 70 6
79 103 52
27 96 27
26 36 26
11 87 87
95 100 26
45 62 62
23 29 1
14 50 24
32 61 101
20 61 101
20 81 4
59 64 52
121 128 62
16 128 1
38 118 101
7 115 44
30 66 87
30 41 24
40 103 52
36 97 103
34 73 56
66 122 87
119 120 120
29 75 1
59 74 27
5 36 120
101 105 101
42 121 62
36 68 103
111 117 90
29 71 1
24 125 24
12 113 12
8 9 3
47 98 62
5 34 56
57 107 26
39 80 44
93 102 93
44 59 27
74 128 120
1 21 1
37 52 52
4 111 4
4 97 4
60 96 51
90 95 90
24 121 24
16 102 1
55 92 56
20 36 69
87 128 87
17 21 93
5 48 120
44 65 120
3 11 6
11 41 6
79 100 52
1 93 1
18 35 4
15 96 103
103 117 103
101 128 101
21 101 101
1 86 1
60 118 101
23 121 62
23 116 69
59 69 69
12 116 69
11 12 6
1 5 1
84 93 93
54 125 3
23 83 77
35 44 3
60 77 77
21 97 103
25 117 6
28 34 56
100 107 26
54 88 87
15 17 93
61 76 101
93 107 93
23 94 87
1 47 1
88 114 87
30 53 24
17 39 93
66 128 87
86 105 69
29 98 1
6 8 6
101 115 101
24 114 24
13 22 93
40 54 52
2 102 24
4 31 4
95 118 101
13 116 69
59 119 27
61 85 1
3 117 3
18 122 87
58 125 6
29 109 1
62 103 62
80 94 87
85 124 1
14 17 93
49 124 103
13 54 3
14 85 1
6 24 24
9 67 27
19 23 1
21 69 69
67 105 27
84 124 26
26 78 26
4 64 52
81 110 4
36 72 62
80 111 12
4 83 4
29 72 1
43 117 52
37 112 101
52 62 52
15 69 69
39 47 62
5 119 120
25 28 6
13 39 44
107 125 26
29 77 1
1 48 1
63 89 77
2 61 101
65 70 26
31 97 4
7 63 12
4 98 4
14 78 77
79 93 93
94 105 87
15 63 103
28 79 52
64 112 101
8 123 3
87 126 87
37 63 56
67 103 27
8 54 3
113 128 120
34 63 56
5 90 120
34 101 101
99 100 101
4 13 4
33 83 69
22 56 93
26 107 26
9 53 24
93 111 93
51 90 51
23 58 6
110 118 101
24 33 24
23 66 87
9 28 27
94 101 87
53 85 1
47 93 93
5 87 87
23 92 120
6 92 6
80 92 120
62 119 62
68 75 1
14 71 4
57 66 87
25 31 6
49 65 120
102 127 93
6 78 6
34 48 56
13 19 1
24 70 24
62 91 62
62 116 62
56 109 56
39 123 27
73 119 44
38 86 69
78 120 77
106 110 87
39 119 44
18 29 1
52 60 52
10 36 93
16 119 1
49 64 52
68 118 101
5 67 27
39 115 44
10 12 93
4 100 4
91 111 90
26 63 26
8 28 3
26 27 26
48 111 120
64 97 52
72 121 62
13 107 26
3 128 3
34 128 56
5 98 4
1 34 1
13 27 27
8 69 69
48 107 26
46 101 101
4 118 101
26 125 26
6 64 52
3 37 56
16 36 1
4 74 4
4 54 4
27 99 101
14 55 56
124 126 52
13 95 44
45 69 69
38 106 87
45 113 69
80 83 77
24 88 87
40 114 52
7 49 12
6 103 6
40 74 52
30 95 24
28 120 27
77 93 93
2 90 24
11 119 6
33 116 69
48 121 62
12 80 12
67 117 27
13 109 44
25 101 101
85 111 1
69 111 69
46 47 62
38 105 77
89 117 77
28 86 69
52 121 52
54 60 3
14 62 62
45 107 69
16 124 1
82 92 56
13 15 44
93 119 93
18 84 4
24 47 24
40 58 52
79 117 52
8 46 62
41 126 52
30 109 24
44 96 44
1 52 1
84 116 69
36 44 44
74 80 12
13 26 26
69 81 4
25 98 6
28 98 4
28 45 69
3 115 3
3 96 3
13 62 62
52 124 52
5 52 52
89 93 93
51 80 12
70 84 26
69 71 4
27 58 6
68 78 77
101 103 101
82 128 56
18 98 4
4 62 62
68 91 12
71 123 4
52 123 52
36 128 120
8 27 3
67 93 93
12 92 120
60 82 56
1 29 1
4 23 4
59 67 27
78 115 77
61 124 101
52 58 52
26 96 26
10 17 93
21 124 103
31 83 4
52 57 52
33 89 69
47 72 62
46 56 62
13 56 56
48 128 120
38 87 87
56 98 4
59 109 27
59 128 27
74 99 101
92 101 101
6 27 6
23 74 12
68 80 12
84 85 1
23 47 62
31 41 6
1 38 1
67 87 87
51 87 87
45 90 69
6 34 6
53 84 24
29 87 1
74 106 87
13 60 44
44 126 52
54 114 3
10 16 1
10 105 93
1 96 1
39 44 44
3 93 93
93 118 101
43 49 52
39 111 44
48 90 120
59 97 27
7 52 52
60 72 62
87 118 87
4 84 4
28 87 87
10 80 93
14 106 87
49 96 12
124 125 3
36 123 27
26 82 26
26 48 26
118 128 101
62 70 62
23 41 6
81 100 4
18 106 87
11 125 6
1 107 1
87 88 87
4 119 4
82 88 87
71 99 101
38 95 77
93 115 93
77 104 93
15 55 56
48 52 52
87 107 87
80 87 87
25 34 6
97 101 101
57 100 26
35 74 3
57 71 4
21 93 93
42 59 62
4 47 62
65 96 120
69 114 69
60 113 51
10 35 93
59 76 101
71 98 4
3 113 3
89 105 77
41 102 24
51 92 120
62 108 6
69 76 101
19 116 1
25 45 6
33 112 101
11 18 6
26 65 26
44 114 44
67 95 27
4 117 4
68 124 103
9 120 27
22 103 93
15 44 44
121 126 52
28 40 52
61 67 101
28 117 27
8 91 3
32 106 87
16 105 1
60 65 120
1 101 1
52 108 52
32 125 56
23 40 52
85 126 1
1 110 1
82 117 56
26 33 69
61 126 101
2 66 87
12 45 69
4 78 4
12 57 26
62 112 101
32 101 101
16 95 1
52 106 87
63 65 120
86 121 62
18 61 101
49 80 12
58 80 6
37 114 56
17 79 93
40 125 52
82 101 101
15 115 44
73 79 52
56 74 56
89 103 77
26 123 26
92 117 120
12 72 62
71 115 4
6 59 6
10 61 101
47 120 62
7 32 56
5 122 87
26 55 26
23 73 44
29 35 1
45 55 69
4 24 24
67 89 77
79 123 52
3 99 101
21 114 103
23 38 77
27 119 27
13 87 87
52 88 87
76 99 101
62 82 62
73 94 87
16 29 1
33 101 101
5 44 120
35 40 52
87 119 87
17 75 1
62 77 62
77 80 77
29 61 1
8 32 56
69 107 69
62 123 62
20 31 4
52 102 24
93 125 93
70 119 26
24 94 87
30 105 24
78 92 77
17 41 93
5 23 120
65 90 120
49 56 56
62 73 62
35 62 62
83 84 26
57 101 101
81 126 52
1 51 1
79 113 52
50 127 93
26 84 26
15 105 103
92 102 24
13 77 77
7 70 26
25 52 52
48 65 120
75 107 1
35 110 3
43 112 101
44 77 77
8 92 3
10 126 93
8 99 101
40 48 52
39 40 52
27 126 52
52 101 101
24 127 93
57 83 26
51 124 103
48 50 24
22 67 93
113 124 103
15 120 120
39 52 52
22 122 87
69 99 101
65 117 120
10 18 93
21 77 77
3 62 62
1 33 1
65 77 77
74 115 44
4 87 87
96 117 90
33 53 24
93 100 93
49 50 24
34 50 24
8 87 87
24 36 24
53 77 24
2 87 87
64 113 52
33 45 69
101 106 87
15 32 56
23 46 62
22 58 93
54 95 3
42 56 62
90 124 103
46 124 62
100 111 26
35 125 3
101 121 101
80 118 101
57 127 93
91 124 103
63 102 24
12 17 93
40 101 101
8 90 3
21 56 56
15 109 103
75 86 1
37 45 69
81 118 101
37 46 62
80 95 12
70 87 87
69 98 4
1 76 1
90 109 51
6 33 6
91 127 93
37 75 1
5 71 4
13 110 3
29 33 1
1 6 1
57 87 87
11 81 6
7 45 69
81 96 4
48 114 120
4 55 4
42 47 62
36 99 101
8 35 3
2 50 24
83 103 77
23 127 93
100 104 93
87 98 87
75 120 1
26 93 93
14 67 77
23 99 101
78 101 101
71 114 4
5 26 26
44 110 3
13 57 26
81 99 101
65 120 120
23 53 24
60 124 103
4 67 4
2 53 24
73 107 26
62 121 62
23 34 56
13 55 56
40 49 52
56 119 56
87 101 87
31 71 4
3 87 87
88 92 87
57 103 26
60 80 12
17 95 93
71 81 4
31 72 62
47 94 87
8 72 62
65 71 4
6 114 6
7 101 101
30 111 24
63 80 12
6 84 6
47 95 62
4 70 4
32 78 56
26 51 26
56 128 56
66 118 87
51 123 27
74 126 52
2 23 24
3 89 77
86 128 69
46 82 62
52 98 52
58 108 6
62 92 62
11 26 6
98 103 4
36 116 69
93 106 87
17 37 93
32 52 52
36 124 103
46 63 62
13 88 87
6 113 6
15 113 103
77 98 4
82 123 56
60 75 1
37 121 62
36 114 103
46 52 52
80 97 103
39 63 44
24 30 24
70 77 26
91 95 90
36 94 87
46 69 62
46 70 62
39 104 93
56 97 56
68 99 101
63 76 101
41 116 6
45 117 69
20 116 69
54 72 62
1 94 1
59 62 62
63 68 12
112 117 101
23 37 56
3 24 24
75 104 1
84 107 26
6 48 6
49 69 69
87 114 87
67 70 26
26 127 93
14 83 77
29 85 1
1 103 1
6 69 6
3 23 3
65 101 101
30 72 24
26 122 87
14 16 1
23 108 6
19 107 1
7 9 27
59 95 27
48 87 87
48 102 24
20 26 69
61 68 101
83 99 101
38 107 26
8 80 3
97 117 103
87 102 87
11 78 6
71 119 4
15 86 69
26 105 26
21 28 27
20 59 69
19 35 1
52 78 52
15 68 103
5 108 6
1 9 1
63 105 12
14 34 56
21 86 69
6 93 93
105 124 103
86 93 93
15 56 56
78 80 77
26 101 101
23 97 103
87 113 87
6 43 52
7 33 69
14 77 77
54 96 3
42 107 62
10 69 93
7 80 12
6 65 6
2 68 24
51 105 51
16 53 1
20 24 24
28 110 3
61 119 101
23 106 87
2 37 24
26 41 6
101 127 101
45 95 69
25 85 1
45 46 62
93 103 93
33 62 62
33 86 69
2 6 24
25 41 6
10 47 93
25 58 6
75 87 1
25 127 93
52 73 52
78 90 77
52 72 52
77 101 101
14 114 77
29 81 1
11 50 24
74 119 44
24 34 24
42 112 101
47 122 87
65 93 93
2 93 93
19 60 1
56 67 56
1 83 1
48 67 27
8 45 69
16 80 1
49 59 27
27 110 3
18 118 101
26 35 26
11 58 6
46 62 62
7 56 56
21 91 103
62 105 62
37 77 56
21 115 44
8 59 3
24 72 24
74 109 12
69 109 69
42 110 62
14 122 87
57 65 26
5 93 93
38 64 52
14 69 69
42 46 62
37 128 56
3 76 101
27 44 27
99 118 101
13 18 4
91 123 27
18 113 4
19 29 1
32 117 56
34 82 56
6 12 6
56 91 56
4 6 6
20 51 69
47 101 101
1 42 1
100 122 87
24 28 24
78 119 77
13 59 27
24 38 24
30 91 24
2 35 24
46 95 62
23 60 51
101 118 101
53 100 24
36 75 1
19 82 1
39 49 44
59 91 27
2 94 87
85 118 1
45 56 69
24 25 24
4 81 4
66 101 87
109 122 87
23 112 101
95 104 93
45 78 69
1 4 1
88 94 87
100 101 101
34 78 56
15 128 120
27 90 27
80 86 69
23 49 12
3 67 3
96 105 51
56 84 26
39 77 77
67 79 52
32 123 56
8 125 3
51 91 51
107 111 26
36 46 62
73 103 44
88 123 87
7 104 93
77 125 77
85 116 1
75 108 1
73 80 44
55 76 101
1 128 1
23 45 69
65 126 52
23 62 62
87 112 87
77 83 77
26 117 26
23 119 44
109 119 44
22 78 93
70 115 26
24 45 24
50 101 101
52 65 52
34 52 52
67 123 27
67 110 3
18 46 62
38 65 77
62 68 62
68 97 103
6 73 6
5 22 93
39 62 62
65 92 120
9 51 27
15 125 3
36 63 103
24 71 24
28 84 26
46 81 62
4 49 4
33 42 62
101 110 101
52 126 52
36 56 56
65 72 62
49 108 6
61 69 101
28 41 6
105 116 69
14 80 77
89 107 26
80 90 12
34 77 56
20 92 69
78 96 77
21 65 120
71 93 93
68 122 87
77 92 77
36 73 44
18 100 4
37 50 24
76 95 101
7 120 120
79 91 52
25 27 6
36 59 27
24 95 24
91 113 51
14 109 77
21 55 56
44 48 120
88 122 87
53 102 24
52 59 52
28 109 27
11 75 1
1 54 1
44 125 3
39 59 27
74 97 103
24 40 24
9 48 27
34 121 62
63 124 103
51 62 62
3 66 87
31 50 24
20 84 69
77 105 77
37 40 52
19 91 1
96 112 101
41 124 6
6 11 6
21 67 27
90 126 52
95 109 51
76 119 101
99 101 101
1 26 1
28 30 24
27 67 27
22 24 93
44 81 4
8 74 3
1 97 1
2 56 24
48 63 120
27 55 56
56 78 56
48 56 56
77 128 77
4 115 4
50 102 24
65 87 87
15 89 77
92 108 6
19 74 1
103 119 44
65 108 6
58 121 6
26 128 26
18 96 4
69 101 101
51 85 1
39 128 120
4 59 4
16 47 1
51 63 12
44 128 120
25 123 6
43 64 52
53 79 24
24 109 24
96 111 90
76 117 101
24 124 24
50 84 24
18 90 4
5 55 56
39 126 52
62 110 62
28 48 27
105 115 44
46 84 62
49 52 52
35 109 3
12 74 12
70 76 101
47 128 62
46 59 62
6 81 6
34 47 62
34 58 6
44 98 4
72 104 93
21 41 6
4 27 4
34 42 62
17 78 93
54 102 24
8 78 77
6 28 6
28 44 27
27 112 101
12 87 87
25 122 87
69 80 69
4 52 52
8 41 6
65 113 120
68 101 101
72 93 93
11 55 6
83 92 77
38 111 77
31 126 52
107 115 26
45 122 87
15 91 103
12 73 44
24 91 24
60 62 62
86 87 87
52 109 52
1 66 1
47 54 62
4 44 4
106 128 87
15 67 27
27 73 27
73 90 44
10 127 93
71 108 6
43 126 52
64 111 52
56 101 101
5 47 62
74 101 101
8 82 56
37 54 56
60 90 51
11 121 6
20 127 93
106 124 87
25 26 6
34 126 52
23 122 87
18 101 101
32 114 56
66 72 87
69 93 93
13 48 120
54 124 3
24 115 24
68 95 12
47 73 62
68 105 12
36 92 120
89 97 77
1 31 1
1 89 1
81 101 101
81 87 87
11 76 101
12 128 120
22 126 93
20 53 24
76 114 101
4 107 4
80 128 120
1 58 1
31 44 4
70 125 26
71 86 4
94 121 87
4 127 93
25 79 52
10 56 93
23 42 62
37 117 56
76 118 101
22 55 93
62 84 62
12 34 56
20 90 69
107 118 101
63 123 27
24 78 24
15 57 26
1 7 1
9 66 87
32 51 56
28 38 77
40 63 52
32 122 87
9 65 27
114 117 51
76 87 87
31 37 4
47 58 6
25 105 6
15 84 26
44 87 87
23 64 52
23 110 3
11 91 6
10 101 101
23 36 103
31 48 4
1 102 1
95 128 120
23 76 101
25 51 6
78 83 77
13 36 44
16 32 1
40 100 52
23 54 3
8 40 52
50 52 24
41 117 6
22 51 93
42 120 62
18 28 4
21 26 26
56 85 1
87 122 87
30 103 24
73 121 62
12 115 44
101 102 101
12 76 101
55 123 56
9 101 101
58 96 6
11 56 6
13 75 1
68 107 26
124 128 120
7 46 62
1 62 1
67 88 87
106 126 87
16 68 1
6 105 6
94 118 87
98 121 62
11 89 6
44 124 44
71 103 4
70 107 26
4 5 4
47 59 62
2 88 87
1 104 1
23 56 56
69 121 62
99 108 101
7 86 69
25 104 93
32 98 4
37 55 56
63 79 52
24 107 24
1 2 1
52 87 87
55 80 56
9 71 4
58 101 101
4 25 6
27 115 27
11 108 6
101 120 101
49 51 12
53 116 24
4 8 4
33 106 87
26 95 26
27 34 56
23 120 120
58 110 6
4 45 4
26 70 26
47 87 87
12 13 44
38 128 77
59 70 26
125 128 3
45 66 87
28 100 26
61 96 101
106 117 87
54 75 1
50 69 24
3 83 77
6 126 52
8 23 3
20 33 69
32 58 6
4 75 1
61 87 87
49 114 12
24 104 93
1 108 1
14 36 77
26 72 62
83 128 77
9 12 27
59 88 87
24 67 24
13 25 6
49 95 12
43 48 52
5 105 120
76 102 101
12 16 1
20 86 69
105 109 51
5 27 27
41 71 6
63 74 12
16 97 1
38 69 69
37 62 62
61 103 101
60 91 51
5 88 87
21 96 103
26 87 87
17 23 93
4 18 4
27 124 27
38 96 77
4 56 4
6 44 6
35 97 3
29 59 1
13 76 101
113 117 51
87 106 87
12 25 6
73 115 44
19 90 1
77 96 77
45 105 69
5 120 120
109 117 51
26 80 26
3 31 4
102 105 24
32 55 56
29 126 1
15 66 87
35 65 3
5 11 6
26 103 26
35 105 3
48 70 26
22 29 1
89 122 87
65 83 77
70 113 26
57 93 93
68 79 52
14 75 1
25 108 6
88 110 87
35 47 62
32 39 56
41 67 6
16 69 1
31 93 93
82 119 56
77 82 56
