256 6726
152 239 1
15 24 3
16 47 2
61 159 1
96 171 1
233 245 7
12 93 1
9 47 2
122 146 1
49 155 1
32 148 4
209 255 3
37 108 1
120 240 120
36 213 1
138 150 4
6 105 6
93 95 23
21 167 10
152 216 1
75 147 18
77 156 19
119 163 1
3 220 3
23 161 5
129 130 32
77 151 9
113 158 1
241 243 60
62 73 1
125 227 7
82 86 10
26 58 3
51 203 25
79 154 19
74 145 18
140 158 4
216 244 3
1 179 1
161 249 1
15 120 15
201 208 6
1 201 1
140 154 4
86 236 1
23 191 23
25 94 1
150 159 9
7 213 3
25 184 1
221 248 3
203 205 25
4 153 4
109 179 1
58 255 7
20 179 5
106 244 3
139 209 1
27 109 27
14 229 14
48 217 6
215 225 3
105 107 26
231 233 14
24 64 1
33 146 4
25 28 3
73 137 4
33 253 1
111 167 1
59 75 1
87 101 1
107 147 1
10 163 10
133 143 8
74 88 2
28 228 28
55 215 13
107 211 26
76 248 1
34 153 4
48 146 1
4 41 2
67 143 8
7 115 7
188 189 94
90 116 1
59 210 3
60 255 15
46 185 46
82 225 1
22 244 1
227 252 7
113 153 1
54 85 1
21 52 1
14 239 14
64 81 2
157 160 2
72 149 18
21 100 1
149 252 1
124 172 1
46 161 5
71 156 4
4 140 4
55 214 13
156 209 1
72 73 36
26 27 13
3 153 1
73 183 2
152 174 2
189 202 1
31 124 31
34 59 1
6 122 3
147 173 2
190 223 1
36 172 2
202 206 25
122 242 30
32 166 2
14 15 7
237 250 7
14 193 3
74 225 1
147 207 1
128 184 2
49 193 24
46 201 1
67 135 67
142 161 2
9 150 9
9 129 4
5 205 1
3 39 1
178 245 1
191 212 1
217 218 54
56 196 3
179 228 1
190 201 1
82 204 1
220 222 55
232 236 29
113 225 56
3 130 1
150 190 2
31 207 3
58 76 1
108 201 6
31 125 31
45 238 1
101 205 25
80 169 10
4 9 4
67 207 1
95 190 95
45 70 2
77 230 1
1 16 1
71 143 71
34 71 17
1 119 1
3 17 1
5 183 5
123 139 1
222 255 3
13 210 13
3 196 3
36 71 4
22 90 22
140 212 1
144 241 1
62 122 15
8 199 1
121 247 30
7 243 7
11 150 2
4 16 4
178 208 1
35 138 17
31 64 1
49 205 12
13 217 13
33 129 16
10 172 10
58 250 7
13 69 1
16 130 16
62 104 3
166 234 1
237 239 59
22 178 22
72 150 18
180 247 1
27 111 27
2 159 2
26 104 26
25 201 25
56 224 56
1 250 1
30 243 30
185 190 23
8 142 8
48 57 3
5 168 5
52 89 1
21 104 1
163 195 1
116 242 7
16 75 4
104 199 6
51 68 1
31 139 1
14 116 14
140 206 1
214 215 107
197 209 6
80 114 1
11 55 1
27 104 13
85 172 21
8 227 1
65 211 1
83 191 5
13 215 13
114 235 14
101 192 12
9 154 9
50 94 1
16 135 16
44 110 1
78 112 1
16 21 2
9 31 1
23 246 1
85 160 10
13 216 13
96 99 24
93 166 5
71 117 1
27 210 13
240 243 60
128 136 8
41 80 20
183 211 1
99 104 6
17 56 1
60 98 3
154 180 2
193 194 48
50 203 50
118 223 3
174 201 1
20 167 20
1 82 1
69 141 17
109 241 3
10 47 5
119 194 3
31 254 31
44 93 11
12 203 12
5 87 5
21 85 21
165 197 1
30 161 1
170 199 1
136 179 2
33 189 2
115 229 57
128 158 4
253 255 63
123 228 7
91 213 1
197 204 12
10 223 1
10 36 2
15 121 15
71 246 1
45 176 22
18 88 2
31 201 3
91 208 1
62 178 1
70 182 2
94 110 1
167 206 1
92 159 2
5 80 5
10 113 1
66 134 33
16 38 4
84 201 1
5 108 1
11 116 1
141 248 1
77 79 19
114 238 14
4 238 1
147 151 18
206 255 3
32 129 32
92 199 1
54 220 27
5 41 5
171 247 1
18 189 2
100 194 12
9 76 9
205 212 6
8 136 8
2 179 2
154 187 2
117 130 1
2 243 1
112 113 56
21 157 2
84 175 21
105 215 26
6 223 6
198 234 3
154 219 1
11 227 1
112 150 1
4 146 4
141 149 4
49 188 1
140 142 35
125 174 1
41 213 1
247 255 15
127 168 1
226 231 28
16 195 1
134 239 1
8 219 1
159 248 1
186 188 23
183 204 1
45 199 1
3 30 3
103 211 6
44 152 2
35 155 4
109 217 54
1 120 1
3 216 3
104 157 1
26 125 3
17 137 17
69 138 69
163 173 10
44 242 1
54 218 54
164 206 1
196 211 6
26 106 26
146 244 1
96 135 1
118 195 3
136 230 1
241 246 30
161 163 40
36 81 2
153 184 2
52 87 1
132 236 1
75 89 2
32 141 8
26 195 6
41 53 1
6 87 1
61 254 15
199 218 6
40 111 1
214 219 13
180 193 1
191 256 2
154 175 2
84 166 10
189 208 1
119 166 1
88 150 2
140 205 1
16 256 16
10 84 10
23 94 23
186 242 1
11 22 11
26 209 26
29 147 1
21 81 10
2 130 2
112 142 1
95 155 2
50 103 25
21 173 21
116 188 1
26 215 26
117 234 117
5 190 5
23 129 2
81 173 10
160 166 20
53 186 1
21 69 2
29 252 7
36 53 1
33 174 2
172 222 1
151 253 1
23 173 5
192 200 12
32 100 1
91 188 11
74 77 9
67 129 16
114 231 57
41 124 1
146 157 9
16 100 1
1 90 1
28 43 1
75 110 1
18 102 1
60 63 15
61 248 15
64 146 4
116 117 58
26 190 1
28 118 14
31 95 1
151 244 1
136 236 1
20 23 5
64 247 1
164 179 5
56 140 1
100 237 3
129 151 4
12 256 1
195 241 3
106 211 26
90 136 2
193 235 3
128 238 1
130 135 16
139 221 1
71 109 1
194 198 24
1 61 1
164 196 1
116 182 1
126 228 7
24 217 6
1 110 1
47 214 1
148 157 9
17 124 1
78 93 2
78 106 1
227 229 28
70 175 2
57 202 3
41 82 41
156 213 1
207 211 6
18 37 18
136 227 1
186 241 1
2 14 1
61 63 15
1 98 1
56 118 14
173 243 1
96 119 3
80 160 80
109 220 27
6 217 6
12 84 1
82 165 82
36 137 4
126 142 1
64 210 1
103 202 25
79 179 2
69 92 2
34 256 8
84 217 1
106 125 3
108 215 13
184 247 1
50 218 6
105 237 3
84 186 5
45 76 2
177 197 1
5 160 5
101 202 101
49 196 49
76 158 19
68 109 1
83 166 83
156 184 2
88 176 88
161 178 5
3 70 1
108 132 1
2 77 2
42 119 1
218 223 27
54 90 1
111 135 1
121 184 1
123 149 1
154 156 19
71 148 4
26 56 3
40 80 40
19 71 4
12 97 12
51 202 25
143 190 2
8 133 8
65 146 4
24 61 3
89 251 1
166 185 5
1 15 1
135 146 4
3 217 3
126 176 1
158 253 1
33 141 8
7 253 7
101 242 3
68 166 2
118 231 14
1 100 1
149 256 4
29 254 7
243 255 15
15 239 7
1 31 1
27 66 1
6 27 6
89 123 1
55 234 3
249 252 31
164 183 5
98 194 24
72 204 1
95 232 1
23 184 23
70 99 1
6 221 6
116 214 3
225 236 14
89 92 11
55 106 13
2 131 2
58 231 14
85 124 1
78 153 19
170 171 85
89 160 5
45 250 1
126 134 1
67 187 2
46 190 23
37 144 18
24 109 6
121 195 3
39 142 4
58 191 1
128 134 16
162 219 1
115 156 1
55 226 3
9 38 9
7 165 1
120 248 15
13 252 3
83 167 83
11 238 1
168 170 42
53 202 6
29 226 14
163 227 1
62 247 15
189 199 1
1 113 1
1 239 1
32 157 4
81 103 1
3 229 3
23 93 23
3 194 3
90 91 45
33 220 1
26 45 1
202 233 3
50 204 25
13 34 1
162 170 10
51 245 3
78 79 39
120 251 15
124 162 1
38 75 9
86 149 2
49 181 1
19 128 4
36 69 4
30 98 3
183 198 1
153 199 1
100 202 50
172 234 1
61 243 30
152 240 1
3 197 3
236 239 59
28 230 28
50 51 25
94 168 5
68 176 2
240 247 30
54 216 54
86 173 86
27 223 27
194 223 6
134 152 4
134 245 1
133 244 1
4 72 4
14 195 3
51 128 1
32 123 1
149 152 9
38 41 2
11 45 11
144 147 36
181 193 1
231 255 7
140 217 1
29 114 14
109 131 1
13 219 13
20 170 10
148 156 9
65 133 16
2 17 2
110 219 27
112 191 1
28 56 28
120 244 30
14 237 14
94 124 1
38 151 9
24 201 12
212 229 3
13 234 3
45 182 45
71 78 4
18 155 9
21 140 2
81 165 20
45 96 1
135 143 8
59 234 29
66 143 8
46 216 1
54 222 27
55 202 6
31 164 1
127 161 1
74 135 4
115 225 28
110 122 3
2 33 2
109 214 13
55 68 1
145 185 2
125 215 3
198 202 12
119 245 7
23 92 23
142 245 1
158 175 2
33 67 33
5 22 5
16 122 1
38 70 4
66 120 1
128 244 1
71 240 1
43 200 1
3 99 3
95 182 11
109 152 1
4 143 4
88 188 11
6 113 3
166 189 5
195 224 3
11 186 11
2 191 2
57 129 1
9 228 1
95 189 47
93 207 1
26 206 6
1 183 1
64 65 32
106 139 1
56 206 3
44 176 44
3 225 3
119 157 1
160 203 1
139 226 1
8 75 4
36 190 2
103 206 103
116 233 116
1 150 1
17 51 1
32 64 32
24 103 12
73 199 1
111 209 13
18 167 2
95 211 1
29 116 29
45 191 11
12 243 3
236 237 118
192 194 48
3 126 3
89 200 1
125 246 15
44 106 1
147 204 1
193 218 6
10 227 1
4 166 2
55 111 55
61 251 15
126 249 31
1 68 1
165 175 10
60 113 7
35 139 17
201 230 3
97 213 6
50 100 50
38 200 1
99 119 3
146 153 9
98 197 98
26 59 3
87 146 2
1 143 1
212 244 3
40 61 1
1 164 1
55 196 6
210 216 13
79 249 1
1 154 1
105 108 13
1 118 1
18 110 1
217 223 27
98 128 1
69 130 8
23 114 1
75 144 18
221 222 55
17 133 8
2 173 2
148 153 9
11 231 1
10 157 2
56 160 1
8 224 1
169 230 1
61 219 3
130 176 2
107 241 3
75 79 9
124 251 62
1 141 1
110 220 110
251 254 31
53 104 26
84 171 42
83 130 2
37 237 1
39 42 2
21 202 1
16 166 2
44 54 1
31 84 1
8 131 8
18 157 9
92 188 23
23 230 1
31 211 3
2 98 1
96 227 3
27 85 1
12 96 12
149 178 2
144 210 1
111 198 6
181 191 11
45 89 22
124 250 62
121 248 15
131 256 32
125 140 1
37 82 2
33 163 2
203 213 6
221 241 3
162 171 10
15 23 1
97 98 24
156 157 78
13 56 3
139 206 1
60 73 1
110 223 55
147 233 1
14 224 14
6 107 6
70 105 1
195 203 12
212 251 3
62 161 1
59 117 29
22 47 11
62 242 15
38 172 2
6 203 6
84 162 10
92 128 2
138 201 1
17 198 1
16 254 1
3 13 3
25 65 1
20 173 10
91 128 2
120 242 60
190 191 95
201 248 3
81 204 1
90 108 1
188 221 1
130 212 1
11 255 1
2 198 1
55 212 13
51 125 3
89 218 1
170 175 21
200 206 25
1 189 1
233 242 7
9 61 1
129 183 2
85 174 21
146 195 1
158 159 79
25 152 1
91 153 2
122 124 15
162 191 5
20 120 1
60 122 30
26 210 26
36 118 1
202 221 6
15 249 15
21 169 21
2 19 2
117 209 3
24 49 24
4 147 4
210 215 26
11 137 2
22 183 22
94 189 94
62 166 1
101 246 3
101 195 12
201 207 25
187 189 23
111 154 1
63 170 1
100 104 6
132 234 1
33 42 2
152 256 4
192 243 3
3 48 3
12 194 12
166 167 83
68 175 2
30 105 3
10 189 5
215 252 3
151 216 1
36 77 9
7 30 7
31 180 1
80 167 20
111 156 1
28 231 28
1 8 1
3 244 3
193 231 3
137 142 17
7 232 7
52 102 6
79 236 1
38 170 2
140 141 70
42 86 21
12 155 1
74 161 2
106 224 3
119 236 59
226 229 28
68 217 1
162 164 20
7 194 3
69 131 8
214 222 13
106 215 53
9 201 1
47 161 5
23 187 23
45 186 11
78 150 9
53 213 53
62 210 3
80 188 5
108 151 1
113 199 3
199 256 1
29 224 14
7 55 3
85 161 10
46 189 23
14 30 7
60 252 15
3 117 3
91 240 1
86 181 5
83 124 1
99 241 3
153 232 1
156 233 1
48 99 24
92 168 5
9 52 1
104 208 104
97 251 3
66 197 1
38 210 1
58 88 1
8 78 4
175 226 1
126 140 1
10 248 1
68 254 1
95 139 2
129 135 16
37 150 37
13 110 13
1 243 1
246 251 15
101 203 101
35 256 8
184 186 46
99 103 12
163 247 1
120 253 15
132 217 1
19 76 19
159 186 2
19 159 19
65 198 1
132 239 1
38 148 9
11 207 1
164 241 1
61 176 1
131 134 16
15 229 7
203 252 3
5 45 5
47 189 47
128 140 8
29 238 29
139 211 1
45 165 5
202 226 3
209 252 3
127 216 3
113 216 3
82 176 5
63 133 1
224 228 28
91 176 22
31 63 31
1 165 1
67 149 4
221 238 3
44 179 44
180 249 1
107 216 13
15 63 15
98 111 6
86 174 43
1 185 1
174 193 1
14 111 3
48 189 1
3 54 3
110 116 3
6 85 1
135 246 1
171 201 1
7 15 7
1 117 1
22 151 2
111 208 13
63 219 3
112 134 1
56 109 3
119 254 7
99 134 1
73 150 18
9 14 1
238 239 119
143 243 1
2 256 2
75 148 37
41 83 41
18 151 18
219 238 3
201 205 25
60 242 60
2 18 2
2 185 2
201 202 50
1 72 1
60 124 15
13 31 3
56 150 1
199 200 12
2 42 2
154 159 19
25 203 25
60 236 7
6 102 6
3 176 1
74 214 1
1 171 1
110 221 110
8 71 8
138 146 4
93 252 1
3 252 3
91 172 5
77 236 1
112 226 56
129 144 4
70 152 4
1 226 1
84 155 2
21 161 10
69 140 17
77 157 19
96 249 3
13 96 6
8 161 2
1 87 1
67 170 2
111 245 3
48 82 1
22 221 1
3 26 3
37 73 18
2 184 2
103 189 1
56 117 14
143 242 1
12 213 6
7 247 7
26 54 13
3 141 1
57 145 1
42 89 5
84 168 84
38 157 19
72 148 18
23 190 23
37 147 18
158 193 1
78 115 1
35 211 1
89 184 11
105 160 1
107 202 6
78 162 2
106 221 13
194 196 24
17 150 4
59 119 59
3 12 3
10 164 10
233 256 1
44 160 5
167 252 1
179 242 1
114 115 57
7 63 7
37 143 4
208 215 26
106 213 106
149 150 37
153 231 1
126 248 31
182 200 1
86 130 2
160 174 10
25 108 6
128 172 2
40 155 2
2 97 1
196 218 6
121 245 30
64 121 1
117 118 29
63 93 1
96 204 12
16 131 16
27 183 1
83 126 1
71 72 4
2 87 2
182 183 91
158 177 2
99 197 49
148 152 9
112 206 3
132 140 8
59 227 14
151 160 2
102 216 6
77 155 77
85 116 1
7 176 1
122 227 7
100 115 3
122 213 3
52 106 26
3 213 3
1 122 1
4 112 1
124 249 124
20 141 2
48 141 1
36 72 36
14 190 1
20 174 10
142 185 2
87 171 21
128 227 1
103 204 51
47 119 1
67 251 1
106 178 1
67 131 16
108 221 27
243 249 15
67 134 67
112 225 112
49 194 24
144 180 2
36 56 1
134 138 8
25 221 6
1 25 1
1 97 1
118 233 29
151 245 1
158 164 2
160 256 2
21 40 10
123 151 1
37 238 1
54 89 1
177 178 44
81 125 1
192 199 24
118 232 29
1 240 1
84 172 21
202 203 101
162 231 1
69 144 4
71 93 2
157 159 39
246 255 15
115 138 1
177 179 44
151 171 2
14 29 14
126 253 126
52 68 1
123 134 1
184 191 23
38 158 19
208 214 26
154 212 1
4 74 4
88 182 22
69 192 1
39 160 2
48 203 12
37 75 37
197 215 6
63 81 1
231 236 14
235 237 29
9 33 4
196 222 6
84 110 1
7 248 7
7 28 7
86 121 1
3 251 3
44 91 22
1 10 1
22 91 22
18 147 18
147 155 9
184 249 1
94 187 23
49 69 1
49 234 3
77 164 2
106 109 13
39 157 39
67 217 1
64 129 64
68 136 68
229 230 57
88 177 88
115 131 1
11 80 5
23 107 1
175 224 1
85 87 21
173 180 5
73 131 4
56 237 14
39 135 4
60 61 30
48 159 1
40 220 1
39 82 2
108 202 6
112 119 14
112 148 1
9 97 1
40 131 2
249 254 31
36 221 1
48 161 1
54 107 13
48 97 48
40 71 2
187 203 1
94 196 1
32 176 2
235 247 7
17 142 17
59 207 3
200 204 25
88 185 11
69 70 17
9 169 2
5 94 5
151 176 2
200 207 25
77 180 2
252 253 126
21 159 2
2 146 2
34 218 1
123 252 15
198 238 3
6 80 1
19 196 1
90 246 1
19 148 9
36 144 36
129 140 8
63 248 31
22 182 22
94 151 2
50 256 1
133 137 8
1 89 1
44 155 2
108 110 27
37 200 1
20 83 20
208 209 104
124 171 1
6 205 6
243 252 15
44 89 44
90 225 1
174 191 5
86 172 86
41 85 10
96 202 12
126 254 63
2 156 2
35 68 17
6 172 1
66 104 1
3 246 3
76 162 2
210 230 3
4 38 4
89 91 22
131 136 8
33 85 2
18 153 9
122 221 3
16 112 1
213 221 13
114 226 28
206 239 3
7 56 7
72 145 72
34 155 4
4 66 4
61 120 30
59 192 3
17 71 17
144 149 18
89 180 22
129 137 8
3 222 3
88 106 1
138 223 1
133 171 2
112 227 56
38 78 19
111 217 27
3 173 1
5 170 5
153 155 38
8 162 2
144 214 1
113 136 1
151 170 2
164 167 41
225 234 14
64 134 16
3 120 3
58 229 14
94 185 23
14 18 1
148 150 37
62 252 31
118 128 1
114 214 3
109 206 6
161 241 1
106 246 3
47 95 47
27 199 6
106 196 6
85 181 5
6 121 3
2 139 2
45 90 45
76 153 76
2 147 2
14 203 3
113 238 14
116 230 14
178 215 1
89 237 1
6 216 6
38 202 1
14 159 1
21 45 5
19 153 19
136 186 2
4 150 4
40 84 10
28 157 1
127 234 7
131 140 8
80 82 20
90 109 1
32 38 4
15 250 15
207 245 3
26 166 1
29 131 1
15 69 1
33 191 2
152 165 2
179 182 22
112 232 14
228 242 7
11 183 11
7 155 1
22 126 1
27 48 6
124 216 3
159 255 1
66 142 8
52 200 6
28 123 7
105 109 13
66 189 2
64 67 16
22 212 1
246 247 123
197 200 12
58 105 3
9 100 1
180 181 90
23 158 2
43 150 2
141 247 1
150 153 9
167 175 10
47 151 2
97 193 48
54 150 1
24 147 1
67 164 2
106 248 3
9 166 2
1 197 1
69 137 34
2 48 1
137 153 4
210 218 13
139 225 1
60 105 3
182 231 1
7 114 7
10 237 1
6 110 6
4 154 4
104 170 1
108 144 1
62 133 1
8 236 1
48 175 1
56 134 1
96 193 96
119 238 119
67 104 1
76 126 1
181 228 1
91 178 22
119 253 7
36 243 1
3 89 1
70 248 1
9 156 9
79 110 1
4 18 4
51 127 3
23 140 2
13 99 6
69 139 69
17 28 1
14 31 7
76 144 9
60 108 3
53 171 1
19 205 1
39 155 19
62 234 7
1 193 1
245 246 61
161 240 1
183 233 1
37 159 9
92 189 23
6 55 6
48 131 1
47 191 47
36 148 18
17 22 2
192 226 3
49 86 1
11 177 11
11 47 11
100 244 3
38 79 19
9 68 4
125 127 31
116 179 1
108 255 3
91 180 45
114 151 1
1 232 1
164 187 5
14 238 14
99 199 99
220 221 110
18 75 18
11 189 11
103 158 1
13 109 13
26 182 1
95 200 1
84 177 5
71 132 8
44 80 5
106 159 1
5 176 5
213 243 3
1 45 1
65 150 4
127 228 7
13 107 13
95 177 11
102 111 6
164 231 1
24 71 1
12 204 12
30 113 7
61 104 3
3 210 3
61 111 3
18 50 1
58 238 29
228 235 14
20 233 1
38 194 1
173 177 5
114 182 1
136 153 4
4 60 1
150 158 9
81 160 40
15 30 15
227 236 14
204 243 3
211 214 26
176 209 1
5 82 5
43 155 2
69 145 4
22 88 22
91 183 91
45 187 11
55 219 27
1 52 1
5 67 2
10 182 5
120 207 3
58 113 14
37 149 37
61 168 1
19 78 19
184 239 1
64 76 4
2 20 2
3 15 3
1 103 1
21 37 2
79 94 2
24 55 6
161 183 5
92 178 11
1 71 1
130 134 16
108 111 27
25 86 1
153 190 2
139 156 4
33 135 33
13 131 1
48 86 1
43 149 2
5 166 5
179 230 1
220 223 55
5 23 5
160 204 1
157 165 2
81 84 10
38 246 1
161 173 10
107 248 3
102 197 12
153 179 2
68 209 1
27 69 1
168 251 1
253 254 63
101 206 25
100 210 6
82 94 5
109 198 6
72 161 2
118 237 118
173 176 5
36 38 9
143 236 1
81 180 5
239 246 7
43 177 5
39 156 39
12 202 12
28 223 3
125 256 1
100 139 1
195 202 12
10 25 1
102 174 1
127 203 3
45 139 2
86 242 1
195 244 3
69 150 4
127 231 7
116 175 1
140 203 1
16 197 1
139 192 1
74 86 2
110 136 1
97 207 12
116 167 1
80 115 1
61 247 61
222 223 111
144 256 4
212 227 3
74 206 1
18 164 2
47 56 1
31 248 31
100 150 1
4 155 4
65 255 1
105 210 105
54 177 1
169 175 21
110 157 1
56 112 56
108 115 3
68 183 2
140 143 35
73 248 1
71 124 1
1 159 1
70 143 35
23 147 2
95 157 2
39 76 19
31 213 3
121 252 15
88 179 44
58 109 3
13 98 6
86 249 1
210 211 105
172 182 5
145 233 1
88 244 1
81 82 20
160 218 1
35 170 2
3 28 3
152 171 2
60 188 1
39 139 4
50 202 50
98 202 12
6 204 6
39 189 2
29 119 29
113 126 7
101 120 3
3 226 3
165 206 1
1 129 1
64 104 1
148 158 9
248 255 31
2 66 2
20 175 10
114 254 7
153 194 1
32 94 2
9 39 9
77 225 1
11 31 1
1 178 1
77 238 1
106 185 1
124 126 31
100 205 25
46 142 2
69 129 8
20 162 20
97 142 1
82 168 10
38 105 1
32 133 16
84 144 2
192 208 6
27 79 1
68 196 1
118 226 14
41 153 2
51 111 6
32 92 2
46 207 1
186 219 1
126 168 1
14 50 3
2 189 2
1 229 1
23 194 1
114 165 1
124 159 1
164 166 41
84 234 1
126 127 63
16 29 1
53 212 53
51 199 12
113 230 28
58 146 1
71 168 2
126 194 3
33 60 1
95 114 1
116 236 29
205 228 3
1 142 1
140 241 1
90 123 1
69 176 2
74 222 1
84 137 2
27 164 1
45 179 22
8 64 8
136 237 1
89 183 22
19 90 2
70 142 35
25 88 1
26 83 1
54 108 54
94 227 1
140 190 2
100 166 1
17 38 4
138 141 17
208 240 3
110 213 13
208 247 3
123 246 123
11 146 2
1 234 1
32 126 1
58 69 1
40 201 1
43 171 21
9 250 1
13 203 6
106 217 13
89 177 44
100 199 12
15 253 15
100 123 3
65 123 1
130 169 2
146 150 18
154 253 1
51 117 3
245 251 15
50 64 1
84 214 1
140 256 8
1 206 1
157 187 2
24 43 1
167 221 1
62 255 31
52 209 52
12 200 12
224 227 56
6 119 3
124 188 1
44 189 11
19 140 4
17 194 1
176 189 11
15 173 1
69 83 2
184 188 23
165 167 41
19 233 1
114 242 7
113 226 113
1 148 1
88 232 1
26 99 6
2 59 1
228 236 14
97 170 1
26 93 1
128 165 2
123 124 15
97 181 1
172 228 1
106 202 6
3 241 3
36 252 1
101 133 1
26 211 26
17 128 8
44 220 1
208 230 3
30 244 30
73 87 2
35 76 4
7 242 7
32 93 2
152 155 38
19 77 19
15 89 1
2 178 2
31 92 1
189 213 1
51 101 25
86 233 1
10 165 10
97 210 6
117 119 29
60 198 3
14 59 14
1 252 1
54 149 1
225 228 28
110 239 3
5 181 5
173 194 1
9 174 2
189 226 1
117 254 7
23 219 1
202 209 6
137 158 4
18 149 18
211 223 13
10 83 10
96 136 1
38 186 2
158 234 1
2 238 1
10 91 5
165 246 1
71 131 8
149 162 2
1 24 1
145 155 9
110 234 3
90 155 2
55 211 13
15 111 3
5 178 5
44 109 1
49 97 24
249 250 62
130 175 2
2 182 2
15 181 1
168 172 21
80 94 5
32 132 16
224 225 112
61 208 3
189 190 47
30 65 1
72 76 9
94 244 1
84 180 5
97 238 3
115 199 3
106 209 26
147 199 1
30 255 15
210 232 3
133 154 4
133 164 2
133 158 4
125 252 31
29 117 29
10 86 10
32 67 16
108 206 6
241 254 15
193 198 24
15 149 1
223 249 3
82 198 1
189 191 47
224 230 28
90 95 11
5 155 2
96 126 3
13 106 13
8 33 8
98 118 3
122 235 7
97 192 48
87 173 43
8 235 1
136 233 1
116 219 3
66 67 33
7 118 7
34 250 1
43 205 1
9 147 9
21 197 1
121 221 3
55 217 27
176 183 22
20 85 10
194 244 3
102 202 25
103 193 12
118 191 1
120 154 1
136 207 1
15 194 3
30 117 7
98 123 3
106 208 26
71 126 1
156 194 1
118 140 1
11 185 11
72 152 9
181 184 11
200 223 6
182 189 11
230 243 7
104 106 26
3 53 3
76 137 4
196 199 49
24 106 6
7 124 7
35 70 35
63 249 31
234 238 29
62 197 3
65 66 16
40 41 20
52 136 1
72 74 18
18 176 2
2 73 2
128 253 1
194 212 6
77 127 1
33 78 4
102 103 51
50 200 50
153 174 2
107 190 1
3 118 3
114 125 7
93 186 93
128 154 4
5 164 5
1 37 1
129 136 8
118 238 59
45 178 22
8 137 8
160 253 1
39 143 4
165 166 41
12 116 3
133 216 1
200 203 50
1 126 1
76 219 1
223 232 3
87 117 1
15 240 15
243 247 30
10 220 1
170 173 21
101 161 1
140 192 1
247 252 15
178 239 1
79 133 4
172 191 5
165 231 1
7 221 3
61 179 1
39 59 1
76 242 1
211 212 26
9 65 4
192 228 3
116 193 3
144 188 2
21 213 1
58 217 3
101 221 6
88 190 11
29 161 1
197 249 3
138 166 2
19 24 1
190 246 1
27 220 27
177 218 1
33 166 2
40 90 5
47 123 1
151 223 1
29 138 1
54 76 1
90 168 5
79 158 79
10 11 5
25 97 12
54 72 1
7 229 7
45 168 5
127 242 15
82 174 10
73 236 1
109 222 27
60 143 1
91 136 2
53 221 13
5 109 1
33 66 33
21 107 1
146 151 18
80 87 10
90 181 90
98 198 49
17 146 4
173 242 1
23 83 5
4 216 1
25 136 1
60 125 15
46 78 2
1 254 1
155 240 1
75 222 1
90 152 2
133 134 33
201 229 3
50 95 1
166 175 10
19 116 1
85 114 1
13 199 6
119 234 29
104 211 52
3 239 3
122 154 1
5 171 5
244 254 15
32 103 1
83 212 1
221 256 1
123 241 30
158 205 1
1 84 1
234 240 7
6 213 6
35 128 8
88 224 1
114 176 1
83 165 41
8 70 8
186 189 23
235 243 7
25 100 25
25 145 1
8 130 8
196 198 49
157 203 1
125 182 1
1 51 1
178 235 1
118 224 14
1 216 1
109 181 1
34 76 4
133 148 4
163 189 5
15 31 15
192 236 3
2 157 2
48 216 6
22 189 11
2 43 2
67 182 2
213 217 13
16 67 16
52 212 26
8 233 1
127 144 1
55 135 1
242 243 121
122 162 1
47 93 23
153 215 1
28 227 28
96 255 3
28 88 1
51 219 6
51 206 51
61 74 1
7 61 7
121 246 30
210 219 13
101 138 1
129 175 2
160 252 1
130 131 65
131 157 4
46 153 2
188 190 47
186 201 1
32 135 16
128 135 16
101 136 1
9 37 9
153 176 2
20 105 1
112 209 3
129 132 16
79 152 19
166 198 1
83 227 1
17 138 17
132 142 8
66 159 4
42 90 5
116 222 3
73 234 1
76 185 2
21 24 1
155 165 2
148 175 2
96 134 1
7 123 7
210 212 26
18 148 18
126 255 63
50 206 25
7 100 3
63 174 1
29 57 14
122 170 1
7 60 7
40 104 1
24 256 1
61 235 7
32 180 2
5 249 1
104 252 3
5 84 5
235 239 29
128 131 32
26 82 1
189 220 1
192 205 12
7 251 7
44 69 2
52 101 6
2 35 2
30 116 7
201 206 25
133 241 1
167 254 1
55 250 3
67 236 1
137 186 2
197 217 6
178 204 1
10 197 1
40 165 20
176 195 1
5 34 2
184 244 1
17 82 2
108 216 108
1 231 1
144 156 9
13 115 3
160 195 1
73 74 18
1 160 1
5 174 5
54 146 1
208 232 3
45 78 2
151 254 1
43 235 1
182 187 11
45 240 1
22 248 1
4 35 4
67 199 1
195 220 6
13 27 13
59 184 1
40 180 5
197 248 3
50 205 25
92 147 2
82 169 10
105 135 1
2 34 2
202 240 3
233 238 29
3 204 3
18 207 1
87 177 5
40 163 40
22 71 2
213 214 53
108 217 108
48 108 6
76 157 19
62 250 62
66 216 1
32 174 2
232 239 29
119 175 1
97 221 6
48 207 12
60 133 1
51 100 25
166 223 1
164 180 5
32 218 1
27 219 27
90 182 45
54 213 13
156 169 2
135 169 2
15 138 1
93 184 46
58 119 29
39 154 19
20 80 20
198 242 3
103 190 1
152 170 2
103 152 1
110 112 3
23 46 23
68 101 1
47 185 23
115 133 1
40 250 1
38 167 2
89 254 1
18 79 9
118 245 7
46 191 23
89 195 1
207 212 6
80 93 5
194 195 97
228 230 57
64 130 32
180 210 1
121 125 15
132 215 1
98 213 6
245 247 61
96 116 3
112 164 1
95 181 11
183 212 1
30 159 1
2 196 1
4 22 2
53 142 1
215 216 13
66 255 1
24 107 6
48 254 3
7 58 7
6 224 3
48 214 6
97 147 1
157 236 1
107 210 26
197 199 49
19 74 9
117 140 1
127 246 15
41 167 41
13 75 1
28 113 28
85 163 10
66 256 16
63 120 15
51 90 1
96 98 24
144 179 2
131 133 16
27 197 6
44 180 22
84 176 5
58 232 58
4 109 1
169 176 5
9 36 9
13 26 13
28 96 3
37 201 1
7 238 7
70 97 1
6 215 6
131 139 8
36 109 1
58 228 14
57 230 57
226 237 14
155 253 1
105 194 6
198 199 99
101 215 6
6 214 6
8 164 2
22 117 1
37 172 2
155 201 1
58 68 1
246 254 15
1 125 1
65 132 16
115 204 3
234 239 29
70 210 1
113 114 28
9 128 4
48 256 1
84 202 1
13 192 6
4 67 4
179 234 1
62 246 15
5 175 5
41 160 20
70 153 4
9 93 2
122 123 61
13 244 3
112 118 14
103 250 3
96 127 3
23 132 2
26 231 3
60 181 1
170 215 1
214 216 13
32 71 8
100 119 3
56 209 3
48 239 3
164 197 1
15 117 7
182 184 11
2 151 2
92 95 23
35 71 35
80 83 20
230 245 7
31 153 1
14 83 1
2 133 2
1 20 1
47 103 1
34 98 1
127 256 1
143 148 4
152 157 19
129 142 8
64 84 2
23 188 23
1 13 1
183 193 1
171 232 1
113 132 1
154 188 2
20 102 1
127 239 7
38 93 2
226 240 7
223 224 3
4 65 4
18 150 18
60 134 1
3 55 3
3 209 3
5 145 2
26 48 6
201 204 25
59 127 7
20 76 2
11 179 11
95 105 1
45 115 1
29 75 1
186 187 93
109 137 1
153 165 2
24 31 3
13 221 13
15 246 15
32 70 8
97 108 6
21 233 1
183 255 1
23 181 11
73 152 9
119 224 14
26 97 6
2 65 2
126 240 15
80 182 5
58 152 1
29 233 29
30 240 30
161 244 1
15 62 15
129 185 2
40 147 2
85 232 1
127 170 1
15 230 7
48 103 12
194 201 12
124 245 15
15 127 15
33 205 1
2 200 1
103 245 3
4 131 4
38 88 2
224 256 1
2 37 2
166 195 1
147 153 9
28 158 1
124 246 15
27 52 13
63 255 63
30 120 30
188 234 1
178 238 1
19 146 9
22 86 5
44 245 1
23 76 2
95 198 1
4 126 1
4 101 1
2 172 2
6 34 1
45 80 5
39 108 1
102 234 3
137 187 2
80 164 20
28 111 3
21 164 10
86 166 10
15 60 15
99 193 24
97 204 12
29 219 3
88 110 1
47 100 1
77 184 2
142 143 71
3 107 3
34 168 2
59 239 59
1 60 1
245 255 15
14 248 7
30 144 1
76 148 9
129 182 2
192 201 12
80 125 1
31 252 31
15 245 15
80 210 1
107 110 13
31 229 7
39 152 19
33 206 1
219 233 3
237 238 59
105 214 26
12 38 1
62 224 7
93 106 1
23 168 5
59 154 1
171 185 5
80 81 40
20 166 20
109 211 13
40 83 20
68 76 4
41 166 41
66 211 1
137 190 2
105 249 3
93 187 93
129 157 4
51 204 51
5 11 5
164 204 1
65 185 2
85 203 1
18 145 18
163 172 10
23 162 5
24 238 3
192 196 24
40 168 10
126 178 1
102 139 1
4 157 4
4 128 4
68 133 8
120 148 1
64 220 1
11 190 11
224 251 7
27 218 27
133 141 8
206 252 3
57 174 1
3 255 3
147 149 18
80 220 1
31 224 7
118 230 14
72 180 2
111 213 13
40 167 20
121 188 1
70 219 1
2 128 2
84 147 2
90 145 2
48 49 24
61 183 1
44 230 1
16 66 16
45 49 1
199 206 12
125 220 3
6 52 6
192 193 96
53 214 53
1 251 1
58 193 3
141 147 4
15 172 1
33 128 16
98 207 12
84 164 10
175 212 1
121 243 121
46 128 2
105 221 13
1 219 1
230 233 14
118 198 3
171 172 21
208 223 13
106 205 6
104 242 3
171 229 1
150 225 1
70 218 1
63 251 31
2 39 2
64 75 4
3 123 3
4 139 4
16 158 4
12 95 1
9 18 9
126 252 126
92 191 23
178 179 89
92 141 2
1 43 1
10 160 10
152 249 1
8 65 8
223 239 3
4 129 4
195 206 12
49 56 3
97 146 1
174 232 1
209 215 26
79 167 2
108 219 54
50 126 3
44 178 44
195 199 24
24 99 24
25 101 25
118 243 7
169 242 1
6 18 1
128 195 1
7 231 7
208 213 26
65 128 32
1 121 1
120 210 3
196 205 12
8 27 1
29 178 1
13 55 13
151 159 9
25 195 12
97 197 24
62 64 1
254 255 127
101 193 12
51 63 3
151 153 9
181 231 1
86 87 43
57 155 1
91 182 91
180 214 1
25 252 3
19 47 2
16 89 2
10 251 1
191 246 1
155 256 4
133 187 2
99 231 3
116 234 58
3 221 3
1 58 1
58 227 14
95 183 11
28 132 1
1 83 1
32 142 8
21 76 2
10 174 10
77 78 19
79 142 4
18 252 1
59 118 59
165 179 5
56 95 1
110 113 3
85 104 1
131 244 1
25 212 6
14 253 7
65 204 1
4 89 2
176 234 1
16 241 1
149 211 1
24 104 6
19 162 2
138 175 2
12 103 12
72 75 18
6 103 6
111 227 3
19 87 2
93 194 1
40 94 5
87 202 1
95 238 1
220 251 3
125 248 62
78 87 2
68 138 34
96 199 24
150 200 1
107 171 1
52 149 1
85 184 5
93 250 1
22 99 1
131 175 2
51 221 6
238 253 7
54 212 13
23 250 1
76 77 38
72 107 1
149 225 1
73 216 1
38 153 38
103 205 51
48 83 1
37 154 9
37 158 9
181 183 45
52 93 1
221 223 55
116 198 3
7 122 7
28 224 28
38 80 2
72 197 1
5 180 5
110 222 55
4 148 4
113 174 1
57 142 1
14 230 14
89 233 1
104 113 3
1 235 1
87 160 10
149 205 1
1 30 1
64 155 4
6 37 1
12 193 12
28 109 3
34 232 1
2 16 2
231 238 14
153 158 19
42 84 42
53 107 53
119 219 3
140 254 1
56 216 3
49 90 1
1 228 1
81 168 10
6 59 3
77 129 4
48 199 24
33 256 16
67 114 1
178 183 22
1 248 1
23 96 1
185 188 23
140 234 1
61 241 30
59 140 1
125 247 15
52 213 26
108 208 13
4 179 2
29 36 1
116 119 29
19 37 9
169 187 5
20 82 20
29 125 7
3 7 3
105 189 1
62 251 62
97 241 3
216 219 54
66 99 1
74 81 2
227 231 28
243 244 30
22 92 11
47 222 1
88 125 1
217 219 54
160 164 20
52 214 26
2 84 2
28 233 14
209 212 26
13 220 13
112 210 3
18 133 4
27 57 3
43 87 43
112 120 7
91 181 45
39 123 1
58 159 1
1 169 1
169 172 21
113 165 1
46 95 23
97 206 12
95 146 2
106 245 3
35 142 35
136 203 1
5 115 1
65 174 2
65 130 65
70 92 2
54 70 1
6 192 6
82 87 10
45 231 1
79 147 9
217 221 27
169 173 21
48 152 1
74 190 2
73 187 2
160 181 5
11 187 11
1 85 1
25 189 1
30 93 1
59 247 7
1 57 1
210 213 26
191 206 1
36 75 18
105 216 13
136 188 2
236 246 7
224 240 7
78 146 9
142 240 1
68 177 2
145 146 36
62 124 62
37 148 37
184 214 1
33 65 16
114 230 57
60 132 1
102 200 25
7 235 7
35 121 1
102 193 12
141 218 1
152 172 2
143 231 1
12 207 12
113 208 3
145 147 36
35 227 1
23 206 1
68 207 1
61 166 1
85 93 5
55 64 1
200 247 3
55 237 3
22 62 1
45 88 22
152 207 1
1 88 1
200 241 3
1 26 1
233 235 58
82 113 1
166 186 5
32 153 4
147 231 1
35 137 17
60 127 15
22 234 1
241 247 30
11 89 11
160 231 1
183 185 11
3 14 3
2 140 2
104 111 13
186 196 1
221 255 3
108 222 27
110 180 1
17 98 1
49 197 49
72 139 4
115 129 1
29 204 3
35 67 8
48 51 12
227 242 7
205 207 51
104 210 52
133 219 1
78 92 2
111 116 3
96 194 48
53 205 6
15 123 15
110 169 1
98 108 6
217 239 3
40 93 5
2 81 2
107 127 3
35 65 8
211 218 13
17 132 8
77 227 1
51 96 12
63 160 1
9 218 1
190 252 1
57 94 1
248 250 62
98 187 1
206 207 103
12 100 12
176 241 1
22 67 2
42 188 5
111 202 6
17 160 2
132 148 4
79 82 2
35 133 8
5 189 5
92 179 11
4 73 4
121 183 1
102 203 25
205 221 6
130 142 8
3 111 3
149 158 9
90 124 1
36 124 1
59 225 14
2 183 2
114 227 28
131 150 4
115 247 7
114 216 3
122 241 30
92 187 46
105 219 13
63 121 15
50 250 3
95 170 5
73 76 9
115 134 1
3 236 3
98 211 6
171 214 1
210 255 3
31 129 1
79 131 4
59 152 1
78 223 1
21 71 2
62 125 62
128 213 1
122 127 15
17 173 2
208 235 3
144 247 1
1 139 1
82 166 41
77 145 9
16 63 1
226 248 7
156 192 1
225 226 56
6 194 6
9 139 4
159 184 2
246 249 15
99 246 3
3 234 3
108 223 27
42 171 42
136 198 1
69 155 4
100 156 1
145 216 1
117 220 3
3 192 3
85 178 5
1 79 1
128 148 4
83 214 1
12 50 12
123 207 3
18 122 1
139 140 17
4 36 4
63 126 63
212 222 13
38 74 9
2 47 2
90 186 11
127 236 7
84 222 1
6 24 6
165 172 10
36 104 1
50 97 12
143 223 1
106 214 53
155 191 2
21 110 1
160 163 40
27 115 3
238 247 7
37 142 4
35 242 1
88 91 22
73 146 73
234 235 117
60 154 1
11 131 2
58 244 7
168 201 1
141 233 1
40 159 2
54 104 13
6 12 6
80 85 10
87 238 1
77 206 1
165 195 1
4 149 4
210 223 13
69 136 34
1 62 1
146 220 1
43 252 1
11 147 2
225 233 14
42 211 1
136 194 1
16 146 4
5 163 5
11 152 2
140 253 1
98 220 6
107 242 3
210 228 3
182 197 1
113 167 1
169 174 21
69 88 2
29 215 3
86 163 10
46 196 1
39 98 1
1 53 1
53 176 1
67 159 4
82 161 20
3 223 3
5 188 5
128 187 2
90 178 22
183 191 11
71 112 1
20 247 1
7 250 7
92 94 23
122 151 1
39 171 2
30 245 30
61 246 61
21 170 21
58 212 3
39 146 9
10 81 10
75 158 9
138 143 17
149 227 1
67 132 33
22 40 5
199 205 12
73 148 18
58 167 1
6 99 6
78 147 9
64 138 8
91 207 1
12 25 12
62 63 31
39 65 4
51 119 3
125 154 1
89 236 1
103 200 25
53 197 6
172 220 1
122 125 15
212 214 53
129 139 8
125 255 31
144 152 9
73 136 4
72 154 9
145 158 9
65 91 2
136 137 68
52 109 13
60 243 60
22 173 5
77 100 1
104 246 3
94 141 2
195 197 24
88 178 44
53 106 53
232 235 58
61 71 1
88 218 1
74 147 18
40 164 20
72 210 1
144 146 36
67 190 2
131 226 1
109 139 1
70 137 17
81 91 5
83 173 10
144 189 2
153 226 1
35 147 4
51 201 25
3 59 3
47 218 1
124 243 15
150 253 1
104 215 26
123 244 61
174 175 87
111 220 55
8 141 8
193 246 3
64 108 1
150 154 9
57 147 1
101 254 3
83 159 2
158 215 1
123 187 1
85 86 21
128 144 4
5 186 5
162 163 81
57 105 3
117 185 1
2 186 2
1 157 1
193 233 3
114 253 7
24 102 12
64 140 8
191 215 1
93 185 46
55 141 1
152 158 19
47 110 1
51 211 6
42 170 42
23 235 1
65 69 8
195 196 24
70 165 2
233 239 29
229 241 7
46 93 46
4 232 1
2 70 2
60 114 7
14 112 14
173 174 43
125 184 1
99 153 1
181 249 1
192 218 6
99 200 12
17 255 1
27 56 3
2 164 2
38 87 2
35 66 8
109 219 109
142 187 2
149 151 37
34 134 8
28 114 28
4 105 1
156 247 1
122 243 30
66 135 33
184 238 1
137 234 1
209 218 13
107 222 13
109 173 1
97 226 3
43 79 2
84 106 1
56 155 1
1 6 1
72 159 9
82 125 1
24 226 3
110 214 13
1 73 1
217 220 27
237 249 7
7 254 7
144 191 2
124 147 1
1 152 1
241 251 15
81 83 20
163 165 20
55 105 13
75 173 2
79 125 1
8 140 8
121 235 7
128 163 2
39 151 9
95 120 1
2 76 2
40 190 5
10 41 10
93 157 2
5 193 1
237 254 7
30 60 30
165 210 1
1 23 1
38 49 1
67 130 16
96 97 48
14 58 14
126 235 7
76 182 2
175 188 5
170 237 1
102 251 3
21 55 1
158 176 2
15 53 3
1 244 1
120 175 1
5 184 5
164 251 1
33 130 16
4 64 4
110 132 1
61 249 15
169 226 1
177 191 11
103 229 3
46 130 2
40 42 10
89 178 89
18 78 9
170 191 5
138 218 1
115 228 57
181 255 1
22 133 2
178 198 1
105 211 105
12 187 1
24 198 24
79 153 19
6 49 6
14 227 14
2 72 2
7 107 3
85 168 42
87 112 1
32 33 16
6 193 6
110 155 1
32 256 32
183 184 11
151 175 2
136 205 1
55 115 3
171 216 1
89 189 11
166 188 5
5 92 5
120 195 3
109 171 1
22 48 1
75 142 4
120 255 15
133 150 4
69 76 4
10 60 1
54 204 6
52 217 13
45 241 1
53 215 53
48 196 24
72 138 4
10 43 10
22 98 1
67 128 16
23 170 5
18 70 4
28 117 14
103 201 25
58 225 14
109 116 3
5 172 5
220 252 3
25 204 25
211 241 3
96 205 12
212 220 13
23 165 5
127 255 127
18 212 1
96 110 6
211 225 3
11 140 2
2 175 2
90 183 45
126 192 3
47 251 1
52 57 3
8 23 2
55 221 55
225 248 7
50 201 50
64 256 64
78 237 1
164 185 5
40 189 5
40 251 1
46 212 1
179 233 1
62 147 1
151 246 1
111 171 1
64 100 1
46 187 46
24 207 12
74 158 9
128 133 16
46 147 2
157 249 1
2 38 2
112 228 28
27 118 3
129 156 4
6 70 1
22 87 5
2 190 2
34 49 1
4 123 1
20 161 20
50 198 12
35 95 2
118 225 14
154 224 1
60 116 7
194 203 12
62 201 3
182 190 11
117 190 1
1 12 1
57 227 28
35 91 2
73 78 9
112 114 28
147 184 2
7 59 7
3 230 3
112 131 1
25 49 12
166 168 10
125 144 1
14 201 3
185 206 1
22 127 1
17 243 1
103 163 1
45 181 45
43 44 5
19 38 19
67 133 33
50 211 6
75 248 1
141 142 35
10 119 1
2 171 2
74 174 2
14 109 3
85 255 1
146 177 2
74 245 1
72 146 36
76 233 1
104 209 104
183 235 1
241 253 15
8 247 1
11 94 11
58 236 29
9 22 2
121 242 121
171 223 1
21 205 1
3 108 3
67 154 4
103 197 12
60 220 3
45 188 11
64 89 2
98 208 6
51 113 3
5 20 5
51 92 1
5 137 2
9 181 2
211 235 3
84 179 5
1 96 1
155 157 19
84 243 1
77 154 77
41 217 1
130 195 1
90 176 22
45 180 45
67 140 8
101 243 3
67 152 4
38 45 2
129 171 2
5 90 5
11 70 2
17 193 1
32 83 2
19 181 2
132 256 16
54 103 6
2 74 2
121 231 7
197 237 3
59 228 14
48 98 24
56 98 3
204 256 1
87 172 43
163 209 1
176 181 22
39 136 4
57 143 1
1 138 1
28 235 14
135 151 4
74 151 37
187 188 23
27 222 27
51 197 12
50 216 6
67 225 1
111 155 1
29 50 3
130 256 32
152 168 2
24 193 24
136 219 1
42 228 1
15 124 15
12 153 1
34 145 4
155 169 2
244 247 61
9 110 1
115 226 28
73 151 18
180 228 1
48 194 48
7 234 7
144 154 9
13 41 1
46 186 46
90 179 22
127 251 31
54 209 13
75 82 2
4 59 1
56 229 28
33 133 33
53 61 3
183 206 1
22 83 5
107 213 53
6 13 6
152 156 19
101 200 50
92 185 92
72 218 1
250 253 31
63 122 15
117 232 58
57 239 14
179 188 11
45 56 1
45 92 11
111 223 111
103 165 1
44 73 2
120 171 1
3 6 3
14 28 14
228 240 7
98 147 1
84 146 2
63 153 1
176 179 44
40 248 1
126 242 15
9 157 9
23 139 2
202 229 3
119 240 7
83 172 10
7 139 1
208 216 13
52 112 3
57 224 28
9 253 1
194 204 12
111 221 55
109 132 1
8 32 8
38 39 19
47 88 11
222 234 3
94 95 47
16 51 1
113 228 28
92 254 1
192 206 12
117 233 58
54 83 1
137 154 4
84 163 10
229 231 57
5 46 5
13 52 13
193 195 48
123 176 1
36 147 36
170 172 21
15 226 7
93 191 23
27 142 1
59 60 7
2 83 2
154 248 1
84 235 1
63 242 15
1 236 1
108 125 3
1 136 1
167 234 1
64 204 1
1 22 1
73 145 36
1 75 1
83 145 2
92 190 23
119 239 119
161 174 10
86 90 5
79 254 1
1 194 1
106 127 3
98 154 1
48 179 1
132 221 1
250 255 31
60 244 30
176 182 22
1 124 1
77 138 4
2 134 2
49 99 49
247 254 15
101 190 1
225 230 28
23 27 1
130 247 1
63 92 1
129 177 2
3 227 3
156 256 4
21 95 5
161 217 1
17 250 1
74 75 37
68 160 2
106 223 13
9 24 1
71 141 35
53 191 1
58 61 7
13 35 1
70 249 1
38 156 19
162 165 20
178 203 1
58 245 7
40 255 1
71 140 35
29 118 29
80 106 1
2 163 2
100 206 25
11 23 11
22 163 5
208 210 52
31 236 7
3 219 3
173 206 1
16 124 1
47 146 2
83 175 10
79 139 4
190 195 1
165 254 1
161 166 20
122 208 3
162 190 5
36 223 1
22 80 5
24 166 1
171 195 1
149 235 1
104 214 26
1 39 1
240 242 60
204 251 3
25 96 12
131 132 16
103 133 1
4 70 4
6 195 6
160 170 10
1 237 1
196 210 6
233 240 7
162 185 5
71 118 1
52 215 26
62 170 1
88 184 11
44 177 44
61 206 3
126 227 7
37 83 2
167 219 1
71 227 1
2 166 2
79 222 1
63 65 1
16 139 8
118 179 1
2 5 2
34 141 17
230 255 7
121 155 1
137 191 2
104 234 3
216 230 3
179 183 22
250 252 31
137 140 17
15 22 1
95 180 11
1 28 1
41 237 1
27 215 13
240 241 120
88 252 1
228 229 114
7 105 3
192 214 6
196 197 98
43 174 43
71 138 17
199 215 6
20 128 2
26 218 13
107 191 1
8 53 1
41 204 1
80 150 2
60 75 1
167 222 1
29 208 3
2 192 1
56 231 28
118 252 7
99 203 12
154 158 19
231 245 7
24 195 24
55 223 55
6 183 1
143 155 4
132 177 2
116 128 1
138 188 2
144 255 1
174 184 5
87 161 10
127 254 127
96 192 96
15 157 1
65 79 4
48 192 48
82 160 20
136 173 2
73 221 1
44 151 2
190 217 1
66 137 8
36 150 18
24 196 24
48 89 1
31 113 7
8 128 8
147 148 18
59 162 1
192 195 48
33 172 2
143 179 2
3 208 3
33 143 8
38 152 38
30 122 30
85 171 85
234 251 7
175 214 1
209 210 52
1 221 1
45 81 5
56 145 1
10 196 1
11 115 1
8 171 2
199 247 3
91 184 11
132 173 2
168 171 42
16 187 2
162 208 1
99 154 1
98 191 1
207 231 3
99 240 3
209 233 3
166 183 5
23 177 11
28 232 14
51 103 51
117 181 1
10 170 10
13 108 13
29 59 29
156 218 1
181 251 1
62 240 15
114 228 114
97 189 1
52 211 52
152 236 1
141 169 2
214 223 13
29 231 14
169 255 1
46 88 11
36 50 1
241 250 15
63 252 63
60 148 1
22 89 22
108 218 54
39 79 39
43 167 10
12 192 12
3 25 3
18 74 18
169 170 42
9 79 9
67 113 1
6 212 6
43 98 1
197 238 3
34 241 1
207 230 3
192 256 1
89 179 89
30 121 30
41 177 5
84 211 1
35 154 4
58 117 58
74 148 74
149 165 2
119 182 1
32 246 1
4 32 4
28 202 3
48 79 1
6 108 6
107 148 1
178 186 11
47 188 47
46 139 2
92 175 5
8 158 4
12 190 1
161 167 20
84 170 42
116 207 3
121 210 3
69 143 17
122 165 1
12 197 12
94 188 94
32 96 1
7 236 7
66 151 4
32 191 2
1 111 1
27 96 6
119 235 29
11 92 11
114 209 3
113 250 7
51 147 1
148 159 9
28 35 1
1 168 1
76 138 4
34 140 17
133 153 4
38 138 4
144 148 18
162 234 1
11 199 1
244 246 61
184 185 92
224 232 14
41 157 2
119 232 29
32 130 32
232 233 116
41 86 10
102 131 1
31 222 3
189 235 1
3 235 3
53 105 26
31 38 1
172 175 43
47 186 23
179 181 22
111 216 27
235 255 7
93 144 2
170 188 5
19 163 2
113 119 14
13 197 6
17 68 17
134 241 1
158 236 1
169 197 1
170 179 5
64 69 8
33 79 4
129 233 1
200 202 50
7 116 7
11 229 1
215 222 13
172 174 43
49 238 3
41 190 5
51 241 3
1 170 1
6 199 6
55 208 13
143 197 1
93 165 5
200 205 25
21 178 5
19 158 19
116 180 1
141 225 1
148 160 2
214 220 13
2 12 1
7 224 7
5 161 5
19 157 19
226 227 113
232 237 29
28 39 1
136 256 8
69 189 2
154 186 2
105 119 3
9 77 9
4 151 4
52 110 13
7 252 7
38 111 1
127 133 1
7 81 1
113 181 1
98 196 98
74 248 1
30 153 1
20 96 1
206 236 3
63 117 7
3 195 3
128 240 1
105 234 3
15 116 7
139 161 2
187 256 2
106 136 1
3 238 3
58 239 29
30 155 1
64 205 1
89 103 1
10 21 10
211 215 26
17 141 17
203 207 25
49 200 12
60 247 30
55 195 6
2 68 2
138 140 17
226 234 14
7 228 7
38 76 38
31 127 31
63 152 1
96 241 3
98 146 1
99 192 24
97 99 24
1 181 1
88 161 5
29 234 29
23 113 1
4 221 1
25 200 25
36 37 18
63 254 63
45 175 5
40 233 1
189 196 1
37 40 2
50 52 6
122 253 15
18 181 2
105 208 52
72 93 2
35 149 4
8 143 8
90 159 2
224 231 28
12 24 12
48 113 3
14 52 3
176 177 88
56 146 1
20 65 2
55 110 55
4 75 4
28 41 1
56 144 1
53 55 13
198 221 6
29 58 29
205 250 3
160 162 40
1 218 1
3 232 3
42 248 1
65 148 4
127 240 15
145 243 1
9 186 2
175 180 5
16 186 2
229 238 14
1 140 1
121 240 60
22 187 11
21 133 2
206 223 6
109 127 3
31 60 15
9 151 9
15 197 3
56 227 56
191 192 1
142 247 1
67 136 8
196 214 6
89 243 1
72 158 9
107 209 26
1 70 1
51 134 1
2 36 2
147 185 2
218 219 109
1 156 1
24 69 1
28 201 3
6 198 6
214 253 3
113 115 28
49 252 3
23 236 1
6 196 6
161 212 1
216 255 3
108 128 1
74 210 1
29 72 1
5 47 5
104 175 1
4 130 4
58 234 58
242 247 30
26 196 6
127 142 1
97 167 1
75 123 1
98 109 6
193 203 12
115 236 14
125 249 62
218 238 3
1 11 1
113 254 7
8 35 8
155 233 1
64 66 16
104 197 6
15 45 1
98 150 1
82 167 41
61 240 30
160 168 10
3 57 3
185 191 23
95 163 5
66 118 1
64 131 32
73 94 2
108 231 3
29 174 1
6 54 6
78 235 1
3 254 3
72 144 72
82 114 1
25 207 25
99 194 24
39 206 1
19 48 1
103 119 3
72 101 1
100 250 3
80 202 1
131 151 4
84 86 21
58 211 3
205 206 51
41 81 20
48 120 3
1 19 1
6 96 6
6 220 6
157 224 1
44 72 2
104 141 1
49 226 3
106 189 1
119 230 14
111 148 1
31 216 3
28 78 1
77 152 38
21 255 1
9 74 9
38 159 19
137 239 1
17 135 8
227 230 28
43 173 43
12 51 12
55 242 3
19 184 2
136 177 2
58 118 29
106 113 3
48 147 1
81 200 1
197 198 49
54 199 6
104 202 6
31 249 31
102 237 3
21 191 5
95 219 1
115 152 1
3 50 3
38 56 1
72 211 1
51 207 51
6 241 3
87 256 2
69 190 2
3 124 3
236 238 59
178 250 1
166 239 1
36 73 36
46 184 46
218 220 27
8 150 4
201 203 50
249 253 31
71 136 17
53 135 1
21 196 1
33 233 1
192 255 3
114 118 14
41 171 10
118 138 1
132 198 1
133 149 4
57 232 14
117 128 1
36 131 4
14 170 1
1 29 1
4 138 4
31 56 7
94 127 1
78 157 78
22 37 2
2 79 2
105 123 3
7 119 7
200 234 3
49 64 1
11 170 5
26 34 1
115 175 1
65 240 1
47 183 11
82 83 41
160 254 1
43 170 21
84 194 1
76 152 76
111 211 13
2 32 2
14 73 1
121 146 1
46 117 1
168 208 1
108 109 54
158 227 1
240 252 15
10 169 10
3 102 3
26 112 3
1 65 1
93 119 1
32 173 2
56 59 14
99 127 3
251 255 31
19 113 1
250 251 125
15 183 1
14 118 14
27 216 27
97 174 1
89 228 1
186 223 1
93 123 1
125 253 31
148 154 9
4 256 4
121 126 15
17 35 17
165 196 1
115 231 115
19 240 1
136 140 17
75 246 1
12 110 6
197 203 12
203 204 25
173 225 1
91 95 11
99 164 1
134 209 1
10 40 10
35 124 1
221 228 3
71 77 4
204 217 6
136 251 1
35 254 1
86 171 21
116 169 1
79 117 1
112 115 28
125 228 7
14 57 14
120 241 120
97 117 3
34 95 2
17 67 8
159 243 1
104 142 1
121 174 1
18 72 18
167 197 1
134 137 8
131 202 1
124 253 31
192 197 24
175 242 1
208 228 3
20 122 1
167 220 1
47 187 23
1 17 1
50 101 50
78 159 39
75 161 2
66 128 16
79 93 2
16 228 1
48 145 1
56 159 1
74 149 74
30 242 30
1 3 1
66 80 2
48 67 1
182 191 11
114 225 28
114 229 114
20 38 2
65 243 1
29 95 1
129 134 16
117 246 7
124 233 7
138 170 2
61 242 30
131 138 8
143 158 4
117 241 7
121 161 1
15 155 1
144 216 1
193 216 6
14 236 14
200 222 6
133 214 1
3 52 3
226 244 7
71 157 4
7 226 7
30 254 15
2 85 2
108 171 1
15 93 1
1 33 1
168 181 5
29 248 7
83 204 1
7 62 7
147 171 2
79 175 2
58 235 58
15 125 15
49 96 24
47 74 2
104 109 13
96 165 1
35 151 4
43 175 43
47 245 1
252 255 63
32 186 2
77 153 38
3 202 3
66 168 2
147 179 2
108 200 6
86 210 1
117 121 7
117 239 29
71 123 1
79 157 39
229 236 14
141 148 4
71 137 17
52 55 13
2 158 2
1 246 1
153 210 1
70 238 1
17 180 2
81 211 1
81 175 10
2 177 2
121 244 30
2 71 2
3 96 3
4 137 4
2 4 2
35 158 4
105 141 1
2 40 2
26 43 1
13 71 1
36 39 9
148 149 74
29 148 1
90 177 22
227 255 7
29 120 7
94 186 23
47 81 5
86 162 10
155 195 1
58 59 29
15 122 15
3 207 3
143 159 4
49 192 24
75 177 2
72 94 2
48 74 1
44 223 1
242 252 15
212 224 3
185 189 23
76 155 38
57 235 14
5 179 5
139 158 4
13 211 13
40 175 10
103 209 6
32 88 2
54 217 54
158 191 2
112 141 1
22 113 1
125 206 3
3 98 3
16 180 2
7 245 7
119 171 1
110 184 1
108 158 1
79 220 1
53 119 3
201 216 6
2 142 2
118 126 7
131 211 1
181 217 1
19 135 4
198 218 6
62 229 7
50 85 1
3 46 1
25 151 1
12 39 1
3 49 3
53 81 1
110 111 55
15 54 3
27 108 27
11 130 2
153 157 19
45 204 1
70 195 1
3 56 3
79 156 39
81 117 1
32 131 32
45 140 2
9 75 9
44 141 2
13 54 13
37 251 1
100 235 3
227 251 7
49 170 1
42 176 5
3 169 1
92 93 46
188 216 1
168 173 21
143 152 4
128 245 1
90 112 1
1 50 1
81 170 10
99 188 1
42 169 42
59 145 1
86 177 5
136 143 17
161 162 40
193 255 3
11 93 11
47 102 1
52 118 3
145 151 18
102 116 3
41 119 1
1 190 1
50 67 1
39 77 19
144 190 2
242 248 15
4 206 1
162 225 1
105 106 26
117 250 7
102 207 51
26 53 26
60 245 30
147 252 1
24 208 6
227 228 28
131 135 16
149 174 2
50 70 1
49 82 1
121 205 3
119 237 59
66 149 4
43 227 1
67 232 1
95 187 23
197 233 3
158 182 2
197 216 6
98 205 12
125 250 125
144 158 9
70 71 35
174 255 1
109 141 1
55 216 27
56 230 28
187 226 1
177 225 1
52 193 6
116 183 1
126 251 31
95 256 2
68 189 2
120 123 30
220 236 3
87 205 1
123 178 1
143 250 1
28 133 1
1 155 1
50 236 3
32 177 2
8 85 2
63 127 63
29 158 1
18 231 1
16 64 16
33 137 8
27 54 27
73 171 2
146 174 2
184 189 23
99 195 24
76 147 9
45 59 1
97 153 1
91 250 1
151 211 1
180 232 1
33 82 2
136 242 1
213 222 13
72 151 18
26 220 13
122 246 61
24 133 1
14 234 14
66 132 66
7 240 7
32 81 2
2 67 2
40 230 1
1 95 1
212 213 106
124 240 15
77 161 2
130 229 1
57 231 57
76 128 4
6 146 1
25 198 12
210 248 3
15 159 1
74 83 2
9 64 4
13 105 13
105 251 3
75 235 1
30 215 3
48 168 1
86 246 1
220 241 3
90 197 1
195 217 6
24 48 24
180 220 1
208 211 52
51 222 6
22 177 22
4 208 1
1 245 1
47 160 5
97 202 12
111 218 27
8 77 4
78 239 1
68 128 8
81 98 1
60 222 3
39 126 1
68 205 1
83 105 1
232 238 29
21 142 2
80 103 1
36 245 1
108 209 13
139 143 17
71 96 1
120 212 3
23 95 23
176 178 44
17 34 17
3 128 1
79 256 4
26 199 6
2 188 2
60 107 3
1 76 1
16 134 16
79 201 1
8 152 4
87 107 1
16 142 8
96 248 3
1 123 1
3 200 3
105 202 6
232 247 7
140 177 2
224 235 14
85 228 1
158 180 2
95 179 11
193 234 3
11 191 11
74 186 2
84 220 1
94 171 5
35 94 2
24 85 1
144 150 18
162 181 5
40 91 5
48 186 1
117 160 1
28 255 7
198 233 3
38 203 1
5 96 1
139 237 1
49 103 12
15 241 15
203 227 3
55 82 1
55 61 3
46 92 46
247 256 1
52 247 3
83 205 1
21 87 21
236 251 7
66 141 8
77 187 2
123 230 7
122 247 61
76 186 2
95 226 1
13 212 13
9 120 1
18 66 4
66 230 1
80 163 40
4 39 4
103 212 6
133 156 4
53 122 3
247 249 15
13 223 13
84 122 1
63 247 15
203 255 3
27 129 1
101 201 50
159 199 1
13 53 13
1 137 1
11 17 2
6 109 6
10 166 10
84 174 21
30 63 15
58 253 7
64 133 16
146 147 73
94 217 1
240 250 15
111 240 3
66 239 1
8 94 2
140 170 2
41 95 5
13 88 1
153 154 38
79 111 1
178 180 22
156 236 1
1 101 1
18 73 18
40 134 2
24 169 1
44 139 2
36 57 1
10 167 10
176 217 1
9 194 1
241 244 30
150 151 75
204 205 102
24 223 6
120 122 30
194 211 6
110 216 27
202 232 3
191 251 1
85 94 5
121 122 30
159 167 2
133 135 33
73 144 36
125 126 31
11 181 11
84 127 1
132 135 33
1 144 1
21 174 21
110 218 27
151 255 1
60 254 15
55 222 55
1 162 1
143 146 4
60 241 60
225 227 56
11 59 1
53 192 6
172 177 5
85 237 1
102 199 12
164 165 82
121 164 1
140 183 2
7 188 1
52 210 52
141 243 1
86 98 1
129 247 1
4 76 4
157 176 2
38 174 2
103 184 1
19 119 1
138 229 1
22 78 2
69 209 1
161 169 10
8 229 1
248 249 124
93 239 1
151 228 1
198 203 12
202 204 25
33 247 1
191 202 1
163 166 20
41 152 2
100 117 3
19 151 9
146 158 9
89 188 11
66 130 16
177 180 22
91 237 1
52 252 3
5 167 5
219 221 27
119 123 7
92 173 5
152 153 76
1 207 1
32 205 1
1 145 1
3 212 3
15 40 1
22 23 11
190 202 1
37 38 9
28 160 1
91 186 11
1 18 1
2 94 2
2 82 2
2 11 2
16 251 1
19 42 2
22 34 2
143 156 4
135 256 16
93 183 11
32 65 32
186 191 23
207 248 3
40 106 1
58 176 1
185 203 1
28 205 3
84 85 42
99 115 3
98 216 6
16 129 16
73 149 18
106 230 3
214 226 3
32 143 8
1 9 1
132 156 4
45 177 22
1 32 1
223 236 3
30 53 3
110 243 3
13 202 6
135 188 2
46 86 5
144 151 18
45 85 5
41 170 10
81 120 1
215 243 3
78 88 2
27 256 1
34 128 8
105 218 13
138 139 69
47 158 2
66 139 8
43 137 2
159 174 2
86 215 1
60 152 1
8 69 8
8 134 8
42 83 10
72 105 1
20 206 1
80 166 20
13 238 3
39 244 1
15 244 15
56 126 7
16 140 8
74 152 9
79 196 1
127 248 31
135 194 1
158 218 1
93 255 1
121 123 30
1 188 1
111 130 1
66 208 1
25 192 12
125 208 3
116 238 29
51 200 25
72 110 1
197 210 6
219 220 27
77 166 2
20 110 1
134 166 2
68 108 1
90 219 1
27 208 13
106 200 6
20 227 1
168 209 1
27 221 27
112 230 28
68 152 4
51 99 12
124 225 7
118 121 7
23 208 1
18 127 1
72 252 1
209 214 26
123 251 15
18 144 18
234 245 7
34 212 1
61 148 1
21 51 1
204 206 51
59 179 1
154 204 1
160 172 10
172 226 1
1 151 1
67 146 4
49 101 12
98 192 24
203 211 6
153 251 1
9 19 9
85 122 1
119 247 7
10 85 10
28 82 1
89 111 1
125 254 31
156 158 39
33 254 1
57 226 28
59 248 7
124 255 31
116 235 58
50 102 25
81 206 1
1 230 1
195 198 24
74 228 1
128 197 1
54 100 6
121 194 3
92 180 11
2 22 2
14 93 1
64 118 1
249 255 31
171 175 21
121 167 1
4 215 1
177 185 11
46 54 1
49 149 1
31 227 7
187 190 23
1 48 1
46 202 1
2 93 2
140 173 2
96 103 12
117 236 29
162 168 10
15 247 15
16 41 2
87 193 1
106 107 53
81 166 20
81 164 20
139 142 17
182 198 1
63 75 1
118 239 59
139 197 1
49 213 6
33 214 1
127 149 1
244 253 15
62 208 3
106 220 13
177 182 22
16 65 16
52 208 52
7 150 1
138 184 2
9 144 9
134 135 67
141 232 1
189 205 1
30 82 1
12 48 12
126 177 1
61 244 61
123 197 3
213 224 3
219 255 3
68 140 17
156 159 39
83 153 2
125 130 1
95 174 5
2 41 2
20 180 5
104 224 3
194 236 3
68 137 68
169 247 1
186 255 1
17 97 1
232 234 58
68 231 1
190 213 1
82 187 5
1 107 1
53 126 3
35 69 17
13 94 1
35 136 17
52 201 6
32 46 2
31 156 1
1 102 1
98 99 49
42 174 21
43 169 21
66 115 1
43 160 10
214 233 3
98 157 1
128 211 1
69 202 1
195 214 6
16 32 16
16 132 16
145 254 1
21 186 5
168 169 84
15 242 15
141 191 2
229 232 14
40 44 5
24 194 24
93 149 2
27 225 3
60 240 60
51 220 6
27 195 6
11 75 2
17 61 1
14 251 7
19 180 2
167 183 5
65 138 8
94 178 11
121 226 7
150 218 1
93 94 23
123 247 123
155 236 1
58 205 3
45 129 2
2 143 2
150 156 9
3 122 3
37 145 18
112 202 3
81 219 1
70 90 2
145 248 1
174 219 1
102 205 102
94 177 11
136 172 2
146 166 2
71 134 8
59 209 3
240 245 30
49 199 49
1 106 1
42 80 10
240 246 30
2 21 2
85 176 5
61 119 7
114 185 1
205 214 6
82 180 5
48 134 1
2 169 2
137 138 34
99 244 3
8 12 1
1 2 1
76 203 1
141 152 4
1 253 1
26 108 13
118 200 3
127 178 1
190 253 1
37 131 4
47 252 1
33 64 16
42 224 1
84 246 1
104 105 52
3 29 3
26 249 3
2 64 2
179 256 2
129 256 64
20 151 2
26 31 3
98 210 6
44 132 2
139 190 2
80 181 5
68 131 8
10 28 1
19 156 19
41 211 1
64 103 1
14 115 14
163 167 20
52 196 6
107 215 107
102 177 1
86 184 5
1 105 1
77 158 19
1 41 1
5 198 1
3 206 3
33 35 8
35 150 4
29 235 29
104 212 26
101 144 1
21 42 21
182 251 1
2 9 2
67 243 1
78 132 4
212 253 3
39 149 9
3 249 3
58 198 3
171 182 5
88 231 1
90 242 1
16 102 1
38 193 1
70 228 1
145 256 4
108 183 1
79 85 2
2 145 2
7 72 1
168 187 5
37 57 1
114 250 7
111 230 3
45 218 1
30 251 15
94 152 2
89 187 11
88 180 22
143 162 2
10 137 2
21 123 1
110 191 1
1 14 1
6 26 6
116 224 14
18 172 2
74 115 1
139 174 2
102 112 3
88 168 5
148 182 2
214 251 3
5 185 5
38 196 1
224 226 56
151 195 1
87 111 1
1 242 1
110 217 27
23 174 5
14 182 1
102 209 6
105 125 3
71 183 2
142 231 1
1 92 1
240 248 15
123 250 15
99 217 6
49 232 3
195 218 6
105 161 1
230 237 14
145 150 18
14 117 14
1 217 1
70 161 2
213 218 13
2 23 2
4 8 4
54 131 1
120 236 7
73 114 1
216 217 108
85 173 21
138 148 4
132 218 1
64 135 16
37 135 4
177 237 1
80 141 2
13 188 1
128 139 8
16 42 2
59 237 59
20 203 1
61 198 3
105 114 3
186 226 1
80 162 40
99 212 6
36 83 2
60 136 1
224 229 28
95 191 95
36 151 18
167 248 1
83 183 5
126 243 15
21 43 21
63 215 3
133 152 4
12 21 1
148 241 1
31 114 7
133 167 2
1 4 1
2 80 2
31 112 7
39 96 1
83 106 1
59 254 7
149 167 2
21 179 5
80 171 10
176 222 1
7 102 3
18 38 9
27 196 6
89 225 1
93 163 5
18 228 1
210 214 26
56 241 7
62 80 1
48 96 48
126 174 1
41 165 41
33 70 8
158 166 2
109 218 109
9 23 2
70 135 8
148 251 1
99 123 3
86 168 21
156 210 1
5 63 1
28 248 7
89 181 22
182 202 1
52 216 13
138 254 1
51 187 1
119 229 14
123 165 1
151 185 2
59 244 7
160 202 1
66 252 1
104 120 3
91 135 2
117 226 14
61 116 7
113 227 113
201 241 3
21 240 1
1 69 1
210 235 3
70 133 8
71 130 8
71 87 2
60 228 7
190 196 1
226 235 14
5 93 5
70 141 70
87 184 5
55 244 3
109 216 54
65 129 32
68 203 1
34 69 34
7 25 3
25 185 1
39 44 2
38 85 2
217 241 3
210 222 13
1 238 1
109 129 1
113 229 28
1 132 1
1 166 1
243 253 15
114 116 14
30 188 1
195 215 6
46 188 23
6 197 6
178 256 2
140 210 1
2 167 2
187 194 1
121 254 15
60 103 3
22 197 1
41 212 1
29 249 7
208 244 3
54 252 3
1 44 1
3 101 3
7 14 7
93 170 5
205 213 6
40 81 40
9 149 9
19 137 4
19 68 4
40 133 2
25 199 12
200 228 3
202 230 3
34 149 4
1 182 1
74 116 1
121 241 60
37 79 9
158 255 1
115 239 14
47 228 1
109 236 3
81 131 2
12 101 12
6 62 3
114 166 1
48 191 1
59 69 1
194 202 12
1 149 1
192 223 6
114 247 7
204 207 51
64 254 1
149 170 2
40 123 1
203 239 3
87 213 1
8 88 2
120 161 1
134 201 1
28 225 28
107 198 6
83 86 10
115 215 3
73 244 1
222 252 3
163 164 20
85 177 5
77 185 2
128 129 64
221 231 3
51 158 1
124 181 1
160 176 5
41 138 2
5 40 5
70 128 8
133 256 16
1 114 1
115 118 14
135 235 1
187 230 1
48 77 1
78 226 1
154 235 1
79 160 2
32 140 8
147 152 9
71 220 1
62 127 31
39 144 9
43 86 43
32 156 4
14 226 14
2 161 2
142 172 2
233 236 29
7 147 1
2 150 2
114 224 28
128 166 2
30 80 1
1 210 1
105 212 26
115 230 115
8 181 2
68 107 1
3 100 3
162 172 10
151 230 1
42 223 1
114 239 14
16 217 1
141 143 35
10 171 10
140 196 1
32 223 1
1 130 1
11 157 2
39 131 4
233 234 58
42 122 1
26 68 1
37 219 1
3 243 3
65 140 8
196 208 6
34 172 2
157 158 39
4 79 4
17 155 4
60 147 1
252 254 63
248 251 62
90 141 2
11 95 11
205 252 3
124 127 31
32 79 4
2 8 2
197 220 6
43 127 1
28 29 14
113 194 3
48 65 1
13 229 3
130 172 2
200 201 100
1 40 1
172 179 5
27 237 3
64 152 4
114 124 7
26 52 26
21 90 5
41 102 1
169 203 1
152 230 1
53 182 1
94 191 47
47 244 1
179 203 1
213 219 13
115 127 7
51 94 1
34 173 2
116 121 7
22 180 22
1 38 1
41 48 1
6 207 6
2 155 2
89 90 22
140 242 1
18 39 9
91 235 1
223 254 3
101 103 25
126 247 15
117 137 1
5 91 5
107 158 1
80 109 1
16 145 4
60 207 3
19 54 1
85 166 10
151 169 2
63 124 31
93 230 1
34 196 1
167 224 1
47 89 11
184 187 46
75 77 9
1 109 1
67 237 1
187 206 1
90 140 2
2 149 2
63 241 15
92 183 11
6 255 3
141 240 1
37 152 9
92 170 5
174 254 1
92 186 46
119 180 1
178 182 22
212 215 53
108 220 27
74 163 2
21 124 1
34 50 1
82 143 2
44 46 11
17 188 2
146 149 18
20 237 1
131 227 1
70 81 2
32 139 8
7 112 7
78 242 1
85 103 1
41 122 1
129 131 32
225 231 28
64 241 1
112 170 1
11 182 11
5 42 5
6 51 6
3 159 1
37 130 4
141 219 1
198 211 6
148 208 1
51 252 3
2 44 2
26 202 6
13 222 13
1 175 1
43 217 1
62 206 3
6 111 6
64 157 4
151 229 1
249 251 62
2 180 2
41 250 1
115 232 14
85 136 2
8 176 2
179 224 1
46 89 11
122 210 3
50 62 3
13 139 1
6 218 6
39 159 39
14 97 3
57 179 1
70 79 4
30 230 7
47 94 47
11 91 11
5 103 1
71 216 1
20 164 20
31 37 1
77 115 1
211 244 3
176 245 1
93 188 23
66 71 8
22 176 22
40 214 1
193 196 24
233 252 7
140 248 1
29 232 29
88 102 1
12 220 6
94 190 47
119 213 3
49 50 12
105 118 3
196 249 3
2 45 2
3 62 3
181 235 1
78 184 2
60 79 1
44 187 11
78 218 1
231 237 14
2 170 2
5 21 5
27 192 6
83 163 20
141 211 1
134 193 1
131 137 8
23 247 1
17 140 17
132 133 66
78 172 2
143 216 1
22 135 2
6 23 1
66 164 2
53 217 13
70 127 1
3 160 1
14 123 7
83 164 41
16 104 1
150 203 1
54 145 1
57 187 1
200 250 3
99 175 1
115 120 7
1 134 1
137 143 17
104 213 26
149 199 1
105 209 52
15 61 15
115 224 28
109 174 1
144 243 1
17 32 8
5 95 5
102 221 6
80 183 5
104 138 1
9 153 9
168 235 1
1 36 1
3 116 3
50 60 3
85 175 21
15 256 1
77 168 2
62 192 3
128 145 4
4 144 4
70 239 1
100 102 25
117 157 1
120 243 60
18 82 2
12 49 12
48 204 12
9 21 2
184 213 1
5 10 5
171 251 1
1 59 1
120 127 15
13 104 13
177 187 11
38 249 1
13 32 1
14 212 3
160 223 1
136 156 4
29 78 1
230 231 115
103 207 103
176 255 1
24 92 1
44 90 22
31 255 31
17 119 1
13 91 1
241 242 60
4 164 2
55 210 13
136 241 1
34 166 2
28 57 28
119 218 3
190 193 1
42 163 10
65 72 4
2 46 2
127 158 1
16 46 2
118 133 1
216 251 3
25 227 3
145 212 1
36 145 36
87 114 1
148 218 1
33 57 1
76 107 1
162 222 1
17 151 4
24 96 24
195 246 3
103 136 1
44 142 2
58 94 1
182 209 1
130 132 16
36 107 1
46 126 1
83 87 10
12 99 12
130 139 8
103 109 6
80 129 2
86 113 1
117 225 14
109 215 13
20 160 20
127 249 31
59 131 1
99 242 3
157 250 1
3 214 3
35 186 2
17 88 2
90 92 11
39 88 2
165 188 5
76 129 4
243 246 30
41 256 2
92 156 2
155 158 19
196 226 3
87 150 2
113 224 56
15 216 3
78 156 78
133 191 2
137 147 4
22 141 2
96 129 1
99 198 99
146 206 1
30 246 30
128 167 2
68 139 34
37 49 1
30 135 1
41 130 2
107 154 1
47 184 23
84 173 21
27 143 1
105 192 6
72 87 2
74 215 1
6 50 6
3 240 3
61 145 1
33 110 1
57 117 14
30 241 30
61 121 30
24 89 1
55 197 6
12 102 12
38 165 2
50 61 3
21 247 1
6 25 6
28 240 7
83 192 1
76 109 1
75 134 4
11 78 2
124 254 31
26 216 13
1 199 1
1 116 1
167 191 5
65 156 4
14 252 7
6 32 1
10 175 10
65 149 4
132 134 33
1 223 1
7 29 7
9 72 9
7 225 7
23 24 1
144 165 2
57 228 57
27 169 1
17 84 2
134 136 8
210 220 13
242 255 15
234 243 7
90 180 90
1 74 1
189 195 1
30 190 1
17 70 17
92 115 1
203 250 3
10 14 1
106 212 106
3 115 3
207 209 6
169 171 42
74 217 1
6 208 6
109 244 3
59 232 29
53 75 1
144 212 1
69 236 1
20 165 20
50 247 3
1 21 1
1 176 1
118 213 3
71 245 1
99 102 12
59 112 14
171 174 21
59 188 1
127 225 7
126 250 31
187 217 1
83 161 20
36 74 18
8 237 1
54 111 27
1 67 1
35 207 1
191 214 1
42 62 1
115 191 1
133 200 1
7 230 7
248 252 31
9 167 2
116 126 7
94 254 1
11 106 1
3 58 3
1 247 1
137 139 34
61 85 1
3 245 3
13 111 13
160 165 20
27 140 1
54 55 27
124 125 62
106 166 1
59 113 14
12 205 12
157 180 2
1 7 1
42 253 1
188 191 47
69 182 2
97 106 6
19 244 1
222 230 3
93 107 1
25 169 1
127 157 1
15 84 1
54 180 1
143 153 4
172 209 1
102 195 12
109 186 1
176 180 22
98 199 49
19 154 19
96 195 48
22 77 2
190 229 1
133 238 1
37 193 1
7 57 7
86 182 5
38 131 4
117 237 29
196 202 12
180 183 45
29 236 29
124 238 7
180 182 45
216 222 27
14 232 14
61 122 61
34 143 17
31 126 31
6 228 3
128 132 16
45 133 2
4 213 1
8 34 8
28 242 7
63 196 3
89 224 1
11 188 11
95 194 1
144 159 9
95 188 47
90 185 11
77 146 9
100 234 3
65 114 1
94 181 11
89 139 2
70 113 1
43 161 10
74 144 18
42 168 42
22 179 22
202 207 25
78 134 4
20 204 1
27 38 1
50 84 1
77 139 4
15 168 1
146 200 1
85 162 10
51 243 3
143 170 2
19 219 1
20 31 1
44 94 11
51 115 3
20 207 1
87 175 87
42 175 21
83 143 2
19 143 4
64 250 1
188 210 1
83 256 2
190 199 1
74 130 4
192 221 6
208 212 26
76 215 1
148 231 1
22 233 1
211 250 3
95 124 1
6 100 6
116 129 1
6 209 6
29 229 14
44 45 22
83 171 10
216 220 27
21 200 1
66 78 4
127 250 31
63 234 7
51 76 1
33 41 2
39 214 1
81 193 1
12 206 12
171 173 21
24 57 3
21 175 21
79 255 1
27 178 1
33 198 1
78 108 1
82 141 2
58 233 58
55 213 13
79 229 1
240 244 30
48 253 3
51 106 6
169 215 1
199 214 6
134 191 2
38 124 1
168 174 21
90 103 1
153 159 19
7 121 7
30 247 30
185 187 46
221 236 3
58 97 3
87 218 1
22 119 1
174 178 5
65 256 32
242 246 30
105 157 1
65 177 2
211 213 26
82 230 1
39 187 2
16 133 16
52 133 1
162 179 5
199 204 12
88 166 5
110 127 3
6 74 1
4 77 4
74 76 9
49 202 12
62 253 31
178 244 1
9 136 4
202 215 6
2 95 2
32 74 4
56 149 1
110 189 1
122 131 1
4 82 2
225 229 28
7 126 7
25 103 25
62 248 62
26 208 26
25 224 3
156 172 2
95 186 23
7 246 7
1 192 1
25 202 25
127 151 1
139 145 4
59 81 1
20 42 10
172 173 86
139 193 1
32 66 16
37 146 18
63 180 1
2 10 2
12 223 6
1 86 1
127 169 1
118 234 29
71 113 1
134 202 1
86 169 21
11 114 1
118 236 118
123 242 30
2 112 1
51 212 6
122 254 15
55 218 27
40 166 20
42 115 1
26 102 6
124 242 15
120 121 60
33 43 2
170 203 1
19 40 2
102 160 1
14 100 3
15 17 1
8 20 2
121 250 15
54 81 1
108 142 1
110 208 13
80 161 80
100 203 50
51 130 1
128 151 4
248 254 31
117 235 117
172 231 1
112 162 1
26 212 26
12 212 6
113 186 1
111 228 3
114 129 1
60 246 30
6 97 6
1 112 1
84 159 2
100 155 1
1 214 1
54 221 27
205 236 3
77 218 1
26 105 26
42 100 1
3 121 3
50 207 25
40 76 2
28 180 1
4 141 4
23 30 1
78 166 2
20 47 5
21 96 1
15 255 15
67 192 1
204 254 3
152 154 38
19 22 2
2 129 2
17 91 2
3 109 3
81 167 20
110 203 6
41 125 1
3 60 3
120 234 7
207 208 6
149 176 2
10 87 10
166 173 10
216 224 3
49 89 1
88 183 22
139 141 17
147 150 18
8 135 8
113 116 14
47 122 1
96 114 3
163 170 10
37 80 2
21 163 10
70 180 2
18 43 2
101 196 12
110 120 3
63 197 3
38 175 2
125 155 1
96 149 1
135 232 1
136 138 34
116 237 29
70 138 17
55 207 6
102 109 6
91 164 5
111 146 1
96 201 12
34 57 1
80 86 10
179 185 11
156 229 1
13 213 13
119 122 7
94 232 1
144 145 72
217 222 27
57 83 1
147 228 1
68 129 8
145 148 18
61 201 3
1 200 1
83 162 20
53 211 26
166 169 10
193 217 6
90 212 1
66 225 1
207 237 3
5 187 5
31 185 1
127 253 63
2 69 2
102 204 102
123 243 30
106 216 13
41 231 1
61 245 61
133 146 4
53 209 26
84 250 1
110 236 3
1 213 1
160 184 5
1 5 1
56 114 28
21 168 21
1 78 1
137 172 2
3 104 3
19 192 1
20 84 10
101 160 1
77 246 1
4 159 4
126 188 1
11 88 11
44 182 22
36 240 1
44 168 5
56 115 28
5 101 1
97 124 3
4 193 1
113 198 3
150 212 1
57 115 57
68 142 17
223 227 3
116 212 3
141 222 1
11 90 11
51 164 1
28 50 3
73 155 9
2 165 2
216 218 54
88 92 11
34 220 1
56 205 3
100 101 50
77 239 1
107 144 1
127 252 63
9 159 9
127 218 3
160 161 80
9 158 9
127 189 1
39 250 1
1 204 1
158 168 2
48 243 3
96 196 24
57 229 57
139 215 1
133 139 8
91 169 5
14 114 14
78 158 39
1 135 1
136 160 2
1 147 1
92 157 2
22 44 22
13 214 13
59 236 59
216 236 3
29 38 1
59 116 29
37 151 37
4 132 4
11 194 1
150 229 1
137 175 2
7 125 7
94 125 1
67 206 1
68 69 34
84 191 5
164 170 10
11 180 11
37 89 2
31 253 31
45 161 5
143 175 2
49 204 12
212 219 13
91 234 1
80 98 1
1 66 1
5 66 2
27 105 13
146 148 18
132 136 8
49 87 1
105 110 13
59 124 7
80 192 1
4 68 4
3 224 3
19 39 19
150 244 1
28 151 1
105 178 1
153 173 2
118 235 29
9 134 4
134 140 8
193 204 12
173 175 43
21 56 1
78 155 19
61 256 1
157 191 2
142 208 1
122 245 122
157 179 2
127 190 1
1 54 1
49 98 49
90 223 1
104 110 13
179 218 1
16 181 2
216 223 27
3 51 3
101 204 25
63 231 7
6 219 6
163 171 10
24 150 1
8 66 8
21 184 5
63 125 31
36 236 1
121 124 15
56 143 1
110 177 1
47 174 5
145 149 18
102 206 51
40 217 1
60 256 1
185 186 46
28 75 1
72 147 36
44 108 1
5 165 5
1 227 1
100 143 1
3 112 3
97 115 3
31 119 7
124 138 1
51 120 3
82 223 1
54 219 54
78 256 4
11 220 1
57 99 3
83 215 1
92 184 92
78 117 1
68 153 4
66 101 1
107 212 53
181 182 45
55 108 27
12 195 12
122 240 30
206 234 3
1 191 1
101 128 1
48 118 3
136 142 17
31 62 31
149 185 2
41 164 41
42 150 2
130 133 16
125 251 125
99 238 3
40 138 2
89 255 1
76 142 4
98 193 24
194 199 24
63 218 3
65 135 16
48 104 6
166 191 5
1 241 1
82 164 82
225 240 7
54 197 6
128 130 32
85 241 1
87 97 1
99 196 49
13 207 6
39 150 9
123 254 15
134 212 1
5 44 5
131 155 4
211 222 13
41 162 20
1 255 1
90 187 11
85 219 1
227 247 7
30 100 3
1 55 1
29 256 1
33 97 1
3 83 1
224 239 14
22 161 5
90 252 1
8 68 8
223 242 3
19 214 1
71 149 4
187 208 1
98 183 1
47 154 2
33 245 1
42 85 42
209 211 52
9 142 4
123 245 61
88 89 44
10 42 10
73 75 18
217 230 3
2 89 2
244 245 122
84 87 21
24 152 1
75 252 1
143 196 1
75 146 18
1 167 1
10 20 10
177 181 22
11 110 1
1 35 1
1 172 1
159 240 1
28 229 28
128 256 128
10 146 2
159 218 1
52 53 26
1 222 1
3 218 3
164 227 1
53 110 13
54 255 3
109 213 13
52 65 1
118 119 59
3 103 3
59 100 3
185 208 1
3 114 3
51 140 1
1 215 1
58 147 1
106 210 26
109 221 27
54 110 27
57 195 3
111 219 27
25 134 1
2 90 2
59 115 14
154 166 2
79 126 1
51 98 12
163 245 1
16 33 16
76 154 38
61 222 3
21 254 1
3 247 3
82 100 1
13 218 13
38 77 38
2 135 2
69 171 2
97 198 24
30 95 1
96 203 12
134 143 8
116 200 3
7 127 7
85 170 85
24 53 6
55 109 27
195 204 12
1 42 1
187 191 23
4 34 4
74 189 2
15 142 1
97 195 97
191 201 1
81 161 40
13 198 6
59 256 1
115 245 7
32 151 4
154 199 1
35 51 1
56 121 7
23 185 23
103 203 25
38 155 38
33 226 1
242 245 30
121 251 15
83 160 20
3 105 3
192 224 3
81 85 10
51 192 12
7 113 7
42 87 21
40 186 5
40 86 10
35 218 1
71 91 2
2 121 1
12 58 3
3 31 3
124 252 31
3 61 3
86 175 43
225 237 14
22 114 1
201 246 3
34 129 8
75 149 37
122 218 3
119 233 29
1 208 1
105 129 1
49 122 3
85 192 1
23 182 11
25 42 1
51 97 12
56 225 56
67 123 1
48 234 3
13 129 1
43 197 1
22 111 1
85 169 42
151 213 1
2 6 1
110 193 6
170 204 1
23 241 1
16 81 2
6 89 1
32 134 16
5 162 5
82 217 1
59 167 1
1 187 1
229 254 7
42 173 21
24 192 24
48 193 48
82 93 5
27 190 1
92 113 1
217 225 3
64 191 2
105 145 1
139 185 2
205 249 3
205 209 6
142 218 1
158 230 1
57 113 28
1 56 1
14 113 14
167 173 10
105 184 1
3 119 3
44 88 44
102 213 6
85 211 1
43 168 21
92 172 5
95 133 2
172 229 1
136 139 34
24 98 24
176 184 11
13 208 13
73 241 1
34 165 2
96 158 1
21 86 21
84 92 5
163 215 1
107 111 13
24 246 3
45 74 2
88 134 2
112 224 112
118 251 7
58 237 29
23 186 23
82 162 20
173 192 1
161 170 10
46 94 23
135 166 2
1 211 1
213 215 53
33 138 8
128 162 2
89 98 1
70 136 17
42 138 2
135 136 8
120 247 30
89 176 44
198 247 3
73 252 1
117 224 14
12 159 1
100 185 1
62 82 1
68 187 2
103 104 6
99 143 1
135 199 1
219 223 27
47 182 11
93 232 1
74 150 37
23 237 1
1 128 1
80 211 1
21 171 21
6 71 1
156 198 1
228 231 57
31 242 15
120 202 3
166 226 1
49 104 6
3 88 1
59 91 1
155 162 2
40 160 40
91 185 11
207 247 3
91 111 1
148 151 37
47 181 11
68 71 17
10 173 10
198 245 3
14 192 3
86 129 2
9 109 1
30 61 30
109 245 3
14 148 1
154 155 77
223 252 3
45 183 45
91 189 11
84 103 1
63 137 1
17 143 17
57 220 3
80 175 10
44 95 11
