128 4685
65 128 1
66 128 2
67 128 3
68 128 4
69 128 5
70 128 6
71 128 7
72 128 8
73 128 9
74 128 10
75 128 11
76 128 12
77 128 13
78 128 14
79 128 15
80 128 16
81 128 17
82 128 18
83 128 19
84 128 20
85 128 21
86 128 22
87 128 23
88 128 24
89 128 25
90 128 26
91 128 27
92 128 28
93 128 29
94 128 30
95 128 31
96 128 32
97 128 33
98 128 34
99 128 35
100 128 36
101 128 37
102 128 38
103 128 39
104 128 40
105 128 41
106 128 42
107 128 43
108 128 44
109 128 45
110 128 46
111 128 47
112 128 48
113 128 49
114 128 50
115 128 51
116 128 52
117 128 53
118 128 54
119 128 55
120 128 56
121 128 57
122 128 58
123 128 59
124 128 60
125 128 61
126 128 62
127 128 63
1 128 1
3 128 3
5 128 5
7 128 7
9 128 9
11 128 11
13 128 13
15 128 15
17 128 17
19 128 19
21 128 21
23 128 23
25 128 25
27 128 27
29 128 29
31 128 31
33 128 33
35 128 35
37 128 37
39 128 39
41 128 41
43 128 43
45 128 45
47 128 47
49 128 49
51 128 51
53 128 53
55 128 55
57 128 57
59 128 59
61 128 61
63 128 63
99 119 35
9 10 9
67 121 3
3 26 3
62 118 54
16 113 16
65 94 1
66 99 2
102 110 38
4 75 4
35 94 30
73 97 9
105 115 41
102 111 38
8 72 8
42 84 20
27 55 27
30 128 30
50 69 5
39 106 39
34 92 28
41 102 38
31 69 5
61 81 17
73 117 9
120 123 56
67 112 3
100 119 36
89 125 25
60 123 59
17 124 17
88 93 24
12 24 12
113 118 49
60 114 50
20 36 20
108 110 44
44 86 22
60 106 42
9 49 9
34 89 25
98 118 34
47 91 27
95 103 31
74 88 10
18 74 10
80 88 16
13 111 13
112 125 48
1 69 1
63 125 61
16 123 16
35 77 13
2 33 2
53 101 37
55 98 34
1 15 1
12 32 12
95 96 31
85 122 21
31 48 31
86 99 22
50 111 47
43 103 39
96 102 32
43 78 14
63 121 57
52 109 45
2 15 2
1 2 1
114 124 50
7 32 7
73 124 9
35 104 35
114 125 50
16 84 16
20 47 20
76 102 12
45 103 39
2 76 2
40 124 40
43 116 43
50 96 32
43 77 13
21 111 21
3 76 3
56 79 15
95 115 31
95 100 31
57 118 54
12 120 12
18 61 18
62 66 2
36 67 3
57 110 46
44 92 28
123 126 59
14 88 14
86 108 22
106 116 42
59 121 57
98 115 34
76 116 12
3 87 3
28 68 4
30 87 23
2 67 2
42 83 19
32 117 32
100 115 36
15 84 15
34 84 20
92 101 28
24 82 18
61 82 18
116 125 52
102 118 38
77 104 13
23 112 23
44 46 44
81 119 17
81 99 17
8 76 8
30 127 30
9 40 9
77 81 13
98 108 34
67 105 3
35 120 35
7 13 7
79 109 15
83 85 19
21 35 21
9 21 9
31 45 31
52 112 48
14 30 14
54 115 51
20 52 20
44 69 5
94 104 30
66 94 2
93 115 29
29 30 29
67 95 3
57 94 30
44 90 26
26 58 26
118 124 54
110 121 46
15 66 2
27 75 11
23 105 23
59 115 51
2 5 2
25 46 25
51 108 44
70 122 6
57 77 13
9 90 9
55 113 49
30 100 30
99 104 35
48 92 28
91 104 27
117 124 53
52 110 46
103 125 39
86 95 22
77 107 13
60 93 29
3 37 3
83 102 19
62 123 59
6 7 6
41 111 41
122 127 58
117 118 53
107 111 43
89 98 25
111 123 47
69 110 5
47 80 16
28 70 6
4 28 4
61 121 57
105 124 41
105 121 41
9 75 9
5 48 5
8 39 8
37 98 34
5 37 5
42 87 23
47 84 20
64 125 61
88 102 24
31 73 9
64 127 63
80 121 16
25 116 25
60 80 16
60 92 28
19 109 19
55 118 54
59 113 49
108 122 44
82 107 18
85 119 21
70 118 6
46 101 37
27 69 5
69 73 5
50 115 50
87 119 23
55 78 14
4 6 4
57 91 27
11 91 11
60 105 41
68 126 4
122 124 58
7 20 7
56 113 49
13 39 13
89 118 25
27 72 8
56 74 10
20 50 20
56 88 24
87 101 23
93 114 29
46 76 12
64 119 55
103 114 39
65 90 1
71 96 7
99 120 35
13 43 13
88 125 24
6 30 6
64 73 9
58 120 56
100 102 36
78 113 14
96 111 32
88 121 24
27 127 27
24 79 15
62 70 6
66 84 2
27 104 27
59 108 44
43 84 20
5 12 5
47 87 23
73 108 9
13 86 13
64 71 7
65 111 1
85 108 21
58 83 19
90 100 26
22 62 22
52 59 52
7 45 7
99 108 35
53 115 51
56 92 28
71 78 7
76 117 12
119 125 55
64 126 62
76 119 12
107 116 43
64 99 35
70 112 6
59 98 34
104 107 40
60 120 56
119 123 55
67 100 3
74 78 10
91 94 27
18 46 18
56 101 37
5 51 5
100 110 36
90 96 26
3 15 3
95 97 31
100 101 36
35 69 5
31 55 31
96 123 32
81 102 17
52 58 52
30 81 17
22 35 22
49 94 30
107 126 43
110 113 46
63 108 44
50 105 41
66 96 2
47 100 36
126 127 62
44 99 35
7 70 6
1 68 1
1 72 1
64 109 45
17 67 3
78 93 14
11 82 11
44 80 16
90 126 26
46 103 39
102 125 38
10 35 10
19 96 19
92 107 28
71 119 7
58 98 34
64 96 32
66 100 2
95 117 31
48 95 31
101 114 37
50 108 44
75 116 11
88 126 24
24 52 24
59 103 39
4 35 4
16 28 16
43 81 17
14 78 14
12 76 12
19 32 19
40 71 7
88 97 24
67 74 3
2 36 2
79 95 15
5 15 5
59 97 33
49 100 36
36 102 36
30 32 30
78 123 14
41 56 41
5 82 5
105 116 41
51 73 9
121 122 57
24 59 24
84 101 20
19 65 1
47 83 19
30 117 30
68 82 4
52 116 52
80 90 16
8 15 8
89 103 25
61 65 1
6 79 6
41 76 12
51 72 8
2 4 2
47 110 46
60 75 11
51 118 51
88 107 24
3 70 3
69 119 5
99 103 35
14 98 14
43 106 42
21 112 21
47 107 43
5 6 5
124 125 60
4 50 4
20 84 20
102 126 38
64 91 27
64 113 49
44 76 12
64 76 12
56 111 47
2 90 2
19 48 19
65 118 1
1 65 1
50 77 13
109 119 45
18 27 18
25 124 25
52 61 52
61 101 37
1 26 1
58 84 20
94 119 30
77 111 13
62 65 1
75 91 11
99 109 35
32 42 32
6 73 6
115 127 51
109 122 45
21 69 5
48 88 24
67 102 3
92 117 28
58 107 43
14 47 14
19 31 19
1 63 1
47 64 47
101 107 37
66 98 2
24 101 24
106 108 42
67 92 3
69 94 5
111 112 47
5 29 5
6 76 6
9 80 9
56 87 23
99 122 35
27 80 16
4 125 4
108 111 44
81 101 17
84 113 20
52 111 47
28 46 28
64 83 19
13 20 13
1 38 1
61 79 15
71 85 7
28 57 28
59 110 46
12 20 12
62 96 32
21 107 21
41 45 41
1 5 1
57 115 51
30 114 30
3 73 3
23 76 12
42 58 42
17 114 17
73 106 9
60 118 54
62 95 31
86 121 22
75 118 11
123 124 59
46 87 23
66 81 2
49 86 22
63 102 38
109 115 45
57 111 47
56 108 44
110 114 46
55 115 51
29 79 15
14 93 14
93 126 29
45 89 25
97 106 33
80 94 16
57 101 37
68 92 4
26 89 25
85 91 21
89 110 25
23 33 23
38 97 33
43 66 2
12 106 12
69 104 5
63 98 34
118 127 54
47 117 47
46 114 46
34 121 34
3 81 3
46 69 5
27 43 27
56 119 55
13 80 13
64 122 58
26 113 26
50 67 3
48 63 48
28 41 28
38 125 38
30 122 30
54 108 44
64 118 54
81 89 17
81 94 17
3 68 3
61 110 46
114 126 50
54 81 17
56 112 48
98 104 34
53 86 22
5 91 5
70 86 6
4 11 4
91 124 27
67 89 3
102 116 38
19 83 19
12 23 12
7 90 7
83 108 19
68 72 4
106 120 42
27 88 24
12 38 12
32 50 32
61 80 16
61 83 19
13 41 13
32 34 32
72 106 8
10 88 10
16 111 16
78 97 14
50 91 27
60 88 24
35 88 24
119 121 55
63 123 59
56 105 41
17 43 17
52 127 52
49 61 49
115 117 51
68 117 4
13 91 13
13 67 3
6 97 6
6 19 6
13 29 13
5 99 5
86 110 22
84 95 20
29 47 29
25 92 25
19 122 19
69 83 5
80 83 16
61 105 41
48 104 40
117 121 53
53 92 28
57 120 56
30 101 30
15 53 15
22 46 22
111 121 47
78 81 14
111 124 47
78 104 14
88 103 24
20 81 17
43 99 35
81 114 17
74 124 10
60 77 13
10 21 10
63 110 46
51 91 27
28 43 28
18 107 18
11 67 3
25 104 25
9 112 9
28 86 22
103 110 39
62 122 58
18 78 14
21 66 2
36 123 36
17 109 17
6 60 6
9 105 9
95 105 31
4 8 4
52 113 49
36 124 36
98 106 34
76 118 12
61 66 2
89 100 25
45 78 14
76 123 12
68 74 4
10 45 10
100 114 36
58 116 52
41 82 18
61 89 25
77 114 13
30 96 30
6 36 6
122 126 58
9 79 9
63 107 43
57 59 57
52 121 52
120 124 56
56 83 19
99 123 35
24 95 24
11 53 11
51 113 49
115 119 51
37 56 37
32 45 32
64 115 51
61 108 44
96 104 32
7 50 7
123 127 59
15 98 15
1 92 1
113 114 49
73 93 9
17 92 17
92 104 28
67 108 3
76 104 12
19 72 8
63 126 62
51 96 32
8 19 8
25 30 25
56 97 33
6 77 6
46 109 45
24 65 1
22 27 22
4 27 4
8 124 8
107 118 43
9 101 9
11 71 7
1 7 1
47 49 47
41 105 41
1 17 1
30 113 30
63 104 40
27 102 27
18 84 18
83 86 19
2 74 2
93 116 29
41 54 41
37 92 28
110 112 46
77 78 13
46 111 46
29 63 29
25 68 4
5 110 5
3 66 2
24 31 24
91 100 27
19 93 19
19 46 19
78 109 14
34 88 24
52 55 52
92 106 28
21 24 21
118 119 54
59 117 53
48 93 29
19 118 19
93 95 29
61 114 50
79 82 15
121 123 57
71 72 7
31 90 26
57 108 44
5 50 5
1 70 1
40 101 37
61 111 47
5 36 5
60 119 55
73 125 9
30 48 30
78 107 14
17 76 12
91 127 27
89 102 25
4 60 4
104 123 40
12 69 5
56 95 31
31 84 20
47 94 30
3 119 3
36 66 2
11 72 8
42 63 42
2 7 2
42 111 42
58 118 54
111 113 47
92 119 28
6 65 1
39 71 7
43 96 32
98 112 34
75 78 11
91 101 27
49 103 39
1 12 1
9 95 9
18 25 18
62 120 56
107 121 43
20 75 11
124 126 60
28 31 28
56 127 56
13 19 13
8 46 8
27 109 27
22 109 22
22 105 22
7 67 3
31 71 7
60 102 38
87 88 23
101 124 37
40 55 40
75 117 11
51 111 47
41 94 30
118 125 54
71 74 7
35 74 10
2 39 2
20 80 16
3 41 3
90 93 26
32 91 27
69 117 5
62 90 26
37 69 5
2 79 2
33 81 17
11 73 9
86 120 22
109 121 45
91 116 27
72 80 8
1 66 1
15 31 15
9 127 9
71 110 7
41 66 2
113 117 49
63 119 55
43 89 25
123 125 59
98 101 34
38 62 38
37 85 21
1 41 1
19 25 19
3 72 3
83 88 19
57 58 57
20 82 18
92 118 28
56 100 36
83 89 19
60 103 39
10 29 10
61 95 31
55 122 55
42 101 37
52 101 37
64 124 60
55 67 3
52 75 11
5 73 5
77 87 13
17 60 17
55 109 45
73 104 9
42 85 21
70 74 6
62 106 42
31 61 31
124 127 60
41 99 35
68 123 4
15 80 15
77 79 13
48 52 48
10 124 10
14 117 14
6 91 6
55 116 52
34 79 15
46 83 19
35 75 11
54 76 12
48 82 18
16 85 16
65 124 1
70 84 6
84 90 20
96 110 32
58 68 4
54 56 54
34 96 32
86 100 22
73 90 9
2 3 2
63 120 56
34 109 34
54 57 54
54 109 45
63 113 49
73 82 9
13 105 13
39 73 9
79 105 15
64 114 50
26 55 26
97 100 33
95 102 31
114 115 50
81 111 17
51 66 2
82 122 18
91 117 27
102 106 38
65 77 1
15 81 15
76 125 12
41 127 41
2 69 2
63 79 15
62 105 41
5 18 5
60 116 52
29 103 29
39 59 39
60 101 37
114 120 50
17 26 17
5 9 5
74 93 10
28 48 28
24 35 24
16 91 16
92 108 28
67 68 3
37 100 36
83 103 19
8 40 8
61 124 60
13 18 13
66 105 2
22 82 18
70 115 6
95 99 31
43 88 24
56 116 52
101 127 37
42 103 39
57 104 40
55 114 50
23 72 8
68 127 4
30 82 18
1 67 1
121 126 57
62 111 47
59 120 56
59 126 59
101 122 37
58 103 39
55 59 55
80 108 16
66 101 2
14 22 14
27 48 27
82 96 18
57 117 53
63 117 53
107 113 43
31 85 21
92 99 28
47 79 15
61 118 54
68 101 4
62 125 61
41 95 31
59 114 50
62 114 50
84 117 20
86 92 22
48 59 48
16 23 16
112 123 48
28 90 26
37 52 37
47 95 31
33 108 33
93 99 29
62 67 3
111 119 47
71 120 7
62 77 13
7 15 7
71 108 7
64 69 5
87 125 23
85 94 21
46 73 9
30 80 16
25 69 5
8 27 8
52 81 17
31 124 31
67 122 3
19 103 19
38 114 38
48 83 19
5 16 5
41 125 41
70 123 6
92 126 28
9 48 9
50 93 29
34 43 34
6 103 6
4 46 4
61 72 8
61 125 61
52 105 41
98 102 34
51 112 48
13 115 13
36 81 17
39 99 35
45 100 36
20 43 20
58 113 49
5 11 5
116 120 52
26 85 21
28 78 14
90 112 26
4 15 4
74 119 10
9 108 9
24 96 24
32 95 31
41 73 9
39 66 2
36 100 36
125 127 61
54 101 37
4 103 4
16 45 16
55 86 22
39 88 24
84 91 20
6 29 6
64 123 59
87 118 23
87 108 23
101 121 37
58 117 53
3 7 3
60 95 31
26 115 26
8 121 8
28 66 2
64 72 8
14 46 14
76 93 12
74 117 10
51 82 18
64 120 56
43 69 5
41 109 41
88 112 24
48 126 48
112 120 48
27 85 21
88 105 24
83 93 19
11 15 11
58 114 50
10 78 10
109 111 45
71 92 7
12 63 12
85 104 21
19 76 12
3 23 3
51 97 33
55 70 6
41 55 41
77 86 13
117 119 53
76 108 12
17 74 10
40 41 40
12 114 12
69 86 5
59 96 32
17 98 17
30 59 30
61 112 48
6 8 6
39 101 37
6 47 6
61 116 52
77 116 13
91 103 27
39 79 15
10 66 2
75 125 11
19 102 19
53 85 21
26 86 22
96 112 32
45 87 23
29 96 29
26 102 26
99 107 35
30 40 30
15 28 15
86 126 22
76 86 12
29 120 29
25 89 25
12 17 12
29 52 29
118 120 54
8 10 8
87 109 23
108 117 44
46 106 42
56 94 30
95 126 31
62 94 30
29 57 29
28 74 10
56 115 51
65 87 1
40 128 40
98 117 34
55 106 42
20 42 20
2 87 2
8 110 8
39 94 30
41 75 11
1 19 1
91 121 27
3 31 3
29 71 7
37 41 37
34 116 34
47 72 8
28 82 18
72 74 8
94 121 30
17 91 17
104 126 40
13 49 13
3 25 3
38 116 38
34 36 34
60 109 45
33 91 27
40 86 22
81 104 17
24 74 10
65 109 1
56 68 4
76 88 12
87 92 23
15 106 15
9 39 9
22 45 22
3 13 3
27 78 14
16 77 13
73 121 9
68 70 4
5 76 5
18 102 18
4 9 4
18 28 18
114 119 50
105 110 41
14 41 14
69 120 5
67 111 3
116 119 52
61 96 32
42 66 2
111 118 47
89 93 25
81 103 17
48 55 48
116 127 52
7 85 7
34 85 21
59 99 35
3 108 3
21 28 21
54 68 4
62 98 34
42 118 42
8 33 8
59 122 58
95 107 31
95 112 31
21 98 21
47 99 35
79 117 15
28 33 28
58 126 58
54 71 7
43 101 37
108 118 44
85 125 21
92 93 28
33 55 33
55 91 27
10 89 10
51 109 45
21 52 21
114 118 50
97 127 33
51 102 38
68 95 4
96 122 32
14 70 6
3 59 3
41 77 13
108 109 44
67 86 3
25 99 25
59 71 7
107 114 43
7 14 7
19 95 19
5 14 5
70 91 6
110 123 46
111 115 47
1 4 1
5 115 5
82 124 18
47 103 39
18 19 18
7 75 7
79 119 15
52 100 36
6 112 6
116 124 52
87 112 23
110 126 46
59 87 23
1 28 1
6 72 6
72 100 8
4 37 4
105 117 41
71 103 7
11 63 11
88 116 24
74 79 10
35 124 35
14 28 14
8 85 8
36 86 22
92 125 28
59 78 14
14 65 1
54 99 35
16 69 5
5 78 5
8 73 8
20 48 20
1 60 1
61 113 49
119 120 55
37 111 37
6 71 6
94 101 30
118 126 54
93 124 29
12 33 12
71 107 7
56 81 17
47 93 29
35 78 14
109 123 45
5 35 5
9 115 9
51 127 51
16 70 6
10 24 10
50 98 34
104 120 40
79 127 15
117 123 53
50 92 28
16 107 16
30 31 30
71 121 7
11 12 11
100 106 36
59 85 21
58 99 35
49 111 47
67 94 3
20 87 20
118 121 54
89 126 25
85 99 21
54 73 9
21 72 8
36 117 36
21 67 3
79 110 15
39 76 12
120 127 56
63 122 58
10 126 10
10 13 10
22 69 5
86 118 22
13 16 13
115 124 51
91 96 27
28 65 1
17 36 17
2 112 2
4 39 4
102 114 38
49 107 43
52 78 14
62 103 39
51 120 51
75 108 11
2 105 2
23 80 16
20 102 20
72 109 8
68 78 4
55 77 13
14 17 14
77 112 13
16 39 16
56 96 32
88 123 24
59 100 36
105 109 41
55 100 36
1 71 1
8 89 8
3 103 3
86 90 22
32 102 32
95 116 31
28 108 28
62 119 55
96 97 32
116 123 52
21 54 21
77 82 13
39 72 8
43 74 10
16 18 16
43 95 31
51 80 16
66 123 2
68 121 4
24 63 24
5 22 5
82 90 18
101 109 37
42 68 4
14 23 14
52 114 50
42 46 42
35 59 35
29 97 29
77 91 13
36 39 36
45 122 45
3 9 3
12 127 12
15 46 15
82 117 18
12 89 12
21 80 16
47 109 45
9 64 9
33 93 29
28 104 28
45 106 42
10 92 10
6 9 6
10 104 10
113 121 49
14 32 14
36 72 8
47 111 47
29 114 29
57 119 55
31 110 31
79 99 15
29 89 25
61 73 9
85 96 21
8 59 8
23 41 23
24 40 24
92 112 28
10 32 10
6 83 6
3 69 3
29 64 29
24 87 23
56 109 45
57 88 24
101 104 37
23 84 20
28 88 24
11 21 11
12 70 6
113 127 49
88 108 24
120 125 56
57 83 19
14 33 14
3 14 3
109 114 45
8 111 8
21 26 21
16 22 16
15 88 15
92 123 28
42 80 16
47 86 22
23 93 23
40 93 29
30 84 20
89 114 25
64 105 41
51 83 19
74 97 10
7 115 7
41 100 36
110 111 46
54 88 24
14 29 14
79 96 15
66 112 2
112 127 48
89 120 25
51 92 28
27 82 18
54 126 54
65 105 1
83 114 19
34 52 34
122 123 58
21 40 21
101 116 37
29 73 9
16 93 16
2 113 2
122 125 58
75 99 11
54 111 47
5 120 5
94 123 30
63 73 9
11 36 11
7 55 7
5 75 5
108 120 44
46 51 46
27 91 27
76 127 12
37 39 37
53 116 52
52 96 32
43 51 43
99 118 35
115 122 51
17 88 17
46 97 33
83 120 19
41 103 39
28 85 21
59 119 55
118 123 54
91 126 27
78 121 14
33 89 25
65 102 1
63 84 20
99 100 35
93 108 29
17 108 17
8 52 8
84 124 20
72 113 8
7 46 7
41 67 3
68 112 4
37 108 37
110 119 46
26 61 26
79 118 15
47 75 11
51 85 21
9 97 9
53 60 53
11 76 11
107 127 43
2 86 2
27 29 27
1 122 1
45 83 19
13 17 13
47 90 26
7 103 7
63 89 25
82 118 18
53 113 49
90 108 26
99 101 35
34 117 34
43 98 34
21 56 21
38 68 4
72 110 8
26 81 17
48 98 34
59 116 52
43 85 21
46 79 15
105 125 41
85 92 21
76 81 12
3 115 3
42 88 24
1 25 1
1 77 1
75 88 11
30 115 30
18 36 18
83 94 19
5 66 2
24 32 24
54 87 23
18 67 3
33 61 33
93 121 29
33 54 33
103 115 39
84 86 20
68 77 4
107 110 43
54 59 54
11 47 11
16 36 16
80 116 16
64 103 39
23 96 23
85 124 21
112 121 48
97 101 33
33 50 33
10 87 10
69 71 5
24 70 6
13 33 13
68 71 4
20 79 15
47 54 47
60 122 58
1 56 1
46 108 44
99 106 35
6 121 6
86 107 22
92 114 28
93 120 29
5 124 5
90 111 26
3 4 3
32 82 18
29 98 29
55 108 44
85 93 21
12 104 12
69 118 5
50 120 50
61 74 10
96 126 32
17 84 17
15 91 15
117 126 53
62 86 22
28 71 7
85 109 21
6 90 6
106 117 42
3 86 3
52 86 22
100 121 36
66 82 2
70 93 6
45 97 33
58 96 32
25 78 14
60 89 25
125 126 61
61 107 43
32 123 32
54 69 5
80 85 16
15 34 15
49 97 33
15 45 15
53 111 47
28 91 27
19 59 19
22 58 22
23 26 23
81 83 17
63 92 28
19 39 19
89 113 25
34 93 29
27 77 13
61 120 56
55 65 1
22 36 22
96 119 32
13 81 13
99 105 35
74 115 10
48 77 13
40 92 28
90 99 26
67 127 3
45 84 20
22 100 22
61 90 26
30 85 21
15 30 15
23 88 23
33 70 6
1 90 1
24 89 24
20 66 2
121 125 57
41 50 41
21 116 21
98 100 34
13 116 13
11 25 11
107 119 43
22 83 19
100 124 36
58 109 45
42 99 35
66 122 2
65 125 1
17 49 17
11 86 11
70 119 6
104 115 40
9 81 9
41 98 34
19 89 19
12 115 12
79 116 15
31 86 22
47 127 47
68 86 4
26 77 13
29 65 1
62 124 60
108 119 44
42 82 18
102 109 38
54 110 46
88 94 24
26 39 26
115 118 51
21 101 21
54 84 20
27 34 27
3 85 3
32 75 11
115 126 51
104 116 40
25 79 15
87 126 23
70 102 6
43 50 43
17 104 17
88 115 24
36 47 36
82 101 18
2 48 2
11 19 11
71 123 7
35 53 35
2 102 2
113 124 49
14 71 7
86 96 22
55 89 25
92 95 28
28 76 12
76 121 12
93 123 29
31 37 31
115 125 51
82 127 18
66 106 2
102 121 38
97 104 33
57 70 6
19 52 19
48 72 8
8 79 8
100 108 36
20 93 20
42 69 5
20 25 20
17 86 17
65 99 1
31 108 31
54 80 16
16 37 16
72 99 8
88 106 24
12 80 12
4 110 4
48 106 42
8 125 8
29 35 29
103 104 39
80 102 16
52 124 52
44 53 44
6 70 6
9 11 9
106 125 42
70 92 6
59 74 10
69 101 5
37 97 33
4 106 4
16 115 16
85 106 21
116 118 52
8 24 8
44 119 44
16 95 16
96 98 32
43 72 8
14 69 5
52 104 40
11 26 11
99 113 35
93 107 29
82 106 18
15 127 15
93 118 29
63 109 45
88 122 24
75 84 11
44 106 42
9 78 9
37 38 37
48 62 48
12 112 12
53 93 29
21 95 21
63 65 1
48 79 15
12 77 12
4 77 4
31 32 31
3 121 3
7 78 7
84 122 20
85 127 21
80 126 16
23 91 23
72 94 8
55 105 41
6 31 6
49 126 49
3 74 3
63 111 47
19 97 19
86 115 22
48 100 36
23 50 23
45 108 44
32 48 32
27 87 23
60 121 57
39 78 14
44 123 44
70 76 6
46 128 46
89 115 25
37 82 18
59 118 54
105 107 41
63 93 29
98 119 34
63 77 13
18 117 18
17 89 17
33 68 4
39 43 39
60 68 4
44 94 30
84 93 20
20 70 6
47 71 7
53 119 53
43 87 23
11 37 11
34 42 34
43 68 4
2 57 2
76 99 12
48 124 48
22 81 17
33 119 33
52 94 30
62 107 43
69 100 5
7 23 7
35 97 33
16 103 16
31 57 31
3 16 3
26 31 26
41 93 29
58 108 44
61 92 28
22 68 4
121 124 57
6 82 6
18 114 18
63 116 52
29 77 13
4 5 4
34 57 34
13 76 12
64 112 48
12 100 12
86 117 22
83 116 19
28 84 20
24 110 24
7 105 7
73 75 9
65 67 1
5 42 5
98 107 34
41 90 26
119 126 55
57 105 41
31 92 28
79 92 15
116 126 52
13 35 13
32 110 32
38 65 1
64 104 40
49 95 31
66 126 2
81 124 17
63 94 30
92 94 28
86 116 22
61 123 59
22 104 22
40 87 23
17 22 17
37 70 6
1 64 1
10 79 10
60 115 51
97 126 33
64 65 1
4 93 4
62 87 23
28 81 17
51 68 4
1 79 1
76 82 12
50 117 50
11 94 11
56 90 26
82 123 18
55 104 40
102 115 38
112 114 48
52 91 27
38 63 38
68 79 4
1 98 1
68 90 4
67 84 3
30 69 5
72 93 8
56 72 8
23 75 11
65 114 1
44 81 17
58 121 57
50 85 21
37 88 24
93 98 29
17 32 17
96 117 32
3 29 3
45 119 45
46 95 31
63 78 14
90 95 26
53 82 18
62 79 15
17 30 17
83 92 19
37 68 4
104 105 40
63 101 37
69 106 5
46 77 13
37 99 35
62 91 27
61 99 35
78 89 14
14 86 14
103 116 39
30 44 30
4 88 4
116 122 52
10 47 10
15 115 15
50 64 50
94 122 30
72 75 8
9 82 9
52 53 52
103 126 39
65 96 1
46 94 30
23 46 23
1 27 1
81 117 17
7 65 1
23 40 23
80 127 16
26 80 16
4 14 4
23 108 23
106 121 42
46 100 36
51 114 50
26 92 26
70 108 6
6 106 6
25 81 17
87 103 23
73 102 9
32 73 9
23 68 4
88 99 24
81 95 17
70 111 6
15 112 15
44 96 32
11 118 11
90 117 26
59 61 59
36 56 36
44 45 44
30 91 27
13 84 13
2 109 2
86 112 22
92 122 28
60 73 9
53 66 2
83 115 19
13 28 13
42 67 3
30 98 30
20 98 20
44 122 44
55 71 7
87 111 23
7 62 7
12 108 12
60 81 17
60 128 60
21 22 21
67 93 3
80 113 16
106 119 42
17 73 9
66 91 2
76 124 12
63 124 60
87 95 23
52 62 52
24 100 24
47 60 47
55 66 2
11 81 11
78 120 14
24 66 2
40 99 35
20 72 8
93 112 29
83 123 19
32 107 32
34 66 2
70 99 6
34 78 14
2 12 2
11 75 11
63 114 50
109 113 45
56 124 56
96 107 32
41 80 16
30 120 30
46 59 46
55 93 29
33 35 33
61 103 39
80 106 16
59 94 30
3 118 3
90 91 26
96 99 32
39 93 29
8 63 8
49 79 15
23 73 9
10 38 10
17 83 17
71 115 7
62 116 52
28 29 28
39 115 39
82 108 18
4 86 4
7 69 5
35 116 35
24 108 24
58 119 55
40 116 40
46 105 41
37 126 37
119 124 55
50 97 33
31 58 31
2 128 2
62 112 48
83 110 19
97 102 33
102 104 38
48 71 7
10 76 10
81 86 17
19 36 19
59 109 45
74 111 10
57 75 11
20 116 20
33 79 15
82 87 18
31 112 31
103 109 39
42 72 8
5 119 5
107 109 43
22 127 22
57 112 48
84 98 20
2 103 2
2 107 2
15 41 15
60 66 2
69 115 5
50 71 7
8 30 8
37 64 37
104 111 40
62 109 45
102 103 38
19 127 19
62 71 7
18 120 18
68 102 4
38 84 20
103 123 39
81 126 17
6 33 6
55 112 48
65 112 1
10 97 10
84 105 20
67 69 3
32 120 32
106 118 42
57 68 4
73 77 9
47 68 4
58 115 51
83 95 19
26 68 4
36 96 32
29 86 22
55 103 39
88 127 24
26 41 26
85 86 21
120 121 56
9 19 9
33 126 33
85 115 21
82 105 18
55 110 46
19 54 19
53 94 30
16 82 16
29 126 29
98 111 34
83 90 19
24 93 24
58 105 41
68 75 4
36 70 6
52 115 51
46 68 4
105 111 41
43 123 43
59 81 17
13 66 2
13 124 13
46 107 43
54 94 30
88 92 24
85 98 21
52 88 24
11 68 4
73 114 9
6 102 6
69 82 5
5 85 5
45 82 18
47 50 47
22 88 22
96 101 32
80 125 16
4 76 4
5 80 5
16 78 14
51 122 51
75 92 11
55 74 10
8 11 8
91 109 27
45 94 30
33 67 3
66 69 2
113 122 49
88 89 24
23 121 23
82 91 18
87 107 23
4 22 4
105 108 41
64 116 52
72 97 8
57 113 49
111 120 47
29 68 4
29 70 6
34 102 34
60 112 48
34 106 34
59 90 26
51 95 31
41 71 7
8 65 1
64 86 22
107 124 43
75 114 11
41 108 41
46 48 46
17 48 17
5 71 5
5 56 5
6 104 6
59 112 48
59 105 41
33 82 18
62 84 20
70 89 6
27 84 20
41 43 41
4 42 4
43 70 6
88 109 24
78 91 14
11 105 11
44 105 41
62 85 21
33 97 33
43 108 43
19 75 11
92 103 28
39 56 39
15 17 15
65 76 1
72 77 8
100 111 36
28 73 9
42 90 26
74 86 10
57 127 57
31 81 17
18 80 16
32 83 19
8 112 8
20 33 20
2 10 2
54 60 54
5 90 5
9 31 9
68 97 4
59 89 25
58 100 36
50 76 12
13 40 13
60 79 15
7 9 7
64 121 57
33 92 28
50 118 50
31 65 1
21 119 21
3 82 3
106 107 42
39 40 39
44 55 44
68 93 4
87 102 23
68 118 4
26 88 24
55 119 55
89 104 25
20 128 20
74 116 10
38 107 38
1 78 1
70 94 6
52 108 44
58 89 25
118 122 54
121 127 57
11 42 11
95 98 31
8 80 8
51 70 6
74 92 10
47 82 18
8 95 8
53 73 9
54 55 54
112 124 48
9 18 9
1 13 1
18 116 18
18 127 18
100 104 36
46 104 40
115 121 51
77 118 13
3 18 3
97 121 33
47 123 47
79 108 15
16 96 16
71 100 7
93 117 29
61 86 22
47 97 33
49 121 49
57 97 33
17 27 17
4 72 4
55 60 55
94 108 30
101 118 37
110 127 46
38 121 38
27 93 27
51 90 26
6 54 6
15 90 15
49 77 13
47 108 44
73 112 9
12 43 12
22 89 22
29 81 17
84 87 20
89 116 25
18 62 18
76 84 12
29 111 29
3 96 3
21 38 21
32 59 32
119 127 55
19 29 19
94 111 30
3 124 3
13 96 13
3 65 1
113 116 49
2 66 2
84 125 20
63 99 35
59 95 31
26 63 26
39 126 39
12 88 12
109 116 45
86 114 22
80 84 16
46 58 46
13 15 13
50 110 46
30 79 15
100 122 36
83 84 19
61 100 36
15 117 15
17 77 13
18 83 18
18 103 18
40 109 40
2 16 2
14 64 14
22 24 22
90 121 26
64 97 33
23 125 23
78 119 14
46 99 35
4 112 4
2 127 2
30 41 30
65 91 1
65 75 1
75 85 11
12 125 12
9 34 9
19 123 19
107 125 43
1 81 1
17 19 17
15 79 15
13 102 13
95 119 31
66 77 2
106 114 42
53 109 45
37 47 37
43 91 27
32 57 32
63 74 10
5 86 5
18 34 18
5 7 5
112 126 48
46 96 32
53 107 43
50 68 4
112 118 48
107 120 43
101 112 37
48 110 46
37 123 37
100 118 36
111 127 47
34 73 9
8 43 8
47 105 41
37 96 32
36 69 5
25 71 7
62 115 51
53 95 31
7 73 7
10 107 10
8 13 8
74 110 10
46 75 11
98 116 34
103 112 39
20 90 20
4 94 4
30 94 30
74 109 10
37 46 37
42 70 6
42 91 27
80 119 16
81 84 17
45 75 11
16 20 16
7 8 7
97 108 33
57 116 52
46 82 18
11 99 11
44 87 23
17 97 17
44 66 2
106 122 42
32 106 32
23 43 23
27 40 27
5 88 5
14 73 9
110 116 46
97 112 33
71 106 7
34 68 4
87 124 23
63 68 4
58 75 11
70 114 6
94 98 30
9 87 9
55 101 37
71 112 7
63 82 18
8 126 8
57 81 17
13 83 13
3 117 3
117 122 53
27 76 12
80 123 16
63 115 51
25 125 25
20 78 14
36 125 36
75 95 11
35 38 35
38 128 38
92 120 28
67 119 3
61 122 58
1 50 1
105 126 41
62 102 38
4 68 4
49 90 26
65 98 1
50 86 22
1 101 1
110 125 46
56 93 29
22 117 22
82 115 18
94 103 30
2 11 2
18 121 18
12 16 12
38 89 25
75 90 11
47 77 13
15 24 15
32 81 17
31 70 6
81 115 17
6 85 6
114 127 50
13 94 13
63 86 22
43 111 43
23 62 23
9 17 9
39 110 39
53 110 46
63 112 48
5 65 1
10 81 10
20 122 20
10 20 10
48 107 43
73 100 9
51 107 43
71 104 7
80 91 16
65 89 1
2 58 2
89 109 25
82 110 18
63 64 63
44 127 44
9 53 9
5 46 5
30 95 30
4 91 4
23 64 23
79 121 15
105 127 41
26 70 6
20 105 20
25 101 25
43 71 7
52 120 52
12 113 12
34 113 34
27 122 27
51 99 35
84 103 20
57 109 45
108 113 44
25 35 25
2 14 2
47 66 2
55 96 32
26 109 26
42 50 42
71 99 7
104 114 40
29 93 29
39 83 19
19 28 19
16 60 16
67 106 3
47 115 47
73 84 9
13 106 13
1 73 1
7 123 7
14 15 14
34 97 33
75 100 11
29 84 20
35 37 35
54 92 28
54 104 40
38 66 2
32 68 4
84 94 20
44 112 44
27 120 27
22 43 22
81 90 17
79 84 15
15 16 15
57 64 57
36 101 36
12 40 12
23 109 23
22 64 22
52 89 25
52 99 35
12 13 12
33 63 33
38 67 3
24 125 24
50 106 42
88 118 24
61 91 27
50 101 37
77 102 13
40 119 40
6 89 6
28 125 28
40 62 40
35 112 35
5 108 5
16 17 16
79 126 15
66 85 2
38 51 38
31 62 31
21 29 21
26 27 26
17 50 17
19 34 19
72 101 8
40 110 40
1 102 1
9 51 9
74 94 10
17 33 17
9 30 9
64 101 37
27 41 27
68 76 4
40 98 34
117 127 53
81 127 17
25 119 25
19 30 19
72 78 8
30 83 19
7 79 7
28 123 28
98 99 34
37 83 19
59 111 47
114 122 50
55 117 53
83 87 19
101 123 37
42 71 7
23 120 23
85 117 21
32 92 28
113 119 49
24 29 24
1 6 1
46 120 46
107 115 43
98 124 34
5 69 5
9 37 9
5 8 5
57 103 39
5 122 5
67 80 3
66 107 2
42 49 42
11 14 11
120 122 56
97 115 33
58 80 16
13 101 13
75 102 11
29 127 29
80 105 16
85 87 21
28 87 23
96 120 32
4 17 4
27 103 27
80 99 16
40 90 26
96 108 32
4 43 4
9 33 9
7 17 7
16 25 16
21 71 7
99 125 35
70 125 6
52 83 19
73 89 9
73 87 9
100 109 36
117 125 53
87 114 23
22 114 22
1 54 1
32 76 12
105 118 41
4 70 4
11 107 11
15 113 15
82 92 18
75 79 11
1 29 1
2 88 2
97 116 33
37 76 12
48 65 1
96 125 32
105 114 41
28 36 28
10 117 10
60 63 60
3 79 3
91 111 27
48 96 32
20 22 20
51 52 51
5 70 5
35 89 25
45 76 12
84 111 20
99 117 35
31 114 31
29 104 29
44 103 39
57 66 2
43 92 28
16 21 16
28 115 28
16 83 16
44 102 38
21 57 21
25 59 25
53 96 32
13 21 13
61 104 40
49 99 35
50 78 14
82 99 18
11 52 11
48 90 26
66 76 2
47 85 21
26 72 8
57 87 23
25 64 25
40 82 18
46 118 46
38 94 30
44 83 19
91 113 27
54 91 27
21 37 21
1 85 1
46 121 46
40 126 40
70 85 6
25 85 21
17 113 17
3 93 3
49 72 8
31 52 31
52 71 7
78 106 14
13 46 13
36 126 36
71 111 7
62 128 62
83 119 19
2 26 2
24 81 17
61 76 12
82 125 18
31 91 27
32 101 32
36 55 36
35 106 35
72 127 8
32 62 32
50 124 50
46 91 27
23 117 23
88 120 24
32 77 13
63 85 21
48 105 41
88 111 24
30 58 30
6 25 6
67 82 3
36 75 11
35 111 35
45 110 45
35 79 15
109 110 45
1 96 1
26 57 26
46 90 26
38 83 19
34 82 18
3 67 3
68 107 4
51 59 51
49 66 2
68 103 4
7 74 7
46 98 34
22 59 22
51 98 34
52 70 6
50 82 18
86 105 22
34 114 34
14 114 14
68 115 4
1 22 1
29 117 29
108 124 44
4 107 4
99 102 35
83 127 19
46 66 2
79 86 15
91 125 27
21 73 9
38 91 27
39 111 39
1 18 1
49 93 29
13 75 11
59 82 18
58 62 58
47 70 6
23 81 17
77 99 13
36 88 24
17 82 17
38 39 38
11 41 11
65 73 1
107 123 43
27 112 27
22 67 3
21 33 21
62 93 29
39 124 39
61 119 55
36 116 36
22 112 22
90 92 26
50 103 39
102 117 38
73 119 9
58 74 10
3 110 3
61 70 6
84 102 20
95 114 31
43 55 43
5 10 5
86 113 22
1 123 1
4 64 4
49 106 42
85 97 21
112 117 48
30 107 30
56 106 42
2 63 2
27 67 3
23 118 23
97 99 33
56 71 7
101 117 37
62 121 57
39 74 10
9 113 9
14 90 14
86 93 22
101 126 37
18 73 9
3 83 3
68 104 4
26 119 26
49 54 49
29 76 12
67 98 3
55 79 15
17 87 17
3 57 3
25 74 10
4 114 4
27 95 27
1 80 1
11 102 11
35 91 27
51 56 51
42 100 36
45 79 15
31 75 11
72 116 8
97 120 33
20 56 20
13 107 13
77 125 13
60 91 27
34 119 34
20 26 20
3 80 3
50 113 49
10 15 10
101 106 37
24 45 24
37 66 2
10 54 10
7 68 4
80 101 16
45 104 40
18 126 18
54 100 36
2 20 2
33 77 13
54 103 39
42 96 32
70 120 6
11 92 11
4 83 4
29 43 29
48 99 35
5 102 5
89 91 25
6 15 6
89 106 25
19 50 19
83 91 19
18 96 18
31 34 31
59 63 59
82 97 18
97 125 33
76 89 12
75 105 11
71 122 7
68 99 4
53 122 53
76 110 12
112 122 48
15 123 15
101 103 37
89 101 25
74 91 10
78 84 14
95 101 31
36 121 36
113 126 49
54 114 50
97 124 33
5 72 5
16 27 16
23 100 23
89 96 25
18 29 18
37 78 14
30 125 30
2 82 2
17 56 17
82 84 18
36 87 23
18 66 2
101 102 37
76 85 12
58 88 24
54 86 22
44 89 25
102 124 38
40 96 32
5 93 5
9 16 9
45 127 45
69 99 5
24 58 24
3 10 3
57 85 21
38 124 38
34 95 31
46 70 6
96 116 32
25 76 12
17 102 17
9 58 9
42 102 38
67 79 3
14 103 14
29 100 29
1 99 1
15 74 10
39 103 39
26 96 26
69 97 5
15 56 15
31 64 31
46 85 21
35 80 16
73 120 9
89 94 25
20 71 7
31 54 31
10 112 10
87 110 23
83 109 19
95 122 31
43 65 1
42 54 42
85 126 21
7 10 7
6 116 6
37 42 37
78 80 14
26 76 12
29 33 29
77 103 13
56 104 40
16 24 16
98 110 34
54 113 49
104 110 40
87 121 23
40 88 24
7 64 7
72 88 8
5 28 5
106 126 42
66 102 2
25 73 9
44 93 29
45 98 34
77 85 13
64 79 15
17 65 1
19 22 19
8 106 8
47 92 28
39 91 27
35 83 19
66 95 2
26 74 10
59 93 29
49 82 18
32 124 32
4 120 4
70 82 6
1 109 1
36 65 1
14 97 14
29 74 10
75 106 11
7 12 7
73 91 9
2 89 2
46 117 46
73 110 9
18 57 18
29 106 29
98 123 34
69 113 5
56 89 25
52 72 8
90 115 26
13 24 13
103 124 39
11 122 11
64 111 47
53 106 42
1 3 1
96 109 32
27 107 27
8 68 4
102 113 38
40 107 40
38 46 38
56 103 39
55 62 55
43 61 43
20 100 20
14 62 14
70 73 6
86 101 22
43 75 11
50 112 48
58 125 58
49 76 12
40 121 40
82 89 18
13 69 5
51 78 14
71 88 7
2 42 2
35 57 35
7 94 7
28 120 28
40 91 27
106 123 42
5 60 5
3 89 3
48 84 20
8 81 8
48 108 44
52 106 42
25 28 25
22 123 22
9 98 9
15 77 13
21 77 13
40 58 40
10 82 10
78 101 14
25 113 25
55 87 23
33 48 33
14 106 14
51 75 11
14 34 14
62 99 35
91 107 27
8 54 8
104 112 40
78 124 14
107 108 43
32 60 32
51 106 42
106 127 42
57 114 50
81 93 17
103 121 39
112 116 48
56 63 56
108 121 44
72 107 8
1 42 1
18 45 18
15 107 15
35 56 35
64 117 53
56 85 21
60 72 8
31 87 23
38 57 38
42 78 14
21 23 21
33 52 33
60 107 43
42 59 42
58 111 47
65 80 1
47 102 38
78 85 14
52 54 52
48 112 48
54 116 52
73 111 9
8 9 8
17 103 17
21 81 17
11 124 11
66 117 2
48 67 3
4 79 4
94 117 30
5 58 5
38 56 38
81 123 17
42 104 40
28 103 28
86 88 22
60 85 21
26 66 2
54 74 10
48 70 6
36 103 36
51 125 51
8 69 5
36 118 36
36 99 35
58 102 38
42 77 13
36 97 33
71 126 7
69 103 5
34 67 3
83 118 19
7 77 7
45 51 45
11 56 11
67 71 3
20 32 20
31 83 19
28 47 28
8 55 8
19 47 19
80 100 16
47 96 32
57 93 29
24 28 24
75 123 11
62 101 37
22 57 22
103 105 39
77 92 13
30 75 11
67 76 3
41 47 41
45 74 10
57 60 57
58 64 58
98 113 34
16 54 16
26 123 26
21 31 21
55 81 17
16 75 11
69 70 5
79 123 15
2 100 2
30 71 7
61 84 20
93 103 29
34 90 26
35 67 3
79 80 15
57 96 32
88 90 24
17 117 17
46 56 46
51 89 25
76 112 12
85 102 21
59 107 43
42 95 31
40 81 17
16 105 16
11 84 11
24 107 24
51 69 5
32 54 32
24 64 24
61 93 29
56 76 12
72 91 8
37 72 8
5 97 5
39 57 39
51 104 40
99 127 35
50 74 10
32 96 32
6 78 6
115 116 51
55 83 19
81 112 17
17 51 17
79 102 15
53 87 23
32 85 21
87 123 23
29 112 29
73 95 9
68 88 4
104 117 40
33 113 33
95 127 31
26 65 1
58 81 17
23 63 23
58 97 33
15 32 15
104 121 40
103 107 39
95 109 31
93 111 29
44 70 6
19 105 19
72 84 8
69 92 5
72 124 8
40 43 40
24 27 24
62 92 28
72 104 8
27 74 10
58 76 12
39 63 39
40 125 40
73 118 9
45 96 32
63 105 41
18 118 18
43 49 43
93 106 29
66 121 2
72 111 8
24 42 24
95 104 31
14 123 14
98 125 34
100 127 36
59 67 3
32 103 32
16 108 16
2 9 2
35 82 18
6 98 6
73 107 9
69 126 5
29 53 29
4 73 4
2 83 2
42 44 42
25 63 25
21 120 21
43 124 43
20 24 20
1 105 1
111 126 47
12 66 2
22 78 14
22 28 22
39 90 26
2 23 2
26 91 26
10 31 10
15 20 15
32 67 3
39 118 39
37 89 25
110 124 46
11 103 11
105 123 41
29 83 19
59 65 1
22 92 22
43 105 41
12 95 12
39 96 32
57 89 25
104 127 40
39 51 39
111 117 47
50 83 19
12 93 12
7 48 7
64 68 4
4 108 4
23 42 23
97 123 33
52 97 33
30 124 30
36 44 36
12 124 12
119 122 55
63 118 54
83 122 19
110 122 46
84 118 20
58 128 58
42 43 42
45 109 45
106 111 42
64 95 31
74 80 10
24 127 24
30 90 26
37 59 37
51 116 51
27 42 27
40 103 39
9 116 9
36 89 25
72 87 8
46 89 25
51 103 39
68 89 4
3 75 3
92 98 28
15 55 15
2 120 2
46 80 16
79 103 15
94 115 30
98 109 34
25 87 23
16 74 10
13 30 13
45 77 13
3 8 3
26 108 26
18 75 11
23 97 23
50 89 25
47 76 12
3 78 3
48 111 47
81 108 17
19 24 19
14 35 14
30 66 2
111 116 47
36 107 36
18 53 18
10 11 10
21 94 21
70 88 6
84 108 20
10 28 10
86 111 22
112 113 48
11 70 6
73 85 9
7 118 7
57 76 12
5 13 5
3 36 3
104 118 40
67 75 3
15 119 15
11 22 11
22 102 22
26 52 26
32 44 32
58 87 23
71 84 7
40 78 14
14 60 14
10 43 10
60 98 34
29 101 29
39 89 25
6 113 6
11 16 11
72 95 8
13 37 13
34 80 16
88 114 24
12 75 11
6 80 6
59 64 59
54 77 13
25 88 24
79 120 15
3 77 3
39 122 39
113 115 49
116 121 52
80 104 16
25 61 25
58 91 27
71 75 7
109 117 45
24 83 19
14 21 14
77 96 13
39 125 39
24 86 22
9 65 1
33 75 11
97 114 33
34 74 10
26 100 26
41 126 41
6 16 6
54 107 43
28 72 8
13 73 9
76 114 12
37 125 37
43 53 43
49 102 38
78 92 14
57 102 38
26 29 26
61 98 34
39 100 36
20 112 20
71 125 7
18 85 18
20 28 20
6 94 6
49 69 5
94 107 30
105 112 41
50 80 16
41 106 41
84 115 20
67 91 3
27 86 22
16 38 16
36 82 18
44 84 20
70 103 6
19 27 19
22 85 21
27 116 27
7 87 7
25 45 25
117 120 53
28 119 28
55 68 4
21 53 21
14 80 14
17 79 15
107 117 43
2 121 2
104 108 40
32 94 30
11 109 11
13 74 10
63 91 27
7 121 7
15 101 15
99 114 35
29 66 2
43 97 33
47 78 14
51 65 1
15 94 15
62 117 53
32 72 8
9 88 9
6 39 6
13 58 13
104 119 40
3 111 3
110 117 46
12 22 12
11 30 11
45 88 24
37 75 11
18 72 8
77 113 13
75 93 11
17 101 17
59 92 28
75 122 11
79 93 15
72 122 8
1 86 1
72 112 8
16 73 9
18 82 18
79 83 15
38 70 6
48 109 45
90 122 26
81 118 17
23 114 23
2 64 2
7 53 7
16 117 16
115 123 51
35 126 35
47 104 40
54 93 29
68 98 4
10 71 7
73 115 9
12 94 12
34 60 34
3 88 3
46 65 1
7 83 7
33 104 33
59 86 22
38 110 38
22 72 8
79 88 15
67 87 3
8 91 8
40 108 40
32 121 32
102 120 38
57 123 57
45 65 1
50 51 50
26 35 26
6 124 6
26 95 26
32 99 32
22 98 22
97 113 33
43 122 43
4 12 4
35 52 35
49 73 9
41 101 37
15 25 15
103 117 39
111 125 47
53 88 24
59 106 42
49 104 40
34 56 34
33 43 33
35 73 9
68 108 4
78 112 14
56 110 46
2 46 2
10 48 10
49 96 32
40 74 10
79 107 15
11 74 10
58 110 46
11 32 11
72 81 8
16 81 16
16 55 16
2 34 2
44 49 44
36 85 21
91 97 27
41 59 41
2 71 2
2 110 2
67 120 3
93 127 29
45 67 3
26 71 7
86 98 22
23 99 23
64 94 30
92 105 28
101 113 37
51 88 24
49 124 49
16 122 16
40 89 25
2 70 2
30 76 12
50 63 50
37 93 29
49 105 41
13 25 13
14 115 14
68 69 4
12 27 12
75 126 11
17 68 4
53 64 53
91 119 27
51 64 51
22 103 22
8 66 2
13 109 13
13 42 13
104 125 40
20 59 20
80 81 16
39 117 39
57 65 1
66 89 2
98 120 34
12 41 12
33 96 32
49 68 4
27 63 27
2 47 2
23 65 1
8 77 8
88 100 24
47 69 5
17 75 11
5 38 5
43 93 29
68 100 4
108 123 44
62 88 24
25 57 25
61 88 24
3 5 3
8 122 8
62 126 62
35 98 34
21 108 21
40 76 12
53 121 53
2 8 2
8 23 8
82 114 18
101 120 37
75 98 11
6 62 6
76 92 12
9 76 9
55 75 11
23 74 10
48 103 39
11 61 11
21 42 21
24 85 21
8 21 8
18 91 18
43 62 43
26 87 23
77 93 13
28 96 28
110 118 46
1 83 1
14 31 14
10 85 10
14 105 14
50 88 24
90 94 26
28 54 28
92 97 28
63 97 33
23 106 23
78 110 14
47 119 47
33 71 7
64 85 21
114 116 50
40 97 33
14 61 14
69 109 5
24 120 24
87 100 23
32 128 32
23 54 23
20 104 20
2 97 2
39 69 5
18 56 18
18 86 18
51 105 41
15 92 15
76 95 12
40 45 40
35 72 8
48 114 48
49 125 49
95 125 31
89 119 25
27 58 27
17 81 17
42 97 33
52 66 2
15 64 15
7 40 7
43 52 43
9 119 9
50 119 50
41 64 41
63 103 39
43 115 43
14 24 14
22 80 16
93 122 29
96 100 32
18 65 1
5 123 5
38 76 12
12 14 12
15 38 15
60 64 60
10 16 10
120 126 56
71 114 7
10 103 10
4 53 4
37 115 37
24 91 24
91 93 27
67 118 3
4 85 4
6 11 6
53 108 44
82 111 18
2 73 2
10 25 10
70 79 6
103 108 39
1 82 1
68 91 4
33 74 10
11 51 11
62 113 49
81 82 17
29 82 18
17 116 17
95 123 31
63 71 7
63 96 32
19 88 19
18 50 18
6 84 6
60 78 14
57 67 3
38 117 38
13 60 13
34 45 34
18 71 7
45 70 6
55 85 21
9 92 9
70 75 6
54 98 34
24 53 24
32 113 32
92 124 28
39 113 39
37 40 37
75 82 11
74 87 10
35 85 21
25 107 25
94 97 30
10 67 3
12 36 12
109 112 45
13 38 13
26 42 26
55 111 47
36 48 36
59 60 59
11 98 11
24 94 24
78 96 14
4 69 4
10 69 5
74 96 10
73 103 9
29 78 14
29 108 29
13 92 13
78 114 14
81 92 17
14 49 14
38 69 5
61 117 53
72 90 8
22 49 22
41 81 17
76 97 12
49 64 49
47 67 3
15 52 15
85 88 21
74 121 10
12 78 12
98 105 34
20 77 13
4 80 4
42 89 25
31 103 31
81 125 17
76 101 12
15 18 15
86 109 22
94 109 30
34 81 17
33 36 33
94 100 30
4 18 4
74 126 10
10 57 10
9 27 9
82 85 18
28 92 28
78 90 14
51 124 51
38 103 38
111 114 47
37 95 31
90 114 26
24 44 24
89 95 25
84 112 20
56 118 54
56 75 11
48 101 37
70 96 6
13 26 13
29 75 11
74 120 10
76 87 12
33 66 2
48 91 27
16 72 8
84 104 20
53 77 13
41 84 20
25 70 6
19 35 19
35 68 4
97 107 33
28 95 28
43 80 16
14 116 14
63 69 5
7 98 7
79 122 15
87 96 23
14 122 14
106 124 42
23 110 23
2 91 2
44 67 3
32 97 32
85 120 21
29 59 29
70 116 6
10 111 10
24 126 24
47 48 47
82 98 18
10 19 10
100 103 36
39 116 39
104 106 40
90 120 26
23 58 23
108 114 44
87 122 23
14 102 14
96 127 32
11 90 11
1 114 1
83 106 19
38 47 38
22 99 22
45 105 41
13 50 13
6 74 6
101 108 37
8 31 8
20 69 5
104 124 40
16 33 16
23 95 23
78 111 14
6 75 6
29 69 5
58 112 48
40 111 40
7 72 7
21 76 12
17 44 17
2 85 2
21 121 21
58 127 58
80 112 16
54 72 8
25 29 25
56 102 38
7 37 7
44 104 40
98 103 34
34 41 34
3 34 3
8 78 8
49 84 20
32 66 2
37 86 22
63 75 11
113 120 49
13 95 13
85 100 21
68 110 4
4 104 4
35 100 35
19 38 19
32 89 25
82 83 18
1 74 1
10 12 10
16 34 16
17 69 5
48 49 48
105 113 41
33 102 33
10 14 10
49 112 48
66 118 2
8 71 7
29 116 29
7 104 7
94 96 30
74 76 10
30 62 30
19 71 7
36 114 36
22 74 10
13 90 13
110 120 46
53 81 17
38 98 34
4 74 4
2 72 2
25 98 25
88 95 24
80 124 16
30 68 4
62 108 44
109 120 45
29 95 29
67 107 3
95 121 31
1 8 1
31 43 31
38 127 38
38 111 38
16 44 16
52 107 43
12 97 12
42 92 28
30 63 30
62 89 25
23 85 21
48 61 48
31 121 31
83 121 19
1 58 1
55 69 5
26 104 26
29 88 24
15 68 4
53 98 34
33 116 33
60 100 36
15 49 15
2 123 2
36 73 9
85 114 21
14 26 14
29 94 29
95 106 31
38 59 38
44 73 9
40 106 40
33 73 9
30 72 8
18 39 18
23 86 22
73 113 9
86 106 22
19 51 19
77 110 13
17 110 17
11 17 11
57 95 31
19 80 16
26 75 11
19 84 19
28 34 28
49 53 49
66 104 2
8 45 8
32 33 32
17 120 17
52 69 5
10 72 8
74 77 10
3 45 3
8 32 8
60 94 30
100 105 36
96 105 32
42 93 29
62 72 8
33 49 33
89 105 25
69 123 5
74 98 10
12 35 12
7 25 7
60 74 10
4 121 4
84 99 20
32 40 32
28 124 28
27 57 27
44 88 24
50 104 40
20 44 20
48 94 30
38 122 38
57 92 28
60 86 22
39 48 39
21 126 21
32 52 32
94 99 30
39 87 23
25 84 20
100 117 36
115 120 51
61 67 3
37 106 37
101 111 37
86 94 22
78 98 14
106 115 42
75 81 11
68 85 4
98 121 34
25 117 25
48 118 48
5 77 5
1 88 1
13 97 13
72 89 8
21 102 21
82 103 18
104 109 40
7 21 7
12 82 12
23 89 23
16 118 16
35 121 35
1 53 1
55 56 55
90 103 26
17 100 17
1 16 1
22 107 22
44 95 31
22 31 22
9 70 6
15 71 7
18 109 18
58 71 7
75 94 11
22 95 22
2 122 2
87 120 23
60 70 6
86 87 22
5 63 5
34 101 34
91 115 27
2 51 2
54 63 54
103 118 39
50 72 8
74 103 10
17 123 17
6 86 6
90 101 26
39 81 17
19 63 19
52 68 4
7 58 7
15 76 12
5 34 5
14 66 2
113 125 49
43 64 43
86 97 22
12 91 12
19 99 19
4 92 4
42 76 12
17 41 17
35 90 26
8 84 8
16 71 7
17 18 17
48 115 48
33 83 19
52 90 26
72 121 8
21 25 21
39 85 21
40 113 40
50 58 50
35 107 35
2 21 2
67 70 3
2 119 2
99 124 35
78 127 14
11 31 11
17 40 17
3 54 3
95 111 31
15 104 15
21 84 20
12 79 12
79 101 15
28 75 11
65 84 1
25 83 19
10 34 10
14 95 14
30 45 30
97 119 33
41 86 22
4 21 4
85 118 21
53 125 53
54 102 38
75 97 11
45 124 45
6 10 6
42 107 42
8 127 8
52 56 52
43 109 43
34 87 23
12 62 12
11 110 11
45 112 45
50 109 45
75 86 11
23 122 23
64 82 18
11 93 11
8 22 8
62 81 17
84 109 20
22 44 22
51 115 51
76 94 12
31 76 12
48 87 23
2 54 2
28 63 28
53 89 25
6 58 6
102 127 38
44 117 44
51 123 51
79 106 15
16 79 15
109 125 45
19 23 19
58 73 9
56 114 50
85 116 21
2 78 2
1 87 1
80 87 16
53 71 7
6 12 6
18 111 18
65 71 1
64 110 46
80 117 16
76 126 12
90 106 26
71 90 7
40 85 21
108 126 44
3 17 3
15 69 5
22 119 22
27 126 27
44 72 8
9 94 9
16 40 16
14 82 14
38 104 38
73 92 9
40 117 40
42 127 42
6 67 3
32 88 24
40 75 11
98 122 34
31 94 30
34 94 30
82 112 18
8 109 8
56 78 14
19 53 19
47 88 24
64 78 14
60 117 53
25 31 25
74 85 10
74 95 10
60 108 44
109 126 45
6 46 6
44 74 10
75 109 11
42 122 42
14 52 14
36 58 36
44 52 44
19 112 19
71 94 7
19 67 3
6 45 6
92 111 28
66 68 2
87 97 23
25 100 25
20 89 20
4 57 4
2 6 2
11 79 11
77 123 13
13 52 13
34 75 11
58 86 22
71 98 7
13 79 13
75 107 11
59 80 16
46 93 29
47 61 47
75 89 11
32 39 32
48 64 48
59 69 5
24 88 24
9 38 9
55 90 26
53 112 48
65 93 1
26 36 26
1 9 1
7 61 7
50 53 50
88 113 24
23 61 23
12 107 12
60 76 12
12 101 12
10 53 10
29 42 29
19 107 19
5 109 5
37 104 37
22 25 22
64 107 43
68 84 4
99 121 35
8 29 8
33 84 20
80 98 16
108 127 44
11 120 11
75 101 11
9 84 9
30 110 30
37 73 9
56 70 6
75 110 11
50 116 50
41 88 24
1 91 1
56 69 5
35 71 7
15 120 15
2 125 2
70 104 6
28 110 28
25 53 25
30 54 30
15 78 14
15 97 15
15 110 15
47 51 47
27 89 25
57 74 10
76 105 12
36 112 36
15 26 15
43 59 43
2 27 2
30 35 30
34 64 34
14 96 14
58 123 58
83 96 19
19 100 19
33 86 22
37 62 37
57 98 34
5 74 5
34 91 27
92 100 28
74 112 10
3 30 3
13 70 6
92 110 28
90 104 26
59 101 37
4 56 4
44 100 36
77 121 13
4 87 4
38 112 38
37 124 37
7 86 7
102 122 38
20 40 20
7 29 7
83 117 19
28 116 28
5 53 5
5 104 5
7 30 7
21 74 10
39 47 39
84 92 20
21 49 21
71 81 7
47 65 1
8 102 8
51 55 51
45 102 38
11 18 11
114 117 50
58 104 40
79 112 15
22 23 22
37 81 17
12 83 12
75 115 11
73 88 9
1 39 1
66 72 2
93 96 29
62 76 12
65 126 1
32 80 16
10 73 9
78 126 14
49 92 28
8 53 8
62 74 10
15 118 15
2 96 2
9 100 9
94 118 30
7 28 7
45 101 37
30 97 30
36 79 15
7 63 7
35 49 35
77 126 13
114 121 50
21 78 14
89 111 25
41 61 41
8 75 8
33 105 33
7 18 7
22 34 22
93 94 29
19 57 19
54 97 33
105 122 41
26 94 26
9 117 9
56 80 16
6 55 6
57 121 57
68 106 4
53 75 11
16 88 16
30 34 30
16 41 16
7 82 7
3 12 3
35 108 35
70 124 6
51 100 36
17 35 17
96 121 32
18 123 18
7 126 7
14 75 11
21 61 21
30 42 30
48 74 10
23 24 23
18 101 18
38 50 38
27 83 19
46 63 46
82 113 18
90 105 26
23 28 23
57 107 43
48 102 38
27 71 7
13 100 13
49 87 23
106 113 42
77 101 13
32 69 5
16 65 1
4 30 4
38 73 9
13 64 13
77 105 13
49 83 19
62 78 14
50 81 17
6 118 6
29 109 29
8 98 8
67 73 3
51 57 51
94 102 30
36 63 36
16 19 16
21 110 21
12 18 12
91 95 27
81 105 17
16 100 16
6 93 6
15 93 15
2 75 2
19 92 19
77 83 13
100 125 36
7 31 7
82 95 18
14 91 14
50 73 9
42 124 42
52 93 29
20 117 20
8 104 8
37 91 27
21 99 21
27 31 27
7 93 7
50 87 23
18 100 18
8 101 8
40 122 40
112 119 48
74 101 10
5 95 5
23 57 23
7 38 7
50 94 30
33 37 33
90 109 26
61 77 13
49 78 14
73 74 9
87 113 23
15 73 9
32 56 32
38 77 13
40 127 40
60 83 19
9 99 9
34 83 19
70 106 6
11 111 11
24 109 24
24 67 3
23 60 23
54 66 2
3 48 3
4 98 4
102 112 38
13 62 13
50 107 43
44 79 15
70 97 6
39 41 39
8 38 8
35 99 35
42 73 9
13 89 13
29 85 21
46 64 46
38 115 38
37 103 37
110 115 46
1 11 1
9 104 9
9 20 9
11 13 11
6 69 5
30 57 30
53 114 50
45 91 27
3 71 3
90 123 26
9 110 9
35 51 35
9 114 9
96 106 32
14 100 14
50 60 50
74 81 10
3 6 3
25 95 25
24 80 16
37 54 37
26 106 26
83 111 19
24 105 24
76 109 12
43 79 15
58 79 15
15 40 15
86 119 22
60 111 47
39 95 31
27 124 27
8 93 8
27 68 4
27 113 27
78 122 14
40 46 40
94 105 30
104 113 40
2 104 2
60 104 40
20 30 20
25 36 25
18 35 18
61 115 51
68 114 4
15 72 8
60 84 20
97 122 33
2 68 2
34 99 34
88 101 24
30 118 30
44 65 1
43 46 43
59 91 27
4 20 4
30 73 9
42 86 22
36 95 31
20 94 20
49 91 27
12 86 12
3 22 3
65 70 1
53 104 40
52 76 12
17 80 16
84 126 20
40 123 40
72 123 8
66 75 2
19 86 19
49 60 49
25 91 25
99 112 35
22 40 22
36 98 34
70 101 6
62 64 62
26 117 26
28 94 28
57 73 9
