256 6154
106 256 1
18 135 6
57 148 2
131 136 1
70 164 2
197 218 1
71 215 1
54 154 3
100 241 40
46 69 46
23 231 3
150 171 40
107 133 11
61 148 7
94 201 1
91 198 3
56 255 2
33 57 1
140 249 4
49 65 1
52 180 1
57 91 3
2 52 2
39 125 11
123 132 14
163 180 1
94 248 94
83 254 2
1 231 1
1 191 1
1 203 1
93 193 93
2 152 2
110 180 1
2 10 2
98 144 1
100 150 40
53 226 53
65 225 1
164 210 4
55 148 2
30 79 2
216 242 216
91 163 1
5 147 1
70 131 1
30 176 1
89 140 4
201 208 2
66 219 1
73 114 6
182 204 1
69 208 1
207 228 2
5 88 1
117 145 117
52 175 20
172 196 3
7 98 1
74 240 2
57 60 1
159 208 11
18 97 1
201 216 1
143 165 4
63 127 11
4 50 4
26 56 2
1 92 1
4 202 1
16 166 1
16 66 1
70 154 2
117 189 2
147 230 14
141 208 1
5 105 1
103 106 60
4 62 2
34 216 9
110 140 14
42 54 4
19 232 19
156 247 1
30 37 2
58 194 17
28 125 2
144 158 1
56 256 2
11 245 2
66 158 44
67 126 1
45 77 1
173 230 173
123 230 123
7 150 2
220 248 9
74 219 1
46 189 1
3 76 3
10 237 2
42 252 14
1 245 1
96 208 1
38 171 2
202 204 1
115 226 1
36 183 1
21 85 14
2 147 2
130 175 2
21 247 1
2 50 2
3 14 3
147 197 1
36 153 1
201 226 2
200 217 1
61 141 1
157 193 3
133 161 39
6 84 6
3 132 3
95 196 2
16 176 1
243 254 1
123 210 14
102 115 1
1 134 1
40 208 40
177 180 1
92 204 1
112 133 11
90 199 1
51 226 2
72 255 1
33 141 9
2 225 2
15 68 2
17 177 4
39 223 2
13 178 4
80 150 1
7 75 7
63 65 1
106 173 1
177 238 2
19 129 1
61 218 1
11 63 11
156 208 1
84 184 2
199 242 9
2 235 2
97 197 45
26 34 1
126 184 2
12 126 12
11 56 11
23 49 1
28 79 3
50 227 4
68 158 1
22 30 1
199 253 1
22 159 1
166 217 3
74 88 2
118 205 3
7 90 2
152 216 1
35 49 35
4 150 2
7 69 1
34 82 1
1 84 1
136 194 4
4 246 4
173 180 1
63 216 1
72 172 1
75 181 2
137 152 13
3 93 3
125 189 70
200 206 41
9 152 1
215 226 1
31 248 1
240 256 6
60 209 1
127 207 40
157 163 1
62 83 62
181 219 1
5 144 1
31 253 2
195 232 92
1 23 1
76 212 76
34 186 1
120 141 1
1 58 1
141 158 1
117 209 117
162 173 1
119 230 119
143 178 4
179 200 1
40 160 1
40 249 2
6 209 3
73 249 24
49 127 1
169 226 1
4 173 4
41 72 41
145 209 117
25 208 2
107 125 40
48 176 1
15 101 1
183 207 11
217 253 3
1 180 1
108 136 1
184 213 88
3 204 3
74 183 2
116 120 1
81 186 2
81 124 2
150 170 2
43 56 2
133 177 2
50 201 3
33 34 9
235 250 1
30 52 20
101 209 1
17 58 17
12 187 6
179 198 1
14 186 14
3 6 3
171 223 2
58 166 3
63 161 39
91 181 13
58 95 2
8 145 3
50 239 6
46 169 46
13 62 2
61 109 2
34 58 1
169 215 46
4 27 4
14 243 1
118 235 14
171 199 1
209 229 117
14 190 14
102 241 40
38 212 4
76 136 4
99 244 1
22 92 1
59 101 1
57 166 3
157 229 3
72 236 1
2 251 2
153 165 1
58 244 3
116 199 1
24 245 24
147 158 1
18 139 8
7 213 2
85 243 1
5 134 1
133 241 11
169 203 1
6 222 6
189 203 1
40 207 40
2 42 2
155 167 1
124 162 1
126 236 4
2 222 2
6 90 6
19 23 1
162 242 9
46 83 1
126 170 3
45 97 45
3 228 3
32 75 7
44 136 1
42 138 21
130 180 1
120 238 1
7 163 1
186 217 3
102 107 100
1 248 1
25 142 2
198 250 1
1 183 1
12 212 6
212 233 6
164 219 1
10 166 3
125 155 1
69 98 1
237 254 11
177 179 1
12 110 4
80 171 1
217 228 3
159 193 2
37 130 3
151 185 1
141 247 1
107 232 1
54 66 1
6 126 6
204 236 4
1 178 1
167 209 2
72 98 1
32 228 2
204 242 1
1 174 1
173 225 119
108 242 9
238 241 2
34 206 1
142 208 2
108 162 9
130 221 1
162 216 9
43 199 1
109 233 6
58 230 4
148 204 2
126 247 1
50 199 1
210 256 4
61 149 1
37 173 14
190 215 1
113 140 4
52 218 1
125 213 2
131 244 1
77 166 3
3 73 3
197 243 45
149 228 1
34 119 1
3 123 3
39 41 1
90 182 1
116 203 1
200 215 46
8 201 3
63 130 2
32 229 2
114 188 6
239 249 6
86 158 44
68 126 2
109 247 1
141 155 9
36 245 1
46 206 41
21 225 14
40 150 40
136 156 1
72 220 1
125 136 2
2 236 2
127 208 40
24 255 13
30 237 2
46 116 1
26 193 26
25 90 6
192 233 3
123 217 3
144 183 1
29 188 1
17 79 3
70 216 1
78 254 1
147 253 14
176 218 1
6 139 6
205 252 3
94 217 1
29 131 1
110 203 1
149 196 1
8 168 1
63 144 1
1 75 1
71 133 2
121 200 1
2 210 2
37 183 2
113 243 1
62 138 2
134 156 1
1 219 1
4 156 1
14 246 14
73 152 24
170 223 3
54 147 4
51 110 4
1 196 1
46 248 1
9 156 9
116 135 1
2 56 2
190 232 1
1 86 1
114 182 1
81 108 1
3 85 3
27 179 1
61 215 1
12 26 6
144 168 1
92 122 1
141 195 1
7 185 7
3 28 3
14 138 14
24 80 1
1 125 1
67 69 1
61 87 61
158 212 1
22 181 1
9 83 1
134 221 1
163 196 1
1 83 1
117 223 3
47 146 1
1 29 1
1 105 1
15 167 2
70 179 1
54 202 1
25 234 2
14 173 14
70 195 1
52 61 20
33 67 9
102 127 40
193 212 6
2 40 2
16 37 1
120 195 19
53 123 2
59 96 1
103 107 1
159 238 2
18 255 8
9 121 1
8 216 1
40 164 2
205 248 1
24 91 24
134 143 1
30 224 2
153 249 1
111 185 1
79 209 79
63 223 2
8 124 6
49 86 49
191 250 1
1 177 1
84 156 1
109 167 2
52 87 20
83 186 2
95 123 2
104 247 1
80 197 1
59 94 1
223 256 3
61 246 2
47 93 4
2 109 2
41 63 1
18 204 8
4 237 2
3 187 3
6 7 2
11 127 11
2 71 2
146 151 1
23 53 2
109 190 4
80 114 1
2 175 2
38 149 1
4 204 4
4 210 4
27 132 4
187 212 23
112 116 1
16 199 9
91 115 1
35 45 35
47 186 47
28 43 3
78 144 1
51 136 4
119 187 4
2 135 2
179 239 1
30 61 20
8 164 6
186 219 1
1 7 1
55 233 6
2 145 2
23 98 1
124 163 1
35 190 1
1 8 1
17 227 4
113 200 1
62 95 2
141 226 1
181 254 2
126 146 1
9 162 9
141 232 1
104 183 2
2 74 2
14 118 14
193 256 25
27 215 1
4 26 4
112 167 112
63 106 1
172 203 1
1 85 1
157 180 1
14 226 2
205 223 172
41 197 1
90 242 1
26 89 4
11 83 2
48 117 3
46 120 19
88 109 2
199 236 1
118 232 1
2 54 2
134 159 1
67 202 9
77 223 3
1 74 1
32 161 2
47 196 14
24 143 4
37 167 2
2 193 2
20 142 20
170 201 79
23 122 1
84 85 4
22 106 22
72 130 1
1 38 1
116 158 44
164 171 2
68 187 2
158 247 44
150 241 40
13 22 1
60 108 60
30 238 2
137 140 4
28 129 3
86 218 1
129 222 3
2 244 2
178 196 178
12 193 6
153 155 34
191 203 1
182 221 1
17 89 17
4 205 3
46 72 41
143 225 4
8 173 4
101 205 1
159 191 1
201 229 79
115 219 1
200 204 1
109 219 1
126 212 6
2 249 2
27 207 2
131 215 46
60 163 60
134 148 1
181 249 13
1 87 1
155 158 1
128 142 2
54 144 1
48 113 12
44 168 44
12 173 4
2 100 2
87 107 2
11 175 2
237 242 1
44 97 44
4 235 4
43 197 1
169 228 1
17 150 2
15 175 7
61 75 61
89 254 2
94 96 9
214 237 11
115 162 1
3 227 3
74 226 74
42 78 1
203 218 1
1 19 1
14 251 2
100 227 2
24 99 1
91 171 2
1 156 1
32 42 2
48 212 6
76 199 1
39 183 39
120 228 1
107 183 11
196 252 14
2 136 2
179 191 1
3 130 3
1 98 1
41 170 1
163 253 1
71 74 62
203 221 65
46 118 1
78 182 1
195 230 1
50 54 13
3 22 1
198 229 117
115 175 1
117 174 2
59 158 1
1 230 1
183 228 2
124 142 2
18 77 8
57 107 2
157 238 2
24 234 2
169 224 1
201 206 1
1 208 1
187 217 3
19 152 1
27 211 2
168 254 1
2 167 2
20 131 1
3 26 3
46 48 1
30 113 2
44 170 1
6 54 6
37 189 2
10 197 1
1 64 1
50 109 6
77 152 8
20 106 1
183 214 11
124 233 90
4 64 4
118 178 14
108 189 1
119 179 1
1 165 1
23 113 6
52 217 2
1 13 1
111 218 1
204 255 13
28 167 2
160 224 1
17 225 4
208 225 2
25 154 3
63 125 11
107 197 1
91 242 1
24 138 4
194 196 4
122 223 1
12 109 12
3 38 3
17 176 1
245 249 245
72 232 41
128 254 2
172 185 2
209 212 3
122 193 1
124 230 4
141 241 1
233 244 3
230 255 4
170 196 3
27 51 25
183 184 2
4 55 4
161 189 11
110 242 1
1 215 1
51 147 4
102 246 2
52 256 2
177 224 2
75 136 2
110 237 2
9 205 1
8 18 8
106 181 1
132 198 3
2 119 2
38 45 1
170 206 1
38 161 2
205 244 172
103 158 1
25 202 1
174 190 2
130 143 3
4 196 4
11 171 11
128 224 2
8 152 8
120 149 1
81 148 7
71 233 2
36 199 1
160 163 60
61 241 2
76 202 1
225 235 14
2 53 2
45 165 1
191 216 9
49 63 1
132 252 14
23 252 4
29 99 1
3 116 1
29 248 1
37 165 37
38 136 14
203 220 1
38 54 4
6 187 6
23 55 6
210 235 14
119 195 1
79 135 3
67 178 1
19 88 1
94 241 1
8 169 1
80 92 80
17 76 4
17 135 4
12 246 4
106 241 1
108 141 9
139 227 4
112 227 2
26 82 3
18 24 8
245 252 4
34 191 9
57 129 3
40 237 40
4 84 4
41 92 41
67 153 9
93 190 4
1 30 1
82 192 82
140 227 104
141 153 9
31 52 20
69 120 19
210 225 14
23 238 2
149 197 1
22 96 22
1 17 1
155 220 9
175 219 1
50 132 4
121 221 1
211 213 88
133 183 39
231 246 3
95 246 2
140 246 104
101 244 1
137 249 13
2 112 2
2 117 2
71 206 1
169 217 1
139 221 1
60 175 1
37 178 14
40 113 2
1 119 1
192 224 2
9 21 1
5 130 1
61 219 1
165 175 2
47 103 1
25 51 25
7 227 2
159 207 11
11 161 11
69 107 1
103 188 1
49 77 1
195 215 46
132 210 14
119 156 1
6 223 3
158 160 1
132 169 1
1 181 1
74 186 2
13 156 1
35 126 1
149 153 9
183 251 39
87 180 1
27 93 26
6 137 6
9 254 1
141 200 1
14 16 1
108 236 1
113 209 3
32 246 2
178 239 4
167 194 2
1 232 1
75 95 7
1 57 1
52 58 2
35 156 1
3 172 3
43 211 2
86 91 1
49 180 45
128 216 1
199 204 1
22 160 22
89 147 4
56 183 11
20 52 20
79 232 1
197 221 1
31 64 2
74 174 62
13 70 2
19 131 19
132 188 4
42 253 42
208 219 1
59 131 1
12 39 2
112 125 11
27 239 6
155 161 1
9 198 1
4 126 4
129 178 3
228 229 3
34 200 1
89 251 2
30 60 1
43 137 13
3 229 3
196 203 1
16 131 1
13 222 13
118 168 1
70 137 2
25 240 6
53 67 1
44 99 1
111 206 1
3 48 3
95 193 2
56 113 2
60 134 1
25 61 2
61 128 2
159 218 1
81 238 2
189 204 2
37 122 1
22 233 1
12 233 6
138 252 14
14 168 1
48 236 4
167 203 1
9 216 9
69 206 41
76 240 6
3 210 3
13 139 13
38 147 38
4 143 4
13 24 13
113 177 4
35 220 1
2 110 2
16 103 9
162 181 1
2 157 2
2 178 2
172 211 2
8 175 2
4 51 4
10 201 3
69 110 1
104 194 4
10 187 3
155 174 1
196 234 2
136 253 136
148 183 2
200 243 1
76 164 76
94 192 1
120 253 1
31 142 20
21 214 2
66 198 1
82 157 3
79 127 2
4 132 4
1 233 1
6 114 6
37 101 1
228 231 82
70 246 2
41 206 41
63 214 11
154 243 1
14 165 14
1 81 1
180 229 1
38 79 3
90 239 6
12 69 1
136 255 4
40 226 2
1 225 1
171 246 2
115 233 1
88 246 2
49 116 44
193 236 4
157 245 3
7 32 7
1 111 1
27 120 1
99 149 1
16 94 16
25 193 25
198 243 1
190 230 14
153 187 1
3 188 3
13 227 4
1 193 1
4 165 4
4 13 4
2 192 2
3 40 2
4 187 4
1 117 1
7 81 7
72 234 1
18 158 1
1 202 1
51 114 25
15 255 2
107 207 40
30 123 2
174 232 1
94 208 1
67 154 1
11 216 1
61 103 1
187 232 1
73 245 24
73 253 4
1 70 1
92 166 1
23 235 4
177 235 14
33 242 9
163 179 1
1 195 1
92 186 1
74 128 2
62 165 2
2 239 2
155 163 9
68 196 2
168 180 44
4 138 4
80 180 1
1 89 1
132 223 3
240 255 6
74 187 2
22 132 1
5 165 1
166 229 166
18 240 6
101 155 9
118 159 2
118 253 14
12 35 1
40 232 1
18 72 1
30 200 1
110 238 2
56 112 56
99 128 1
108 171 1
153 216 9
68 213 2
19 159 1
49 57 1
14 64 14
11 106 1
196 200 1
191 236 1
80 163 1
1 108 1
62 250 1
176 197 44
126 129 3
16 207 1
37 241 2
211 246 2
83 234 71
93 197 1
179 249 1
41 131 41
123 211 2
206 248 1
131 211 1
155 256 1
64 161 2
22 103 22
2 174 2
15 100 2
144 187 1
108 159 1
4 109 4
120 182 19
35 186 1
74 139 2
73 129 3
24 183 2
5 33 1
40 190 2
23 195 1
60 155 9
2 105 2
121 123 1
172 234 2
40 101 1
20 28 2
82 95 2
57 103 1
184 230 2
76 137 6
172 244 172
171 237 70
169 194 1
119 255 4
1 50 1
32 110 2
51 219 1
37 196 14
11 117 2
8 181 8
5 115 1
159 189 11
42 256 4
130 170 79
202 224 1
24 230 4
4 182 1
3 212 3
39 96 1
124 198 3
14 214 2
26 234 2
27 195 1
128 204 2
106 185 1
13 84 13
22 60 22
1 122 1
108 163 108
44 252 1
64 79 3
28 254 2
61 178 2
193 242 1
57 63 2
63 215 1
58 161 2
72 180 1
12 112 2
127 226 2
4 25 4
220 236 1
105 240 6
1 68 1
222 245 222
192 217 3
138 177 14
154 201 79
150 227 2
217 223 3
18 157 3
20 64 2
193 228 3
6 27 6
8 19 1
1 35 1
205 238 2
91 93 6
65 80 1
92 97 1
101 225 1
22 44 1
2 11 2
98 176 44
9 57 1
150 161 11
45 62 1
19 69 19
154 209 117
39 225 2
63 183 39
119 225 119
173 186 47
23 239 23
107 203 1
41 140 1
116 130 1
28 239 3
100 255 2
12 21 4
34 222 1
17 142 2
218 252 1
70 225 2
157 223 3
197 238 1
41 69 41
26 76 6
73 242 1
125 171 125
1 14 1
70 150 40
34 133 1
15 128 2
83 114 2
103 221 1
11 52 2
2 108 1
52 82 2
14 236 4
211 231 2
26 137 6
152 244 3
51 85 4
156 242 9
59 220 1
154 160 1
26 93 26
95 169 1
7 245 2
101 115 1
110 219 1
11 68 11
110 228 3
19 209 1
177 191 1
195 218 1
32 208 2
97 101 1
107 241 40
39 184 2
44 117 1
141 146 9
9 191 9
178 247 1
57 232 1
110 117 3
106 141 9
122 162 1
13 213 2
80 104 1
116 192 1
176 210 1
169 232 80
90 230 4
1 129 1
58 246 4
73 76 6
75 145 2
2 185 2
115 138 1
146 234 1
99 232 46
141 207 1
180 197 45
137 171 2
3 147 3
229 238 2
220 235 1
227 253 14
6 73 6
20 163 1
28 193 3
33 78 33
84 240 6
102 208 68
168 170 1
71 145 2
28 217 3
86 143 1
131 200 46
164 190 4
34 64 1
34 253 1
2 55 2
26 114 26
39 136 2
173 238 2
1 15 1
249 256 6
188 221 1
193 249 6
108 214 1
11 129 2
7 20 7
175 209 2
121 144 1
65 157 1
228 250 1
143 214 2
79 202 1
96 248 9
92 248 1
195 246 1
80 161 1
186 230 47
183 205 2
12 42 4
129 249 3
97 155 1
85 186 47
24 148 2
71 200 1
48 143 4
54 73 24
189 254 11
135 233 90
88 184 88
100 221 1
81 142 20
91 256 6
58 186 4
115 129 1
132 212 4
105 153 1
13 180 1
2 205 2
2 77 2
83 89 2
179 207 1
112 191 1
61 95 7
175 245 2
44 158 44
106 172 1
14 249 4
14 140 14
100 122 1
91 255 13
79 255 3
60 164 1
20 109 2
9 163 9
143 227 4
58 203 1
2 57 2
81 98 1
59 82 1
24 58 4
29 108 1
117 236 3
26 75 2
122 218 122
83 256 2
92 141 1
46 66 1
23 31 2
145 236 3
1 126 1
139 181 137
66 215 1
24 236 4
89 123 4
14 55 4
101 249 1
72 122 1
105 225 4
75 175 75
92 232 92
147 228 3
168 189 1
3 31 2
87 175 75
57 216 1
32 124 2
110 137 4
198 201 79
157 192 3
21 177 14
146 212 1
205 229 3
72 241 1
115 243 44
116 176 44
18 147 4
15 109 2
33 164 1
43 58 4
136 248 1
54 249 54
96 189 1
56 153 1
39 212 2
4 7 2
172 225 3
174 231 2
1 228 1
8 172 3
180 206 1
72 200 41
84 180 1
81 95 7
80 243 1
107 165 2
40 220 1
25 131 1
42 178 14
6 256 6
116 168 44
122 163 1
115 168 44
137 241 2
193 233 6
13 64 4
55 143 4
32 87 7
2 234 2
26 238 2
20 87 20
7 251 2
105 212 76
114 193 26
29 36 1
78 255 1
18 20 2
53 65 1
48 90 6
2 87 2
114 256 25
122 247 1
100 102 100
56 70 11
6 48 6
65 71 1
135 246 4
17 143 17
129 208 2
126 127 2
81 253 2
47 96 1
68 204 2
20 73 2
26 66 1
49 159 1
110 198 3
101 193 1
29 102 1
66 68 1
45 150 1
129 244 82
95 148 15
89 109 4
9 61 1
172 253 3
155 182 1
29 221 1
14 253 14
30 185 20
110 213 2
212 244 3
38 122 1
73 77 8
17 138 4
142 253 2
128 237 2
206 220 1
1 53 1
2 181 2
210 211 2
72 131 41
79 166 79
34 162 9
4 149 1
134 231 1
2 79 2
32 238 2
75 91 2
94 229 1
65 213 1
97 221 1
92 120 19
161 256 2
90 166 3
182 220 1
108 183 1
145 252 3
21 55 4
130 202 1
6 99 1
207 214 11
142 178 2
17 173 4
21 36 1
3 236 3
77 139 8
36 156 1
91 105 6
17 194 17
38 88 2
3 129 3
51 227 4
2 238 2
181 193 6
113 135 6
24 73 24
167 177 2
7 68 2
38 58 4
123 161 2
175 237 2
170 229 117
84 227 4
2 32 2
104 233 4
57 117 3
70 93 2
146 155 9
188 233 6
25 196 4
76 228 3
48 204 6
177 223 3
35 158 35
32 160 1
34 113 1
3 184 2
86 243 45
114 239 6
43 83 2
10 51 3
104 196 14
7 169 1
4 48 4
176 256 1
147 240 4
6 51 6
61 227 2
1 120 1
139 201 3
39 192 2
144 180 1
212 239 76
4 77 4
106 163 60
142 184 2
23 143 4
80 178 1
1 141 1
67 206 1
15 142 7
7 109 2
42 55 4
170 251 2
155 173 1
40 192 2
180 225 1
82 170 3
132 183 2
20 170 2
48 189 2
218 235 1
134 160 1
56 169 1
49 111 1
50 91 13
18 45 1
64 86 1
7 199 1
58 174 2
124 239 6
136 168 1
86 231 1
80 176 1
16 202 16
31 87 20
19 163 1
222 256 6
127 163 1
2 14 2
31 83 2
60 168 1
80 244 1
86 180 45
47 225 47
25 27 25
180 230 1
77 91 8
38 148 2
92 200 92
207 245 2
25 85 4
148 189 2
229 241 2
60 105 1
24 215 1
29 69 1
32 175 7
58 89 58
96 137 1
191 201 1
202 219 9
1 51 1
115 176 44
64 146 1
2 75 2
42 187 4
70 171 70
146 217 1
4 216 1
150 195 1
73 138 4
47 117 3
43 46 1
148 241 2
1 139 1
54 176 1
11 23 2
6 8 6
67 228 1
158 185 1
33 149 9
63 194 2
47 212 4
22 148 1
102 214 11
53 174 53
189 196 2
79 172 3
3 89 3
49 115 44
154 180 1
156 160 96
4 93 4
100 124 2
87 226 2
109 188 12
117 229 117
48 58 4
127 189 40
31 192 2
146 183 1
82 202 1
69 105 1
68 237 40
2 150 2
23 37 4
28 37 3
168 243 44
239 252 4
189 251 11
93 199 1
10 28 3
62 91 2
20 61 20
70 107 40
9 101 9
4 160 1
152 245 54
207 254 11
132 138 21
109 180 1
159 177 2
142 234 2
52 244 2
32 142 7
47 138 14
78 181 1
59 171 1
27 96 1
225 246 14
24 232 1
19 134 19
39 152 2
67 119 1
53 110 2
209 217 3
222 229 3
62 71 62
218 228 1
24 27 6
24 77 8
1 162 1
41 232 41
157 189 2
130 247 1
55 114 27
39 112 11
8 249 8
30 109 2
92 100 1
157 231 3
23 38 4
4 104 4
35 92 1
3 70 2
12 56 2
122 170 1
2 133 2
2 39 2
1 5 1
96 196 1
35 197 35
215 253 1
128 220 1
45 89 1
152 249 54
14 117 3
124 223 3
126 142 2
201 228 3
108 255 1
28 211 2
30 220 1
142 148 7
43 44 1
91 144 1
1 48 1
53 218 1
120 239 1
12 232 1
97 247 44
3 138 3
2 48 2
2 95 2
159 167 159
167 248 1
38 194 4
1 158 1
69 131 46
206 250 1
130 229 79
163 241 1
22 51 1
111 154 1
51 86 1
124 185 2
129 172 82
203 252 1
12 238 2
153 219 9
32 162 1
41 114 1
5 12 1
90 215 1
53 241 2
94 128 1
96 249 1
165 170 3
225 245 4
150 222 2
18 252 4
19 100 1
118 161 2
53 253 2
105 132 4
59 111 5
147 156 1
84 205 3
3 109 3
132 136 21
8 204 8
82 172 82
36 99 1
40 100 40
31 163 1
154 238 2
138 190 21
110 165 14
65 122 1
98 238 1
1 132 1
50 113 6
18 159 2
88 156 1
66 99 1
10 180 1
16 92 1
175 179 1
110 230 14
173 183 2
143 218 1
20 70 2
79 148 2
127 156 1
126 250 1
90 177 4
139 211 2
86 159 1
135 231 3
20 75 20
25 187 6
190 254 2
85 90 4
75 185 75
105 113 6
25 30 2
13 252 4
58 68 2
164 239 76
190 222 4
11 179 1
14 76 4
32 204 2
71 111 1
110 178 38
59 100 1
126 173 4
221 234 1
104 221 1
1 192 1
86 204 1
28 223 3
151 198 1
16 86 1
20 32 7
55 109 6
172 189 2
27 233 6
205 251 2
1 36 1
77 182 1
147 250 1
3 206 1
123 157 3
17 74 2
196 239 4
31 75 20
146 199 9
2 93 2
3 157 3
11 102 11
29 247 1
207 233 2
91 238 2
125 150 40
175 185 75
78 202 9
85 163 1
178 202 1
123 151 1
58 114 4
30 148 7
149 205 1
67 149 9
3 239 3
63 93 2
80 204 1
158 165 1
11 208 11
97 192 1
100 178 2
39 127 11
76 239 76
66 184 1
135 244 3
4 158 1
125 256 2
17 103 1
10 170 3
1 114 1
4 37 4
107 109 2
18 90 6
82 231 82
8 42 4
180 200 1
36 126 1
218 248 1
48 64 4
72 215 41
35 243 35
39 40 11
17 23 4
188 227 4
63 241 11
46 253 1
177 196 14
94 110 1
3 114 3
107 127 40
3 170 3
39 211 2
47 85 47
190 210 14
83 88 2
123 163 1
26 43 6
47 123 47
1 256 1
107 231 2
1 223 1
33 75 1
68 233 2
156 202 9
13 134 1
146 203 1
3 79 3
91 101 1
63 166 2
71 142 2
130 207 2
11 172 2
2 6 2
45 151 45
34 163 9
82 217 3
198 226 2
9 173 1
39 70 11
2 212 2
68 167 11
18 234 2
46 92 46
35 83 1
46 88 1
194 235 4
155 214 1
122 237 1
39 146 1
37 230 14
27 235 4
120 204 1
110 169 1
136 210 14
218 225 1
104 140 104
142 175 61
40 183 11
133 237 11
45 152 1
44 208 1
96 125 1
187 224 2
106 243 1
16 253 1
96 187 1
184 224 2
147 249 4
85 172 3
124 190 4
48 197 1
79 183 2
202 256 1
169 220 1
73 135 6
80 134 80
149 203 1
1 254 1
235 242 1
119 235 14
9 94 9
72 170 1
80 85 1
162 202 16
35 151 35
10 157 3
1 160 1
142 156 1
83 143 2
127 167 11
52 245 2
5 111 5
14 90 4
35 152 1
127 183 11
72 79 1
83 102 2
25 54 6
63 184 2
43 166 3
35 66 35
132 161 2
4 105 4
1 43 1
93 155 1
67 141 9
47 194 4
211 238 88
60 106 60
90 136 4
232 239 1
24 55 6
15 81 7
135 197 1
135 150 2
90 124 90
129 145 3
219 226 1
27 201 3
148 151 1
63 175 2
60 94 9
105 249 6
13 18 8
7 49 1
6 235 4
2 113 2
91 169 1
100 188 2
3 13 3
213 229 2
41 55 1
10 29 1
189 226 2
76 91 6
127 171 40
1 20 1
56 58 2
64 196 38
162 199 9
127 241 40
151 247 44
156 240 1
24 199 1
75 87 75
132 222 4
85 235 14
48 188 12
184 216 1
85 208 2
80 131 46
102 189 40
35 247 35
44 46 1
161 254 39
168 176 44
9 249 1
64 178 38
33 46 1
6 249 6
1 206 1
9 220 9
45 185 1
28 128 2
71 151 1
70 102 40
69 80 46
52 78 1
41 66 1
48 249 6
144 221 65
12 142 2
206 217 1
8 24 8
65 221 65
102 116 1
11 183 11
41 204 1
58 190 4
137 139 137
29 218 1
37 209 3
127 182 1
44 243 44
5 63 1
85 164 4
62 228 2
131 222 1
54 233 6
9 16 9
115 247 44
3 231 3
49 191 1
38 180 1
73 118 4
94 179 1
78 149 9
63 133 39
84 111 1
61 88 2
23 103 1
68 161 11
68 208 68
117 216 1
1 154 1
145 201 79
3 51 3
43 129 3
139 171 2
2 43 2
248 251 1
183 227 2
96 146 60
3 253 3
36 134 1
56 97 1
9 167 1
64 134 1
75 211 2
61 118 2
149 248 9
67 124 1
67 80 1
155 243 1
24 164 6
96 106 96
20 95 7
93 225 4
21 159 2
68 111 1
11 24 2
64 175 2
56 186 2
63 229 2
66 116 66
102 133 11
95 236 2
158 191 1
24 219 1
1 107 1
206 232 41
112 150 11
37 106 1
38 177 14
53 150 2
4 178 4
203 212 1
81 199 1
43 215 1
84 149 1
90 152 6
25 139 6
73 91 24
62 174 62
8 38 4
67 163 9
93 104 4
2 84 2
1 170 1
23 186 4
51 159 2
127 237 40
35 116 35
1 128 1
99 225 1
92 134 80
61 222 2
83 96 1
87 144 1
1 209 1
55 138 4
70 88 2
125 252 2
79 145 79
83 176 1
3 230 3
22 36 1
76 201 3
12 175 2
9 213 1
52 85 2
21 42 21
19 92 19
171 207 125
11 241 11
42 246 14
109 189 2
53 71 53
104 125 2
71 190 2
12 113 12
13 120 1
132 171 2
10 117 3
96 183 1
71 211 2
45 49 45
52 81 52
88 128 88
11 70 11
117 130 79
57 66 1
30 87 20
136 146 1
57 164 3
2 15 2
16 93 1
100 189 40
17 110 4
4 89 4
28 50 3
105 134 1
91 109 6
40 189 40
27 150 2
136 165 14
162 236 1
46 166 1
59 201 1
186 225 47
22 247 1
64 111 1
11 125 11
154 182 1
46 155 1
60 156 60
116 131 1
37 118 14
197 226 1
42 89 4
105 177 4
242 252 1
7 50 2
7 115 1
45 50 1
103 195 1
14 119 14
106 202 9
83 174 71
204 233 6
235 255 4
32 234 2
227 246 177
141 233 1
2 165 2
77 241 2
17 236 17
140 237 2
71 91 2
4 6 4
17 241 2
43 183 2
187 196 4
183 213 2
86 192 1
94 172 1
65 179 1
7 77 2
224 234 71
188 241 2
89 135 4
199 217 1
133 251 133
91 249 24
97 121 44
196 218 1
8 33 1
212 219 1
9 149 9
23 131 1
29 45 1
9 84 1
12 48 12
35 161 1
105 205 3
1 246 1
90 222 6
2 76 2
27 143 4
20 139 2
141 178 1
2 148 2
110 247 1
121 192 1
21 196 14
15 42 2
10 18 3
8 76 6
22 195 1
113 188 12
8 84 8
183 215 1
154 198 117
21 88 2
163 168 1
129 189 2
133 231 2
84 249 84
64 207 2
108 146 108
130 201 79
192 200 1
4 253 4
109 200 1
161 202 1
11 82 2
67 78 9
103 155 9
140 253 14
55 193 26
117 170 117
1 214 1
19 200 19
57 61 2
32 182 1
14 199 1
21 207 2
4 230 4
202 216 9
108 125 1
170 198 170
88 251 2
101 106 9
50 255 13
50 181 13
4 236 4
173 236 4
70 157 2
195 206 41
146 163 108
151 252 1
70 125 70
63 169 1
104 122 1
214 228 2
45 96 1
124 164 6
222 249 222
70 95 2
2 90 2
6 119 4
174 223 2
48 107 2
102 155 1
96 104 1
15 247 1
6 162 1
36 52 1
120 232 19
75 139 2
61 143 2
229 245 3
94 180 1
122 184 1
35 115 35
107 152 2
151 225 1
102 198 2
101 142 1
207 208 40
86 166 1
38 47 14
17 166 3
1 221 1
22 225 1
9 228 1
27 176 1
231 256 3
66 88 1
34 219 9
26 240 6
30 146 1
135 225 4
120 169 19
43 222 13
173 216 1
11 53 2
77 160 1
83 224 71
35 122 1
152 156 1
38 125 2
33 220 9
8 73 8
5 131 1
92 110 1
236 246 4
4 135 4
169 241 1
10 210 3
22 255 1
108 202 9
117 147 3
1 204 1
53 238 2
48 252 4
136 190 21
200 221 1
40 242 1
115 160 1
1 226 1
60 218 1
130 237 2
67 199 9
4 147 4
92 226 1
33 82 1
66 103 1
5 34 1
84 112 2
75 138 2
166 228 3
3 223 3
52 234 2
208 250 1
41 182 41
7 175 7
5 39 1
159 214 159
152 204 13
8 207 2
99 200 46
161 218 1
25 55 25
8 86 1
24 154 3
115 202 1
184 221 1
39 133 39
66 245 1
41 97 1
71 83 71
2 12 2
78 241 1
136 152 4
2 170 2
44 118 1
97 156 1
124 218 1
110 143 4
113 141 1
183 254 39
8 106 1
72 80 41
1 189 1
33 233 1
128 252 2
107 237 40
78 106 9
199 220 199
21 140 14
198 209 198
3 55 3
108 211 1
71 81 2
1 194 1
90 217 3
16 149 9
193 194 4
15 32 15
3 194 3
171 181 2
1 66 1
120 215 19
56 171 11
42 45 1
42 190 21
4 114 4
147 222 4
54 91 24
9 115 1
4 164 4
100 151 1
15 95 15
89 93 4
37 238 2
19 169 19
45 115 44
103 112 1
10 30 2
19 80 19
99 222 1
73 150 2
177 221 1
34 120 1
3 42 3
77 109 6
40 117 2
33 167 1
93 242 1
50 89 4
2 216 1
25 137 6
55 90 6
21 25 4
10 136 3
182 215 46
16 141 9
33 172 1
123 162 1
199 206 1
149 155 9
42 165 14
89 131 1
118 177 14
24 84 24
34 79 1
36 132 1
143 221 1
120 237 1
125 130 2
100 167 11
149 194 1
26 55 26
20 224 2
105 164 76
132 146 1
95 129 2
1 44 1
245 253 4
160 191 9
42 116 1
125 254 11
189 214 11
110 114 4
64 110 38
219 244 1
145 185 2
37 69 1
42 193 4
84 247 1
17 204 4
149 236 1
173 219 1
68 243 1
61 249 2
20 175 20
80 157 1
31 120 1
118 119 118
89 124 4
3 18 3
150 234 2
98 100 1
51 66 1
122 217 1
54 96 1
116 214 1
4 91 4
235 248 1
118 208 2
102 169 1
57 224 2
6 124 6
182 209 1
138 253 21
137 144 1
181 217 3
45 176 44
75 142 61
64 182 1
109 207 2
107 171 40
69 119 1
86 215 1
73 231 3
35 144 1
202 248 94
2 7 2
82 118 3
173 248 1
22 227 1
97 151 45
81 85 2
72 85 1
60 146 60
1 101 1
68 107 68
7 148 7
122 232 1
117 198 117
1 116 1
32 148 15
23 145 3
84 213 2
136 140 14
31 169 1
18 152 8
63 146 1
2 223 2
24 43 13
80 232 80
45 58 1
137 181 137
100 177 2
5 59 5
92 146 1
10 246 3
1 131 1
217 229 3
155 200 1
108 168 1
85 123 47
9 219 9
2 31 2
145 198 117
77 204 8
36 56 1
167 212 2
227 237 2
2 38 2
17 29 1
244 247 1
119 172 3
73 133 2
181 188 6
71 119 2
4 40 2
237 241 237
9 12 1
104 228 3
192 241 2
149 240 1
118 136 14
40 235 2
149 216 149
150 196 2
74 78 1
55 234 2
60 124 1
49 151 49
18 180 1
31 122 1
61 81 20
28 83 2
154 192 3
91 234 2
171 241 70
2 107 2
5 211 1
148 245 2
22 146 22
30 205 2
179 238 1
41 212 1
18 118 4
113 174 2
174 226 62
168 251 1
76 90 6
84 162 1
124 132 4
161 214 11
73 104 4
12 234 2
86 211 1
133 135 2
38 74 2
138 213 2
79 201 79
62 166 2
117 240 3
153 241 1
81 128 2
136 254 2
1 10 1
39 75 2
246 252 14
177 205 3
2 241 2
45 67 1
184 211 184
14 22 1
11 222 2
40 102 40
53 251 2
34 67 9
110 161 2
9 60 9
104 112 2
204 249 13
76 105 76
18 22 1
182 195 46
9 103 9
1 28 1
30 165 2
55 133 2
24 50 13
19 51 1
118 134 1
7 179 1
92 206 41
84 242 1
234 237 2
150 210 2
9 153 9
126 167 2
61 146 1
48 187 6
207 237 70
85 252 14
57 217 3
26 27 26
68 175 2
50 102 2
85 151 1
19 123 1
135 142 2
52 235 2
56 136 2
28 157 28
83 206 1
2 211 2
44 113 1
55 157 3
36 158 1
60 200 1
141 191 141
78 199 9
159 183 11
55 185 2
22 156 22
90 194 4
78 208 1
194 214 2
88 238 88
133 185 2
226 227 2
85 247 1
55 76 6
11 107 11
38 109 4
151 162 1
74 120 1
73 109 6
37 211 2
131 232 46
76 217 3
1 78 1
162 219 9
89 157 3
10 101 1
107 169 1
7 154 2
3 117 3
198 238 2
84 91 24
36 122 36
1 166 1
150 209 2
61 107 2
97 180 97
3 201 3
56 69 1
43 204 13
175 190 2
1 71 1
34 60 9
36 113 1
86 203 1
63 69 1
39 161 39
68 189 40
3 126 3
64 197 1
90 135 90
14 225 14
63 167 11
123 212 4
188 229 3
10 111 1
85 135 4
44 67 1
21 147 14
35 180 35
1 222 1
25 100 2
71 251 2
83 167 2
83 91 2
139 204 137
14 57 3
15 113 2
72 92 41
1 65 1
40 85 2
152 222 54
214 251 11
167 254 11
42 47 14
41 169 41
10 230 3
26 220 1
64 119 14
72 195 41
19 147 1
88 235 2
1 255 1
68 83 2
2 132 2
37 119 14
24 124 6
101 128 1
89 224 2
128 213 88
118 123 118
105 160 1
217 244 3
172 245 3
1 112 1
84 175 2
86 250 86
86 133 1
122 205 1
17 25 4
137 256 6
194 253 4
188 244 3
63 213 2
25 138 4
3 177 3
115 181 1
198 222 3
54 64 4
35 36 1
153 162 9
150 208 40
111 184 1
224 243 1
49 230 1
20 253 2
45 126 1
180 247 44
44 116 44
14 177 14
17 156 1
44 242 1
3 77 3
32 119 2
14 123 14
183 201 2
89 105 4
2 253 2
145 246 3
37 234 2
89 198 3
40 127 40
9 242 9
91 139 13
206 215 41
156 175 1
153 211 1
47 70 2
200 218 1
48 213 2
6 211 2
198 211 2
106 160 96
111 114 1
96 163 60
136 141 1
61 64 2
143 245 4
45 105 1
194 217 3
227 256 4
86 139 1
72 169 41
126 224 2
16 158 1
9 33 9
39 67 1
12 141 1
23 52 2
162 251 1
79 229 79
145 196 3
99 226 1
150 246 2
1 2 1
85 176 1
172 231 172
1 147 1
21 64 14
26 115 1
6 152 6
42 56 2
80 237 1
85 157 3
110 153 1
209 219 1
106 108 60
50 145 3
22 153 9
47 241 2
210 231 3
30 229 2
35 168 35
41 80 41
13 152 13
1 229 1
17 235 4
126 254 2
38 64 38
103 180 1
1 144 1
142 200 1
113 133 2
2 154 2
58 102 2
76 114 6
77 222 8
145 166 117
3 134 1
130 253 3
75 226 2
70 153 1
82 86 1
81 213 2
178 226 2
9 122 1
35 232 1
3 75 2
84 239 6
125 231 2
9 218 1
84 177 4
191 223 1
121 218 1
93 114 26
11 159 11
26 99 1
13 172 3
246 248 1
76 127 2
153 233 1
170 209 170
102 165 2
25 80 1
18 91 8
3 154 3
16 228 1
167 195 1
95 228 2
4 21 4
139 208 2
15 75 7
93 214 2
177 210 177
2 104 2
132 250 1
88 130 2
27 245 6
58 196 4
67 249 1
73 139 13
176 234 1
95 118 2
32 125 2
21 175 2
180 191 1
213 243 1
43 172 3
5 50 1
3 43 3
131 182 46
112 255 2
20 35 1
70 185 2
93 140 4
60 169 1
28 205 3
83 142 2
143 194 17
29 40 1
146 242 9
1 80 1
14 154 3
90 149 1
57 228 3
121 247 44
148 185 7
77 239 6
44 137 1
72 81 1
3 10 3
10 32 2
192 231 82
133 247 1
13 43 13
121 134 1
4 221 1
159 234 2
94 231 1
30 142 20
2 127 2
11 12 2
56 238 2
70 78 1
150 192 2
47 191 1
77 84 8
35 176 35
204 228 3
36 69 1
181 213 2
178 216 1
147 174 2
45 140 1
42 215 1
19 139 1
44 81 1
53 227 2
53 163 1
92 164 1
160 192 1
42 136 42
113 244 3
105 217 3
1 240 1
97 176 44
4 73 4
201 221 1
6 25 6
13 38 4
128 250 1
47 108 1
4 245 4
43 73 13
77 244 3
135 187 6
128 245 2
6 24 6
45 174 1
79 159 2
30 78 1
90 191 1
15 63 2
251 254 251
14 234 2
19 72 19
1 235 1
171 239 2
145 159 2
121 147 1
138 152 4
34 73 1
109 170 3
3 192 3
187 239 23
47 143 4
15 28 2
4 17 4
109 212 6
95 142 7
14 147 14
37 83 2
115 144 1
113 234 2
213 236 2
96 181 1
37 110 14
202 220 9
4 152 4
65 249 1
67 203 1
1 151 1
162 248 16
171 189 70
80 195 80
39 251 39
41 214 1
12 188 12
8 50 8
217 249 3
77 124 6
4 249 4
88 213 88
2 217 2
88 171 2
38 102 2
189 241 189
21 235 14
140 210 104
22 108 22
52 198 2
116 247 116
71 212 2
16 179 1
36 218 36
140 181 4
182 232 46
3 64 3
28 53 2
133 248 1
216 255 1
45 119 1
1 31 1
35 97 35
28 250 1
47 118 47
33 128 1
41 215 41
43 225 4
80 215 46
113 233 6
121 228 1
150 163 1
61 234 2
11 133 11
8 90 6
48 101 1
113 193 6
103 151 1
87 184 2
6 42 4
55 146 1
146 251 1
22 129 1
92 217 1
125 181 2
5 218 1
22 191 9
169 195 80
208 251 11
40 214 11
96 111 1
84 194 4
159 241 11
42 132 21
119 246 14
174 220 1
9 155 9
199 252 1
98 126 1
38 178 38
73 84 24
17 124 4
56 221 1
117 124 3
45 116 44
154 170 117
116 154 1
70 169 1
24 178 4
191 219 141
31 246 2
61 217 2
165 191 1
51 163 1
99 218 1
69 173 1
93 249 6
165 252 37
172 216 1
44 250 44
47 157 3
84 88 2
114 148 2
2 25 2
153 254 1
99 206 41
51 109 6
165 193 4
86 197 86
206 253 1
13 217 3
1 6 1
15 30 7
5 106 1
69 164 1
40 171 40
1 88 1
82 112 2
71 162 1
149 166 1
110 112 2
22 252 1
113 182 1
163 202 9
38 169 1
208 231 2
6 109 6
50 204 13
217 231 3
107 218 1
163 190 1
23 226 2
97 236 1
177 204 4
51 157 3
66 203 1
51 154 3
16 195 1
89 230 4
41 209 1
175 252 2
123 222 4
119 232 1
2 89 2
200 232 92
139 179 1
114 255 6
11 112 11
145 170 117
157 177 3
165 180 1
49 50 1
154 229 117
162 239 1
103 218 1
1 211 1
121 197 44
18 176 1
69 152 1
4 38 4
32 181 2
57 229 3
17 191 1
134 162 1
184 228 2
123 187 4
103 209 1
70 112 11
48 123 4
107 189 40
25 78 1
21 186 14
110 252 14
50 249 13
190 195 1
45 112 1
176 230 1
48 181 6
68 207 40
166 246 3
12 194 4
13 236 4
229 252 3
33 146 9
133 159 11
21 178 14
12 235 4
94 157 1
113 202 1
13 95 2
24 171 2
135 182 1
141 250 1
172 223 172
92 197 1
1 140 1
227 236 4
166 198 117
193 230 4
124 135 124
85 220 1
150 220 1
82 228 82
45 158 44
50 139 13
146 160 60
5 18 1
98 122 1
132 143 4
100 133 11
95 146 1
86 252 1
207 213 2
106 146 60
39 63 39
195 221 1
49 155 1
54 142 2
50 81 2
19 81 1
190 237 2
178 236 4
13 188 6
72 233 1
130 220 1
48 230 4
109 157 3
119 227 14
4 54 4
1 198 1
4 193 4
78 216 9
1 37 1
2 138 2
44 129 1
92 111 1
48 207 2
121 225 1
63 112 11
71 174 71
154 208 2
48 109 48
11 150 11
42 158 1
49 229 1
37 187 4
148 153 1
98 168 44
30 175 20
100 224 2
44 180 44
90 240 90
43 249 13
20 165 2
2 51 2
58 143 58
43 245 13
80 200 80
121 143 1
70 103 1
10 154 3
142 215 1
39 93 2
6 38 4
36 38 1
79 170 79
151 250 86
26 51 25
6 91 6
156 233 1
57 108 1
16 27 1
4 123 4
105 256 6
42 71 2
32 157 2
196 236 4
10 14 3
191 231 1
79 117 79
41 120 19
91 151 1
10 256 3
8 190 4
115 231 1
61 120 1
7 66 1
85 118 47
129 150 2
103 202 9
1 56 1
41 99 41
146 224 1
163 256 1
11 49 1
2 214 2
42 218 1
189 193 2
30 116 1
14 200 1
38 110 38
1 41 1
40 145 2
4 110 4
1 161 1
155 204 1
171 221 1
148 154 2
93 105 6
166 213 2
72 182 41
63 195 1
10 57 10
2 246 2
28 75 2
64 195 1
15 88 2
224 254 2
18 84 8
65 133 1
147 246 14
2 83 2
136 166 3
72 99 41
106 233 1
189 228 2
100 128 2
1 79 1
21 130 3
11 244 2
21 190 21
39 100 11
39 237 11
55 238 2
64 190 14
86 111 1
90 114 6
65 203 65
167 189 11
17 168 1
4 227 4
3 168 1
10 82 3
177 178 14
119 242 1
123 213 2
70 161 11
133 253 2
115 184 1
105 141 1
1 239 1
36 182 1
47 230 47
41 158 1
43 207 2
6 233 6
114 208 2
127 151 1
64 253 14
218 245 1
169 170 1
4 88 2
1 109 1
76 109 6
121 242 1
7 95 7
12 45 1
1 179 1
98 165 1
147 192 3
77 125 2
60 219 9
223 227 3
98 175 1
94 118 1
42 224 2
84 241 2
87 95 7
106 227 1
43 255 43
31 95 7
35 178 1
95 195 1
153 218 1
134 182 46
135 245 6
14 256 4
107 146 1
100 214 11
129 242 1
116 197 44
31 144 1
3 252 3
2 179 1
20 161 2
147 153 1
95 245 2
38 197 1
6 43 6
193 204 6
2 186 2
61 85 2
106 210 1
125 127 40
110 196 38
201 251 2
171 185 2
97 179 1
70 201 2
143 156 1
26 246 4
56 141 1
33 136 1
26 175 2
90 256 6
29 168 1
138 178 14
34 146 9
164 188 6
13 114 6
166 248 1
12 211 2
181 209 3
45 250 45
102 183 11
195 204 1
77 193 6
90 218 1
237 244 2
90 176 1
44 98 44
81 175 20
6 143 4
157 217 3
29 136 1
199 256 1
108 160 60
35 93 1
27 140 4
27 158 1
49 176 44
3 245 3
207 231 2
23 76 23
68 150 40
13 77 8
79 245 3
36 214 1
137 252 4
49 158 44
50 63 2
51 90 6
3 240 3
89 133 2
18 137 8
10 77 3
76 245 6
178 250 1
172 241 2
86 98 44
62 74 62
64 147 38
42 202 1
67 237 1
4 225 4
112 160 1
34 103 9
11 169 1
139 194 4
51 53 2
91 126 6
127 205 2
16 236 1
2 250 1
121 240 1
92 239 1
58 107 2
160 182 1
26 64 4
105 239 105
4 23 4
36 39 1
83 252 2
63 159 11
146 154 1
75 193 2
208 214 11
54 77 8
6 245 6
17 133 2
108 204 1
12 217 3
51 256 51
150 189 40
215 233 1
50 137 13
234 247 1
125 165 2
193 255 6
159 161 11
143 198 3
73 82 3
38 140 14
147 178 38
150 248 1
219 242 9
19 249 1
37 227 14
67 196 1
159 229 2
19 184 1
139 245 13
45 182 1
52 220 1
85 119 47
30 54 2
63 104 2
5 62 1
49 216 1
23 108 1
22 163 22
131 199 1
61 203 1
61 175 61
100 131 1
1 136 1
2 173 2
173 240 4
7 240 2
4 113 4
13 33 1
223 231 172
107 135 2
123 235 14
77 117 3
6 193 6
24 229 3
1 155 1
46 154 1
174 234 71
95 176 1
1 213 1
160 181 1
97 165 1
114 175 2
7 30 7
21 128 2
34 173 1
23 24 6
29 198 1
1 175 1
151 158 44
9 204 1
1 186 1
101 191 9
72 223 1
76 139 6
112 197 1
181 207 2
40 112 11
136 228 3
38 186 14
11 40 11
131 141 1
46 247 1
3 54 3
9 30 1
130 235 3
143 159 2
109 126 12
66 115 44
53 234 53
89 216 1
121 145 1
76 77 6
12 201 3
120 188 1
33 216 9
1 241 1
127 159 11
11 198 2
168 247 44
147 173 14
168 252 1
81 87 20
2 8 2
77 142 2
170 181 3
116 141 1
55 154 3
224 226 62
1 3 1
58 178 4
95 189 2
62 81 2
132 190 132
6 31 2
88 142 2
203 216 1
58 124 4
189 218 1
13 158 1
92 190 1
33 120 1
1 91 1
69 115 1
140 222 4
46 215 46
177 202 1
4 252 4
84 89 4
48 192 3
3 37 3
1 244 1
34 155 34
50 142 2
128 211 128
16 205 1
93 110 4
60 240 1
77 181 8
2 224 2
11 38 2
149 176 1
34 111 1
118 210 14
65 215 1
147 196 38
93 150 2
53 62 53
2 4 2
134 233 1
1 138 1
222 255 13
50 77 8
97 105 1
77 86 1
108 126 1
45 168 44
51 55 25
8 54 8
56 180 1
24 228 3
107 141 1
85 236 4
59 248 1
25 114 25
161 183 161
71 218 1
123 165 14
2 233 2
23 45 1
111 202 1
99 120 19
118 206 1
192 223 82
10 130 3
49 101 1
61 200 1
23 132 4
51 64 4
24 135 6
98 247 66
67 93 1
1 32 1
52 249 2
1 217 1
9 177 1
34 169 1
27 193 26
75 242 1
83 177 2
58 221 1
50 74 2
8 184 2
27 249 6
2 230 2
1 47 1
161 176 1
15 61 7
25 49 1
169 200 80
2 166 2
107 256 2
27 196 4
3 181 3
49 131 1
134 195 80
2 85 2
32 249 2
47 68 2
182 235 1
179 245 1
76 101 1
13 242 1
126 243 1
8 239 6
215 242 1
101 208 1
40 153 1
75 88 2
72 132 1
119 189 2
3 249 3
209 248 1
170 188 3
140 235 14
141 171 1
91 188 6
1 61 1
74 113 2
63 128 2
59 179 5
78 176 1
165 196 14
100 243 1
193 239 6
35 165 1
16 247 1
6 76 6
70 120 1
81 143 2
86 246 1
23 101 1
63 240 2
70 146 1
4 118 4
211 248 1
92 182 46
13 249 13
19 99 19
103 148 1
136 245 4
129 192 129
115 116 44
37 216 1
111 227 1
52 64 2
89 209 3
127 150 127
158 167 1
120 251 1
69 72 41
23 249 6
21 132 21
29 59 5
126 195 1
58 93 4
36 248 1
73 222 24
83 221 1
75 115 1
6 240 6
7 209 2
223 242 1
112 214 112
124 155 1
132 194 4
19 46 19
3 8 3
5 247 1
114 127 2
9 78 9
180 243 45
55 240 6
150 230 2
39 207 11
195 239 1
61 110 2
79 130 79
59 65 1
104 246 104
133 214 11
5 180 1
111 147 1
20 126 2
73 147 4
10 140 3
131 206 41
106 199 9
59 99 1
130 154 79
18 142 2
1 237 1
2 64 2
18 181 8
143 173 4
164 173 4
51 93 25
82 168 1
34 248 9
119 135 4
77 90 6
100 107 100
54 169 1
8 132 4
3 136 3
11 16 1
155 195 1
11 148 2
21 253 21
136 178 14
199 240 1
165 235 165
3 161 2
75 93 2
1 45 1
59 167 1
2 30 2
67 193 1
14 85 14
29 60 1
2 68 2
26 256 25
175 213 2
35 213 1
75 77 2
86 155 1
17 120 1
2 16 1
1 185 1
7 196 2
9 102 1
7 92 1
3 145 3
43 250 1
12 84 6
20 147 2
17 114 4
19 44 1
70 189 70
100 125 40
38 85 14
44 66 44
34 136 1
39 145 2
139 152 13
48 184 2
182 200 46
201 220 1
48 85 4
2 184 2
183 196 2
215 255 1
171 230 2
128 238 88
38 237 2
176 195 1
18 62 2
60 248 9
126 204 6
86 121 44
40 104 2
13 204 13
111 179 5
58 228 3
176 189 1
46 195 46
36 92 1
50 136 4
1 153 1
51 84 6
85 245 4
54 85 4
1 238 1
6 69 1
28 90 3
21 138 21
3 186 3
39 242 1
44 200 1
252 253 14
179 234 1
68 238 2
3 57 3
33 153 9
1 168 1
27 131 1
47 162 1
180 245 1
120 207 1
33 199 9
84 244 3
2 27 2
106 137 1
35 237 1
126 220 1
179 241 1
183 233 2
36 80 1
101 242 9
67 83 1
123 193 4
141 222 1
188 254 2
80 236 1
42 122 1
68 70 40
141 162 9
88 153 1
61 185 61
46 211 1
29 39 1
108 172 1
189 233 2
1 218 1
91 137 13
59 149 1
3 47 3
89 181 4
1 121 1
37 243 1
163 197 1
14 21 14
205 228 82
29 111 5
15 35 1
88 100 2
38 155 1
67 242 9
156 158 1
27 189 2
39 167 11
98 173 1
4 239 4
15 25 2
76 132 4
2 91 2
4 255 4
6 50 6
49 91 1
2 88 2
140 143 4
35 246 1
110 158 1
100 106 1
48 242 1
84 110 4
108 133 1
38 218 1
38 229 3
225 230 119
1 197 1
31 57 2
110 145 3
226 235 2
139 198 3
77 137 8
83 219 1
31 148 7
120 201 1
160 237 1
151 180 45
40 230 2
30 214 2
120 213 1
79 105 3
30 95 7
1 100 1
63 251 39
52 211 2
3 244 3
45 95 1
26 162 1
37 181 4
214 248 1
8 203 1
44 141 1
1 94 1
10 49 1
2 228 2
13 86 1
148 211 2
31 185 20
29 228 1
174 209 2
141 242 9
119 186 47
31 167 2
19 32 1
60 96 60
2 97 1
40 107 40
8 11 2
67 231 1
8 93 6
44 121 44
52 74 2
3 165 3
46 131 46
52 229 2
34 153 34
174 186 2
11 120 1
97 115 44
79 163 1
117 166 117
84 135 6
2 81 2
89 228 3
68 125 40
8 194 4
141 151 1
174 185 2
11 240 2
121 172 1
82 223 82
158 176 44
95 119 2
139 228 3
19 34 1
172 184 2
157 215 1
83 139 2
1 42 1
92 216 1
71 138 2
89 136 4
181 194 4
36 231 1
56 150 11
94 200 1
1 90 1
212 251 2
143 144 1
159 178 2
113 126 12
125 207 125
181 247 1
178 193 4
2 21 2
27 173 4
10 134 1
74 84 2
80 169 80
76 191 1
50 84 13
97 110 1
167 230 2
109 120 1
30 133 2
191 245 1
124 212 6
25 145 3
3 23 3
60 220 9
27 70 2
58 187 4
79 154 79
4 12 4
112 251 11
186 210 14
58 169 1
7 104 2
107 204 2
3 82 3
42 209 3
42 170 3
1 187 1
190 196 14
19 41 19
134 169 134
127 137 2
148 152 2
84 245 84
161 170 2
153 160 9
174 224 71
33 227 1
3 110 3
1 21 1
112 183 11
164 196 4
132 253 21
185 218 1
3 135 3
127 234 2
166 201 79
21 248 1
138 180 1
166 209 117
15 20 7
1 34 1
4 98 1
3 140 3
64 109 4
96 160 96
88 247 1
134 229 1
3 251 2
64 252 14
188 190 4
213 239 2
44 176 44
87 224 2
128 184 128
6 188 6
2 47 2
53 104 2
140 195 1
235 240 4
139 255 13
46 235 1
123 186 47
98 231 1
1 210 1
211 222 2
1 184 1
153 167 1
48 60 1
4 154 3
89 143 89
31 61 20
12 50 6
53 63 2
51 69 1
130 215 1
82 156 1
15 47 2
2 17 2
53 215 1
61 74 2
102 199 1
14 227 14
2 255 2
223 228 82
30 151 1
87 204 2
176 179 1
158 188 1
27 57 3
107 136 2
107 222 2
207 240 2
64 104 14
1 236 1
33 66 1
115 155 1
107 223 2
141 220 9
181 202 1
46 99 46
31 93 2
194 203 1
14 37 14
32 84 2
14 29 1
103 226 1
144 166 1
165 247 1
137 166 3
56 79 2
80 196 1
199 247 1
20 178 2
8 47 4
122 165 1
44 231 1
82 151 1
64 73 4
4 177 4
20 81 20
15 87 7
90 252 4
109 113 12
209 233 3
6 208 2
184 241 2
46 203 1
20 252 2
56 160 1
159 254 11
39 46 1
1 145 1
80 205 1
178 234 2
40 241 40
93 213 2
130 209 79
73 230 4
70 249 2
1 142 1
1 12 1
4 42 4
126 188 126
112 159 112
55 239 6
19 215 19
18 43 8
9 119 1
16 52 1
39 254 39
4 157 3
89 114 4
31 175 20
110 189 2
112 143 2
29 206 1
125 247 1
122 201 1
127 157 2
16 167 1
102 138 2
145 154 145
174 250 1
149 164 1
108 143 1
173 243 1
11 39 11
1 220 1
122 179 1
8 71 2
6 148 2
2 140 2
17 126 4
9 19 1
48 233 6
33 148 1
82 140 3
143 148 2
119 173 119
228 247 1
210 252 14
50 228 3
115 248 1
21 109 4
80 99 46
134 215 46
34 121 1
2 188 2
188 224 2
90 241 2
24 139 13
133 254 133
46 62 1
34 223 1
43 88 2
204 247 1
3 128 2
60 222 1
213 238 213
131 158 1
102 251 11
97 100 1
4 186 4
83 226 62
38 57 3
79 198 79
44 115 44
87 165 2
149 219 9
96 155 9
82 117 3
15 211 2
115 225 1
3 233 3
11 237 11
171 251 11
35 146 1
2 203 1
68 105 2
86 168 44
44 45 44
65 185 1
70 170 2
121 232 1
107 174 2
29 41 1
50 222 13
102 249 2
26 217 3
2 61 2
45 243 45
11 178 2
164 254 2
152 182 1
2 118 2
204 222 13
33 173 1
39 80 1
137 204 137
67 219 9
24 137 13
95 185 7
59 174 1
82 131 1
70 114 2
163 233 1
79 83 2
26 198 3
2 63 2
1 200 1
118 186 47
126 157 3
212 231 3
83 133 2
192 194 3
91 97 1
2 207 2
46 212 1
8 13 8
197 215 1
57 126 3
143 223 3
138 165 14
134 206 41
20 251 2
187 207 2
95 209 2
72 213 1
2 245 2
22 62 1
74 192 2
30 31 20
186 203 1
113 225 4
145 256 3
161 251 39
45 48 1
3 60 1
98 158 44
23 105 23
16 248 16
79 118 3
200 233 1
69 114 1
239 240 6
236 254 2
3 246 3
198 227 3
31 232 1
14 96 1
160 246 1
53 201 2
98 115 44
44 151 44
93 148 2
4 130 3
214 216 1
249 255 13
167 243 1
18 149 1
141 160 9
9 22 9
153 220 9
6 79 3
52 128 2
144 176 1
89 177 4
1 205 1
44 247 44
79 114 3
38 107 2
135 240 90
114 203 1
19 182 19
2 164 2
1 102 1
219 246 1
1 251 1
2 82 2
49 97 45
2 196 2
11 254 11
108 213 1
34 160 9
151 197 151
133 172 2
148 169 1
64 151 1
141 167 1
84 228 3
32 176 1
139 249 13
47 140 14
18 218 1
108 216 9
56 100 11
69 238 1
48 149 1
2 23 2
57 113 3
112 127 11
104 177 104
122 224 1
51 186 4
89 239 4
4 85 4
23 33 1
143 238 2
190 243 1
111 149 1
89 194 17
1 123 1
61 80 1
173 222 4
33 207 1
179 180 1
98 221 1
35 86 35
1 130 1
219 248 9
146 150 1
7 46 1
80 102 1
10 217 3
18 73 8
16 116 1
86 144 1
153 208 1
45 145 1
222 243 1
203 248 1
32 128 2
1 199 1
65 234 1
207 246 2
35 44 35
156 172 1
45 101 1
160 206 1
69 215 46
1 252 1
137 151 1
51 212 6
70 207 70
130 166 79
78 166 1
28 219 1
105 135 6
233 250 1
90 160 1
22 94 9
3 217 3
63 254 39
87 243 1
131 171 1
59 144 1
131 143 1
3 84 3
145 193 3
47 253 14
136 145 3
2 201 2
31 32 7
221 248 1
26 39 2
131 250 1
91 152 24
47 136 14
29 179 29
2 160 1
103 166 1
91 222 24
241 251 11
58 63 2
90 243 1
77 162 1
25 123 4
57 209 3
111 256 1
3 4 3
4 47 4
41 195 41
23 141 1
181 204 181
14 42 14
104 110 14
169 206 41
38 201 3
22 89 1
3 248 1
64 206 1
183 209 2
56 133 11
60 243 1
57 70 2
1 169 1
119 151 1
95 184 2
184 238 88
133 148 2
208 234 2
128 210 2
197 201 1
11 251 11
1 207 1
63 236 2
60 216 9
225 228 3
6 123 4
26 186 4
125 208 40
7 15 7
8 245 8
1 176 1
135 250 1
130 199 1
20 31 20
105 187 23
48 89 4
47 119 47
1 234 1
150 237 40
61 142 61
118 138 14
6 13 6
130 248 1
3 17 3
2 198 2
17 129 3
3 124 3
168 245 1
13 119 4
87 232 1
166 231 3
150 155 1
25 33 1
205 231 205
3 50 3
225 227 14
99 155 1
138 217 3
14 19 1
78 125 1
71 116 1
243 250 45
1 40 1
2 213 2
190 246 14
176 232 1
143 202 1
113 168 1
1 253 1
23 27 6
52 241 2
4 240 4
128 173 2
136 217 3
7 12 2
28 222 3
122 155 1
50 196 4
146 156 60
71 224 71
1 106 1
2 13 2
98 191 1
231 255 3
17 249 4
134 200 80
111 190 1
19 40 1
136 246 14
16 231 1
28 57 3
37 71 2
150 238 2
128 167 2
140 230 14
63 238 2
4 90 4
2 177 2
43 213 2
3 25 3
213 228 2
7 52 7
43 196 4
51 68 2
61 184 2
10 131 1
84 141 1
10 251 2
98 166 1
48 126 12
215 222 1
6 12 6
56 167 56
7 87 7
101 216 9
5 178 1
212 214 2
158 250 44
5 76 1
96 191 9
23 73 6
126 229 3
90 233 90
164 187 23
71 243 1
54 57 3
69 130 1
149 220 9
21 90 4
50 75 2
142 217 2
51 238 2
189 220 1
44 61 1
66 78 1
8 82 3
192 205 82
73 201 3
78 96 9
20 166 2
38 89 4
13 129 3
155 199 9
112 224 2
123 173 123
40 42 2
9 45 1
3 178 3
17 67 1
1 143 1
30 180 1
53 224 53
50 162 1
187 225 4
77 237 2
141 219 141
75 140 2
142 185 61
159 205 2
40 125 40
207 241 70
12 23 6
113 165 4
50 226 2
6 81 2
12 46 1
38 116 1
84 138 4
131 145 1
128 225 2
41 101 1
82 129 82
37 252 37
29 97 1
127 174 2
70 127 40
20 256 2
92 183 1
92 249 1
10 207 2
1 159 1
82 106 1
1 73 1
88 200 1
191 242 9
88 185 2
19 116 1
171 208 40
148 166 2
28 142 2
28 175 2
1 4 1
28 255 3
65 186 1
161 230 2
80 151 1
86 119 1
14 221 1
181 196 4
64 77 4
41 210 1
121 158 44
172 214 2
131 191 1
8 109 6
189 207 70
160 243 1
92 131 46
1 16 1
131 213 1
85 140 14
74 83 62
137 236 4
25 41 1
1 24 1
40 98 1
129 228 129
42 140 14
6 110 4
9 67 9
63 222 2
4 139 4
161 167 11
14 230 14
180 218 1
140 189 2
80 86 1
126 156 1
139 218 1
86 176 44
54 137 13
36 150 1
130 194 3
154 217 3
132 142 2
83 188 2
123 225 119
61 172 2
56 110 2
2 102 2
58 240 4
20 176 1
87 195 1
12 197 1
66 247 66
87 233 2
120 131 19
62 243 1
31 160 1
119 182 1
99 182 46
8 137 8
48 114 6
45 121 44
2 24 2
96 103 60
44 143 1
24 163 1
84 251 2
1 110 1
116 249 1
93 245 6
148 163 1
123 152 4
16 35 1
155 191 9
153 199 9
4 190 4
105 131 1
29 112 1
89 236 89
152 185 2
108 156 60
86 255 1
14 50 4
81 219 1
73 124 6
50 245 13
55 144 1
41 115 1
28 169 1
138 169 1
16 115 1
91 245 24
50 73 13
40 68 40
88 211 88
210 246 177
68 127 40
77 255 8
198 232 1
119 165 14
106 220 9
13 245 13
35 250 35
24 152 24
58 218 1
106 156 106
35 121 35
8 77 8
189 201 2
35 249 1
8 255 8
201 209 79
12 240 6
45 86 45
129 136 3
8 120 1
135 235 4
11 207 11
120 164 1
87 148 7
18 222 8
20 181 2
63 102 11
155 242 9
41 46 41
173 228 3
1 157 1
179 210 1
147 193 4
1 52 1
57 245 3
66 254 1
3 90 3
120 134 19
26 128 2
97 183 1
55 113 6
101 153 9
212 215 1
97 191 1
190 227 14
9 199 9
2 114 2
5 11 1
54 209 3
12 27 6
111 153 1
15 79 2
66 173 1
24 125 2
14 252 14
43 77 8
49 197 49
3 256 3
46 67 1
69 126 1
28 221 1
12 117 3
1 9 1
101 154 1
32 52 7
94 162 16
7 61 7
124 249 6
216 237 1
156 231 1
225 247 1
84 109 6
133 243 1
35 164 1
129 223 82
70 206 1
69 229 1
24 222 24
31 129 2
91 221 1
2 240 2
115 121 44
43 54 13
6 113 6
76 121 1
45 197 45
155 219 9
14 178 14
10 26 3
199 211 1
12 186 4
14 39 2
92 181 1
112 156 1
6 18 6
82 127 2
79 220 1
81 122 1
31 81 20
70 238 2
71 225 2
2 58 2
109 252 4
193 195 1
13 35 1
35 225 1
67 220 9
74 133 2
48 209 3
90 211 2
140 177 104
56 235 2
72 134 41
50 252 4
5 179 5
113 181 6
108 167 1
115 151 44
125 159 11
83 238 2
20 30 20
136 147 14
188 212 6
40 81 2
75 133 2
68 254 11
115 179 1
1 171 1
75 94 1
204 241 2
44 152 1
32 81 7
199 219 9
27 102 2
106 230 1
164 215 1
8 222 8
64 85 14
57 90 3
31 117 2
104 109 4
129 205 82
75 81 20
32 239 2
15 148 15
112 207 11
13 123 4
159 163 1
37 74 2
1 149 1
161 242 1
172 228 82
4 80 1
131 156 1
82 148 2
35 179 1
7 142 7
142 203 1
11 57 2
64 143 4
163 200 1
54 105 6
179 254 1
86 186 1
214 235 2
44 111 1
60 116 1
58 183 2
4 181 4
88 207 2
180 212 1
158 180 44
188 235 4
156 163 60
159 240 2
177 227 177
94 106 9
114 172 3
165 168 1
52 174 2
36 73 1
67 135 1
2 194 2
128 198 2
151 243 45
77 245 8
54 215 1
23 127 2
2 254 2
205 217 3
29 200 1
155 203 1
26 227 4
72 120 19
73 243 1
255 256 6
102 148 2
122 248 1
31 156 1
67 216 9
89 235 4
23 221 1
183 206 1
113 187 6
24 249 24
12 76 6
170 220 1
69 166 1
20 53 2
134 203 1
25 175 2
12 17 4
145 241 2
130 145 79
234 249 2
113 190 4
194 227 4
107 150 40
164 242 1
40 255 2
126 135 6
140 183 2
82 244 82
131 175 1
25 26 25
45 102 1
123 194 4
173 210 14
238 242 1
34 232 1
146 208 1
1 167 1
22 65 1
102 125 40
37 43 4
29 94 1
3 91 3
41 179 1
197 240 1
33 70 1
74 167 2
46 214 1
126 144 1
33 212 1
32 57 2
96 100 1
15 235 2
109 250 1
59 232 1
55 242 1
57 58 3
55 189 2
24 54 24
2 28 2
1 173 1
75 148 7
94 202 94
164 193 6
100 148 2
1 49 1
6 23 6
66 145 1
70 111 1
75 176 1
145 240 3
90 197 1
4 14 4
65 164 1
45 63 1
127 217 2
10 44 1
58 110 4
44 49 44
233 240 90
91 241 2
129 144 1
71 234 71
13 44 1
90 195 1
55 95 2
105 193 6
2 130 2
72 197 1
112 128 2
17 178 4
165 173 14
103 150 1
69 190 1
143 157 3
19 87 1
120 125 1
87 142 61
89 252 4
28 244 3
6 77 6
118 172 3
62 224 62
22 115 1
126 203 1
2 73 2
67 208 1
91 153 1
64 123 14
36 124 1
49 255 1
46 222 1
17 104 4
56 184 2
129 231 82
67 191 9
14 92 1
2 252 2
9 160 9
71 226 62
19 198 1
1 27 1
1 103 1
3 113 3
43 148 2
15 241 2
19 170 1
25 132 4
86 87 1
151 217 1
52 148 7
65 130 1
154 223 3
89 204 4
117 128 2
198 231 3
58 177 4
150 212 2
73 241 2
160 244 1
155 193 1
3 225 3
20 33 1
12 98 1
126 249 6
138 173 14
235 253 14
38 66 1
1 63 1
97 243 45
3 185 2
118 154 3
86 157 1
171 228 2
102 207 40
66 255 1
114 192 3
181 224 2
41 134 41
91 179 1
34 102 1
123 184 2
16 233 1
110 235 14
14 89 4
183 237 11
39 238 2
58 73 4
137 159 2
91 173 4
76 102 2
97 167 1
1 25 1
44 95 1
31 231 2
92 211 1
70 250 1
43 231 3
56 191 1
38 168 1
11 92 1
44 56 1
23 58 4
125 241 70
13 41 1
62 192 2
152 189 2
3 24 3
39 54 2
63 226 2
98 185 1
119 204 4
12 190 4
73 186 4
28 225 3
120 233 1
44 86 44
108 212 1
4 58 4
76 187 23
39 229 2
149 165 1
79 205 3
84 152 54
61 233 2
233 252 4
2 161 2
168 178 1
21 136 21
119 213 2
6 26 6
3 118 3
38 213 2
4 217 3
229 233 3
43 139 13
59 114 1
24 105 6
2 3 2
191 256 1
20 148 7
11 88 2
77 88 2
112 216 1
37 40 2
111 196 1
1 97 1
126 163 1
18 184 2
38 196 38
73 74 2
160 227 1
51 61 2
80 120 19
18 69 1
109 216 1
93 220 1
34 235 1
19 173 1
10 181 3
23 164 23
12 256 6
51 106 1
204 240 6
1 77 1
95 124 2
10 151 1
71 180 1
12 57 3
71 248 1
137 191 1
63 115 1
54 222 54
8 43 8
4 124 4
108 120 1
85 225 47
9 221 1
76 156 1
65 247 1
51 126 6
30 32 7
10 205 3
4 206 1
172 179 1
4 18 4
2 204 2
42 171 2
95 117 2
89 158 1
71 87 2
23 117 3
63 230 2
46 182 46
137 255 13
98 207 1
7 59 1
89 139 4
80 155 1
84 127 2
28 196 3
167 251 11
102 150 40
131 220 1
59 98 1
210 230 14
83 159 2
234 235 2
89 245 4
181 246 4
69 169 46
90 193 6
61 181 2
66 224 1
61 121 1
13 92 1
1 133 1
2 143 2
207 229 2
171 184 2
144 161 1
70 208 40
15 52 7
61 102 2
2 231 2
1 67 1
147 198 3
1 243 1
133 142 2
93 218 1
118 173 118
48 246 4
12 22 1
124 229 3
28 165 3
1 127 1
43 181 13
12 44 1
67 94 9
110 225 14
6 93 6
242 247 1
135 239 6
3 205 3
90 236 4
163 216 9
58 251 2
151 219 1
118 225 118
2 190 2
1 172 1
167 211 2
55 171 2
36 204 1
46 249 1
165 227 14
2 171 2
68 100 68
19 120 19
107 254 11
52 99 1
103 156 60
43 50 13
1 26 1
24 64 4
76 124 6
101 246 1
35 68 1
1 22 1
58 236 58
18 37 4
2 26 2
155 171 1
145 229 117
12 139 6
3 193 3
103 160 60
167 208 11
13 73 13
1 62 1
68 102 68
54 246 4
14 132 14
1 99 1
4 256 4
5 110 1
63 188 2
180 236 1
132 249 4
131 209 1
94 121 1
66 243 44
57 218 1
153 223 1
186 222 4
18 245 8
153 256 1
9 34 9
125 237 70
156 178 1
110 147 38
25 256 25
33 101 33
39 214 11
3 104 3
208 254 11
59 218 1
6 55 6
2 187 2
45 180 45
197 250 86
52 95 7
134 237 1
90 165 4
63 220 1
124 255 6
223 244 223
25 211 2
14 38 14
127 179 1
37 52 2
41 231 1
7 254 2
150 219 1
100 145 2
4 222 4
95 175 7
37 123 14
2 115 1
2 20 2
88 224 2
68 95 2
134 218 1
7 79 2
158 245 1
1 118 1
143 180 1
36 179 1
59 229 1
24 95 2
30 81 20
11 156 1
62 232 1
1 212 1
121 210 1
84 164 6
6 212 6
74 132 2
104 230 14
46 80 46
9 146 9
2 139 2
136 138 21
122 203 1
47 125 2
21 72 1
1 93 1
114 224 2
4 194 4
75 186 2
26 249 6
58 213 2
36 230 1
60 160 60
91 150 2
53 74 53
92 159 1
17 214 2
106 147 1
1 188 1
233 248 1
1 250 1
3 139 3
37 169 1
223 250 1
23 193 6
2 256 2
17 189 2
18 214 2
56 237 11
135 164 6
122 249 1
46 219 1
232 249 1
114 197 1
60 132 1
53 230 2
35 98 35
110 116 1
1 46 1
14 27 4
64 220 1
11 18 2
103 118 1
85 97 1
25 135 6
113 164 6
116 134 1
26 242 1
41 186 1
15 108 1
70 241 70
186 244 3
14 205 3
131 169 46
29 116 1
128 197 1
65 144 65
48 93 6
46 251 1
83 244 2
39 208 11
96 108 60
128 227 2
81 256 2
54 171 2
45 124 1
1 69 1
58 227 4
18 71 2
40 70 40
27 149 1
124 173 4
182 191 1
164 212 76
21 26 4
7 203 1
81 229 2
54 152 54
4 8 4
178 225 14
157 239 3
124 240 90
120 151 1
147 236 4
9 141 9
156 223 1
93 246 4
36 51 1
76 123 4
40 111 1
52 75 20
184 234 2
38 139 4
28 41 1
180 250 45
176 187 1
16 78 9
27 114 27
90 110 4
83 163 1
15 49 1
57 123 3
16 208 1
3 255 3
1 82 1
7 138 2
51 193 25
9 106 9
124 228 3
62 142 2
91 160 1
196 224 2
34 109 1
34 47 1
69 228 1
32 245 2
3 58 3
154 166 117
145 190 3
45 79 1
10 223 3
78 175 1
30 186 2
238 240 2
148 180 1
104 165 14
132 217 3
22 138 1
99 159 1
163 252 1
12 74 2
171 217 2
3 21 3
105 147 4
42 254 2
124 188 6
15 145 2
102 245 2
124 241 2
33 215 1
52 137 2
165 230 14
7 112 2
65 202 1
183 234 2
40 195 1
1 60 1
107 153 1
11 189 11
12 124 6
170 176 1
181 186 4
9 248 9
196 225 14
115 124 1
143 186 4
139 142 2
53 70 2
78 117 1
83 85 2
118 197 1
62 199 1
3 166 3
4 137 4
78 101 33
41 218 1
98 111 1
198 244 3
170 217 3
68 240 2
167 184 2
85 104 14
58 75 2
8 129 3
1 201 1
133 224 2
17 60 1
6 239 6
28 100 2
108 254 1
185 223 2
4 233 4
25 229 3
38 67 1
5 29 5
50 243 1
46 134 46
70 129 2
135 185 2
65 240 1
53 83 53
208 252 2
158 168 44
9 96 9
55 217 3
143 236 89
25 72 1
116 121 44
14 47 14
55 111 1
1 164 1
130 205 3
142 219 1
96 206 1
106 240 1
113 148 2
5 163 1
36 203 1
58 128 2
32 210 2
159 166 2
77 167 2
182 203 1
100 127 40
143 147 4
126 202 1
61 213 2
18 93 6
133 186 2
2 227 2
60 173 1
192 228 129
36 57 1
53 147 2
85 113 4
63 237 11
119 123 119
112 190 2
2 159 2
18 105 6
2 128 2
86 97 45
52 243 1
141 204 1
111 170 1
67 245 1
45 251 1
219 237 1
131 229 1
131 248 1
7 38 2
6 181 6
206 240 1
27 251 2
64 210 14
99 131 46
121 252 1
102 124 2
108 176 1
56 189 11
1 190 1
104 234 2
41 167 1
102 194 2
47 233 4
4 68 2
18 54 8
37 192 3
66 107 1
59 152 1
194 236 17
20 99 1
178 194 4
103 163 103
144 153 1
189 208 40
113 170 3
4 140 4
13 240 6
99 195 46
96 101 9
1 216 1
183 247 1
166 170 117
63 208 11
203 229 1
85 190 14
65 66 1
34 104 1
114 234 2
81 178 2
3 198 3
130 198 79
49 195 1
31 188 2
49 212 1
195 237 1
33 84 1
112 237 11
9 108 9
132 140 14
73 81 2
76 158 1
1 163 1
110 173 14
201 250 1
141 248 9
14 196 14
125 157 2
71 167 2
55 107 2
20 185 20
23 114 6
50 236 4
25 36 1
3 143 3
138 249 4
25 48 6
70 237 70
189 237 189
83 112 2
97 168 44
151 163 1
72 166 1
116 142 1
1 39 1
89 172 3
52 206 1
201 245 3
48 103 1
74 234 62
60 233 1
69 99 46
203 214 1
155 192 1
32 185 7
33 118 1
23 187 23
246 251 2
85 139 4
66 131 1
2 124 2
54 84 54
234 253 2
104 135 4
99 215 46
82 219 1
23 212 23
27 256 25
1 55 1
157 197 1
229 236 3
47 132 14
40 133 11
81 217 2
26 74 2
2 209 2
24 214 2
176 184 1
101 250 1
49 136 1
77 118 4
1 224 1
109 160 1
3 173 3
158 243 44
1 11 1
23 161 2
167 186 2
108 253 1
80 209 1
158 175 1
1 104 1
1 72 1
119 196 14
5 206 1
44 189 1
138 209 3
165 246 14
83 128 2
99 167 1
32 51 2
34 89 1
44 89 1
160 219 9
104 227 104
142 224 2
43 119 4
203 209 1
218 221 1
56 63 11
67 158 1
85 92 1
112 252 2
192 244 82
165 224 2
40 217 2
147 212 4
10 227 3
97 205 1
39 45 1
15 185 7
193 220 1
4 43 4
5 92 1
217 256 3
197 244 1
166 173 3
133 150 11
19 206 19
103 176 1
29 217 1
85 196 14
78 160 9
94 198 1
92 169 80
141 213 1
211 235 2
163 191 9
55 161 2
27 75 2
62 240 2
66 121 44
181 230 4
228 244 82
184 206 1
150 207 40
122 141 1
115 158 44
9 202 9
96 156 96
14 175 2
1 152 1
13 189 2
49 221 1
18 249 8
20 230 2
74 184 2
1 54 1
83 255 2
8 115 1
1 124 1
93 194 4
53 173 2
103 146 103
74 246 2
135 241 2
103 152 1
41 43 1
67 150 1
60 153 9
231 244 172
126 207 2
154 157 3
167 214 167
120 206 19
58 141 1
205 243 1
11 248 1
186 236 4
172 192 82
211 230 2
65 113 1
93 236 4
47 210 14
204 220 1
38 207 2
8 213 2
107 226 2
95 137 2
124 253 4
31 92 1
3 119 3
151 153 1
15 31 7
58 192 3
188 239 6
182 206 41
74 224 62
69 182 46
199 202 9
226 245 2
107 251 11
77 173 4
40 179 1
39 252 2
161 213 2
178 204 4
26 148 2
54 58 4
128 182 1
123 154 3
85 166 3
33 96 9
147 254 2
11 151 1
89 96 1
160 218 1
179 190 1
203 256 1
153 226 1
2 229 2
1 182 1
8 139 8
1 150 1
94 184 1
68 149 1
70 214 11
49 139 1
47 177 14
56 203 1
157 194 3
4 102 2
134 232 80
109 239 6
44 197 44
180 201 1
195 200 195
40 240 2
116 193 1
190 253 21
1 18 1
76 224 2
104 136 14
55 173 4
8 155 1
82 83 2
84 193 6
2 191 1
6 85 4
129 174 2
1 227 1
250 252 1
79 98 1
76 197 1
4 188 4
84 255 13
6 20 2
97 223 1
121 168 44
112 161 11
5 112 1
60 172 1
84 186 4
66 104 1
58 84 4
3 105 3
51 105 6
55 256 25
16 82 1
22 45 1
93 151 1
93 256 25
216 233 1
14 86 1
189 242 1
72 206 72
85 111 1
34 152 1
1 33 1
81 131 1
48 248 1
98 116 66
117 201 79
169 184 1
55 93 26
56 214 56
2 172 2
148 175 7
49 243 45
125 138 2
44 63 1
1 95 1
91 202 1
158 236 1
213 223 2
91 190 4
9 233 1
3 12 3
94 141 9
92 112 1
118 211 2
2 70 2
15 45 1
4 76 4
92 195 92
45 107 1
12 249 6
97 158 44
200 249 1
112 174 2
172 207 2
11 100 11
5 133 1
202 209 1
117 234 2
196 210 14
2 208 2
243 247 44
123 160 1
57 69 1
243 253 1
10 55 3
39 102 11
57 198 3
22 74 1
98 134 1
105 124 6
81 83 2
93 100 2
213 252 2
108 182 1
25 93 25
158 221 1
88 199 1
163 212 1
174 253 2
123 256 4
30 75 20
52 107 2
102 137 2
142 167 2
28 215 1
64 103 1
69 218 1
36 206 1
96 216 9
68 241 40
162 209 1
142 172 2
12 136 4
122 212 1
190 231 3
151 195 1
29 42 1
169 182 46
66 171 1
17 88 2
16 162 16
119 216 1
52 129 2
61 252 2
172 247 1
235 252 37
1 113 1
194 232 1
30 135 2
49 170 1
39 228 2
126 256 6
92 99 46
85 110 14
94 98 1
120 200 19
69 225 1
14 110 14
66 98 66
226 234 62
116 157 1
117 206 1
234 238 2
26 164 6
185 194 2
41 67 1
9 140 1
1 146 1
93 124 6
59 181 1
1 115 1
147 177 14
104 180 1
85 173 47
111 194 1
55 227 4
80 103 1
2 126 2
149 242 149
107 208 68
95 161 2
89 122 1
2 129 2
103 108 103
145 171 2
13 218 1
111 182 1
89 110 4
8 89 4
80 206 41
65 218 1
87 154 2
64 132 14
171 253 2
54 94 1
61 68 2
59 225 1
85 230 47
160 242 9
24 123 4
147 217 3
104 133 2
90 109 6
98 183 1
33 228 1
8 240 6
157 159 2
173 251 2
94 197 1
39 159 11
77 202 1
8 91 8
24 240 6
97 144 1
32 115 1
60 115 1
144 203 144
57 158 1
24 186 4
19 65 1
84 214 2
101 141 9
42 64 14
1 59 1
32 224 2
48 150 2
69 111 1
34 91 1
40 161 11
82 205 82
122 145 1
27 55 27
222 225 4
32 146 1
26 124 6
14 104 14
208 238 2
243 252 1
37 64 14
10 147 3
9 43 1
43 101 1
71 154 2
119 184 2
13 91 13
64 68 2
121 176 121
68 227 2
125 167 11
49 250 49
201 227 3
47 74 2
1 242 1
26 143 4
100 208 68
