256 8447
158 204 158
74 113 74
122 139 122
58 248 50
118 212 110
50 171 50
92 206 92
70 99 62
169 203 158
51 130 44
238 247 230
8 163 8
64 241 56
44 254 44
1 107 1
48 203 38
237 252 230
7 151 1
85 110 74
212 229 212
189 209 182
38 98 38
95 176 86
96 233 86
184 214 176
88 243 80
124 127 116
97 147 86
43 157 32
18 93 8
115 254 104
171 236 164
53 223 44
73 202 62
232 256 224
158 192 158
144 149 134
105 173 98
145 253 134
80 252 80
168 229 158
66 223 56
152 154 146
80 85 74
134 197 134
11 254 2
156 221 146
49 107 38
210 217 200
117 226 110
212 214 206
57 61 50
116 147 116
26 89 26
94 210 86
153 199 146
190 240 182
212 225 212
60 134 50
30 159 20
131 241 122
50 66 50
31 113 20
2 58 2
119 250 110
29 254 20
56 175 56
11 248 2
63 158 56
215 222 206
130 160 122
104 170 104
1 36 1
117 167 110
213 228 206
208 254 200
118 185 110
72 77 62
70 163 62
150 241 140
66 199 56
26 158 26
16 51 8
18 167 8
159 184 152
107 109 98
28 30 20
209 210 200
235 247 224
1 157 1
178 224 170
204 209 194
74 186 74
9 181 2
221 256 212
134 222 134
161 240 152
2 131 2
55 208 44
8 86 8
85 130 74
218 244 218
68 143 68
27 66 20
8 37 8
19 210 8
223 253 212
214 246 206
10 72 2
41 145 32
150 237 140
71 73 62
105 161 98
114 170 104
31 126 20
101 184 92
153 209 146
26 60 26
211 243 200
56 124 56
10 190 2
52 170 44
23 98 14
38 206 38
75 243 68
2 247 2
7 150 1
214 235 206
112 247 104
25 131 14
188 189 182
68 181 68
167 207 158
137 151 128
123 131 116
13 139 2
57 102 50
129 133 122
104 159 104
52 148 44
102 247 92
176 240 176
182 231 182
242 245 236
200 202 194
26 201 26
56 61 50
69 102 62
219 234 212
38 222 38
160 185 152
39 43 32
14 79 14
101 191 92
56 196 56
124 243 116
91 143 80
94 192 86
103 209 92
26 99 26
59 254 50
148 254 140
98 220 98
144 242 134
9 253 2
48 232 38
50 198 50
24 198 14
74 124 74
4 67 1
2 64 2
40 115 32
125 127 116
165 185 158
32 91 32
20 137 20
104 124 104
84 244 74
97 186 86
56 62 56
173 244 164
238 241 230
144 170 134
1 136 1
96 168 86
152 231 152
59 125 50
13 176 2
181 207 170
43 255 32
134 186 134
80 130 80
50 58 50
64 240 56
189 249 182
243 244 236
120 138 110
196 199 188
14 73 14
107 126 98
26 161 26
197 252 188
167 168 158
29 220 20
118 234 110
40 254 32
86 210 86
183 251 176
19 94 8
64 121 56
152 222 152
156 244 146
10 127 2
123 136 116
21 200 14
92 255 92
102 215 92
79 251 68
20 162 20
20 63 20
40 154 32
1 148 1
31 74 20
24 45 14
83 152 74
92 123 92
92 98 92
7 249 1
82 251 74
8 96 8
56 77 56
129 145 122
41 179 32
159 226 152
146 198 146
23 192 14
9 145 2
193 246 182
79 201 68
80 216 80
83 130 74
15 18 8
33 37 26
177 181 170
4 56 1
20 31 20
96 216 86
187 241 176
133 185 122
149 219 140
71 87 62
195 202 188
12 188 2
39 142 32
58 233 50
105 133 98
20 150 20
122 126 116
101 102 92
143 201 134
154 216 146
161 217 152
72 125 62
205 235 194
50 256 50
120 159 110
146 215 146
21 248 14
63 212 56
104 134 104
70 75 62
20 39 20
57 106 50
130 134 122
55 165 44
204 212 194
169 212 158
48 167 38
140 144 134
72 164 62
38 40 32
20 100 20
116 231 116
110 144 110
12 191 2
98 238 98
36 157 26
20 202 20
34 224 26
44 105 44
194 218 194
95 197 86
60 159 50
26 84 26
20 118 20
111 161 104
44 131 44
26 50 26
131 164 122
150 226 140
117 199 110
38 195 38
55 207 44
174 232 164
58 141 50
59 167 50
144 177 134
50 86 50
46 143 38
188 206 188
12 65 2
62 254 62
1 48 1
93 96 86
68 126 68
8 140 8
22 173 14
20 97 20
84 204 74
77 168 68
11 88 2
2 239 2
73 213 62
62 116 62
69 208 62
244 247 236
138 181 128
8 46 8
142 225 134
1 51 1
181 204 170
155 233 146
55 111 44
145 217 134
67 107 56
2 6 1
1 60 1
61 186 50
62 96 62
80 154 80
29 51 20
210 256 200
125 126 116
18 213 8
232 238 224
150 182 140
59 242 50
94 124 86
102 117 92
74 235 74
174 183 164
139 156 128
198 243 188
69 190 62
74 193 74
48 195 38
186 227 176
29 207 20
38 43 32
203 253 194
10 96 2
10 25 2
82 185 74
166 171 158
135 190 128
84 188 74
222 244 212
4 199 1
177 178 170
1 180 1
72 228 62
57 129 50
49 248 38
131 244 122
8 108 8
102 171 92
97 109 86
155 159 146
219 235 212
44 190 44
33 214 26
232 244 224
158 161 152
196 252 188
23 243 14
146 239 146
88 219 80
157 225 146
68 254 68
97 229 86
20 219 20
98 239 98
144 209 134
50 185 50
151 229 140
88 226 80
38 90 38
1 146 1
90 140 80
116 253 116
176 254 176
152 161 152
68 203 68
38 77 38
36 192 26
209 213 200
99 238 92
125 254 116
138 178 128
215 227 206
49 156 38
52 211 44
62 123 62
93 236 86
16 163 8
18 154 8
80 226 80
106 248 98
6 40 1
63 67 56
164 181 164
152 238 152
20 110 20
135 251 128
213 217 206
121 208 110
174 255 164
109 254 98
65 113 56
81 82 74
17 140 8
233 241 224
62 102 62
222 237 212
32 85 32
194 252 194
156 236 146
13 185 2
68 153 68
21 242 14
82 175 74
188 207 188
127 231 116
159 253 152
141 234 134
98 124 98
68 230 68
180 248 170
59 209 50
213 250 206
92 146 92
176 196 176
123 160 116
8 54 8
20 203 20
50 95 50
238 245 230
116 237 116
169 177 158
68 171 68
144 179 134
6 50 1
26 203 26
8 10 2
250 254 242
14 53 14
150 256 140
80 125 80
130 186 122
147 155 140
145 243 134
50 109 50
72 237 62
89 91 80
223 238 212
18 122 8
154 253 146
84 220 74
2 48 2
57 62 50
146 158 146
29 36 20
229 246 218
24 143 14
92 199 92
11 104 2
97 146 86
87 199 80
100 101 92
167 206 158
214 217 206
35 242 26
78 104 68
58 238 50
118 236 110
31 37 20
8 24 8
123 184 116
36 150 26
185 199 176
15 231 8
123 170 116
60 106 50
227 247 218
64 81 56
2 113 2
62 74 62
181 191 170
34 232 26
66 189 56
164 197 164
180 205 170
172 201 164
20 93 20
20 208 20
115 191 104
176 197 176
123 186 116
50 137 50
144 165 134
79 101 68
36 99 26
220 237 212
164 180 164
63 157 56
2 42 2
14 198 14
7 209 1
25 194 14
152 245 152
62 127 62
246 247 236
161 202 152
73 253 62
29 39 20
7 155 1
5 88 1
176 217 176
81 115 74
21 223 14
77 231 68
21 140 14
19 82 8
116 117 110
27 178 20
137 254 128
156 217 146
70 252 62
177 230 170
149 176 140
138 148 128
122 152 122
50 52 44
47 100 38
19 116 8
157 224 146
160 239 152
159 206 152
213 254 206
13 31 2
143 162 134
203 226 194
114 129 104
95 239 86
26 31 20
110 152 110
57 229 50
86 170 86
75 130 68
150 160 140
77 230 68
53 70 44
128 132 122
135 252 128
109 137 98
18 242 8
64 160 56
1 184 1
49 116 38
27 79 20
164 169 158
121 256 110
23 24 14
83 117 74
26 74 26
4 177 1
210 221 200
162 180 152
4 126 1
32 203 32
100 137 92
158 224 158
156 201 146
115 194 104
88 222 80
122 224 122
110 158 110
2 44 2
58 159 50
56 212 56
67 89 56
37 170 26
199 209 188
123 176 116
135 136 128
178 210 170
182 241 182
187 231 176
101 111 92
128 194 128
24 145 14
195 254 188
154 159 146
1 149 1
26 77 26
4 130 1
128 139 128
208 224 200
136 151 128
243 255 236
53 219 44
55 68 44
170 241 170
20 36 20
147 231 140
32 105 32
65 123 56
27 111 20
90 129 80
75 77 68
128 162 128
104 150 104
80 100 80
43 182 32
159 234 152
6 198 1
59 75 50
30 255 20
146 225 146
66 105 56
26 39 26
84 192 74
6 217 1
82 202 74
15 230 8
92 128 92
26 155 26
20 165 20
168 183 158
176 189 176
68 93 68
20 113 20
34 173 26
138 150 128
176 181 170
119 202 110
33 99 26
156 240 146
150 212 140
106 224 98
113 169 104
12 50 2
147 228 140
58 205 50
90 109 80
20 151 20
99 228 92
56 182 56
128 168 128
35 131 26
199 220 188
14 107 14
26 157 26
110 155 110
87 254 80
202 217 194
38 85 38
32 145 32
74 221 74
55 89 44
8 19 8
10 148 2
154 171 146
155 162 146
78 210 68
67 234 56
14 45 14
183 254 176
172 185 164
237 254 230
96 134 86
175 242 164
26 62 26
82 93 74
34 36 26
29 157 20
74 135 74
59 112 50
38 223 38
74 143 74
90 203 80
70 254 62
40 188 32
26 169 26
143 169 134
144 185 134
77 152 68
17 76 8
43 111 32
190 231 182
110 248 110
17 111 8
114 228 104
140 149 140
97 138 86
9 157 2
225 227 218
70 152 62
97 236 86
171 194 164
53 216 44
20 72 20
70 179 62
27 55 20
95 101 86
183 216 176
162 184 152
32 178 32
50 71 50
234 242 224
69 215 62
126 229 116
41 76 32
130 254 122
134 166 134
109 129 98
114 185 104
76 226 68
135 161 128
94 183 86
65 242 56
133 143 122
26 59 26
52 102 44
191 193 182
52 254 44
38 228 38
22 54 14
86 144 86
232 233 224
47 254 38
144 154 134
150 244 140
102 190 92
110 115 104
191 222 182
199 202 188
26 51 26
134 244 134
27 99 20
127 227 116
2 81 2
76 122 68
20 123 20
212 213 206
236 240 230
2 137 2
175 241 164
33 125 26
126 160 116
10 182 2
152 184 152
1 39 1
61 104 50
57 254 50
10 59 2
79 255 68
72 227 62
14 34 14
98 174 98
32 156 32
48 233 38
100 134 92
131 199 122
86 103 86
85 127 74
20 205 20
186 187 176
86 226 86
15 185 8
90 146 80
21 205 14
158 237 158
204 241 194
62 90 62
192 231 182
25 78 14
1 32 1
114 125 104
197 199 188
73 177 62
111 175 104
23 25 14
33 165 26
1 23 1
20 106 20
129 131 122
138 187 128
88 100 80
102 180 92
66 120 56
18 162 8
159 218 152
80 99 80
54 87 44
32 202 32
117 196 110
70 118 62
139 158 128
70 246 62
250 251 242
154 156 146
2 189 2
197 221 188
83 120 74
49 252 38
20 91 20
134 172 134
46 243 38
220 251 212
111 198 104
18 256 8
92 150 92
162 210 152
86 196 86
102 233 92
20 177 20
137 206 128
92 214 92
139 206 128
20 51 20
50 122 50
14 75 14
129 150 122
212 239 212
48 71 38
172 191 164
22 23 14
180 240 170
1 168 1
60 219 50
8 91 8
153 241 146
8 139 8
221 223 212
124 129 116
202 244 194
155 229 146
24 150 14
204 234 194
104 145 104
3 97 1
113 239 104
26 58 26
157 158 146
168 213 158
46 207 38
150 190 140
105 237 98
50 196 50
74 198 74
200 250 200
170 229 170
57 75 50
116 133 116
194 196 188
124 225 116
152 218 152
8 146 8
141 145 134
189 243 182
132 141 122
98 187 98
54 254 44
41 190 32
20 88 20
68 151 68
136 188 128
64 105 56
27 30 20
144 169 134
20 80 20
94 241 86
74 157 74
104 172 104
26 251 26
133 250 122
74 222 74
227 229 218
25 201 14
134 238 134
86 154 86
1 46 1
37 212 26
58 59 50
14 64 14
72 107 62
7 25 1
121 224 110
197 223 188
131 190 122
230 234 224
18 64 8
48 254 38
192 252 182
234 243 224
73 75 62
82 196 74
113 254 104
32 119 32
160 218 152
70 237 62
6 235 1
84 117 74
2 76 2
236 246 236
79 183 68
72 175 62
19 126 8
209 217 200
142 201 134
39 40 32
11 145 2
164 187 164
67 185 56
107 167 98
237 239 230
26 30 20
188 209 188
137 237 128
21 25 14
160 166 152
104 220 104
152 165 152
63 167 56
7 227 1
44 178 44
58 184 50
41 80 32
40 134 32
77 147 68
46 130 38
65 195 56
14 170 14
4 218 1
49 188 38
72 171 62
158 218 158
106 108 98
110 243 110
104 242 104
140 203 140
1 14 1
30 222 20
103 190 92
59 124 50
161 244 152
131 175 122
68 131 68
54 55 44
79 117 68
74 97 74
14 185 14
86 114 86
20 121 20
157 242 146
192 193 182
166 186 158
179 199 170
146 226 146
13 125 2
200 217 200
26 73 26
18 228 8
23 168 14
53 115 44
170 188 170
12 153 2
27 74 20
121 255 110
78 235 68
44 109 44
103 106 92
114 124 104
227 254 218
20 79 20
79 148 68
68 79 68
149 160 140
213 223 206
27 29 20
139 152 128
105 223 98
8 150 8
101 139 92
206 215 206
127 149 116
2 47 2
6 175 1
70 105 62
26 76 26
210 220 200
221 228 212
90 136 80
191 252 182
32 42 32
14 254 14
44 53 44
75 88 68
1 98 1
194 242 194
122 150 122
21 40 14
248 253 242
60 136 50
90 215 80
27 36 20
90 243 80
68 189 68
72 143 62
102 193 92
143 255 134
90 113 80
154 197 146
38 44 38
147 150 140
115 165 104
95 206 86
146 204 146
26 122 26
145 153 134
50 53 44
115 215 104
123 192 116
63 231 56
67 124 56
20 180 20
182 186 176
76 215 68
181 186 170
48 231 38
167 219 158
36 64 26
22 220 14
8 69 8
23 121 14
36 45 26
53 124 44
69 161 62
89 124 80
80 169 80
25 52 14
234 246 224
15 16 8
21 27 14
2 87 2
152 219 152
173 256 164
109 173 98
176 192 176
26 181 26
157 167 146
100 193 92
157 173 146
150 189 140
74 161 74
55 99 44
104 111 104
103 108 92
232 234 224
143 254 134
78 249 68
70 129 62
152 232 152
22 212 14
46 105 38
200 214 200
201 220 194
179 245 170
159 248 152
45 75 38
138 183 128
122 123 116
207 247 200
92 233 92
196 227 188
203 247 194
194 203 194
2 97 2
88 244 80
8 131 8
26 227 26
108 176 98
195 245 188
85 169 74
70 187 62
69 212 62
123 161 116
54 147 44
38 136 38
24 25 14
129 184 122
3 172 1
193 242 182
64 69 56
155 236 146
28 150 20
128 215 128
67 159 56
87 141 80
12 252 2
28 85 20
136 154 128
123 207 116
122 148 122
21 92 14
53 239 44
51 111 44
113 175 104
82 84 74
212 246 212
224 226 218
17 30 8
30 254 20
111 228 104
20 241 20
61 183 50
98 210 98
62 111 62
142 145 134
62 130 62
38 49 38
116 179 116
146 148 140
16 122 8
2 150 2
82 152 74
1 132 1
44 158 44
29 124 20
29 34 20
22 83 14
81 171 74
173 226 164
175 193 164
104 171 104
57 144 50
218 223 212
201 214 194
26 68 26
120 162 110
92 105 92
154 201 146
94 151 86
157 202 146
30 116 20
1 50 1
21 202 14
14 37 14
23 151 14
7 176 1
171 204 164
156 197 146
83 253 74
74 189 74
250 256 242
81 124 74
133 146 122
32 137 32
206 254 206
175 229 164
104 202 104
99 102 92
57 105 50
68 110 68
3 13 1
8 36 8
104 234 104
196 234 188
69 172 62
9 13 2
156 192 146
50 141 50
147 202 140
51 219 44
26 186 26
104 201 104
176 195 176
108 254 98
110 173 110
191 223 182
84 254 74
17 155 8
44 200 44
134 153 134
32 53 32
110 198 110
9 16 2
68 87 68
41 88 32
197 246 188
162 211 152
157 221 146
40 157 32
161 241 152
71 134 62
65 214 56
36 42 26
127 159 116
128 137 128
188 213 188
28 29 20
117 128 110
51 164 44
172 194 164
179 254 170
82 148 74
155 196 146
236 250 236
51 107 44
65 133 56
137 230 128
48 173 38
27 48 20
44 218 44
6 192 1
17 222 8
22 46 14
84 175 74
49 181 38
39 116 32
60 154 50
173 175 164
57 99 50
133 248 122
41 226 32
37 156 26
119 120 110
174 175 164
1 106 1
26 214 26
133 219 122
172 217 164
20 116 20
64 101 56
49 151 38
215 243 206
51 80 44
68 73 62
103 122 92
77 104 68
71 240 62
189 195 182
160 198 152
44 230 44
96 138 86
116 201 116
157 177 146
105 185 98
102 254 92
8 64 8
9 134 2
25 48 14
145 155 134
163 175 152
106 254 98
25 212 14
98 135 98
56 86 56
195 236 188
185 197 176
173 210 164
152 199 152
115 183 104
51 53 44
62 157 62
21 197 14
62 251 62
53 128 44
82 254 74
160 192 152
75 76 68
56 85 56
225 233 218
204 237 194
74 172 74
127 253 116
58 60 50
49 177 38
125 157 116
36 245 26
244 245 236
29 242 20
25 204 14
1 134 1
32 227 32
218 256 218
138 186 128
26 117 26
44 119 44
33 111 26
56 154 56
2 192 2
151 164 140
44 100 44
200 254 200
13 186 2
192 229 182
114 182 104
190 193 182
17 94 8
126 177 116
20 48 20
127 169 116
40 95 32
193 228 182
6 80 1
8 41 8
62 64 56
154 168 146
80 96 80
149 190 140
103 203 92
50 140 50
134 137 128
11 194 2
189 254 182
104 142 104
86 233 86
31 36 20
38 171 38
5 192 1
86 127 86
8 120 8
209 241 200
195 204 188
82 101 74
140 142 134
171 239 164
50 105 50
128 208 128
14 15 8
26 147 26
98 101 92
94 185 86
58 109 50
132 187 122
50 147 50
197 203 188
89 103 80
58 144 50
240 245 230
53 247 44
104 143 104
2 156 2
45 47 38
84 151 74
186 214 176
26 134 26
182 184 176
196 209 188
82 114 74
92 135 92
60 132 50
99 245 92
116 134 116
8 75 8
20 26 20
90 238 80
107 255 98
144 237 134
157 249 146
249 250 242
56 211 56
205 243 194
197 208 188
56 173 56
105 256 98
2 84 2
223 228 212
90 111 80
189 217 182
74 206 74
52 68 44
32 106 32
57 149 50
41 91 32
20 32 20
62 131 62
203 225 194
240 253 230
73 108 62
131 198 122
109 185 98
134 209 134
84 168 74
136 246 128
104 106 98
131 206 122
68 96 68
159 168 152
56 201 56
121 189 110
140 210 140
98 125 98
132 173 122
81 185 74
2 144 2
185 236 176
80 145 80
61 252 50
172 256 164
130 212 122
201 202 194
155 164 146
234 248 224
172 177 164
25 59 14
88 89 80
78 109 68
128 172 128
200 239 200
44 50 44
154 178 146
185 228 176
86 136 86
94 105 86
186 191 176
33 190 26
62 89 62
139 192 128
169 254 158
65 103 56
181 200 170
55 168 44
47 144 38
63 171 56
71 91 62
63 244 56
60 246 50
10 40 2
184 196 176
137 175 128
117 179 110
158 233 158
12 105 2
44 183 44
14 44 14
141 161 134
93 100 86
12 81 2
184 204 176
124 147 116
238 250 230
123 239 116
95 185 86
3 62 1
76 88 68
26 38 26
33 218 26
116 234 116
235 239 224
80 173 80
51 54 44
89 134 80
110 256 110
143 170 134
163 208 152
187 242 176
150 165 140
62 242 62
201 221 194
170 171 164
126 141 116
198 246 188
122 229 122
94 250 86
156 216 146
193 198 182
145 213 134
222 233 212
16 134 8
132 135 122
97 126 86
90 218 80
20 163 20
86 254 86
4 112 1
39 219 32
1 80 1
44 88 44
3 5 1
2 15 2
39 54 32
135 137 128
34 218 26
105 123 98
67 205 56
86 203 86
127 170 116
1 150 1
102 232 92
27 183 20
170 173 164
118 199 110
236 239 230
174 202 164
130 182 122
219 225 212
35 75 26
136 230 128
128 241 128
55 189 44
83 85 74
93 188 86
94 218 86
69 150 62
109 222 98
116 126 116
99 130 92
80 87 80
161 213 152
181 235 170
107 172 98
164 217 164
140 204 140
67 85 56
132 176 122
221 253 212
234 236 224
43 98 32
164 190 164
97 150 86
227 228 218
28 109 20
73 126 62
118 179 110
37 203 26
140 190 140
78 252 68
228 251 218
85 228 74
134 136 128
112 254 104
32 44 32
52 233 44
48 239 38
73 221 62
62 84 62
207 210 200
82 193 74
1 47 1
163 246 152
147 175 140
17 145 8
22 101 14
156 198 146
69 247 62
2 140 2
228 229 218
108 151 98
62 136 62
32 39 32
26 215 26
27 94 20
87 215 80
77 169 68
231 253 224
201 205 194
240 255 230
122 215 122
1 57 1
198 254 188
14 76 14
68 98 68
74 102 74
23 60 14
51 196 44
70 194 62
44 61 44
38 122 38
85 241 74
26 93 26
208 243 200
199 215 188
105 251 98
142 204 134
243 245 236
77 185 68
32 147 32
9 23 2
116 222 116
191 206 182
58 256 50
89 254 80
222 229 212
111 130 104
2 208 2
106 119 98
24 125 14
116 229 116
101 194 92
80 159 80
16 18 8
46 202 38
95 253 86
245 249 236
68 188 68
156 157 146
34 185 26
77 122 68
232 254 224
119 138 110
62 144 62
113 173 104
66 241 56
79 125 68
2 116 2
93 213 86
73 150 62
92 256 92
60 108 50
3 21 1
100 166 92
226 256 218
209 236 200
28 86 20
172 174 164
21 123 14
55 254 44
144 180 134
79 93 68
105 248 98
118 239 110
136 212 128
15 99 8
6 142 1
126 194 116
177 221 170
125 218 116
122 191 122
68 107 68
20 135 20
43 203 32
19 137 8
46 161 38
6 185 1
139 171 128
20 214 20
195 221 188
62 204 62
17 56 8
41 53 32
31 229 20
123 145 116
83 97 74
110 162 110
178 184 170
38 106 38
27 106 20
134 250 134
127 193 116
62 69 62
5 129 1
217 226 206
117 129 110
219 224 212
62 76 62
50 124 50
62 67 56
110 170 110
8 60 8
40 172 32
130 253 122
179 211 170
70 72 62
194 233 194
23 126 14
249 253 242
45 241 38
3 169 1
27 147 20
12 90 2
20 221 20
239 254 230
41 177 32
7 39 1
212 231 212
64 150 56
43 69 32
119 208 110
64 89 56
201 253 194
7 9 1
91 130 80
171 176 164
90 235 80
20 132 20
57 93 50
15 162 8
151 200 140
94 152 86
115 224 104
114 120 104
181 228 170
54 89 44
170 254 170
51 63 44
189 192 182
50 120 50
1 135 1
115 197 104
86 120 86
8 104 8
20 58 20
203 239 194
149 221 140
58 242 50
109 213 98
128 187 128
103 109 92
66 252 56
32 109 32
37 40 26
71 242 62
38 155 38
108 255 98
77 146 68
152 160 152
223 251 212
107 112 98
82 225 74
104 112 104
81 188 74
1 68 1
219 239 212
154 167 146
12 122 2
121 194 110
73 244 62
191 233 182
36 144 26
86 106 86
45 144 38
26 187 26
2 53 2
80 175 80
124 211 116
14 18 8
25 100 14
105 184 98
147 252 140
176 221 176
141 243 134
80 107 80
245 254 236
1 63 1
118 244 110
3 159 1
115 163 104
223 244 212
104 149 104
57 59 50
128 164 128
45 49 38
98 165 98
22 226 14
30 63 20
222 227 212
80 203 80
10 103 2
20 105 20
70 73 62
225 251 218
120 151 110
172 222 164
133 148 122
129 236 122
32 120 32
32 232 32
58 202 50
175 212 164
39 253 32
61 97 50
203 237 194
241 254 230
136 167 128
41 49 32
86 97 86
153 210 146
8 15 8
28 217 20
245 252 236
98 106 98
116 156 116
148 171 140
218 246 218
97 133 86
214 231 206
45 112 38
36 118 26
99 200 92
204 254 194
34 204 26
202 236 194
198 201 188
189 222 182
191 212 182
159 187 152
35 195 26
100 204 92
131 196 122
158 230 158
246 251 236
36 104 26
83 147 74
78 197 68
218 242 218
21 90 14
101 254 92
14 52 14
156 213 146
81 250 74
103 135 92
62 189 62
20 130 20
71 243 62
130 242 122
227 232 218
161 173 152
92 171 92
129 182 122
97 139 86
187 191 176
81 256 74
56 178 56
150 217 140
60 182 50
135 216 128
144 239 134
203 205 194
40 211 32
8 145 8
108 244 98
196 216 188
182 202 182
116 220 116
62 126 62
20 44 20
1 4 1
252 255 242
2 13 2
20 172 20
12 91 2
176 255 176
129 144 122
235 254 224
167 239 158
228 235 218
112 141 104
40 180 32
48 78 38
23 182 14
14 54 14
48 193 38
116 247 116
185 253 176
246 249 236
168 206 158
109 117 98
21 63 14
8 222 8
51 71 44
56 78 56
214 255 206
205 224 194
59 82 50
219 236 212
32 93 32
154 212 146
218 238 218
122 186 122
213 216 206
167 210 158
93 97 86
33 79 26
153 254 146
38 53 38
97 98 86
168 234 158
116 207 116
216 255 206
128 216 128
107 227 98
83 192 74
43 244 32
156 229 146
26 133 26
50 64 50
1 256 1
99 203 92
68 138 68
55 179 44
38 93 38
42 187 32
20 37 20
14 60 14
63 204 56
9 89 2
30 240 20
10 144 2
38 84 38
1 19 1
41 42 32
67 75 56
8 21 8
226 255 218
21 156 14
43 254 32
31 225 20
56 189 56
149 203 140
8 87 8
55 209 44
12 254 2
15 167 8
198 214 188
23 77 14
86 195 86
104 247 104
120 242 110
2 99 2
71 145 62
18 179 8
75 135 68
5 254 1
23 252 14
70 182 62
45 46 38
85 178 74
7 234 1
74 75 68
114 192 104
68 104 68
129 233 122
171 182 164
145 208 134
8 57 8
1 13 1
224 227 218
27 169 20
32 155 32
120 143 110
116 254 116
169 188 158
45 100 38
14 58 14
28 140 20
2 237 2
56 230 56
162 221 152
162 222 152
120 215 110
157 238 146
121 157 110
176 233 176
2 236 2
214 225 206
50 227 50
116 178 116
151 185 140
12 243 2
5 79 1
12 125 2
173 183 164
70 222 62
133 176 122
49 103 38
1 65 1
81 206 74
125 144 116
14 84 14
241 247 230
89 153 80
173 190 164
190 196 182
215 252 206
15 194 8
61 242 50
83 239 74
2 43 2
20 102 20
217 227 206
22 221 14
20 117 20
38 249 38
169 206 158
32 46 32
98 159 98
62 86 62
8 72 8
26 92 26
128 163 128
9 24 2
83 101 74
110 111 104
82 104 74
16 227 8
169 197 158
117 215 110
132 193 122
197 242 188
74 255 74
110 178 110
14 104 14
237 240 230
58 104 50
8 30 8
48 121 38
77 128 68
110 112 104
7 132 1
90 126 80
39 92 32
198 245 188
19 144 8
31 196 20
19 60 8
160 234 152
98 138 98
116 124 116
171 215 164
26 119 26
117 216 110
46 181 38
83 170 74
40 187 32
26 137 26
66 176 56
53 127 44
87 91 80
66 165 56
140 197 140
49 149 38
35 36 26
74 95 74
23 254 14
230 249 230
86 216 86
172 175 164
62 226 62
134 252 134
41 111 32
213 229 206
6 18 1
121 163 110
50 251 50
122 160 122
200 215 200
4 179 1
2 67 2
162 195 152
44 64 44
62 97 62
50 224 50
14 160 14
60 152 50
19 100 8
144 159 134
164 203 164
67 243 56
4 69 1
135 183 128
227 253 218
123 138 116
2 32 2
68 100 68
3 213 1
194 199 188
217 256 206
176 190 176
86 179 86
86 99 86
53 90 44
235 245 224
38 156 38
14 41 14
14 203 14
80 83 74
121 172 110
55 81 44
178 186 170
157 168 146
212 254 212
92 203 92
62 134 62
177 254 170
38 64 38
9 11 2
183 204 176
169 207 158
77 129 68
106 247 98
33 34 26
122 240 122
151 156 140
16 83 8
104 249 104
162 204 152
75 177 68
68 158 68
76 249 68
177 213 170
34 166 26
99 174 92
86 230 86
204 256 194
42 117 32
104 207 104
47 140 38
14 46 14
32 112 32
53 250 44
105 124 98
160 184 152
12 160 2
56 145 56
153 238 146
106 109 98
91 194 80
221 225 212
30 170 20
205 245 194
35 225 26
56 117 56
146 212 146
104 211 104
223 249 212
148 176 140
158 236 158
74 91 74
134 243 134
70 86 62
89 223 80
150 221 140
36 127 26
46 79 38
7 98 1
95 146 86
139 157 128
198 248 188
151 176 140
110 135 110
104 168 104
86 209 86
76 199 68
55 183 44
86 102 86
119 193 110
84 250 74
194 226 194
29 38 20
140 228 140
152 173 152
77 173 68
102 151 92
232 250 224
116 215 116
110 186 110
190 224 182
69 105 62
173 194 164
101 103 92
72 140 62
120 132 110
151 246 140
140 253 140
176 232 176
153 189 146
157 164 146
8 111 8
50 60 50
10 101 2
136 139 128
74 204 74
157 228 146
197 239 188
165 168 158
231 235 224
146 173 146
37 65 26
22 25 14
206 220 206
56 143 56
46 156 38
5 193 1
14 169 14
180 242 170
16 154 8
56 246 56
115 156 104
6 253 1
26 221 26
34 150 26
75 183 68
224 228 218
2 66 2
112 137 104
163 218 152
171 231 164
13 167 2
8 166 8
1 190 1
83 205 74
177 256 170
93 160 86
146 203 146
1 153 1
96 97 86
104 252 104
113 184 104
95 237 86
63 254 56
116 224 116
43 205 32
2 38 2
38 200 38
4 254 1
8 181 8
175 200 164
15 44 8
42 163 32
53 144 44
103 104 92
156 254 146
116 164 116
13 88 2
32 115 32
3 189 1
14 194 14
41 231 32
20 138 20
11 53 2
45 211 38
31 224 20
151 205 140
19 107 8
38 116 38
74 92 74
26 183 26
133 154 122
110 116 110
96 232 86
242 243 236
24 147 14
183 228 176
61 102 50
14 62 14
94 134 86
98 240 98
31 211 20
62 237 62
5 123 1
112 157 104
233 248 224
83 96 74
143 256 134
38 201 38
40 92 32
41 110 32
137 180 128
138 198 128
205 218 194
183 188 176
1 41 1
22 227 14
182 211 182
97 151 86
3 57 1
64 92 56
15 168 8
86 131 86
105 234 98
25 136 14
63 142 56
74 106 74
2 175 2
150 225 140
165 189 158
26 29 20
2 135 2
68 198 68
60 166 50
35 105 26
62 99 62
97 178 86
20 49 20
174 248 164
158 178 158
172 207 164
22 74 14
20 217 20
245 253 236
119 228 110
133 180 122
36 131 26
54 253 44
184 254 176
86 119 86
182 219 182
38 138 38
198 219 188
171 225 164
64 66 56
144 162 134
227 239 218
45 176 38
197 198 188
51 52 44
134 145 134
24 148 14
108 150 98
2 10 2
50 179 50
64 221 56
2 103 2
121 193 110
2 195 2
2 3 1
56 176 56
56 131 56
147 210 140
126 161 116
24 152 14
145 254 134
190 191 182
38 103 38
147 212 140
72 226 62
47 104 38
101 153 92
209 254 200
8 85 8
20 52 20
222 255 212
98 128 98
59 165 50
35 234 26
205 247 194
18 173 8
122 199 122
18 164 8
68 85 68
68 231 68
124 247 116
245 256 236
80 101 80
105 157 98
181 184 170
92 162 92
4 31 1
95 124 86
108 202 98
70 164 62
19 87 8
25 70 14
225 240 218
147 159 140
120 240 110
2 146 2
86 193 86
138 220 128
26 164 26
8 73 8
8 242 8
11 13 2
157 240 146
183 209 176
53 135 44
14 178 14
32 215 32
101 138 92
46 204 38
92 254 92
203 204 194
81 142 74
233 234 224
4 159 1
38 62 38
183 255 176
88 161 80
222 241 212
55 226 44
170 237 170
128 133 122
162 235 152
24 249 14
146 153 146
153 156 146
99 103 92
247 248 236
29 91 20
143 150 134
75 221 68
118 198 110
32 76 32
150 254 140
223 254 212
119 144 110
2 186 2
54 76 44
79 163 68
26 54 26
6 228 1
1 178 1
141 143 134
32 36 26
33 138 26
157 187 146
92 187 92
20 155 20
216 254 206
35 133 26
98 236 98
109 176 98
84 243 74
44 126 44
62 243 62
127 247 116
154 184 146
177 191 170
114 222 104
70 122 62
107 148 98
90 108 80
84 211 74
51 62 44
86 109 86
217 225 206
54 166 44
29 149 20
32 247 32
147 221 140
217 240 206
42 256 32
13 119 2
246 254 236
191 214 182
133 164 122
98 224 98
132 221 122
19 254 8
181 199 170
6 203 1
4 176 1
50 82 50
122 231 122
8 35 8
12 116 2
84 127 74
30 93 20
50 88 50
9 52 2
156 166 146
32 57 32
20 111 20
108 144 98
84 159 74
38 68 38
2 204 2
62 156 62
50 119 50
8 55 8
16 56 8
87 89 80
138 224 128
158 227 158
196 198 188
30 31 20
104 138 104
35 99 26
11 180 2
8 142 8
32 199 32
243 254 236
107 108 98
94 102 86
142 144 134
171 229 164
194 244 194
154 189 146
117 118 110
58 68 50
141 238 134
38 112 38
181 217 170
104 246 104
30 40 20
38 50 38
26 250 26
207 248 200
56 254 56
157 245 146
227 235 218
60 78 50
41 169 32
28 206 20
32 108 32
163 209 152
94 170 86
29 128 20
103 152 92
212 227 212
62 171 62
124 177 116
108 193 98
215 221 206
223 246 212
2 16 2
61 185 50
92 154 92
247 254 236
2 115 2
174 176 164
40 83 32
23 123 14
220 234 212
39 45 32
1 69 1
179 231 170
135 180 128
135 254 128
137 248 128
90 100 80
26 228 26
131 252 122
45 57 38
2 165 2
71 101 62
97 108 86
243 251 236
75 104 68
231 232 224
215 217 206
222 223 212
1 79 1
120 190 110
109 169 98
24 103 14
193 234 182
86 181 86
1 38 1
181 239 170
122 241 122
44 83 44
130 132 122
43 252 32
97 129 86
28 241 20
156 242 146
82 123 74
93 190 86
58 110 50
206 208 200
81 162 74
45 254 38
56 240 56
54 242 44
172 208 164
204 228 194
78 219 68
86 171 86
164 175 164
2 176 2
217 252 206
7 160 1
58 253 50
131 143 122
113 168 104
185 208 176
60 89 50
186 256 176
153 155 146
99 134 92
41 222 32
18 245 8
38 176 38
26 101 26
35 197 26
183 196 176
225 255 218
43 171 32
46 131 38
61 210 50
107 243 98
22 190 14
81 146 74
102 145 92
14 82 14
61 194 50
82 198 74
233 237 224
50 67 50
134 138 128
175 178 164
113 185 104
110 232 110
1 21 1
1 31 1
7 37 1
74 130 74
8 115 8
158 160 152
38 51 38
175 179 164
194 205 194
159 173 152
242 244 236
1 2 1
39 62 32
137 138 128
53 122 44
173 249 164
219 222 212
121 210 110
150 234 140
17 213 8
50 56 50
75 112 68
122 242 122
31 56 20
107 254 98
71 124 62
83 156 74
98 111 98
73 169 62
52 189 44
62 88 62
160 196 152
137 168 128
74 110 74
124 254 116
72 86 62
135 206 128
14 195 14
146 248 146
98 230 98
109 209 98
28 80 20
10 11 2
92 229 92
110 231 110
147 223 140
253 254 242
104 113 104
157 197 146
2 149 2
18 139 8
208 249 200
22 133 14
110 219 110
117 153 110
87 90 80
62 238 62
74 126 74
138 218 128
141 239 134
1 188 1
232 235 224
50 63 50
72 152 62
152 156 146
128 138 128
174 222 164
8 122 8
133 221 122
14 196 14
165 251 158
125 191 116
14 98 14
56 222 56
73 168 62
63 185 56
110 236 110
4 62 1
128 248 128
177 180 170
71 72 62
44 91 44
63 240 56
26 165 26
133 254 122
46 115 38
9 97 2
174 184 164
183 230 176
47 222 38
20 170 20
35 191 26
5 54 1
221 250 212
205 228 194
79 123 68
167 240 158
93 149 86
17 179 8
81 219 74
36 254 26
40 255 32
15 157 8
126 140 116
202 237 194
179 198 170
164 254 164
64 134 56
56 118 56
9 130 2
220 233 212
148 179 140
237 250 230
39 118 32
83 173 74
59 104 50
145 146 134
117 137 110
116 235 116
199 243 188
20 193 20
60 143 50
110 130 110
63 100 56
77 200 68
152 158 152
116 196 116
95 174 86
19 30 8
89 233 80
92 94 86
39 41 32
36 109 26
210 232 200
189 191 182
208 216 200
11 170 2
167 226 158
56 81 56
2 110 2
232 253 224
5 108 1
68 101 68
191 254 182
163 242 152
80 93 80
129 141 122
78 99 68
4 238 1
60 103 50
114 139 104
82 212 74
116 246 116
37 174 26
217 220 206
128 135 128
86 122 86
156 194 146
85 145 74
126 223 116
252 254 242
87 88 80
5 101 1
82 125 74
46 129 38
14 228 14
40 217 32
132 133 122
101 198 92
233 235 224
129 194 122
173 174 164
105 139 98
224 225 218
96 156 86
127 256 116
80 142 80
53 141 44
209 229 200
246 255 236
5 34 1
57 171 50
62 210 62
33 132 26
28 75 20
8 32 8
184 217 176
64 117 56
66 245 56
16 222 8
27 76 20
40 247 32
230 233 224
140 191 140
116 165 116
22 62 14
56 67 56
207 241 200
52 75 44
27 218 20
148 193 140
7 31 1
29 30 20
49 189 38
46 219 38
20 69 20
92 204 92
116 155 116
23 71 14
184 187 176
154 254 146
137 204 128
8 208 8
112 243 104
196 210 188
70 210 62
78 92 68
66 239 56
132 215 122
217 236 206
19 131 8
52 197 44
42 188 32
146 202 146
233 238 224
33 82 26
6 123 1
119 206 110
75 254 68
191 195 182
92 131 92
56 90 56
3 114 1
167 201 158
122 179 122
2 132 2
243 253 236
73 225 62
6 156 1
91 211 80
144 236 134
132 140 122
161 226 152
68 186 68
195 214 188
53 192 44
67 123 56
223 236 212
63 248 56
192 201 182
212 217 206
6 52 1
209 245 200
14 43 14
195 247 188
2 50 2
30 99 20
26 44 26
20 235 20
38 107 38
163 251 152
88 230 80
15 152 8
128 150 128
32 229 32
166 250 158
154 238 146
4 78 1
23 219 14
24 118 14
13 228 2
239 256 230
73 188 62
68 119 68
238 254 230
109 123 98
98 254 98
134 190 134
146 201 146
74 152 74
56 109 56
175 190 164
222 246 212
20 144 20
31 170 20
92 232 92
164 212 164
117 232 110
18 209 8
24 53 14
162 176 152
38 204 38
57 242 50
1 162 1
10 99 2
44 182 44
201 247 194
98 104 98
37 193 26
192 215 182
152 163 152
164 193 164
94 191 86
38 247 38
13 153 2
125 189 116
1 89 1
92 196 92
220 223 212
110 210 110
119 141 110
172 173 164
51 134 44
4 50 1
76 98 68
24 226 14
21 175 14
10 43 2
98 202 98
165 206 158
51 190 44
77 239 68
104 187 104
127 135 116
29 133 20
54 239 44
38 191 38
122 180 122
26 85 26
10 254 2
164 183 164
156 202 146
53 254 44
44 118 44
74 81 74
14 119 14
245 255 236
193 214 182
19 235 8
16 196 8
136 232 128
165 226 158
89 238 80
152 181 152
35 141 26
73 175 62
22 241 14
44 256 44
86 192 86
112 178 104
140 185 140
61 171 50
92 120 92
54 117 44
164 184 164
46 154 38
72 163 62
153 184 146
154 161 146
140 161 140
191 227 182
195 244 188
170 174 164
231 236 224
69 186 62
142 254 134
92 99 92
19 54 8
56 224 56
170 246 170
32 56 32
44 147 44
117 120 110
102 209 92
217 247 206
236 254 236
43 84 32
22 245 14
62 125 62
35 96 26
94 232 86
76 209 68
111 213 104
142 207 134
147 172 140
32 49 32
94 207 86
143 155 134
56 141 56
28 253 20
50 133 50
210 253 200
185 229 176
55 162 44
104 235 104
48 89 38
86 155 86
1 221 1
2 233 2
189 233 182
212 247 212
86 94 86
11 233 2
73 116 62
138 165 128
9 30 2
112 184 104
20 66 20
68 106 68
167 174 158
8 52 8
86 173 86
234 247 224
21 186 14
191 239 182
97 209 86
98 151 98
195 228 188
190 254 182
156 191 146
164 196 164
105 106 98
1 119 1
149 150 140
48 155 38
51 220 44
39 252 32
18 53 8
14 59 14
6 138 1
76 119 68
128 154 128
191 243 182
160 232 152
68 121 68
93 179 86
116 152 116
90 255 80
153 157 146
39 231 32
206 210 200
246 256 236
1 140 1
196 208 188
98 225 98
64 200 56
40 125 32
161 254 152
30 233 20
87 98 80
48 114 38
33 143 26
164 182 164
13 254 2
8 11 2
16 21 8
210 233 200
137 197 128
202 204 194
191 228 182
125 160 116
166 251 158
136 222 128
1 130 1
35 66 26
83 212 74
139 200 128
115 218 104
2 39 2
87 143 80
164 176 164
40 133 32
210 228 200
66 78 56
219 220 212
56 241 56
35 104 26
92 227 92
29 131 20
51 55 44
248 252 242
10 146 2
22 171 14
50 73 50
138 155 128
43 256 32
220 242 212
92 239 92
12 69 2
107 132 98
179 228 170
164 236 164
93 250 86
116 161 116
130 185 122
128 197 128
229 231 218
61 114 50
179 225 170
50 240 50
189 226 182
204 243 194
4 192 1
134 152 134
8 50 8
33 60 26
209 253 200
225 253 218
160 243 152
27 193 20
86 100 86
2 17 2
144 198 134
101 252 92
224 256 224
195 203 188
72 200 62
73 135 62
63 117 56
186 189 176
87 194 80
39 185 32
14 16 8
128 151 128
21 167 14
13 173 2
213 232 206
181 221 170
206 239 206
216 230 206
59 72 50
10 68 2
88 101 80
176 177 170
86 194 86
125 184 116
98 99 92
189 227 182
189 250 182
80 106 80
239 248 230
116 119 110
122 132 122
65 255 56
83 195 74
77 142 68
64 195 56
211 225 200
189 221 182
37 254 26
1 37 1
159 256 152
123 228 116
8 148 8
49 214 38
203 242 194
106 107 98
78 134 68
60 175 50
107 190 98
22 95 14
11 18 2
2 174 2
8 226 8
179 240 170
210 255 200
43 137 32
24 88 14
56 150 56
8 252 8
12 53 2
98 103 92
1 72 1
104 222 104
15 19 8
14 96 14
31 39 20
159 254 152
14 100 14
188 192 182
62 200 62
110 114 104
207 208 200
90 95 80
149 151 140
75 235 68
32 161 32
95 254 86
179 180 170
39 98 32
153 242 146
44 79 44
62 194 62
79 80 68
134 203 134
104 166 104
10 233 2
158 191 158
28 53 20
176 185 176
134 226 134
74 224 74
106 243 98
56 57 50
39 240 32
70 136 62
126 166 116
28 213 20
56 166 56
230 254 230
208 211 200
188 224 188
44 187 44
12 226 2
14 27 14
170 232 170
100 162 92
38 216 38
24 200 14
93 196 86
173 234 164
169 210 158
103 221 92
24 117 14
55 97 44
94 120 86
39 196 32
93 182 86
158 197 158
160 237 152
62 198 62
249 254 242
214 254 206
47 186 38
117 193 110
166 191 158
234 250 224
2 109 2
64 229 56
1 237 1
183 185 176
20 42 20
170 209 170
129 253 122
108 234 98
14 235 14
59 194 50
216 242 206
50 253 50
61 108 50
204 251 194
40 141 32
174 241 164
78 206 68
62 219 62
31 62 20
132 177 122
151 247 140
213 214 206
146 200 146
54 128 44
189 251 182
53 111 44
238 246 230
81 196 74
22 244 14
104 109 98
16 162 8
50 61 50
165 231 158
165 202 158
50 51 44
40 111 32
4 227 1
68 190 68
224 238 224
123 163 116
47 105 38
71 171 62
47 48 38
44 82 44
18 88 8
68 124 68
217 254 206
73 129 62
86 227 86
201 230 194
42 51 32
44 70 44
84 85 74
242 254 242
48 183 38
100 160 92
30 68 20
38 241 38
200 253 200
66 159 56
85 115 74
6 209 1
86 251 86
221 248 212
1 250 1
9 188 2
198 204 188
103 193 92
94 149 86
32 182 32
20 183 20
41 141 32
44 223 44
50 247 50
44 157 44
176 231 176
46 74 38
44 229 44
175 247 164
140 236 140
44 238 44
105 247 98
208 230 200
81 83 74
8 14 8
27 247 20
182 216 182
47 56 38
29 234 20
61 71 50
214 242 206
132 183 122
56 121 56
112 122 104
155 209 146
17 19 8
112 136 104
20 75 20
14 240 14
134 183 134
104 152 104
166 194 158
56 127 56
89 120 80
5 7 1
100 123 92
63 180 56
74 170 74
38 139 38
108 209 98
187 245 176
205 217 194
55 157 44
26 49 26
2 217 2
44 160 44
201 229 194
34 35 26
99 114 92
31 232 20
62 186 62
20 83 20
86 241 86
254 256 248
20 24 14
104 122 104
146 188 146
131 139 122
122 206 122
4 105 1
2 119 2
85 141 74
171 197 164
35 95 26
1 189 1
2 167 2
183 187 176
8 45 8
99 176 92
122 144 122
209 238 200
132 172 122
232 247 224
131 231 122
98 189 98
17 196 8
118 156 110
211 219 200
202 243 194
129 175 122
182 234 182
199 240 188
78 126 68
215 216 206
22 134 14
56 125 56
57 91 50
109 197 98
62 71 62
40 155 32
86 229 86
168 236 158
19 169 8
175 246 164
52 205 44
74 147 74
47 250 38
127 238 116
1 8 1
168 199 158
43 253 32
2 40 2
226 230 218
100 199 92
77 166 68
76 181 68
43 90 32
134 148 134
52 72 44
28 220 20
116 227 116
195 241 188
10 214 2
159 219 152
2 27 2
94 117 86
69 192 62
59 126 50
196 218 188
220 241 212
44 176 44
112 120 104
50 128 50
106 112 98
160 161 152
191 199 182
32 51 32
105 254 98
64 203 56
64 254 56
195 224 188
16 254 8
114 240 104
233 254 224
37 61 26
118 120 110
140 152 140
23 82 14
61 75 50
129 189 122
6 56 1
168 191 158
21 236 14
129 130 122
54 255 44
127 174 116
14 187 14
214 251 206
120 211 110
238 244 230
46 47 38
134 251 134
49 95 38
134 189 134
42 54 32
220 236 212
163 211 152
125 249 116
231 254 224
162 244 152
77 157 68
19 62 8
62 230 62
44 127 44
38 238 38
17 28 8
124 126 116
68 252 68
234 235 224
7 55 1
65 253 56
176 178 170
23 78 14
26 69 26
62 122 62
217 239 206
150 203 140
48 91 38
29 113 20
26 78 26
80 133 80
8 225 8
90 254 80
88 124 80
166 168 158
11 236 2
53 193 44
93 239 86
152 213 152
26 63 26
34 37 26
51 213 44
51 216 44
30 215 20
79 204 68
7 71 1
66 138 56
206 212 206
13 23 2
35 167 26
146 210 146
46 48 38
56 60 50
182 196 182
106 118 98
100 216 92
126 196 116
129 256 122
65 108 56
16 246 8
131 191 122
104 185 104
70 201 62
207 221 200
189 247 182
128 156 128
1 200 1
95 226 86
89 181 80
25 108 14
27 31 20
48 51 38
139 245 128
122 254 122
14 251 14
96 135 86
27 170 20
102 201 92
89 255 80
147 151 140
50 130 50
38 254 38
14 199 14
75 165 68
44 181 44
104 210 104
104 221 104
86 231 86
191 237 182
150 231 140
28 191 20
100 125 92
71 201 62
208 239 200
115 171 104
112 191 104
93 123 86
45 240 38
200 229 200
26 83 26
39 174 32
151 152 140
177 237 170
22 100 14
29 50 20
74 230 74
57 201 50
11 140 2
46 80 38
44 101 44
219 221 212
46 186 38
32 102 32
216 227 206
175 207 164
21 189 14
181 248 170
47 230 38
54 233 44
68 86 68
21 24 14
97 160 86
20 81 20
138 200 128
41 86 32
116 232 116
194 254 194
50 254 50
103 182 92
86 149 86
211 251 200
56 58 50
24 251 14
221 252 212
145 227 134
173 198 164
150 179 140
50 143 50
202 240 194
77 164 68
107 242 98
46 60 38
2 21 2
55 118 44
186 205 176
37 66 26
136 137 128
83 181 74
166 167 158
82 191 74
210 254 200
164 165 158
99 100 92
3 209 1
14 42 14
128 166 128
8 76 8
15 250 8
143 253 134
26 178 26
59 181 50
214 238 206
28 31 20
185 254 176
226 233 218
162 174 152
8 58 8
71 77 62
225 237 218
3 254 1
4 146 1
60 149 50
142 186 134
127 222 116
62 187 62
22 194 14
167 170 158
140 195 140
50 218 50
112 170 104
139 224 128
17 182 8
37 237 26
13 244 2
141 225 134
130 176 122
12 29 2
17 216 8
8 20 8
8 94 8
209 237 200
6 7 1
3 214 1
169 209 158
29 238 20
14 77 14
136 149 128
84 146 74
68 149 68
44 129 44
133 174 122
29 171 20
40 71 32
1 175 1
46 54 38
166 233 158
177 220 170
214 228 206
132 218 122
57 148 50
52 55 44
32 163 32
184 238 176
93 140 86
181 244 170
136 174 128
14 224 14
33 43 26
23 158 14
86 105 86
169 189 158
95 143 86
1 85 1
107 198 98
249 256 242
137 186 128
155 157 146
81 249 74
36 211 26
124 239 116
42 120 32
178 212 170
172 231 164
38 150 38
103 254 92
51 151 44
20 25 14
32 113 32
81 139 74
142 178 134
123 230 116
33 171 26
52 218 44
1 112 1
2 63 2
33 35 26
139 248 128
20 220 20
136 194 128
138 163 128
163 252 152
83 199 74
45 167 38
100 235 92
41 233 32
32 48 32
135 148 128
10 106 2
103 201 92
8 95 8
236 248 236
213 215 206
42 122 32
199 231 188
121 143 110
93 115 86
122 246 122
226 228 218
33 90 26
68 191 68
69 143 62
7 147 1
13 197 2
81 111 74
221 254 212
10 220 2
3 153 1
16 195 8
96 241 86
48 135 38
38 55 38
40 208 32
8 97 8
1 7 1
156 210 146
15 122 8
163 254 152
7 201 1
201 251 194
74 114 74
70 239 62
26 162 26
5 166 1
24 256 14
39 42 32
21 61 14
75 191 68
119 142 110
148 183 140
110 134 110
86 93 86
70 83 62
54 199 44
140 254 140
195 205 188
2 89 2
200 204 194
160 190 152
94 145 86
190 197 182
230 246 230
71 238 62
62 115 62
21 110 14
74 76 68
222 254 212
131 214 122
112 253 104
14 61 14
14 57 14
68 118 68
179 215 170
186 192 176
99 240 92
228 233 218
217 232 206
153 217 146
81 165 74
6 246 1
121 128 110
85 103 74
67 120 56
168 209 158
216 251 206
125 212 116
224 243 224
46 254 38
211 223 200
127 152 116
93 189 86
94 101 86
146 160 146
56 104 56
32 117 32
93 98 86
33 233 26
1 61 1
85 124 74
44 73 44
143 145 134
35 113 26
94 216 86
72 73 62
214 243 206
116 118 110
55 210 44
68 70 62
188 191 182
2 80 2
167 209 158
28 224 20
2 124 2
189 213 182
3 233 1
15 17 8
213 234 206
45 202 38
94 228 86
44 245 44
1 43 1
32 52 32
74 109 74
62 222 62
38 108 38
231 241 224
14 138 14
38 180 38
68 193 68
33 39 26
34 254 26
226 244 218
123 181 116
90 206 80
23 26 14
22 233 14
228 248 218
62 183 62
40 56 32
140 243 140
109 202 98
200 249 200
165 174 158
170 203 170
123 187 116
132 217 122
93 255 86
110 126 110
214 248 206
223 237 212
237 253 230
20 223 20
204 211 194
70 195 62
7 219 1
41 181 32
155 235 146
144 201 134
80 129 80
32 127 32
125 154 116
106 170 98
97 170 86
192 221 182
228 252 218
81 117 74
27 148 20
77 227 68
1 42 1
181 251 170
28 251 20
93 156 86
192 194 182
140 141 134
14 31 14
2 73 2
14 204 14
22 68 14
39 236 32
252 253 242
138 154 128
183 244 176
134 162 134
234 237 224
93 186 86
50 228 50
8 241 8
193 256 182
59 250 50
184 211 176
56 71 56
103 164 92
89 138 80
44 59 44
14 192 14
2 37 2
212 216 206
37 49 26
184 245 176
229 256 218
110 128 110
59 95 50
152 217 152
84 138 74
98 116 98
142 242 134
93 197 86
183 200 176
83 94 74
120 189 110
50 204 50
92 132 92
138 217 128
23 170 14
116 120 110
80 139 80
32 73 32
32 141 32
133 160 122
76 254 68
62 185 62
70 147 62
109 116 98
122 181 122
81 154 74
111 209 104
19 111 8
44 164 44
1 81 1
37 150 26
102 154 92
33 63 26
26 210 26
119 121 110
52 53 44
211 235 200
52 223 44
242 246 236
44 84 44
79 94 68
120 208 110
135 211 128
223 231 212
71 121 62
123 182 116
202 254 194
79 186 68
19 230 8
152 244 152
23 206 14
153 224 146
2 157 2
229 254 218
1 254 1
8 254 8
139 254 128
144 164 134
89 98 80
29 136 20
152 230 152
110 207 110
20 57 20
235 256 224
34 147 26
96 210 86
52 238 44
133 138 122
108 171 98
250 255 242
124 198 116
153 194 146
109 157 98
97 218 86
123 165 116
164 168 158
173 254 164
1 91 1
74 125 74
115 175 104
134 179 134
185 207 176
198 232 188
134 142 134
113 114 104
3 157 1
155 220 146
88 254 80
208 244 200
106 136 98
161 162 152
20 195 20
180 182 170
98 136 98
134 230 134
204 229 194
165 230 158
2 18 2
80 188 80
167 188 158
78 169 68
143 182 134
1 143 1
46 70 38
35 122 26
38 109 38
76 239 68
165 167 158
86 158 86
68 127 68
83 144 74
38 153 38
207 250 200
26 142 26
56 106 56
152 251 152
240 254 230
102 110 92
5 141 1
9 136 2
142 160 134
76 77 68
98 113 98
111 181 104
88 104 80
104 248 104
159 208 152
10 63 2
29 240 20
191 203 182
116 139 116
182 205 182
228 241 218
131 149 122
103 136 92
128 143 128
87 126 80
9 54 2
114 216 104
14 30 14
189 252 182
95 97 86
152 183 152
105 176 98
124 181 116
57 240 50
48 80 38
22 127 14
110 113 104
70 97 62
107 120 98
158 250 158
97 106 86
34 187 26
68 185 68
86 130 86
1 111 1
20 35 20
51 247 44
14 74 14
2 83 2
33 117 26
90 234 80
32 164 32
11 101 2
137 188 128
83 84 74
46 108 38
46 256 38
49 97 38
172 241 164
154 190 146
161 163 152
26 116 26
109 139 98
213 239 206
192 243 182
98 148 98
172 176 164
216 256 206
34 160 26
69 70 62
22 65 14
174 182 164
20 244 20
160 209 152
48 226 38
2 9 2
42 66 32
68 215 68
32 188 32
1 16 1
8 121 8
116 148 116
146 255 146
138 146 128
22 102 14
103 187 92
134 150 134
191 194 182
108 109 98
112 209 104
171 180 164
80 141 80
80 88 80
141 213 134
166 222 158
104 226 104
71 237 62
136 138 128
16 48 8
30 166 20
44 240 44
50 93 50
190 215 182
27 90 20
189 231 182
170 172 164
27 194 20
50 178 50
149 167 140
58 61 50
2 155 2
22 71 14
47 226 38
201 204 194
1 104 1
86 101 86
3 128 1
2 128 2
24 255 14
237 255 230
20 120 20
74 160 74
44 81 44
85 148 74
215 254 206
179 237 170
180 256 170
252 256 242
121 183 110
148 151 140
44 92 44
90 99 80
95 107 86
89 212 80
44 110 44
80 195 80
221 222 212
128 253 128
228 246 218
140 241 140
152 153 146
16 78 8
194 197 188
75 121 68
18 234 8
80 186 80
56 59 50
68 129 68
104 198 104
254 255 248
64 233 56
223 245 212
122 198 122
1 25 1
178 181 170
74 136 74
152 239 152
71 138 62
23 129 14
8 62 8
11 243 2
14 129 14
148 236 140
207 211 200
107 181 98
8 93 8
124 155 116
28 58 20
11 22 2
231 244 224
125 248 116
116 136 116
159 161 152
214 237 206
230 231 224
29 227 20
138 152 128
82 151 74
216 239 206
17 243 8
62 83 62
143 217 134
196 229 188
113 115 104
223 225 212
173 243 164
60 155 50
116 230 116
125 224 116
84 148 74
49 126 38
129 179 122
50 170 50
26 149 26
189 241 182
134 241 134
62 167 62
246 250 236
19 93 8
95 116 86
44 172 44
98 196 98
215 234 206
212 215 206
72 245 62
171 251 164
139 198 128
14 25 14
229 250 218
50 231 50
74 154 74
92 175 92
66 254 56
78 193 68
38 143 38
191 201 182
129 191 122
107 244 98
104 116 104
90 256 80
137 209 128
69 254 62
185 198 176
26 96 26
2 28 2
8 138 8
49 245 38
8 134 8
69 130 62
140 217 140
10 223 2
31 255 20
39 162 32
92 95 86
51 254 44
26 48 26
31 185 20
5 200 1
1 252 1
176 180 170
182 247 182
3 223 1
129 177 122
62 147 62
2 102 2
192 255 182
38 102 38
74 138 74
12 86 2
14 93 14
126 142 116
1 54 1
8 130 8
38 57 38
56 234 56
52 210 44
178 209 170
50 180 50
87 146 80
218 222 212
2 98 2
57 60 50
45 95 38
81 106 74
24 70 14
224 231 224
45 88 38
80 200 80
86 115 86
135 253 128
9 42 2
45 238 38
72 112 62
136 251 128
182 230 182
25 185 14
158 246 158
129 254 122
134 154 134
82 139 74
240 256 230
118 159 110
24 215 14
153 171 146
82 87 74
138 254 128
66 101 56
5 113 1
75 179 68
158 162 152
225 246 218
242 248 242
63 64 56
42 43 32
15 193 8
44 253 44
197 202 188
140 206 140
41 124 32
139 182 128
120 166 110
48 186 38
171 219 164
183 189 176
6 9 1
165 166 158
67 152 56
38 141 38
84 99 74
132 248 122
187 188 176
37 124 26
218 250 218
32 241 32
9 73 2
26 36 26
96 150 86
151 223 140
172 182 164
197 240 188
116 129 116
80 254 80
38 94 38
120 231 110
104 158 104
75 78 68
122 127 116
119 159 110
30 70 20
48 49 38
211 218 200
172 236 164
63 199 56
169 235 158
172 254 164
178 180 170
10 247 2
110 156 110
42 179 32
171 173 164
84 157 74
207 223 200
44 49 38
146 214 146
153 220 146
57 245 50
92 179 92
128 243 128
136 169 128
83 140 74
26 46 26
147 152 140
69 118 62
97 107 86
127 210 116
76 112 68
8 126 8
53 186 44
56 237 56
150 197 140
105 108 98
44 185 44
14 230 14
67 160 56
193 244 182
22 235 14
246 252 236
51 82 44
167 198 158
14 51 14
164 222 164
126 235 116
38 149 38
127 250 116
52 252 44
80 105 80
95 195 86
234 240 224
110 167 110
14 17 8
75 214 68
65 207 56
46 77 38
197 218 188
101 202 92
117 159 110
10 157 2
30 100 20
197 254 188
93 217 86
62 247 62
76 211 68
85 181 74
55 131 44
69 72 62
157 236 146
68 247 68
112 239 104
86 212 86
109 191 98
74 220 74
143 164 134
137 185 128
140 171 140
19 102 8
100 226 92
37 154 26
50 76 50
212 244 212
74 88 74
22 61 14
64 139 56
12 196 2
162 179 152
158 164 158
139 256 128
192 254 182
50 65 50
152 197 152
1 147 1
174 249 164
205 239 194
112 171 104
163 234 152
42 102 32
101 136 92
126 236 116
163 184 152
222 240 212
12 206 2
145 185 134
53 55 44
87 119 80
91 243 80
22 114 14
148 157 140
9 12 2
95 202 86
26 55 26
76 142 68
148 158 140
107 174 98
114 174 104
146 149 140
63 104 56
242 247 236
55 170 44
63 114 56
16 234 8
20 27 20
80 116 80
47 91 38
53 176 44
148 241 140
179 203 170
33 201 26
178 239 170
180 253 170
80 185 80
63 74 56
213 219 206
30 120 20
23 95 14
63 140 56
85 247 74
230 241 230
89 193 80
208 234 200
112 115 104
70 119 62
32 94 32
116 214 116
44 180 44
12 23 2
32 77 32
30 252 20
50 112 50
30 134 20
128 134 128
73 219 62
120 201 110
191 232 182
76 79 68
15 161 8
245 250 236
86 247 86
200 203 194
169 225 158
50 242 50
175 254 164
26 37 26
125 238 116
115 145 104
4 123 1
21 213 14
17 150 8
223 243 212
78 254 68
25 189 14
8 71 8
82 240 74
52 119 44
50 217 50
156 175 146
34 202 26
100 124 92
2 159 2
68 162 68
138 151 128
186 234 176
64 175 56
169 204 158
44 201 44
133 203 122
1 133 1
47 192 38
6 83 1
44 58 44
50 195 50
64 192 56
1 9 1
152 171 152
64 146 56
135 166 128
173 233 164
27 254 20
13 229 2
108 196 98
138 184 128
62 68 62
39 100 32
151 179 140
74 234 74
203 211 194
32 103 32
126 245 116
115 249 104
104 188 104
125 207 116
152 221 152
53 181 44
81 107 74
188 249 188
186 240 176
43 126 32
3 39 1
110 163 110
110 121 110
4 91 1
134 206 134
86 202 86
126 241 116
198 212 188
122 197 122
25 169 14
74 128 74
81 90 74
185 255 176
18 254 8
44 112 44
9 84 2
140 172 140
143 177 134
228 240 218
121 227 110
6 71 1
8 102 8
128 130 122
241 245 230
220 244 212
42 173 32
74 107 74
44 99 44
86 148 86
38 137 38
119 254 110
188 254 188
134 182 134
1 177 1
14 87 14
225 229 218
148 233 140
135 198 128
52 74 44
15 208 8
128 173 128
100 119 92
104 164 104
209 218 200
141 219 134
20 23 14
20 65 20
26 45 26
164 219 164
62 162 62
187 237 176
95 105 86
176 179 170
146 155 146
117 152 110
89 190 80
41 119 32
140 226 140
140 143 134
86 87 80
38 111 38
114 115 104
8 183 8
208 210 200
58 76 50
8 253 8
45 161 38
62 184 62
153 173 146
50 154 50
136 164 128
8 103 8
81 199 74
50 89 50
32 55 32
133 139 122
10 12 2
62 135 62
32 254 32
94 254 86
6 85 1
194 195 188
110 240 110
8 205 8
90 138 80
16 136 8
61 206 50
122 138 122
24 202 14
166 185 158
7 181 1
86 219 86
51 181 44
182 223 182
99 213 92
76 234 68
132 137 122
105 112 98
18 19 8
137 181 128
23 69 14
184 247 176
17 90 8
36 168 26
196 212 188
113 164 104
117 121 110
210 243 200
140 245 140
62 91 62
26 254 26
52 131 44
45 166 38
83 254 74
36 37 26
224 237 224
38 96 38
153 158 146
13 28 2
176 247 176
104 144 104
90 93 80
122 237 122
56 148 56
111 112 104
142 190 134
29 196 20
207 251 200
88 181 80
187 216 176
4 63 1
53 202 44
32 190 32
187 224 176
166 210 158
12 223 2
27 89 20
128 199 128
39 209 32
193 217 182
75 85 68
193 254 182
155 210 146
196 203 188
206 225 206
8 119 8
144 250 134
193 247 182
216 217 206
120 121 110
42 116 32
146 199 146
108 128 98
144 197 134
146 221 146
158 222 158
3 165 1
74 140 74
87 101 80
159 163 152
68 145 68
244 251 236
120 210 110
145 164 134
208 240 200
28 223 20
153 212 146
249 251 242
148 150 140
187 203 176
49 193 38
218 251 218
192 241 182
56 98 56
60 72 50
108 247 98
22 32 14
2 79 2
87 117 80
20 96 20
222 253 212
122 220 122
1 97 1
198 255 188
146 246 146
22 249 14
214 216 206
163 249 152
209 249 200
32 47 32
133 134 122
235 238 224
147 237 140
64 191 56
25 107 14
65 135 56
38 117 38
134 144 134
8 201 8
32 70 32
123 154 116
85 126 74
241 251 230
177 189 170
181 254 170
108 125 98
98 161 98
126 135 116
95 214 86
20 140 20
78 96 68
38 135 38
98 180 98
74 215 74
62 65 56
49 64 38
56 126 56
19 42 8
26 34 26
79 254 68
32 114 32
71 213 62
247 255 236
1 232 1
55 88 44
49 70 38
47 158 38
77 232 68
44 56 44
78 231 68
38 52 38
80 255 80
180 231 170
18 128 8
130 166 122
88 106 80
109 203 98
81 85 74
114 144 104
127 179 116
169 252 158
134 208 134
32 135 32
31 215 20
125 182 116
80 152 80
52 143 44
60 164 50
182 228 182
15 142 8
19 219 8
23 132 14
26 94 26
123 125 116
234 252 224
111 188 104
134 207 134
109 166 98
1 230 1
32 196 32
1 227 1
1 22 1
74 93 74
2 62 2
104 107 98
26 204 26
26 185 26
174 226 164
92 103 92
2 23 2
9 100 2
56 136 56
67 187 56
141 142 134
155 254 146
68 95 68
56 135 56
36 53 26
227 251 218
156 199 146
76 203 68
29 244 20
44 217 44
44 251 44
69 218 62
43 217 32
11 231 2
150 178 140
166 173 158
148 199 140
56 134 56
55 86 44
55 70 44
1 128 1
231 243 224
159 210 152
86 225 86
158 252 158
13 26 2
118 128 110
108 168 98
147 173 140
132 237 122
59 172 50
15 28 8
136 191 128
104 180 104
178 255 170
12 231 2
40 99 32
26 70 26
35 232 26
149 162 140
1 185 1
195 213 188
88 123 80
62 137 62
52 61 44
126 197 116
141 240 134
125 153 116
158 170 158
218 245 218
98 173 98
140 252 140
244 252 236
100 139 92
236 241 230
90 112 80
79 241 68
171 256 164
5 152 1
45 139 38
150 162 140
68 229 68
44 46 38
50 146 50
32 253 32
68 113 68
196 235 188
78 147 68
168 231 158
90 155 80
141 248 134
59 60 50
59 61 50
145 167 134
84 114 74
111 144 104
110 195 110
88 137 80
40 230 32
4 203 1
206 214 206
43 60 32
39 193 32
119 188 110
174 254 164
109 239 98
240 241 230
189 208 182
130 189 122
95 96 86
232 239 224
26 167 26
23 33 14
6 67 1
196 204 188
135 229 128
2 254 2
225 238 218
86 255 86
174 205 164
89 115 80
98 167 98
78 168 68
109 177 98
27 249 20
74 254 74
23 211 14
76 104 68
224 242 224
79 86 68
132 254 122
5 6 1
30 119 20
105 107 98
118 146 110
9 249 2
56 91 56
106 232 98
86 147 86
134 135 128
166 254 158
109 193 98
93 130 86
8 12 2
20 188 20
81 95 74
178 218 170
143 215 134
155 224 146
253 255 242
88 238 80
243 246 236
95 131 86
97 234 86
1 159 1
193 255 182
110 127 110
3 4 1
112 208 104
212 226 212
95 147 86
26 196 26
43 237 32
161 204 152
42 63 32
121 158 110
120 200 110
110 254 110
122 125 116
68 83 68
38 133 38
20 190 20
69 93 62
109 211 98
7 194 1
2 56 2
25 109 14
62 255 62
13 238 2
139 232 128
177 206 170
140 145 134
19 143 8
158 177 158
152 241 152
182 209 182
96 103 86
37 175 26
216 221 206
68 146 68
177 193 170
114 195 104
14 149 14
190 226 182
238 251 230
87 124 80
44 219 44
50 223 50
2 136 2
35 54 26
46 192 38
4 252 1
32 43 32
211 250 200
63 121 56
56 184 56
157 248 146
56 68 56
25 89 14
107 205 98
35 254 26
21 254 14
230 235 224
168 201 158
145 170 134
1 125 1
60 177 50
176 249 176
127 199 116
84 145 74
19 119 8
56 66 56
160 165 152
177 205 170
158 173 158
31 231 20
79 152 68
158 159 152
44 226 44
8 112 8
225 232 218
157 254 146
201 211 194
104 108 98
209 255 200
8 202 8
199 217 188
185 186 176
170 223 170
211 254 200
164 218 164
90 106 80
148 216 140
152 187 152
3 54 1
37 239 26
146 177 146
14 21 14
84 108 74
61 214 50
29 110 20
149 218 140
139 145 128
1 6 1
190 252 182
186 190 176
84 94 74
51 234 44
104 194 104
38 161 38
101 152 92
56 167 56
145 149 134
74 120 74
32 60 32
131 166 122
218 254 218
106 237 98
223 224 212
48 88 38
110 194 110
134 160 134
190 230 182
185 221 176
202 219 194
73 251 62
107 248 98
25 94 14
28 35 20
148 249 140
97 142 86
40 41 32
43 169 32
2 198 2
56 73 56
121 231 110
101 217 92
214 218 206
2 4 1
146 249 146
113 194 104
120 236 110
181 202 170
59 152 50
122 135 122
75 182 68
8 17 8
32 174 32
89 210 80
1 71 1
182 197 182
2 60 2
6 23 1
207 231 200
154 219 146
74 79 68
168 239 158
65 105 56
163 166 152
153 225 146
72 252 62
175 214 164
56 64 56
177 209 170
36 205 26
62 118 62
79 171 68
1 28 1
14 68 14
100 102 92
96 238 86
241 244 230
193 204 182
44 45 38
37 99 26
146 147 140
218 221 212
32 35 26
37 251 26
196 211 188
24 254 14
56 70 56
100 103 92
153 230 146
143 212 134
20 254 20
85 213 74
95 135 86
2 92 2
34 192 26
38 79 38
215 247 206
34 57 26
62 208 62
125 193 116
38 56 38
39 206 32
134 211 134
70 102 62
177 255 170
33 49 26
43 135 32
145 232 134
16 255 8
163 239 152
59 81 50
58 86 50
96 215 86
17 254 8
190 238 182
231 237 224
20 21 14
32 214 32
20 147 20
26 43 26
219 228 212
31 48 20
14 47 14
104 197 104
152 233 152
63 153 56
145 238 134
60 70 50
85 237 74
137 163 128
1 44 1
241 248 230
23 188 14
70 175 62
38 97 38
14 22 14
162 236 152
122 213 122
69 71 62
42 222 32
26 118 26
246 248 236
99 156 92
116 233 116
158 180 158
247 250 236
115 211 104
14 29 14
76 157 68
163 186 152
97 167 86
32 121 32
112 113 104
68 197 68
9 174 2
8 191 8
130 131 122
29 178 20
20 67 20
75 145 68
185 193 176
221 234 212
215 245 206
71 120 62
57 145 50
20 61 20
1 11 1
92 96 86
38 45 38
100 211 92
65 150 56
63 137 56
93 114 86
107 245 98
11 256 2
116 144 116
9 238 2
48 110 38
77 229 68
136 233 128
8 229 8
185 212 176
233 240 224
29 223 20
142 170 134
93 243 86
138 250 128
7 254 1
33 177 26
60 241 50
141 180 134
245 246 236
167 254 158
162 183 152
98 156 98
22 175 14
203 215 194
121 169 110
10 47 2
20 139 20
70 255 62
11 151 2
104 120 104
114 150 104
99 192 92
98 205 98
27 69 20
48 147 38
64 65 56
32 61 32
54 123 44
118 119 110
60 162 50
80 187 80
104 139 104
8 22 8
36 100 26
1 173 1
26 130 26
44 150 44
65 92 56
26 75 26
218 252 218
110 233 110
144 145 134
91 199 80
30 200 20
60 61 50
7 245 1
138 175 128
76 152 68
93 95 86
8 13 2
204 210 194
70 205 62
137 227 128
2 231 2
78 119 68
183 186 176
189 202 182
220 239 212
26 199 26
8 18 8
39 250 32
44 69 44
2 104 2
110 192 110
81 242 74
217 246 206
112 210 104
213 244 206
155 197 146
127 218 116
24 223 14
196 207 188
59 129 50
33 166 26
74 250 74
64 198 56
221 231 212
13 97 2
120 181 110
59 117 50
160 203 152
20 169 20
40 152 32
50 213 50
182 232 182
10 226 2
129 136 122
12 28 2
20 253 20
68 99 68
146 189 146
26 109 26
86 98 86
173 215 164
64 199 56
243 252 236
218 233 218
130 152 122
37 238 26
8 194 8
80 253 80
70 116 62
248 251 242
50 57 50
14 246 14
52 84 44
94 99 86
119 122 110
133 246 122
233 246 224
188 235 188
74 244 74
66 232 56
38 256 38
128 146 128
1 74 1
8 116 8
112 211 104
42 254 32
90 161 80
91 162 80
231 245 224
48 120 38
159 162 152
159 194 152
196 197 188
30 223 20
184 194 176
196 231 188
42 223 32
89 106 80
193 216 182
105 220 98
123 127 116
20 212 20
8 26 8
86 134 86
166 213 158
68 72 62
244 250 236
39 108 32
241 246 230
102 131 92
82 229 74
145 235 134
35 220 26
56 132 56
100 254 92
46 173 38
186 206 176
168 184 158
1 226 1
100 222 92
186 219 176
62 177 62
161 225 152
175 230 164
8 40 8
41 152 32
26 231 26
155 243 146
237 241 230
134 143 134
123 137 116
225 254 218
28 106 20
119 245 110
186 203 176
244 248 236
153 154 146
16 24 8
69 159 62
124 190 116
225 228 218
14 23 14
158 171 158
2 51 2
127 148 116
220 250 212
226 242 218
17 124 8
100 200 92
43 67 32
156 171 146
162 203 152
214 220 206
240 247 230
14 197 14
195 198 188
200 201 194
35 57 26
170 184 170
131 239 122
8 151 8
85 155 74
9 167 2
94 245 86
36 90 26
147 185 140
17 98 8
81 140 74
2 224 2
32 148 32
110 187 110
30 106 20
41 254 32
1 145 1
50 113 50
141 206 134
7 49 1
194 231 194
188 205 188
12 13 2
116 186 116
122 151 122
77 83 68
68 164 68
103 197 92
101 182 92
181 225 170
121 139 110
207 218 200
20 56 20
146 151 140
227 237 218
132 175 122
160 172 152
147 149 140
9 14 2
122 210 122
10 180 2
31 205 20
4 139 1
81 84 74
170 202 170
155 216 146
155 165 146
44 67 44
2 96 2
63 219 56
34 196 26
82 253 74
144 219 134
183 208 176
9 209 2
169 220 158
158 196 158
20 22 14
145 207 134
101 106 92
171 172 164
49 170 38
14 211 14
240 243 230
19 192 8
80 210 80
228 247 218
153 178 146
163 201 152
34 76 26
5 64 1
96 202 86
138 232 128
118 151 110
197 233 188
15 110 8
136 242 128
36 114 26
233 256 224
9 68 2
185 227 176
186 239 176
92 159 92
128 167 128
137 153 128
16 132 8
157 211 146
1 96 1
247 249 236
43 167 32
123 202 116
10 128 2
2 91 2
104 157 104
23 181 14
94 172 86
54 180 44
57 125 50
32 71 32
38 101 38
100 118 92
110 147 110
225 242 218
7 102 1
91 198 80
14 141 14
8 43 8
68 249 68
125 148 116
112 128 104
8 209 8
48 100 38
187 243 176
120 237 110
11 196 2
8 107 8
91 161 80
194 198 188
74 127 74
166 204 158
132 174 122
6 254 1
20 128 20
135 224 128
14 159 14
48 74 38
64 104 56
8 176 8
92 194 92
7 199 1
38 127 38
70 243 62
50 70 50
253 256 242
90 184 80
8 28 8
59 84 50
29 161 20
40 49 32
180 218 170
27 75 20
111 254 104
158 166 158
219 250 212
167 221 158
177 202 170
211 248 200
99 235 92
195 243 188
62 113 62
68 172 68
124 125 116
2 205 2
218 229 218
26 205 26
98 221 98
54 170 44
155 156 146
20 210 20
83 125 74
5 67 1
14 143 14
118 184 110
52 69 44
22 178 14
104 156 104
121 220 110
168 180 158
47 138 38
98 149 98
137 152 128
151 254 140
1 220 1
61 116 50
98 123 98
215 220 206
216 248 206
76 219 68
37 221 26
62 133 62
88 91 80
120 196 110
73 147 62
146 178 146
10 251 2
101 242 92
90 217 80
98 109 98
63 133 56
38 113 38
80 165 80
10 122 2
20 78 20
2 22 2
67 149 56
56 149 56
42 58 32
144 176 134
69 83 62
50 106 50
145 147 134
73 146 62
17 97 8
177 239 170
52 122 44
56 133 56
69 73 62
14 35 14
109 156 98
226 237 218
9 218 2
86 164 86
123 210 116
98 244 98
66 191 56
1 5 1
173 176 164
8 88 8
184 221 176
119 247 110
74 210 74
56 89 56
67 182 56
1 202 1
141 237 134
8 44 8
23 35 14
50 104 50
215 218 206
3 215 1
14 89 14
35 87 26
68 75 68
108 228 98
84 113 74
140 179 140
86 90 80
40 42 32
166 242 158
10 228 2
92 118 92
129 239 122
107 111 98
120 207 110
65 70 56
45 48 38
68 132 68
34 250 26
18 136 8
179 256 170
152 177 152
140 174 140
92 166 92
2 11 2
229 248 218
154 218 146
26 61 26
92 178 92
80 163 80
37 90 26
162 163 152
74 94 74
4 256 1
227 244 218
249 255 242
88 125 80
146 183 146
183 236 176
20 28 20
33 226 26
20 176 20
15 53 8
98 193 98
102 176 92
240 242 230
1 17 1
212 249 212
146 162 146
4 247 1
82 218 74
33 130 26
97 241 86
86 223 86
108 133 98
79 222 68
170 224 170
200 245 200
140 246 140
102 191 92
214 250 206
109 119 98
88 193 80
73 199 62
195 229 188
152 240 152
179 181 170
80 184 80
27 47 20
76 171 68
64 246 56
113 150 104
166 169 158
191 192 182
134 193 134
199 256 188
43 70 32
17 147 8
47 63 38
128 234 128
33 64 26
141 232 134
237 247 230
176 206 176
164 213 164
8 83 8
139 185 128
213 252 206
19 203 8
8 89 8
110 226 110
164 206 164
244 246 236
13 165 2
36 115 26
178 254 170
149 227 140
38 66 38
8 70 8
64 174 56
110 125 110
114 166 104
151 216 140
175 180 164
8 34 8
8 153 8
26 71 26
20 146 20
153 214 146
14 132 14
109 219 98
165 222 158
145 251 134
124 135 116
11 232 2
20 34 20
72 254 62
114 151 104
202 253 194
177 242 170
99 118 92
212 241 212
38 177 38
211 212 200
141 170 134
57 97 50
130 237 122
20 234 20
118 138 110
8 63 8
198 235 188
233 242 224
167 169 158
80 91 80
53 89 44
206 211 200
70 90 62
2 30 2
15 233 8
26 124 26
46 252 38
167 183 158
127 234 116
1 59 1
62 248 62
168 194 158
130 133 122
83 116 74
23 173 14
128 181 128
11 172 2
191 200 182
160 162 152
38 225 38
172 211 164
180 246 170
33 160 26
32 239 32
20 228 20
98 252 98
87 177 80
9 79 2
2 71 2
198 234 188
4 200 1
178 243 170
58 131 50
188 193 182
122 167 122
32 168 32
26 98 26
45 250 38
70 140 62
20 243 20
83 214 74
200 226 200
14 50 14
192 228 182
110 182 110
115 152 104
81 248 74
231 255 224
104 225 104
80 104 80
86 211 86
82 136 74
8 177 8
9 47 2
188 216 188
144 226 134
33 146 26
102 150 92
128 186 128
3 247 1
104 251 104
188 217 188
158 163 152
205 206 194
102 237 92
39 184 32
82 181 74
84 234 74
99 132 92
50 69 50
100 214 92
102 181 92
10 187 2
76 187 68
131 132 122
148 251 140
151 255 140
9 120 2
116 137 116
64 235 56
135 188 128
149 159 140
186 245 176
159 202 152
229 244 218
98 203 98
86 250 86
111 218 104
9 217 2
109 186 98
60 93 50
164 234 164
183 217 176
146 182 146
87 127 80
128 129 122
161 167 152
10 237 2
39 109 32
119 123 110
8 29 8
138 211 128
117 252 110
206 250 206
139 177 128
79 96 68
56 152 56
1 179 1
56 243 56
34 49 26
108 149 98
84 246 74
79 139 68
41 75 32
2 225 2
169 234 158
204 244 194
51 197 44
28 119 20
9 245 2
177 182 170
20 145 20
205 255 194
127 133 116
80 117 80
98 166 98
80 108 80
41 43 32
127 215 116
78 112 68
38 60 38
80 102 80
21 51 14
103 211 92
131 179 122
134 167 134
183 252 176
208 218 200
24 41 14
33 36 26
146 253 146
53 84 44
197 249 188
5 134 1
41 214 32
53 189 44
121 235 110
126 254 116
205 225 194
142 143 134
14 28 14
25 168 14
128 214 128
70 219 62
35 94 26
14 167 14
136 255 128
158 181 158
50 54 44
81 98 74
110 136 110
109 217 98
68 176 68
122 251 122
27 220 20
161 216 152
9 116 2
86 240 86
2 36 2
170 233 170
115 217 104
147 199 140
23 237 14
82 105 74
189 190 182
5 160 1
210 249 200
208 209 200
216 240 206
198 202 188
25 145 14
80 120 80
87 121 80
189 235 182
46 164 38
35 65 26
104 141 104
32 80 32
74 249 74
176 224 176
160 186 152
8 53 8
84 87 74
27 91 20
20 181 20
170 175 164
50 134 50
43 62 32
40 149 32
110 245 110
66 118 56
13 114 2
151 169 140
20 143 20
71 86 62
92 119 92
152 155 146
207 234 200
47 197 38
224 230 224
52 162 44
9 186 2
141 169 134
18 214 8
98 235 98
92 139 92
149 185 140
197 255 188
186 255 176
116 219 116
138 142 128
76 214 68
19 96 8
66 253 56
69 146 62
29 35 20
205 222 194
72 100 62
50 138 50
104 136 104
226 227 218
100 237 92
220 254 212
139 194 128
40 215 32
197 253 188
19 198 8
1 52 1
7 177 1
133 200 122
10 193 2
94 96 86
26 193 26
38 70 38
149 175 140
92 234 92
2 250 2
50 101 50
76 201 68
21 141 14
126 133 116
151 222 140
62 182 62
200 219 200
17 135 8
77 233 68
56 93 56
146 186 146
38 174 38
75 188 68
40 186 32
92 113 92
220 222 212
72 141 62
89 217 80
41 174 32
182 242 182
165 210 158
65 67 56
17 18 8
2 196 2
86 89 80
35 111 26
100 183 92
1 34 1
56 97 56
119 229 110
1 197 1
143 244 134
243 256 236
110 221 110
55 107 44
8 118 8
201 203 194
79 228 68
19 97 8
238 256 230
98 121 98
162 190 152
137 174 128
138 139 128
19 237 8
41 184 32
52 221 44
14 212 14
171 202 164
56 88 56
203 218 194
56 96 56
1 169 1
163 245 152
50 98 50
86 91 80
122 124 116
135 181 128
104 254 104
173 206 164
146 176 146
56 74 56
74 100 74
54 246 44
154 217 146
22 196 14
33 97 26
73 234 62
160 163 152
141 181 134
161 256 152
70 132 62
108 200 98
132 212 122
224 236 224
183 211 176
43 166 32
84 247 74
234 254 224
1 126 1
95 235 86
170 208 170
36 47 26
194 240 194
80 205 80
21 93 14
194 235 194
216 235 206
40 104 32
82 204 74
14 38 14
25 29 14
32 66 32
106 114 98
98 100 92
50 155 50
219 255 212
179 214 170
53 54 44
86 256 86
26 192 26
122 202 122
85 105 74
2 139 2
27 92 20
121 243 110
162 196 152
7 134 1
110 191 110
62 114 62
132 165 122
60 193 50
113 156 104
185 187 176
169 194 158
187 254 176
136 153 128
164 241 164
2 188 2
198 250 188
97 123 86
31 89 20
146 150 140
215 235 206
51 237 44
44 104 44
223 232 212
57 74 50
9 215 2
33 254 26
134 196 134
89 192 80
17 103 8
20 153 20
16 58 8
136 144 128
136 241 128
92 212 92
229 239 218
32 45 32
68 201 68
73 254 62
228 243 218
62 120 62
91 157 80
181 255 170
92 93 86
148 214 140
77 143 68
214 215 206
116 122 116
36 161 26
45 124 38
52 57 44
9 190 2
14 65 14
214 236 206
94 143 86
59 140 50
20 77 20
238 255 230
115 250 104
60 254 50
90 103 80
29 174 20
133 255 122
97 131 86
18 215 8
68 207 68
14 55 14
1 58 1
67 206 56
5 83 1
14 40 14
26 191 26
200 244 200
117 185 110
104 147 104
56 95 56
80 131 80
1 84 1
206 235 206
110 218 110
186 217 176
1 224 1
49 254 38
105 207 98
51 88 44
250 253 242
85 232 74
15 54 8
149 226 140
171 218 164
8 39 8
132 239 122
163 256 152
68 109 68
29 78 20
115 226 104
211 255 200
3 7 1
54 72 44
42 70 32
146 243 146
16 93 8
176 246 176
143 193 134
56 216 56
100 131 92
30 206 20
78 108 68
220 228 212
142 211 134
80 84 74
21 22 14
152 208 152
240 250 230
116 200 116
193 232 182
168 174 158
47 118 38
20 141 20
107 158 98
213 225 206
203 254 194
98 185 98
26 112 26
76 78 68
44 72 44
216 243 206
210 219 200
127 144 116
187 232 176
74 213 74
190 192 182
67 88 56
85 254 74
1 12 1
51 183 44
18 192 8
21 32 14
56 155 56
156 177 146
50 77 50
172 226 164
17 75 8
154 166 146
17 29 8
98 117 98
28 117 20
224 229 218
63 65 56
62 218 62
17 39 8
197 227 188
38 47 38
22 120 14
209 219 200
68 169 68
58 250 50
116 128 116
140 146 140
77 238 68
104 236 104
50 59 50
112 140 104
7 119 1
210 248 200
3 197 1
94 212 86
74 223 74
6 62 1
70 253 62
18 149 8
59 116 50
164 194 164
95 109 86
236 237 230
11 137 2
18 134 8
37 233 26
134 140 134
50 68 50
32 58 32
126 244 116
2 24 2
146 154 146
199 208 188
66 164 56
206 226 206
193 196 182
80 247 80
164 229 164
141 254 134
158 179 158
25 37 14
191 249 182
154 175 146
142 230 134
51 142 44
62 63 56
22 149 14
165 237 158
14 36 14
144 254 134
123 126 116
51 241 44
26 209 26
55 158 44
70 166 62
63 205 56
155 221 146
71 168 62
182 183 176
98 178 98
54 204 44
188 223 188
66 122 56
176 243 176
90 91 80
71 99 62
70 100 62
163 240 152
67 144 56
1 35 1
104 128 104
44 48 38
28 67 20
168 169 158
6 240 1
182 201 182
218 219 212
65 158 56
195 242 188
120 217 110
27 238 20
26 135 26
36 50 26
26 163 26
155 238 146
94 217 86
116 135 116
78 255 68
32 191 32
94 186 86
8 123 8
97 254 86
194 208 194
8 214 8
53 167 44
83 204 74
26 35 26
204 235 194
62 239 62
68 94 68
18 43 8
119 205 110
55 251 44
127 236 116
13 104 2
38 115 38
182 187 176
46 91 38
113 165 104
84 217 74
127 225 116
119 175 110
36 214 26
67 145 56
53 205 44
209 251 200
170 214 170
211 253 200
195 196 188
91 154 80
155 195 146
144 244 134
107 171 98
23 174 14
94 138 86
4 7 1
67 141 56
32 111 32
12 58 2
145 179 134
114 230 104
113 135 104
181 247 170
76 84 68
98 140 98
160 245 152
39 235 32
126 131 116
198 233 188
2 86 2
65 146 56
15 209 8
44 232 44
60 114 50
151 250 140
22 117 14
80 82 74
93 254 86
173 195 164
56 177 56
2 14 2
140 230 140
33 75 26
26 197 26
7 23 1
2 20 2
29 204 20
68 91 68
255 256 248
102 228 92
20 179 20
69 182 62
213 226 206
110 148 110
124 172 116
20 73 20
92 129 92
32 41 32
97 124 86
30 242 20
94 236 86
192 237 182
68 71 62
143 190 134
14 99 14
74 212 74
18 95 8
50 96 50
39 123 32
20 29 20
92 236 92
92 149 92
50 184 50
5 87 1
8 128 8
27 28 20
140 182 140
67 254 56
82 210 74
31 53 20
185 251 176
232 252 224
164 166 158
74 90 74
161 212 152
251 254 242
5 44 1
24 92 14
33 102 26
10 238 2
152 214 152
147 148 140
17 255 8
117 190 110
127 208 116
104 155 104
51 168 44
98 102 92
50 62 50
110 211 110
181 231 170
96 104 86
14 26 14
178 238 170
63 208 56
3 56 1
172 233 164
69 228 62
27 164 20
58 165 50
155 186 146
49 213 38
166 176 158
32 240 32
76 96 68
200 246 200
32 50 32
32 157 32
84 219 74
180 254 170
117 171 110
237 249 230
178 215 170
152 234 152
13 34 2
20 256 20
45 234 38
74 87 74
12 84 2
171 190 164
2 143 2
38 207 38
104 176 104
8 79 8
224 251 224
138 188 128
37 109 26
110 193 110
34 239 26
47 98 38
184 253 176
81 174 74
143 174 134
167 179 158
237 251 230
99 254 92
79 154 68
38 58 38
176 182 176
30 107 20
20 62 20
2 31 2
101 214 92
176 219 176
119 166 110
33 115 26
204 248 194
20 229 20
116 180 116
19 190 8
147 188 140
21 215 14
20 124 20
92 115 92
23 50 14
203 223 194
106 204 98
47 49 38
102 152 92
155 231 146
21 37 14
13 130 2
134 220 134
185 232 176
56 256 56
119 148 110
15 92 8
46 49 38
97 161 86
118 227 110
36 52 26
57 58 50
208 248 200
85 87 74
85 227 74
74 78 68
2 222 2
116 123 116
75 92 68
108 161 98
229 237 218
30 112 20
117 250 110
10 30 2
210 218 200
134 242 134
46 147 38
14 191 14
62 190 62
49 168 38
178 250 170
237 244 230
54 212 44
90 123 80
47 203 38
1 27 1
210 234 200
87 148 80
65 130 56
41 102 32
7 56 1
55 196 44
141 153 134
231 233 224
32 142 32
26 182 26
92 223 92
105 141 98
123 254 116
26 53 26
110 176 110
109 132 98
75 95 68
229 234 218
82 163 74
50 115 50
32 167 32
38 95 38
98 169 98
37 162 26
14 110 14
161 198 152
131 211 122
197 209 188
220 230 212
92 244 92
3 117 1
130 249 122
148 153 140
144 150 134
35 155 26
134 254 134
211 238 200
92 130 92
14 24 14
40 94 32
95 207 86
11 127 2
136 254 128
202 252 194
134 229 134
140 232 140
85 123 74
197 213 188
63 160 56
44 74 44
84 255 74
20 157 20
68 97 68
122 183 122
165 169 158
166 207 158
84 152 74
14 147 14
9 254 2
1 213 1
70 213 62
67 147 56
80 249 80
43 240 32
207 240 200
9 228 2
38 54 38
147 229 140
3 173 1
96 225 86
100 128 92
68 69 62
147 186 140
174 244 164
81 251 74
160 204 152
65 149 56
117 119 110
124 142 116
115 210 104
32 132 32
124 185 116
99 243 92
92 215 92
143 232 134
68 160 68
14 19 8
99 239 92
10 13 2
50 125 50
85 161 74
2 25 2
112 163 104
208 256 200
32 64 32
11 12 2
39 232 32
29 205 20
207 209 200
47 239 38
19 184 8
141 190 134
38 183 38
172 203 164
26 111 26
128 131 122
97 101 86
86 183 86
122 142 122
50 163 50
146 244 146
36 151 26
66 77 56
44 159 44
191 241 182
86 201 86
73 141 62
164 207 164
2 108 2
127 150 116
149 169 140
23 232 14
102 207 92
47 231 38
216 223 206
21 159 14
114 236 104
8 129 8
81 182 74
119 218 110
132 194 122
179 233 170
5 163 1
138 223 128
75 250 68
50 121 50
15 75 8
26 42 26
8 157 8
152 189 152
40 129 32
89 154 80
14 111 14
20 103 20
95 173 86
118 219 110
155 242 146
20 245 20
166 256 158
230 232 224
94 188 86
211 241 200
16 166 8
8 113 8
111 114 104
162 178 152
23 180 14
148 149 140
139 197 128
54 91 44
125 155 116
37 56 26
141 233 134
60 178 50
62 205 62
161 172 152
1 109 1
144 202 134
27 143 20
153 163 146
74 99 74
42 76 32
92 209 92
99 242 92
44 165 44
63 110 56
20 164 20
17 65 8
21 82 14
108 226 98
130 238 122
83 105 74
52 248 44
62 140 62
151 194 140
221 239 212
28 239 20
92 226 92
14 162 14
94 234 86
83 190 74
139 212 128
68 150 68
134 192 134
115 121 104
72 218 62
103 180 92
8 16 8
1 62 1
170 190 170
60 235 50
86 125 86
4 115 1
146 157 146
203 206 194
36 240 26
24 111 14
233 251 224
20 47 20
104 182 104
130 175 122
25 234 14
16 99 8
63 109 56
2 46 2
32 74 32
1 161 1
111 157 104
152 254 152
49 150 38
104 228 104
68 116 68
229 253 218
177 185 170
127 254 116
3 193 1
54 122 44
113 188 104
185 242 176
1 253 1
4 229 1
34 163 26
117 155 110
78 79 68
199 218 188
193 195 182
87 202 80
59 118 50
22 24 14
124 163 116
40 194 32
129 139 122
235 252 224
65 254 56
229 249 218
91 121 80
14 83 14
137 216 128
27 211 20
49 198 38
122 232 122
23 37 14
189 215 182
95 225 86
238 239 230
23 235 14
16 197 8
21 95 14
144 147 134
8 61 8
233 245 224
228 250 218
110 171 110
140 147 140
245 251 236
125 252 116
128 169 128
110 145 110
113 117 104
200 223 200
147 189 140
7 253 1
40 245 32
11 227 2
128 213 128
150 242 140
85 166 74
92 202 92
34 81 26
99 244 92
36 252 26
69 213 62
8 110 8
117 130 110
80 179 80
98 132 98
243 247 236
37 213 26
104 123 104
165 175 158
126 168 116
150 174 140
8 27 8
1 77 1
86 111 86
82 223 74
128 220 128
20 64 20
179 234 170
61 240 50
167 203 158
61 251 50
147 182 140
98 110 98
5 124 1
54 108 44
20 189 20
212 218 212
66 99 56
201 254 194
1 217 1
2 220 2
202 238 194
118 231 110
164 242 164
181 227 170
87 214 80
7 60 1
128 207 128
133 149 122
173 232 164
4 6 1
38 147 38
118 152 110
20 95 20
64 68 56
231 238 224
154 157 146
69 214 62
40 251 32
44 191 44
82 111 74
32 140 32
1 45 1
167 248 158
8 236 8
26 80 26
68 108 68
30 98 20
190 216 182
68 134 68
79 184 68
144 217 134
162 254 152
6 64 1
98 248 98
36 65 26
13 75 2
153 169 146
57 83 50
91 254 80
149 215 140
231 249 224
44 95 44
77 254 68
120 164 110
152 236 152
2 7 1
71 118 62
8 25 8
22 130 14
32 59 32
60 116 50
68 74 68
176 226 176
38 105 38
77 78 68
72 104 62
56 101 56
247 252 236
67 190 56
130 153 122
104 216 104
87 236 80
42 255 32
14 148 14
158 182 158
8 49 8
180 247 170
68 248 68
124 145 116
185 247 176
12 102 2
171 175 164
4 206 1
152 157 146
44 71 44
93 124 86
104 224 104
202 205 194
66 211 56
118 121 110
74 104 74
122 207 122
131 133 122
218 253 218
148 208 140
54 256 44
49 162 38
211 216 200
14 88 14
11 111 2
59 179 50
1 90 1
145 245 134
74 219 74
241 242 230
1 114 1
1 49 1
152 179 152
52 113 44
108 203 98
20 86 20
92 111 92
164 239 164
42 236 32
122 192 122
110 161 110
157 218 146
167 189 158
78 226 68
225 256 218
127 163 116
41 252 32
38 131 38
74 77 68
1 15 1
159 178 152
109 171 98
179 210 170
105 144 98
188 190 182
46 198 38
70 104 62
86 96 86
4 51 1
152 255 152
143 189 134
44 203 44
141 146 134
119 230 110
141 158 134
116 121 110
4 10 1
106 244 98
97 251 86
45 99 38
105 154 98
219 223 212
8 255 8
80 183 80
104 181 104
13 217 2
207 245 200
229 241 218
53 233 44
129 151 122
127 206 116
21 233 14
85 129 74
193 231 182
36 223 26
75 194 68
89 99 80
5 221 1
162 185 152
23 36 14
165 220 158
157 227 146
75 210 68
34 216 26
14 20 14
9 22 2
71 211 62
105 242 98
119 157 110
112 114 104
140 178 140
195 197 188
116 181 116
38 69 38
50 172 50
38 86 38
67 241 56
50 151 50
1 94 1
71 130 62
196 213 188
66 151 56
14 142 14
29 215 20
133 204 122
74 182 74
227 248 218
202 207 194
225 226 218
166 218 158
62 81 62
32 63 32
104 129 104
107 152 98
170 191 170
37 253 26
116 173 116
79 179 68
95 139 86
59 146 50
67 112 56
85 195 74
52 246 44
3 203 1
82 126 74
82 83 74
109 174 98
17 128 8
19 164 8
80 190 80
200 205 194
8 127 8
197 207 188
200 251 200
116 189 116
29 243 20
116 169 116
143 205 134
14 176 14
239 241 230
218 255 218
22 169 14
37 96 26
51 96 44
167 182 158
110 139 110
222 231 212
239 246 230
81 254 74
80 89 80
2 170 2
2 238 2
193 197 182
18 44 8
194 216 194
201 206 194
170 244 170
38 167 38
93 94 86
191 215 182
56 164 56
69 158 62
226 229 218
107 233 98
8 51 8
149 178 140
191 246 182
189 206 182
71 97 62
8 147 8
86 218 86
13 188 2
25 250 14
60 170 50
56 82 56
69 250 62
74 190 74
149 182 140
88 134 80
56 69 56
142 169 134
160 208 152
7 94 1
189 236 182
8 133 8
86 146 86
153 226 146
21 78 14
69 120 62
66 67 56
118 136 110
123 150 116
226 248 218
63 196 56
8 31 8
65 189 56
196 245 188
16 112 8
26 131 26
244 254 236
50 116 50
163 182 152
144 191 134
56 79 56
70 235 62
65 211 56
27 56 20
42 211 32
161 220 152
113 256 104
3 110 1
92 151 92
195 255 188
125 174 116
4 119 1
194 255 194
19 244 8
111 134 104
45 115 38
182 208 182
143 234 134
116 217 116
95 175 86
80 86 80
77 100 68
138 234 128
104 148 104
187 217 176
16 178 8
194 206 194
53 241 44
160 176 152
52 79 44
146 168 146
124 199 116
105 197 98
188 245 188
28 183 20
199 254 188
145 156 134
105 143 98
52 213 44
43 194 32
56 80 56
224 254 224
141 235 134
109 153 98
74 166 74
4 5 1
88 247 80
68 178 68
90 154 80
192 213 182
35 237 26
80 81 74
20 41 20
155 177 146
116 149 116
80 236 80
98 229 98
61 69 50
221 236 212
75 203 68
15 242 8
24 190 14
24 71 14
80 182 80
8 247 8
109 187 98
29 31 20
241 252 230
2 201 2
20 70 20
134 223 134
128 175 128
207 252 200
185 241 176
2 125 2
86 188 86
146 171 146
251 253 242
25 74 14
2 5 1
102 127 92
20 82 20
165 245 158
239 251 230
51 179 44
127 196 116
122 129 122
28 44 20
231 246 224
56 65 56
119 184 110
8 33 8
22 254 14
152 190 152
93 214 86
177 250 170
123 238 116
135 197 128
74 228 74
88 204 80
11 171 2
2 166 2
62 209 62
82 102 74
116 172 116
8 78 8
126 127 116
85 218 74
74 227 74
35 223 26
8 144 8
20 133 20
16 250 8
225 236 218
161 169 152
12 224 2
1 18 1
177 208 170
247 251 236
205 229 194
70 78 62
171 174 164
145 175 134
41 204 32
209 211 200
50 150 50
84 222 74
134 139 128
111 115 104
235 249 224
107 130 98
117 209 110
210 211 200
74 211 74
54 163 44
45 168 38
120 254 110
57 168 50
50 84 50
251 256 242
110 151 110
47 229 38
178 179 170
214 244 206
140 187 140
110 204 110
35 140 26
172 216 164
86 207 86
215 244 206
143 223 134
18 115 8
100 234 92
152 178 152
2 29 2
85 223 74
33 151 26
35 227 26
201 235 194
18 27 8
110 222 110
55 240 44
100 210 92
68 112 68
157 194 146
234 239 224
74 240 74
146 172 146
44 96 44
194 201 194
21 23 14
119 151 110
32 84 32
2 72 2
184 256 176
14 115 14
145 178 134
218 243 218
198 199 188
78 172 68
28 84 20
26 82 26
54 220 44
202 229 194
160 254 152
85 109 74
56 123 56
116 131 116
43 61 32
14 220 14
248 250 242
211 215 200
150 201 140
14 130 14
2 169 2
1 211 1
43 174 32
9 10 2
82 128 74
186 199 176
77 213 68
23 230 14
25 97 14
15 159 8
42 50 32
74 98 74
113 253 104
154 215 146
133 238 122
251 252 242
146 197 146
126 182 116
24 221 14
12 66 2
122 159 122
44 224 44
2 120 2
38 92 38
98 142 98
5 104 1
171 244 164
53 142 44
128 219 128
62 110 62
54 251 44
149 229 140
7 139 1
118 245 110
110 200 110
117 222 110
173 188 164
236 238 230
55 93 44
54 111 44
123 198 116
42 109 32
79 141 68
27 118 20
88 250 80
50 78 50
214 230 206
127 220 116
32 150 32
137 249 128
20 207 20
1 30 1
4 8 1
55 79 44
119 189 110
105 120 98
145 221 134
153 179 146
14 140 14
22 174 14
25 202 14
164 172 164
11 255 2
84 110 74
45 76 38
84 235 74
51 119 44
98 234 98
118 243 110
38 46 38
181 205 170
3 190 1
128 200 128
89 92 80
161 177 152
165 183 158
1 110 1
12 68 2
8 66 8
239 240 230
215 242 206
51 147 44
104 114 104
15 60 8
114 143 104
201 216 194
46 117 38
76 103 68
38 41 32
127 245 116
64 187 56
44 171 44
184 186 176
97 144 86
178 204 170
175 227 164
131 254 122
68 76 68
148 232 140
16 236 8
59 139 50
157 252 146
31 208 20
15 246 8
16 32 8
113 248 104
218 228 218
65 127 56
237 238 230
14 32 14
150 164 140
58 139 50
165 254 158
162 219 152
31 254 20
120 246 110
26 64 26
139 153 128
120 122 110
16 142 8
200 256 200
219 254 212
44 107 44
30 53 20
78 256 68
219 233 212
60 95 50
157 237 146
180 181 170
6 159 1
196 254 188
153 218 146
171 195 164
1 29 1
74 214 74
90 172 80
113 153 104
85 104 74
213 238 206
209 228 200
184 185 176
3 6 1
26 106 26
44 51 44
101 183 92
239 244 230
212 234 212
156 253 146
79 82 68
2 158 2
236 253 236
38 59 38
209 223 200
231 250 224
164 224 164
128 174 128
226 243 218
81 91 74
70 149 62
16 19 8
148 189 140
2 12 2
59 93 50
2 59 2
62 105 62
208 214 200
149 202 140
203 227 194
150 208 140
159 181 152
38 39 32
128 225 128
86 187 86
14 67 14
101 161 92
165 248 158
34 245 26
1 10 1
126 150 116
248 254 248
115 138 104
182 254 182
96 254 86
202 203 194
181 229 170
170 181 170
2 161 2
128 254 128
151 244 140
1 127 1
70 150 62
138 160 128
13 105 2
52 179 44
48 171 38
206 207 200
80 234 80
24 238 14
30 212 20
91 173 80
13 79 2
92 102 92
32 82 32
86 135 86
157 250 146
1 113 1
159 215 152
59 171 50
112 232 104
2 26 2
86 145 86
84 226 74
14 91 14
44 197 44
26 28 20
81 120 74
14 231 14
206 209 200
2 194 2
44 115 44
186 254 176
96 158 86
50 110 50
40 107 32
26 243 26
44 139 44
194 221 194
32 179 32
88 145 80
7 170 1
220 221 212
113 170 104
38 184 38
171 254 164
30 205 20
23 39 14
50 55 44
92 145 92
51 141 44
43 124 32
24 195 14
168 222 158
30 158 20
130 173 122
35 37 26
110 123 110
67 208 56
62 158 62
173 235 164
217 219 206
107 201 98
56 187 56
84 121 74
179 185 170
82 85 74
140 177 140
33 114 26
206 228 206
48 253 38
121 140 110
8 169 8
101 169 92
32 87 32
90 176 80
62 146 62
8 114 8
151 160 140
32 99 32
120 188 110
26 88 26
18 157 8
48 126 38
99 101 92
107 196 98
146 254 146
10 224 2
174 213 164
169 171 158
55 171 44
33 105 26
128 242 128
172 190 164
64 129 56
142 217 134
117 205 110
62 197 62
36 235 26
8 161 8
109 192 98
28 254 20
78 181 68
129 232 122
14 137 14
140 160 140
195 248 188
97 125 86
14 214 14
148 227 140
159 196 152
239 245 230
239 252 230
52 88 44
36 234 26
61 254 50
158 225 158
116 255 116
157 220 146
81 232 74
142 161 134
164 201 164
178 199 170
152 256 152
75 246 68
109 201 98
32 33 26
22 237 14
1 92 1
87 111 80
82 197 74
39 119 32
8 23 8
86 245 86
27 256 20
75 110 68
214 222 206
86 249 86
114 254 104
206 249 206
32 34 26
37 146 26
195 199 188
62 104 62
43 201 32
22 57 14
20 218 20
11 220 2
157 212 146
43 104 32
15 254 8
227 231 218
40 43 32
149 254 140
123 236 116
239 247 230
42 138 32
139 167 128
95 138 86
179 219 170
128 217 128
50 94 50
38 124 38
134 157 134
2 242 2
38 78 38
32 37 26
56 181 56
178 253 170
74 194 74
41 138 32
212 253 212
48 67 38
41 219 32
42 181 32
21 256 14
74 142 74
248 256 248
92 189 92
205 252 194
116 198 116
118 254 110
63 222 56
128 235 128
48 134 38
1 238 1
42 201 32
12 175 2
29 61 20
235 237 224
18 217 8
89 101 80
135 141 128
140 166 140
178 203 170
92 148 92
119 216 110
92 211 92
225 245 218
48 143 38
155 187 146
189 207 182
140 209 140
8 200 8
167 197 158
46 58 38
52 204 44
210 214 200
45 215 38
1 26 1
203 213 194
8 187 8
173 250 164
221 230 212
116 167 116
52 115 44
80 198 80
30 234 20
121 176 110
1 116 1
207 246 200
62 109 62
152 249 152
112 126 104
9 222 2
20 30 20
30 168 20
88 200 80
232 246 224
110 153 110
214 245 206
99 145 92
75 79 68
190 201 182
202 208 194
149 228 140
221 232 212
235 240 224
17 38 8
173 242 164
1 223 1
91 140 80
94 97 86
104 115 104
104 163 104
187 250 176
57 65 50
129 241 122
204 206 194
32 149 32
179 236 170
104 105 98
149 152 140
52 105 44
44 108 44
20 54 20
25 133 14
7 167 1
5 36 1
111 154 104
159 160 152
85 136 74
11 73 2
154 198 146
188 241 188
86 117 86
121 182 110
44 169 44
235 241 224
1 99 1
10 46 2
26 166 26
99 218 92
129 137 122
118 195 110
52 89 44
143 157 134
8 80 8
38 217 38
96 144 86
179 200 170
78 141 68
105 110 98
44 211 44
218 220 212
3 133 1
56 114 56
30 155 20
63 234 56
192 250 182
38 242 38
160 179 152
25 254 14
178 205 170
95 178 86
71 254 62
187 205 176
85 238 74
83 161 74
89 90 80
1 247 1
197 251 188
148 210 140
32 128 32
112 150 104
69 78 62
74 238 74
106 127 98
1 24 1
95 188 86
14 102 14
191 218 182
200 242 200
62 191 62
11 62 2
94 222 86
45 178 38
204 231 194
109 112 98
26 40 26
44 124 44
49 216 38
38 67 38
63 211 56
95 108 86
70 74 62
250 252 242
68 148 68
16 17 8
115 212 104
39 223 32
76 128 68
40 73 32
19 205 8
10 71 2
197 247 188
98 182 98
196 230 188
145 256 134
14 207 14
95 246 86
63 152 56
117 242 110
8 244 8
238 240 230
80 110 80
128 153 128
193 199 182
168 235 158
183 184 176
14 69 14
16 63 8
245 247 236
44 47 38
178 233 170
96 244 86
190 234 182
91 215 80
86 224 86
168 171 158
171 211 164
29 201 20
74 162 74
113 195 104
129 171 122
32 134 32
44 142 44
15 195 8
13 94 2
118 216 110
111 120 104
185 220 176
14 56 14
118 148 110
140 192 140
248 249 242
108 220 98
62 245 62
140 234 140
153 204 146
50 167 50
98 105 98
28 99 20
51 225 44
155 191 146
166 183 158
201 250 194
176 211 176
140 184 140
169 214 158
118 247 110
19 139 8
44 60 44
40 250 32
94 144 86
101 237 92
1 151 1
181 209 170
26 120 26
38 42 32
46 214 38
174 224 164
96 109 86
39 190 32
35 153 26
105 109 98
58 183 50
93 205 86
98 201 98
154 205 146
28 168 20
86 169 86
29 75 20
36 167 26
164 167 158
17 22 8
1 118 1
81 168 74
50 181 50
16 89 8
86 88 80
44 80 44
1 152 1
2 164 2
79 131 68
35 243 26
200 252 200
10 209 2
170 187 170
140 200 140
68 78 68
125 234 116
184 192 176
180 210 170
95 184 86
55 177 44
79 135 68
131 150 122
68 154 68
2 35 2
14 121 14
8 92 8
28 104 20
165 180 158
38 87 38
177 217 170
88 90 80
52 65 44
49 129 38
29 41 20
126 252 116
111 158 104
1 33 1
47 136 38
48 141 38
119 235 110
209 215 200
228 254 218
83 162 74
20 175 20
229 230 218
170 198 170
96 205 86
220 255 212
35 77 26
31 214 20
158 245 158
164 248 164
119 223 110
233 252 224
20 119 20
4 183 1
117 254 110
183 220 176
26 102 26
68 165 68
176 207 176
197 217 188
56 209 56
107 176 98
123 248 116
74 188 74
74 123 74
78 209 68
10 203 2
44 54 44
109 127 98
142 208 134
74 132 74
168 186 158
26 79 26
64 67 56
46 84 38
118 149 110
90 212 80
62 66 56
20 233 20
56 229 56
162 225 152
32 54 32
77 79 68
32 125 32
62 80 62
144 175 134
98 164 98
152 193 152
92 97 86
72 109 62
8 221 8
79 221 68
23 175 14
84 102 74
95 128 86
62 181 62
204 205 194
2 94 2
138 238 128
13 241 2
92 137 92
131 157 122
11 146 2
79 236 68
17 91 8
203 252 194
44 68 44
129 132 122
6 183 1
218 226 218
111 146 104
154 155 146
88 197 80
53 197 44
62 107 62
92 170 92
80 206 80
84 205 74
143 160 134
224 244 224
20 161 20
190 245 182
99 219 92
75 216 68
223 256 212
110 175 110
70 221 62
62 138 62
139 255 128
176 244 176
207 254 200
2 52 2
62 79 62
2 45 2
137 145 128
23 150 14
129 140 122
54 145 44
20 40 20
2 19 2
24 167 14
52 181 44
89 160 80
77 253 68
55 164 44
139 178 128
99 225 92
12 93 2
110 122 110
6 141 1
182 195 182
150 198 140
190 207 182
32 67 32
202 250 194
39 171 32
98 133 98
128 180 128
52 184 44
86 174 86
243 250 236
141 144 134
212 251 212
2 8 2
25 77 14
104 227 104
80 192 80
150 151 140
16 245 8
33 83 26
75 111 68
169 198 158
33 220 26
141 249 134
177 200 170
222 248 212
117 237 110
14 202 14
143 144 134
178 245 170
94 205 86
211 224 200
49 86 38
48 248 38
39 163 32
1 248 1
142 205 134
118 124 110
56 183 56
20 90 20
130 210 122
36 138 26
156 233 146
63 66 56
178 208 170
7 188 1
31 43 20
51 152 44
42 67 32
82 169 74
58 254 50
213 233 206
87 159 80
2 54 2
64 186 56
111 113 104
137 139 128
107 116 98
59 205 50
121 254 110
126 214 116
50 108 50
61 148 50
55 74 44
36 204 26
64 75 56
87 153 80
129 200 122
73 112 62
62 153 62
144 183 134
150 207 140
121 177 110
190 205 182
135 139 128
42 170 32
9 151 2
65 66 56
177 235 170
153 165 146
47 102 38
102 103 92
62 124 62
45 50 38
11 165 2
181 214 170
85 93 74
137 251 128
53 204 44
192 240 182
229 240 218
130 215 122
176 241 176
42 248 32
19 188 8
47 161 38
217 222 206
7 174 1
50 225 50
53 244 44
167 228 158
43 121 32
23 72 14
11 176 2
129 242 122
43 187 32
4 43 1
39 254 32
70 71 62
32 131 32
35 97 26
105 145 98
57 173 50
151 158 140
86 108 86
164 251 164
76 233 68
24 179 14
204 233 194
189 193 182
20 84 20
61 164 50
212 224 212
105 193 98
251 255 242
135 138 128
10 91 2
20 46 20
125 172 116
84 144 74
87 218 80
184 246 176
54 148 44
94 95 86
51 79 44
66 80 56
80 215 80
150 172 140
184 206 176
165 214 158
73 247 62
50 85 50
47 177 38
42 82 32
44 114 44
201 244 194
8 42 8
57 251 50
15 80 8
25 197 14
3 136 1
59 120 50
80 153 80
62 154 62
114 169 104
36 46 26
33 225 26
53 174 44
164 227 164
17 121 8
74 115 74
50 243 50
61 110 50
205 254 194
166 253 158
44 106 44
34 149 26
22 98 14
90 214 80
109 120 98
30 33 20
69 194 62
1 183 1
110 169 110
8 9 2
150 210 140
96 169 86
158 255 158
44 77 44
67 247 56
223 227 212
193 238 182
241 255 230
32 88 32
215 253 206
226 254 218
123 124 116
195 207 188
7 128 1
98 177 98
184 242 176
129 203 122
60 131 50
145 161 134
136 157 128
16 82 8
147 254 140
133 140 122
158 254 158
72 134 62
91 174 80
123 245 116
31 32 20
114 235 104
22 207 14
89 139 80
63 174 56
247 256 236
38 76 38
26 248 26
8 47 8
120 195 110
96 217 86
74 164 74
14 201 14
40 50 32
17 183 8
154 186 146
29 147 20
162 231 152
122 162 122
122 203 122
26 148 26
80 166 80
231 234 224
37 201 26
26 27 20
62 192 62
207 227 200
22 113 14
194 250 194
85 207 74
162 194 152
5 28 1
180 201 170
56 75 56
20 53 20
177 179 170
97 206 86
27 162 20
168 254 158
224 245 224
50 210 50
145 162 134
86 123 86
221 238 212
199 226 188
52 54 44
49 143 38
5 97 1
216 222 206
138 174 128
17 138 8
192 225 182
8 224 8
68 177 68
112 192 104
7 24 1
168 220 158
128 142 128
88 150 80
114 179 104
156 200 146
249 252 242
44 134 44
171 181 164
68 167 68
134 181 134
37 123 26
182 185 176
223 242 212
99 241 92
103 189 92
3 12 1
1 3 1
79 160 68
