256 6808
108 120 1
28 95 252
20 170 9
86 124 164
192 236 1
7 156 104
110 166 160
73 82 255
53 250 1
42 89 1
1 254 1
39 61 255
38 204 42
40 51 40
112 120 120
7 178 7
29 223 1
196 214 85
72 80 160
99 160 160
115 149 1
57 61 255
1 146 1
122 190 1
56 244 1
227 242 179
142 216 85
10 38 255
147 222 120
82 249 255
103 159 59
57 180 14
29 92 209
19 69 106
126 172 31
78 240 14
80 243 201
4 49 4
1 18 1
130 212 106
195 255 255
101 151 101
25 133 1
24 37 79
14 78 14
104 105 1
183 197 31
165 210 1
73 83 85
72 189 116
154 222 1
146 154 254
65 132 1
170 175 120
160 238 160
94 173 183
73 218 42
48 88 31
76 178 201
1 129 1
131 224 1
185 220 1
89 193 1
40 239 1
88 97 1
72 192 120
23 121 255
61 62 62
164 212 14
213 217 179
137 218 255
27 78 1
60 116 116
194 241 120
185 241 185
96 152 255
109 252 50
8 184 120
34 194 1
53 184 1
181 192 132
33 112 160
99 226 226
36 86 195
196 215 215
23 93 102
112 185 120
159 232 102
4 143 1
59 234 59
189 235 120
182 191 1
82 219 195
81 127 160
31 237 31
119 216 1
183 213 1
13 207 120
73 100 255
75 169 1
224 255 255
6 230 164
73 203 1
3 197 160
177 224 118
133 164 14
141 177 14
79 237 160
9 210 160
101 211 101
178 215 1
157 208 208
158 209 209
147 153 132
135 233 1
248 255 1
11 143 1
34 118 14
18 92 1
4 225 4
126 152 1
18 218 255
23 227 85
52 178 31
44 154 14
101 108 106
17 50 47
4 104 1
165 188 1
113 171 240
96 222 1
26 138 52
19 211 254
19 212 212
34 236 14
44 130 14
46 134 85
56 141 1
87 236 255
13 242 1
138 142 1
79 81 160
170 198 1
14 220 14
39 100 106
17 26 183
134 204 59
22 69 255
83 255 255
142 234 85
149 189 120
152 177 118
5 238 27
76 81 209
51 93 85
52 73 1
56 234 1
128 202 201
100 156 1
23 111 1
1 169 1
81 186 201
60 251 1
37 47 160
68 105 14
6 46 255
59 232 59
28 245 1
32 141 255
45 239 201
93 144 85
74 120 120
14 193 14
15 86 255
176 233 179
86 119 1
43 172 47
25 42 1
26 235 160
93 223 85
24 247 160
8 20 9
94 221 52
1 158 1
45 162 1
24 116 116
115 126 1
173 186 31
62 208 85
1 211 1
153 175 132
88 179 1
7 186 104
53 68 68
192 206 160
148 192 160
1 7 1
31 54 160
44 124 124
173 194 160
249 251 125
31 111 160
150 235 27
1 108 1
36 114 1
89 160 160
100 137 106
59 163 1
76 160 160
47 91 47
186 211 1
127 215 1
36 180 193
56 112 160
75 76 1
26 38 1
110 199 160
50 212 1
31 46 1
163 223 1
107 220 14
32 162 208
13 219 1
41 143 1
196 228 228
102 134 102
28 237 237
40 58 1
144 150 1
67 130 1
9 48 160
60 209 160
19 249 255
31 50 31
54 114 79
222 242 1
162 227 179
167 238 1
95 140 50
15 73 85
30 43 160
61 199 1
41 179 179
73 165 255
28 55 1
12 251 255
55 64 41
173 221 52
31 105 1
200 247 160
24 234 1
26 242 1
117 235 120
132 180 1
44 183 1
24 220 1
96 115 255
131 187 31
65 66 1
59 159 59
45 174 206
47 185 160
77 204 167
1 68 1
16 217 255
46 168 168
67 181 67
72 79 79
107 210 1
53 146 106
92 202 209
24 73 1
200 226 120
105 192 1
4 157 255
28 67 160
139 180 195
113 151 106
118 180 4
126 170 160
81 166 160
21 79 120
44 89 1
8 229 9
62 146 255
14 101 14
80 236 1
105 144 255
121 126 1
35 249 1
138 209 31
195 242 255
119 192 160
30 168 1
37 134 1
69 85 255
32 40 40
40 245 85
51 83 208
160 209 160
255 256 255
30 127 120
86 114 1
31 170 160
141 197 1
83 94 1
190 208 1
29 239 209
87 215 102
138 172 47
139 224 195
214 251 251
53 191 14
197 202 169
53 167 255
63 104 160
21 160 160
154 184 1
5 127 67
99 110 160
53 113 113
121 130 106
120 184 120
78 194 1
37 60 79
39 113 240
81 212 1
170 241 9
143 232 1
189 248 116
1 110 1
93 245 59
7 131 201
77 255 255
17 44 1
37 145 79
94 213 1
158 243 201
61 130 255
88 203 52
188 253 1
31 56 31
76 118 1
110 124 1
63 189 120
139 193 195
71 95 47
163 167 1
110 209 201
85 213 85
195 236 195
88 140 47
18 133 106
8 165 1
81 148 169
174 218 1
121 149 1
41 86 255
250 256 1
146 212 256
1 16 1
47 171 1
3 141 1
62 74 1
56 253 1
38 103 42
118 132 1
177 180 4
33 248 160
45 114 160
105 161 195
18 43 1
55 218 85
20 123 116
71 221 71
160 190 160
56 166 160
121 211 205
22 45 1
124 209 1
76 194 160
13 114 120
11 218 62
25 50 50
1 44 1
54 123 123
164 243 1
9 150 120
91 221 47
148 217 1
87 203 1
52 119 31
157 191 255
126 222 160
1 86 1
67 153 27
10 16 106
9 214 1
17 221 52
24 50 160
21 61 1
33 53 1
11 39 255
63 125 1
109 218 1
153 181 27
145 161 1
47 246 31
43 45 31
111 135 226
64 83 179
203 233 1
109 110 31
71 82 1
95 254 1
4 255 255
50 89 50
51 234 85
4 130 14
138 173 52
40 222 1
160 193 1
99 141 1
39 205 106
170 238 120
89 177 1
118 135 1
151 205 101
128 186 243
68 98 1
66 243 160
177 209 1
68 97 255
56 164 1
62 139 255
41 114 1
144 232 85
128 237 31
113 233 255
99 190 132
74 188 149
35 217 1
107 134 255
25 198 1
18 38 255
20 66 9
84 218 42
61 142 85
30 106 1
25 95 50
105 243 1
197 223 1
73 245 167
131 172 31
83 147 1
41 74 1
23 234 87
159 183 1
97 146 255
99 145 120
193 216 255
37 187 160
200 206 160
151 255 255
198 245 59
21 206 160
39 240 240
84 215 59
51 158 1
24 174 160
32 135 1
193 207 1
44 227 255
51 233 208
158 217 1
26 123 160
140 210 25
81 246 209
180 195 195
30 70 120
8 132 120
34 44 14
64 192 1
138 140 47
87 234 87
7 80 201
119 205 1
37 114 79
14 86 14
19 54 1
151 254 254
143 254 1
63 192 99
2 24 79
113 192 1
210 218 1
191 224 4
3 247 160
147 189 120
92 197 209
198 243 1
6 256 14
103 245 167
116 138 160
136 179 179
58 252 31
52 203 52
86 177 195
61 140 1
38 159 59
10 154 254
116 182 116
109 136 1
91 250 50
108 171 141
40 249 179
69 193 14
118 224 118
196 245 59
126 148 209
85 205 255
83 160 1
176 253 179
56 247 138
44 48 1
39 153 1
121 124 14
36 119 1
67 104 160
35 39 1
80 234 1
27 67 27
28 79 160
118 237 1
1 240 1
117 145 116
220 250 1
141 249 255
73 162 85
19 68 106
48 60 160
106 205 106
77 87 59
88 183 183
189 244 1
54 140 160
54 72 79
12 240 14
108 197 1
87 252 1
68 106 106
56 203 71
108 194 1
63 238 132
63 70 226
42 76 1
1 144 1
125 176 125
4 44 195
127 145 120
173 176 1
86 171 14
37 112 120
18 189 1
117 162 1
51 249 179
188 235 132
151 256 254
32 227 179
185 201 160
95 160 160
123 127 120
125 162 179
65 237 1
65 95 1
203 240 1
34 123 1
116 166 116
235 249 1
122 234 102
178 254 1
22 96 59
18 198 255
17 243 31
217 242 208
51 149 1
57 149 1
138 221 71
254 255 255
35 181 67
120 222 120
130 219 14
11 152 255
36 200 1
52 130 1
19 122 255
105 193 4
59 254 255
125 143 1
76 127 160
113 137 240
80 123 160
58 121 1
58 119 104
25 183 47
127 144 1
72 229 116
142 193 255
65 164 164
109 176 1
26 173 90
28 91 252
35 179 1
7 202 201
172 252 252
148 197 131
109 143 50
250 252 50
74 192 226
183 195 1
13 54 120
156 213 1
108 179 255
75 244 255
55 58 1
16 66 1
36 150 1
161 164 164
32 41 179
59 224 255
59 245 59
49 170 1
123 134 1
124 214 255
19 77 255
48 156 243
69 151 106
15 183 1
12 74 1
37 86 1
100 146 254
51 168 208
45 102 1
83 190 1
29 191 1
130 137 240
138 139 1
178 205 1
50 149 160
32 182 1
9 182 9
141 179 255
162 179 179
68 77 255
2 248 123
110 123 160
54 60 79
86 255 255
207 248 116
72 184 120
28 240 1
61 99 1
17 162 1
160 164 1
133 161 14
121 138 1
225 245 255
31 47 31
34 248 1
22 129 1
77 213 85
148 162 1
56 88 52
11 88 1
29 205 1
77 103 167
195 206 1
206 245 1
1 113 1
85 144 85
110 239 201
163 175 175
7 92 201
24 54 79
227 245 85
26 108 1
128 205 1
215 234 102
44 117 1
190 211 1
3 132 132
99 189 120
193 233 255
79 115 1
102 153 1
106 213 255
4 115 195
165 178 1
85 168 85
4 52 1
145 252 160
11 210 1
4 159 255
166 176 1
14 39 14
30 157 1
91 237 252
90 194 160
21 35 27
85 184 1
206 220 1
35 99 132
52 115 1
120 125 1
35 192 132
18 34 106
95 187 50
75 172 1
41 145 1
46 242 168
14 187 1
117 203 160
40 255 255
35 116 120
162 171 255
130 156 1
4 61 255
72 222 116
64 101 255
158 215 1
156 223 1
18 40 255
64 249 249
12 14 14
147 206 160
169 227 1
82 168 255
125 236 255
83 213 179
67 175 132
47 202 31
11 217 85
176 185 1
2 226 120
34 173 1
174 225 1
16 108 16
24 52 160
117 226 120
59 93 59
61 136 85
82 191 195
1 208 1
39 151 106
114 160 160
81 131 169
40 41 179
80 99 160
62 244 255
44 149 1
10 70 1
50 95 50
55 214 125
151 193 14
109 172 50
25 189 160
3 199 120
148 224 1
6 43 1
226 250 160
82 228 255
225 240 14
18 96 255
151 240 106
1 120 1
52 76 31
66 202 160
22 214 85
43 165 1
5 70 132
34 185 1
6 107 161
88 190 160
122 156 1
187 250 210
228 234 102
41 191 255
225 255 255
162 253 168
17 209 31
8 167 1
114 186 160
12 164 164
121 253 255
127 176 1
43 128 31
132 158 160
68 220 68
3 29 160
80 124 1
51 218 85
61 212 255
42 245 42
147 181 132
151 154 154
15 178 1
42 106 255
165 195 195
122 157 85
143 188 160
122 240 255
119 121 1
88 173 183
83 128 1
89 144 1
18 153 1
2 141 1
87 159 102
140 247 47
87 232 87
158 231 1
49 89 1
201 221 31
96 134 59
43 232 1
142 231 208
72 160 160
82 244 164
51 210 1
64 198 85
18 255 255
105 214 255
1 230 1
42 144 85
13 132 132
50 196 1
139 181 1
107 161 161
21 81 160
60 248 79
84 223 85
128 129 160
79 147 120
19 139 14
19 215 255
188 201 160
38 134 59
13 109 160
3 36 1
63 111 13
199 228 1
52 200 160
189 213 1
27 81 160
79 194 120
15 158 1
75 175 1
45 111 160
75 97 179
53 195 14
61 73 42
10 116 1
3 221 160
101 200 1
55 75 55
85 234 85
70 174 160
120 170 120
164 241 1
94 225 1
103 157 85
88 250 47
15 16 255
51 208 208
148 253 1
134 142 85
35 238 27
98 116 116
227 249 125
29 75 1
1 190 1
31 239 31
133 186 1
90 183 183
57 69 240
235 256 1
76 149 160
24 254 1
85 90 1
44 87 255
125 223 125
1 109 1
205 244 14
6 195 195
88 138 52
165 248 1
169 218 1
63 229 120
2 90 160
110 237 31
87 167 59
175 194 226
73 84 167
162 255 255
175 190 132
8 103 1
56 105 1
12 231 255
1 229 1
18 254 106
162 249 179
28 68 1
135 239 160
117 229 9
154 256 254
1 203 1
102 228 102
4 229 1
38 156 1
28 30 160
200 214 1
52 252 47
167 232 59
10 201 1
132 210 160
134 162 85
104 124 1
51 75 179
52 218 1
126 187 31
114 155 1
23 180 255
87 153 1
42 188 1
97 214 179
116 256 1
39 53 240
63 157 1
160 189 160
11 195 255
187 239 31
178 203 31
161 191 195
84 228 59
76 202 209
46 253 168
100 154 154
58 104 104
38 122 59
71 154 1
22 192 1
105 225 4
96 227 85
69 106 106
132 150 132
198 214 85
58 155 1
9 238 120
46 145 1
11 77 42
142 210 1
119 226 160
173 199 160
108 109 1
76 246 239
134 216 87
143 154 1
125 127 1
216 232 87
179 233 179
58 201 201
17 203 52
48 224 1
7 126 201
99 192 99
25 116 160
15 223 41
18 224 14
3 98 120
55 176 125
179 231 179
120 241 120
143 237 252
17 252 47
1 161 1
116 164 1
26 47 47
165 255 255
93 128 1
17 108 1
40 165 255
157 205 255
68 236 14
77 128 1
59 62 59
164 256 14
108 166 1
123 194 120
56 249 1
98 200 79
69 173 1
91 172 252
12 121 14
93 220 255
52 111 160
129 160 160
49 247 1
44 140 1
224 227 255
88 126 31
109 183 47
137 171 16
158 178 201
170 182 222
59 247 1
86 111 1
85 157 85
62 102 59
157 253 208
186 202 201
121 209 1
44 49 195
7 14 1
136 157 179
8 67 120
126 174 201
6 49 195
87 158 1
19 254 254
1 51 1
206 228 1
82 164 164
51 87 85
23 240 255
7 183 31
126 202 209
55 200 1
85 161 255
217 222 1
11 85 85
224 249 255
104 209 201
80 129 160
14 49 14
79 210 160
31 250 31
155 255 255
164 240 14
29 81 202
19 100 254
27 121 1
109 187 25
77 172 1
75 184 1
71 232 1
64 247 1
20 132 120
95 236 1
132 183 160
59 251 85
56 85 1
129 173 160
126 246 158
165 246 1
90 140 47
2 131 160
25 61 1
65 124 164
120 210 160
16 25 1
58 182 160
118 131 1
140 143 50
166 226 120
140 168 1
95 237 252
43 168 1
168 242 168
128 138 31
96 98 1
100 121 101
36 219 225
73 95 1
26 107 1
61 150 1
15 249 41
28 235 160
166 170 116
157 255 255
86 105 195
25 242 1
3 123 120
208 237 1
179 230 255
58 62 1
38 84 42
17 88 94
135 150 132
126 141 1
147 221 160
68 103 255
37 216 1
86 115 164
63 207 120
217 223 179
32 208 208
1 5 1
9 199 9
26 94 183
208 253 208
100 254 254
169 239 209
1 199 1
74 153 132
8 189 9
126 181 160
61 91 1
66 185 9
52 69 1
142 212 255
217 255 255
12 169 1
130 158 1
37 129 116
35 150 67
17 173 183
98 185 116
48 119 243
231 238 1
55 125 125
53 220 68
120 160 160
25 237 50
3 43 160
23 26 1
15 213 125
1 111 1
85 195 255
108 256 106
50 199 160
66 117 66
132 188 132
54 135 120
81 150 160
32 95 1
80 254 1
166 248 79
83 233 168
7 128 243
18 211 106
79 160 160
46 179 179
20 137 1
203 239 31
100 179 255
18 95 1
69 178 1
127 210 160
104 160 160
112 190 3
89 117 160
212 246 1
185 228 1
192 207 120
24 74 120
95 203 47
100 144 255
12 86 12
83 106 255
51 81 1
90 94 183
41 218 85
37 133 1
121 154 101
66 79 116
13 66 120
29 250 31
139 230 78
77 129 1
22 204 59
60 185 116
16 220 240
26 106 1
121 229 1
133 211 254
96 133 255
97 157 32
103 142 85
12 34 14
124 186 1
76 94 31
134 213 85
87 122 102
21 181 27
26 175 160
45 76 201
167 228 59
66 93 1
115 236 195
70 91 160
58 169 201
74 143 160
100 183 1
68 158 1
140 241 160
105 233 255
44 219 195
67 129 120
131 198 1
31 60 160
131 228 1
58 132 160
125 157 179
106 133 106
45 222 160
205 254 254
96 179 85
38 61 62
22 197 1
102 122 102
32 179 179
1 117 1
154 159 255
237 254 1
30 60 79
241 252 160
41 227 125
151 177 14
58 69 1
17 56 52
56 143 47
160 222 160
19 47 1
3 193 1
1 23 1
130 168 255
106 130 106
11 26 1
25 88 47
16 255 255
76 89 31
6 33 1
41 183 1
71 242 1
109 232 1
205 212 254
34 141 106
95 113 1
50 107 1
7 93 1
16 224 14
78 195 195
72 175 120
92 128 201
198 234 198
32 178 1
4 75 255
73 152 255
56 252 47
53 93 255
233 254 255
44 137 14
167 218 42
82 105 195
61 119 1
76 174 201
218 245 42
47 103 1
77 167 167
79 123 79
98 107 1
111 147 226
45 230 1
118 195 195
151 164 14
33 233 1
44 69 14
32 143 1
3 160 160
167 214 85
45 220 1
5 150 150
48 57 1
221 247 71
36 160 1
122 252 1
24 55 1
36 57 14
103 255 255
6 42 255
135 210 160
8 168 1
1 104 1
125 198 85
131 205 1
123 182 116
10 121 254
23 241 1
27 112 27
97 255 255
63 172 160
64 178 1
25 85 1
120 200 120
6 82 164
14 255 255
45 132 160
35 233 1
102 234 102
27 137 1
51 160 1
106 179 255
141 256 106
38 196 59
100 153 1
151 180 14
80 206 201
40 231 40
1 192 1
106 163 1
83 216 85
5 63 132
74 250 160
23 134 23
1 143 1
157 190 1
83 181 1
81 197 169
31 129 160
128 183 31
63 114 120
34 255 255
116 238 120
54 199 116
27 217 1
73 111 1
50 239 31
168 232 85
11 75 85
102 232 102
18 52 1
16 228 255
25 47 47
128 234 1
50 210 50
14 44 14
152 165 4
144 253 179
124 157 255
63 181 132
169 208 1
114 200 200
45 126 201
75 94 1
39 71 1
74 83 1
112 235 238
1 255 1
26 115 1
169 192 160
160 163 160
77 102 59
70 134 1
81 125 1
71 172 47
128 165 1
146 254 254
1 179 1
14 58 1
80 148 209
212 248 1
24 200 166
181 235 27
57 68 240
51 106 255
12 184 1
1 195 1
79 125 1
170 229 9
108 115 14
184 216 1
122 147 1
43 221 221
80 246 239
153 194 132
16 58 1
220 234 255
190 235 3
11 237 1
61 134 59
25 213 1
138 238 160
78 124 115
84 255 255
172 223 1
133 244 14
130 205 106
79 116 116
107 164 164
160 210 160
117 199 9
33 153 160
160 188 160
34 140 1
61 118 255
25 112 160
39 232 255
132 200 120
41 51 179
218 223 85
96 247 1
211 215 255
57 240 240
71 207 160
48 123 160
11 61 62
122 218 59
81 201 201
134 251 85
55 255 255
115 195 195
160 235 160
116 145 116
48 174 206
30 149 120
8 130 1
10 230 14
31 197 31
128 212 1
98 160 160
36 77 255
85 253 85
1 122 1
64 153 1
220 255 255
57 105 14
44 86 164
87 217 85
15 41 41
51 204 85
28 72 160
10 220 106
168 231 208
166 213 1
140 250 25
247 254 1
4 66 1
87 179 85
135 175 226
42 220 255
181 223 1
72 226 120
51 97 40
11 255 255
109 129 160
47 164 1
160 181 160
66 69 1
8 71 160
40 221 1
65 165 195
181 248 120
37 195 1
186 203 31
32 34 255
185 199 185
110 174 110
73 97 85
132 192 132
159 228 228
125 164 255
32 163 1
43 149 160
7 127 160
61 237 1
28 221 47
12 220 14
14 205 14
66 116 116
120 124 1
31 186 31
214 232 85
47 228 1
58 205 1
71 156 31
216 217 85
73 96 42
150 204 1
88 153 160
64 159 85
80 207 160
184 246 160
32 176 179
62 121 255
22 215 228
141 211 106
211 232 255
57 141 16
28 244 1
21 27 27
129 156 160
121 176 255
34 52 1
223 249 249
196 200 1
85 255 255
48 106 1
180 196 255
44 55 255
242 255 255
64 86 255
19 133 256
114 199 116
97 242 208
84 217 85
188 214 1
136 206 1
81 86 1
82 115 115
63 174 160
122 172 1
41 142 179
123 213 1
95 250 50
88 221 52
199 224 1
214 255 255
32 149 1
13 74 226
14 225 14
2 230 1
63 236 1
14 42 255
16 115 14
15 189 1
33 81 201
233 238 1
5 72 120
49 141 14
47 70 160
66 123 116
42 44 255
190 196 1
157 168 208
167 252 1
34 69 106
38 102 59
85 233 85
1 202 1
85 87 85
78 159 255
162 236 255
96 155 62
95 106 1
90 152 1
82 233 255
141 171 141
28 186 31
149 237 160
94 160 160
111 123 120
120 127 120
1 85 1
131 144 1
162 208 208
22 159 228
1 138 1
78 244 164
95 181 160
41 162 179
21 176 1
11 103 42
170 255 1
7 71 31
163 206 160
36 161 195
31 43 31
137 205 106
68 113 113
169 193 1
24 62 1
58 251 1
107 252 1
59 149 1
110 135 160
3 35 27
171 240 240
1 74 1
69 110 1
138 196 1
61 84 42
7 250 31
160 198 1
24 60 72
47 247 47
24 145 166
59 198 59
4 129 1
12 30 1
58 102 1
112 194 132
139 170 1
80 180 1
113 240 240
161 189 1
133 241 1
21 240 1
14 244 14
75 189 1
195 233 255
76 251 1
249 255 255
56 72 160
195 201 1
87 186 1
38 176 85
63 117 120
81 84 1
1 215 1
63 112 132
42 204 42
20 246 160
172 202 31
10 74 1
85 225 255
151 189 1
115 208 255
190 246 160
182 199 9
96 255 255
97 249 179
77 110 1
25 170 160
187 237 50
51 90 1
91 252 252
6 73 255
77 159 59
115 124 115
25 239 31
102 115 255
75 216 85
76 206 201
202 206 201
36 79 1
5 190 27
50 187 50
68 69 113
75 193 255
196 253 85
102 243 1
92 168 1
53 69 113
61 183 1
116 123 116
130 171 240
6 229 1
71 187 47
182 203 160
116 248 116
113 154 106
1 149 1
117 129 222
185 193 1
115 155 255
124 195 195
127 192 132
9 156 160
180 217 255
118 239 1
233 255 255
29 114 160
120 130 1
39 234 255
23 159 102
24 181 120
119 129 160
24 77 1
3 14 1
47 236 1
20 45 160
134 198 87
162 185 1
40 85 85
26 43 52
102 119 1
231 233 208
74 193 1
1 251 1
39 171 16
74 111 226
170 220 1
85 106 255
199 229 199
170 171 1
128 233 1
51 198 85
161 239 1
98 149 120
42 62 42
1 139 1
143 250 50
8 110 160
46 51 208
45 91 31
151 245 255
139 145 1
58 71 31
105 129 1
172 203 47
42 88 1
81 160 160
185 211 1
178 244 1
38 106 255
241 248 116
236 244 195
146 189 1
28 187 50
116 163 120
94 229 160
27 236 1
1 76 1
21 190 21
21 112 3
1 159 1
46 194 1
4 165 4
29 162 1
25 123 160
54 164 1
122 215 228
6 161 161
80 117 160
12 162 255
2 74 120
163 221 160
67 115 1
16 104 1
31 148 31
24 123 79
122 253 85
62 221 1
40 176 179
28 208 1
77 113 255
34 200 1
113 147 1
173 248 160
2 192 120
218 248 1
93 149 1
102 196 102
138 143 47
85 167 85
199 250 160
18 200 1
53 130 113
36 188 1
61 155 62
20 250 160
144 205 255
117 234 1
131 249 1
13 146 1
1 35 1
78 177 195
81 202 202
23 36 255
78 255 255
13 126 160
84 121 255
165 228 255
96 234 59
53 141 240
131 229 160
7 244 1
133 166 1
10 34 256
133 156 1
11 124 255
69 116 1
170 187 160
125 136 125
91 134 1
109 138 47
155 196 59
137 166 1
40 179 179
86 219 195
36 256 14
3 177 1
121 141 106
62 217 85
105 230 195
38 216 59
129 229 9
77 165 255
167 237 1
57 255 255
128 174 206
45 198 1
106 141 106
62 177 255
95 179 1
174 236 1
1 140 1
131 169 169
73 170 1
20 177 1
59 106 255
45 169 201
76 171 1
72 169 160
150 238 27
33 131 201
41 213 125
2 211 1
63 253 1
207 229 185
70 160 160
62 95 1
84 177 255
17 233 1
153 184 27
192 247 160
20 176 1
89 123 160
37 252 160
5 151 1
4 14 14
65 162 255
26 121 1
44 152 195
26 178 31
85 117 1
237 252 252
114 166 166
73 93 59
200 222 116
17 43 52
67 142 1
72 145 166
46 187 1
83 157 208
53 199 1
160 226 160
214 217 179
35 250 160
115 132 1
46 85 85
21 220 1
209 241 160
235 239 160
216 244 255
109 210 25
114 195 1
237 239 31
67 170 120
197 246 209
116 231 1
97 145 1
150 195 1
82 92 1
168 186 1
77 168 85
24 129 116
34 146 256
215 254 255
9 170 9
6 216 255
88 207 160
13 92 160
88 226 160
9 103 1
16 36 14
187 235 160
8 204 1
15 75 55
18 210 1
24 114 166
135 146 1
58 84 1
20 230 1
7 238 160
101 212 254
186 201 201
20 127 120
9 66 9
59 165 255
130 182 1
146 256 256
143 186 31
18 154 106
22 220 255
111 160 160
31 45 31
114 203 160
1 47 1
215 238 1
69 240 240
53 248 1
10 218 255
61 218 96
70 195 1
60 66 116
145 182 116
39 137 39
49 255 255
2 185 116
113 175 1
52 58 31
92 127 160
107 204 255
184 218 1
134 233 85
28 199 160
9 235 120
75 233 179
108 205 106
34 121 254
14 163 1
50 76 31
118 165 4
128 201 201
31 52 31
102 206 1
46 154 255
179 224 255
49 219 4
21 153 21
1 58 1
85 245 85
53 74 1
59 222 1
212 215 255
167 197 1
37 199 116
97 217 40
25 172 50
115 230 115
18 146 106
122 239 1
148 201 201
117 173 160
109 222 160
1 191 1
178 208 1
151 224 14
125 142 179
136 227 251
85 102 85
11 252 1
60 200 166
172 208 1
14 212 14
121 212 254
199 219 1
18 130 69
233 251 179
15 38 85
33 243 243
22 202 1
1 170 1
182 238 120
26 144 1
122 181 1
84 211 255
91 98 160
148 199 160
110 193 1
174 251 1
118 136 255
116 160 160
1 166 1
80 147 160
104 174 243
104 155 1
78 82 115
119 138 31
51 201 1
158 246 158
203 221 221
15 64 41
49 184 1
120 140 160
51 167 85
114 120 120
9 123 116
117 170 66
41 124 255
2 76 160
40 131 1
116 167 1
39 111 1
107 158 1
30 189 116
68 212 106
15 125 125
63 129 120
35 226 132
59 196 59
29 202 202
91 249 1
187 252 50
53 118 14
16 167 255
32 198 85
80 201 201
83 85 85
24 81 160
65 194 1
28 246 31
125 233 179
140 187 25
239 244 1
28 58 31
50 195 1
73 200 1
84 178 1
135 241 120
115 224 195
1 188 1
153 230 1
66 135 120
1 193 1
5 202 160
26 179 1
1 19 1
63 163 99
66 166 116
106 255 255
69 212 106
126 250 31
55 168 179
140 194 160
244 255 255
8 216 1
53 217 255
46 204 85
138 247 138
66 155 1
203 247 71
214 249 125
18 68 113
85 97 85
118 166 1
25 70 160
140 252 50
34 79 1
52 80 31
8 219 1
156 184 160
104 243 243
120 144 1
36 185 1
6 139 164
1 167 1
69 97 255
95 109 50
64 217 179
63 212 1
20 98 116
18 220 113
160 172 160
45 201 201
28 71 47
77 238 1
38 218 62
139 199 1
40 126 1
95 255 1
164 175 1
130 167 255
33 239 201
141 161 14
5 13 132
148 169 169
12 115 164
160 252 160
56 242 1
7 99 160
34 128 1
30 59 1
47 157 1
33 110 110
55 144 125
96 99 1
149 223 1
21 219 1
28 238 160
88 196 1
160 175 160
123 248 123
41 202 1
112 114 120
84 123 1
71 166 160
17 195 1
64 255 255
43 114 160
59 102 59
150 222 120
145 215 1
147 163 226
146 161 14
1 148 1
139 255 255
136 176 251
66 143 160
237 247 47
19 238 1
156 187 31
107 219 195
116 229 116
138 226 160
58 160 160
6 152 195
10 151 254
137 141 16
15 104 1
92 213 1
136 214 144
106 177 14
7 157 1
97 155 85
48 110 206
9 147 120
112 135 132
4 22 255
122 232 102
4 161 195
50 204 1
21 121 1
22 85 85
85 214 85
109 205 1
135 149 149
1 87 1
1 196 1
172 250 50
83 244 255
116 169 160
111 179 1
24 157 1
4 124 195
176 228 85
25 81 31
9 166 116
47 50 47
60 183 160
72 162 1
1 198 1
98 127 120
75 128 1
11 14 255
111 192 99
137 170 1
88 90 183
194 253 1
16 180 14
130 198 255
26 160 160
2 119 160
62 198 59
22 23 102
80 149 160
15 88 1
106 113 106
83 242 242
140 215 1
126 178 201
141 146 106
87 183 1
19 80 1
1 100 1
34 213 255
29 189 160
116 119 160
169 247 31
82 195 195
4 48 1
84 167 167
149 250 160
18 104 1
220 244 14
207 224 1
21 34 1
48 243 243
96 198 59
116 185 116
167 255 255
171 181 1
53 55 255
47 219 1
49 224 49
66 120 120
39 214 255
109 139 1
230 255 255
39 81 1
110 116 160
92 256 1
14 122 255
130 248 1
17 71 52
218 255 255
63 196 1
159 214 85
60 212 1
58 243 243
150 184 67
78 115 115
106 215 255
92 186 201
7 188 160
41 64 41
21 159 1
118 129 1
23 167 59
44 106 14
16 201 1
67 84 1
2 187 160
102 219 255
116 222 116
239 241 160
1 227 1
19 152 14
50 237 50
176 214 251
76 83 1
102 218 59
72 83 1
89 173 47
74 160 160
20 241 185
76 199 160
2 85 1
74 112 132
68 192 1
15 227 125
66 82 1
3 190 3
1 201 1
47 252 47
23 85 85
122 123 1
23 87 87
49 100 14
51 241 1
14 108 14
60 148 160
110 119 243
11 208 85
80 160 160
2 30 123
172 216 1
34 38 255
222 249 1
80 202 209
92 212 1
152 230 195
17 193 1
117 154 1
20 152 1
45 95 31
15 210 1
1 62 1
57 171 16
169 209 209
92 94 31
131 247 31
68 141 240
119 186 104
104 232 1
86 224 195
27 35 27
61 227 85
23 97 85
5 181 150
121 256 254
6 25 1
179 249 179
76 124 1
92 169 209
121 255 255
3 90 160
26 165 1
82 173 1
116 199 116
9 160 160
112 181 27
159 255 255
87 101 255
202 243 201
13 147 226
13 202 160
70 172 160
162 233 46
18 161 14
207 231 1
189 211 1
133 219 14
87 175 1
196 218 59
42 84 42
233 242 168
41 168 179
50 252 50
21 163 132
1 151 1
130 256 106
99 171 1
70 175 226
85 206 1
126 127 160
122 255 255
216 228 102
65 255 255
207 250 160
29 148 169
172 194 160
109 250 25
128 209 201
135 235 132
153 229 120
149 154 1
113 252 1
28 140 50
103 167 167
69 130 69
123 150 120
213 227 176
78 219 195
89 249 1
37 136 1
12 236 195
113 131 1
30 166 79
69 215 255
215 255 255
209 248 160
16 155 255
4 210 1
103 232 59
50 105 1
11 142 85
128 164 1
47 237 47
26 46 1
95 111 160
129 231 1
104 206 243
10 255 255
197 242 1
84 170 1
109 236 1
75 227 125
23 246 1
38 150 1
1 163 1
40 162 208
204 234 59
112 142 1
71 225 1
30 177 1
101 121 101
217 225 255
56 221 71
7 205 1
57 130 240
33 197 201
1 213 1
176 179 179
11 213 85
93 129 1
159 204 59
19 115 14
110 156 243
32 85 85
77 96 42
12 254 14
102 112 1
8 107 1
44 225 195
35 248 120
1 205 1
144 249 125
237 243 31
119 127 160
118 138 1
133 163 1
222 229 9
40 139 255
140 221 47
4 101 14
84 152 255
38 96 62
168 252 1
93 208 85
130 197 1
70 99 226
23 157 85
114 145 200
22 36 255
44 240 14
47 56 47
19 205 254
169 201 201
7 206 243
3 238 3
103 205 255
40 188 1
131 179 1
33 36 1
31 198 1
173 234 1
176 252 1
161 217 255
172 192 160
23 232 23
83 208 208
186 213 1
34 78 14
35 246 160
147 192 226
156 208 1
89 98 160
62 179 85
19 114 1
66 99 120
22 233 85
149 226 226
1 233 1
101 240 106
93 216 102
125 249 125
122 228 228
112 122 1
169 207 160
51 53 255
1 92 1
43 133 1
157 237 1
100 110 1
99 148 160
3 25 160
51 157 40
154 205 101
109 237 50
3 153 3
220 252 1
48 139 1
2 96 1
32 93 85
247 250 47
20 155 1
134 144 85
1 253 1
65 235 1
108 154 106
154 185 1
105 236 105
7 108 1
201 246 201
49 236 118
188 194 188
42 181 1
67 76 160
149 157 1
85 241 1
167 236 255
154 198 255
60 101 1
88 216 1
103 123 1
127 254 1
80 186 201
16 34 106
24 175 120
179 253 179
160 229 160
27 160 160
42 234 59
171 199 1
73 141 255
110 187 31
134 209 1
1 204 1
8 28 160
78 222 1
7 197 201
32 48 1
44 93 255
127 228 1
60 241 116
7 33 243
27 165 1
61 165 255
1 145 1
76 239 239
21 75 1
51 64 179
98 114 79
67 214 1
68 74 1
86 227 255
107 226 1
8 93 1
112 126 160
112 229 120
121 137 106
1 45 1
107 193 195
202 207 160
165 174 1
144 158 1
160 250 160
13 163 99
113 256 106
8 233 1
193 206 1
61 232 59
65 254 14
78 197 1
174 206 206
26 80 31
106 243 1
162 198 85
74 189 120
14 141 14
69 220 113
60 230 1
21 235 3
127 149 132
202 220 1
131 148 131
75 164 255
75 214 125
102 163 1
15 205 255
95 172 252
126 128 201
31 158 31
49 161 195
98 144 1
228 245 59
106 137 106
93 198 102
84 208 85
80 197 209
1 94 1
143 252 252
145 190 120
133 202 1
175 226 226
51 162 208
173 220 1
94 140 47
37 172 160
129 135 120
180 238 1
107 182 1
110 115 1
161 254 14
16 161 14
17 89 47
150 175 132
80 132 160
164 194 1
113 118 14
1 197 1
153 163 132
108 247 1
34 154 254
64 75 41
65 73 255
31 58 31
50 188 160
71 199 160
27 235 27
128 141 1
54 160 160
17 253 1
250 251 1
54 84 1
71 186 31
33 206 206
44 84 255
93 255 255
70 149 149
64 136 125
143 207 160
123 200 79
62 175 1
33 253 1
66 100 1
92 239 239
57 100 106
161 193 195
78 164 164
44 78 115
78 180 195
63 132 132
36 244 195
101 160 1
87 146 255
20 229 185
27 132 132
56 218 1
57 113 240
148 218 1
52 93 1
82 156 1
232 233 85
195 224 195
122 166 1
197 253 1
180 206 1
73 227 85
126 165 1
163 189 120
73 195 255
1 2 1
43 146 1
1 21 1
12 84 255
48 170 160
168 179 179
6 12 12
79 177 1
135 154 1
137 220 240
159 174 1
153 160 160
2 145 79
237 250 50
5 102 1
183 221 52
145 189 116
83 153 1
77 125 85
32 125 179
20 23 1
42 68 255
147 229 120
25 199 160
121 139 14
39 231 255
52 113 1
244 253 255
22 196 228
72 170 116
86 100 14
12 82 164
32 38 85
121 240 106
13 106 1
199 200 116
198 246 1
131 220 1
159 239 1
196 224 255
60 118 1
62 78 255
67 191 1
33 183 31
196 254 255
59 134 59
14 68 14
132 175 132
70 181 132
1 178 1
25 73 1
77 94 1
89 151 1
39 255 255
242 254 255
47 75 1
153 245 1
15 176 125
18 108 240
92 209 209
90 95 47
95 223 1
23 52 1
120 254 1
3 97 1
53 197 1
66 160 160
22 73 59
85 160 1
87 134 87
212 254 254
42 77 42
75 150 1
164 220 14
74 147 74
28 134 1
123 183 160
134 215 102
70 72 120
61 125 85
64 125 125
34 155 255
13 226 226
149 180 1
43 71 71
142 253 242
38 90 1
49 173 1
44 190 1
41 254 255
89 95 50
113 219 14
22 59 59
32 75 179
44 121 14
102 103 59
12 243 1
51 242 208
180 235 1
14 171 14
98 112 120
56 200 160
133 242 255
118 177 118
11 249 85
101 205 101
228 255 255
13 188 226
85 230 255
195 219 195
126 183 31
22 38 59
8 108 1
50 91 50
99 163 99
141 205 106
36 115 195
179 201 1
128 140 31
20 175 120
29 104 201
60 139 1
32 87 85
97 124 255
30 253 1
210 237 50
141 232 255
160 183 160
152 175 1
200 248 79
97 196 85
44 83 255
75 140 1
120 150 120
62 157 85
38 123 1
58 110 243
91 162 1
64 223 249
57 66 1
20 61 1
179 208 179
9 149 120
64 242 179
14 82 14
96 121 255
62 84 42
13 174 160
52 94 52
72 231 1
110 223 1
217 219 255
28 59 1
49 105 118
111 144 1
4 118 4
65 240 14
35 132 132
16 121 106
63 235 132
36 78 195
109 221 47
14 219 14
5 6 1
78 86 164
84 210 1
31 219 1
49 156 1
67 132 132
51 136 179
158 202 209
135 203 160
37 66 116
224 236 118
83 217 208
117 232 1
57 137 39
59 212 255
100 120 1
120 250 160
113 181 1
155 190 1
123 251 1
6 65 161
126 238 160
62 195 255
81 169 169
69 108 240
96 139 255
64 215 85
118 164 195
111 250 160
149 242 1
30 145 79
123 161 1
173 203 52
184 191 1
37 73 1
7 246 201
223 251 125
160 239 160
19 136 255
41 232 85
13 149 226
21 137 1
91 183 47
127 132 132
43 209 31
76 247 31
170 216 1
55 60 1
30 192 120
151 204 255
78 192 1
82 150 1
58 223 1
62 134 59
80 170 160
125 173 1
19 23 255
71 72 160
20 147 120
119 143 31
1 133 1
217 227 179
118 124 195
86 193 195
31 206 31
61 103 42
90 117 160
156 169 201
59 204 59
64 182 1
29 217 1
189 199 185
253 255 255
39 141 16
22 184 1
93 234 102
176 242 179
48 203 31
195 211 14
113 130 113
88 217 1
143 165 1
6 14 14
156 202 201
30 185 116
55 186 1
71 80 31
89 92 31
189 219 1
46 239 1
57 107 14
69 163 1
85 251 85
153 190 21
182 241 9
174 195 1
7 234 1
92 247 31
208 233 208
205 211 205
166 190 120
22 234 102
40 95 1
5 9 120
126 249 1
203 222 160
78 210 1
41 195 255
194 229 120
39 123 1
36 95 1
26 183 183
154 206 1
106 254 106
4 218 255
71 89 47
177 236 105
80 239 239
134 211 255
177 255 255
198 244 255
20 55 1
181 184 67
14 162 255
176 222 1
1 78 1
209 234 1
31 110 31
166 189 116
106 252 1
207 233 1
2 194 120
27 120 120
78 251 255
33 232 1
85 217 85
1 80 1
229 241 199
29 113 1
31 201 31
182 208 1
149 202 160
19 38 255
26 50 47
93 205 255
59 228 59
44 230 115
48 132 160
60 98 79
113 142 255
199 207 185
47 116 160
2 7 160
40 157 40
1 26 1
43 57 1
71 250 47
72 181 120
70 246 160
128 211 1
93 217 85
28 94 47
13 201 160
159 215 215
12 144 255
240 253 255
51 171 255
43 179 1
141 244 14
61 76 1
121 150 1
1 210 1
180 218 255
198 232 87
30 200 79
55 249 41
93 228 228
148 166 160
6 202 1
136 213 251
112 193 1
45 243 243
93 159 228
81 90 31
145 187 160
4 191 4
133 146 133
14 34 14
3 127 27
108 152 14
102 204 59
104 201 201
28 181 160
22 171 255
168 256 255
64 175 1
124 180 195
9 105 1
189 256 1
1 171 1
64 236 255
40 187 1
55 122 85
40 252 1
212 216 255
116 200 116
3 74 132
35 190 27
150 171 1
70 210 160
38 253 85
42 65 255
137 249 255
36 118 4
141 243 1
100 205 101
181 232 1
116 207 116
195 205 14
2 80 160
71 236 1
106 197 1
99 194 226
8 196 1
144 179 179
82 246 1
125 251 125
28 212 1
88 206 31
132 184 132
92 201 201
72 190 120
11 65 255
173 245 1
47 121 1
131 241 160
4 152 4
70 135 149
102 155 59
47 128 31
18 57 240
9 231 1
22 102 102
171 255 255
34 133 256
106 147 1
65 118 195
47 250 47
167 231 85
139 244 164
227 253 179
87 177 255
151 211 101
11 179 85
23 144 85
138 160 160
76 197 209
21 88 160
89 109 89
10 57 106
198 206 1
229 235 120
31 90 31
103 168 85
122 216 102
66 177 1
24 98 79
62 73 42
181 249 1
48 80 201
146 160 1
19 219 14
126 138 31
84 155 42
74 129 120
89 237 50
20 129 9
128 173 31
82 243 1
216 245 59
160 201 160
108 250 1
87 98 1
45 58 243
130 220 113
61 172 1
20 60 116
100 200 1
25 31 31
55 233 179
170 199 9
11 216 59
38 65 255
3 108 1
84 144 85
43 184 160
103 162 85
168 235 1
96 245 42
28 76 31
28 141 1
191 225 225
50 110 31
112 215 1
77 84 245
187 256 1
242 256 255
135 243 160
130 249 255
59 217 85
126 195 1
125 241 1
63 74 226
60 114 166
173 247 52
33 128 206
17 241 160
74 226 226
71 243 31
40 208 208
17 90 183
4 72 1
75 125 125
58 128 243
136 242 179
37 194 120
15 161 255
1 114 1
10 141 106
143 203 47
174 239 201
38 80 1
1 53 1
44 107 164
12 161 161
25 109 25
45 110 206
42 96 42
105 156 1
52 172 47
157 199 1
13 65 1
29 218 1
41 249 41
164 195 195
162 231 208
94 168 1
102 166 1
120 188 120
199 241 199
46 97 208
5 153 27
142 161 255
12 150 1
87 196 102
85 159 85
214 243 1
52 182 160
109 179 1
86 95 1
191 221 1
12 93 255
126 169 209
59 61 59
169 197 169
6 67 1
4 62 255
14 172 1
89 152 1
180 200 1
47 238 160
21 191 1
36 106 14
74 130 1
124 161 164
96 150 1
37 182 116
24 44 1
15 71 1
37 79 79
44 108 14
10 50 1
81 140 31
106 151 106
42 228 59
45 81 201
34 135 1
83 227 179
36 82 195
122 159 228
46 83 168
6 181 1
122 151 255
13 190 132
141 240 240
79 188 120
143 187 50
1 216 1
35 54 120
82 181 1
14 105 14
56 62 1
192 226 226
62 232 59
57 184 1
48 149 160
13 73 1
105 149 1
195 244 195
204 215 59
141 248 1
66 221 160
184 190 27
43 88 52
175 187 160
85 126 1
31 213 1
131 138 31
164 188 1
163 194 226
59 107 255
78 220 14
5 27 27
2 147 120
24 101 1
161 226 1
242 245 85
77 232 59
135 160 160
1 65 1
12 101 14
1 153 1
121 242 255
93 96 59
87 229 1
63 119 160
14 146 14
179 255 255
46 104 1
193 219 225
76 165 1
68 241 1
90 217 1
161 255 255
18 163 1
48 178 243
182 197 160
89 149 160
32 138 1
14 69 14
2 166 79
9 100 1
118 190 1
90 210 47
33 86 1
215 242 85
119 148 201
26 31 31
104 178 104
54 209 160
70 194 149
133 231 255
44 164 164
20 210 160
68 137 240
77 181 1
162 226 1
75 136 125
104 156 104
39 101 106
29 197 169
52 221 52
116 129 116
143 238 160
41 176 125
36 40 255
167 249 85
1 102 1
87 216 87
17 103 1
25 101 1
39 59 255
6 115 164
127 224 1
2 62 1
134 234 87
85 231 85
82 139 115
40 57 255
78 107 164
119 243 243
143 149 160
148 248 160
105 246 1
27 205 1
39 41 255
23 206 1
93 246 1
77 169 1
73 102 59
88 108 1
17 116 160
142 190 1
91 210 50
8 114 116
39 235 1
22 131 1
23 84 59
191 240 14
31 235 160
26 206 31
117 168 1
126 206 201
157 233 208
50 162 1
60 196 1
93 189 1
19 198 255
27 175 132
4 116 1
13 217 1
13 179 1
25 140 25
114 201 160
129 185 9
144 204 85
50 99 160
86 165 195
93 113 255
110 197 201
52 187 47
55 85 85
95 135 160
12 195 195
101 136 255
12 88 1
172 242 1
110 147 160
154 211 101
54 63 120
180 219 225
33 125 1
88 119 31
2 46 1
1 66 1
32 231 40
61 185 1
185 229 185
19 30 1
68 211 106
149 194 149
46 233 46
17 174 31
1 182 1
72 96 1
179 212 255
44 226 1
82 251 255
71 140 47
19 143 1
14 158 1
6 86 12
70 113 1
87 155 59
112 196 1
70 76 160
170 192 120
25 76 31
9 169 160
47 210 47
50 100 1
127 246 160
147 220 1
18 216 255
34 139 14
43 124 1
222 239 160
165 252 1
38 85 85
147 175 226
50 85 1
54 125 1
11 167 42
238 246 160
22 109 1
85 107 255
131 199 160
10 209 1
44 91 1
11 238 1
20 207 207
39 244 14
56 117 160
49 165 4
165 239 1
40 61 85
30 86 1
132 160 160
105 115 195
206 243 243
13 194 226
126 201 201
63 231 1
102 215 102
140 182 160
1 97 1
59 89 1
108 165 14
29 70 160
160 200 160
191 203 1
13 111 13
82 161 164
90 203 52
130 144 255
182 186 160
3 178 160
55 191 255
125 202 1
36 133 14
12 126 1
40 46 208
193 208 255
30 114 79
163 248 120
12 109 1
95 202 31
100 117 1
3 39 1
28 124 1
238 243 160
157 163 1
79 180 1
129 183 160
91 140 50
72 105 1
78 88 1
132 149 132
35 167 1
91 109 50
23 216 87
12 78 164
156 158 201
37 62 1
42 223 85
183 201 31
186 189 160
70 163 226
67 120 120
137 231 255
127 202 160
1 228 1
79 212 1
50 86 1
118 254 14
194 208 1
43 203 221
111 175 99
81 143 31
81 158 209
99 147 226
38 193 255
124 237 1
66 222 222
49 68 14
43 254 1
74 135 149
1 3 1
56 185 160
87 176 85
86 244 161
87 255 255
46 70 1
107 157 255
153 188 132
20 54 116
147 199 120
175 192 175
133 256 256
2 129 116
135 207 120
10 222 1
129 170 222
241 250 160
142 214 179
93 102 102
46 125 179
198 225 255
124 181 1
213 214 251
29 80 209
49 169 1
45 57 1
67 127 67
125 245 85
241 245 1
79 114 79
135 192 226
31 82 1
101 173 1
50 247 47
113 210 1
104 126 201
25 100 1
136 251 251
2 203 160
131 160 160
183 191 1
35 84 1
80 94 31
39 212 106
188 220 1
20 125 1
173 244 1
118 179 255
132 182 120
84 103 167
133 254 254
18 232 255
138 203 71
135 163 226
126 209 209
97 251 179
47 96 1
46 63 1
121 140 1
150 256 1
24 189 116
79 127 120
10 146 133
1 160 1
98 175 120
59 73 59
36 45 1
14 164 14
43 52 52
1 6 1
158 230 1
102 121 255
16 119 1
174 201 201
55 99 1
191 247 1
96 202 1
102 216 102
109 256 1
103 236 255
45 53 1
132 194 132
147 190 132
81 239 209
163 188 226
9 20 9
82 209 1
104 122 1
88 222 160
57 167 255
116 170 116
131 251 1
16 94 1
64 201 1
31 76 31
74 99 226
111 127 132
96 120 1
120 190 120
3 112 3
21 171 1
31 221 31
239 242 1
151 197 1
141 220 240
48 206 206
127 236 1
4 193 4
96 218 96
15 201 1
91 206 31
45 83 1
111 120 120
109 248 160
107 230 164
61 176 85
208 227 179
164 191 195
144 213 251
107 115 164
143 222 160
147 210 160
126 160 160
178 186 104
44 255 255
74 247 160
132 163 132
36 165 225
99 214 1
54 156 160
159 196 215
82 239 1
16 32 255
217 233 208
8 99 120
170 189 9
42 186 1
117 177 1
31 74 160
204 222 1
121 151 101
137 143 1
50 171 1
194 211 1
132 247 160
215 232 102
38 233 85
1 222 1
88 176 1
89 165 1
70 155 1
41 219 255
48 221 31
119 178 7
64 179 179
125 179 179
33 48 206
49 158 1
63 237 160
65 82 164
58 215 1
34 64 255
51 142 208
39 68 240
127 153 27
85 227 85
158 239 239
8 32 1
28 252 252
81 110 201
90 173 90
13 248 120
194 223 1
161 236 195
3 13 132
156 201 201
76 80 92
55 244 255
3 8 120
29 76 209
62 184 1
131 252 31
80 127 160
14 199 1
7 171 1
18 151 106
66 183 160
118 225 4
56 63 160
1 187 1
1 245 1
71 88 52
116 117 116
36 191 225
11 174 1
14 53 14
48 184 160
1 226 1
37 98 123
75 87 85
162 223 179
199 222 9
161 185 1
29 158 209
70 89 160
177 219 4
17 160 160
127 167 1
45 71 31
51 141 255
4 196 255
42 51 85
50 143 50
40 164 255
57 108 16
136 192 1
1 131 1
157 198 85
92 101 1
70 94 160
232 234 87
129 182 8
120 226 120
26 98 160
22 198 102
74 241 120
20 189 207
90 100 1
96 108 255
128 160 160
48 133 1
188 192 226
139 154 14
137 225 14
64 203 1
98 248 123
17 53 1
39 130 240
164 230 164
99 125 1
189 207 207
1 37 1
195 226 1
133 230 14
212 230 14
96 167 42
29 126 209
10 254 254
205 207 1
76 145 160
205 256 254
193 217 255
2 54 98
85 155 85
11 189 1
22 46 85
72 120 120
96 196 59
12 107 161
167 196 59
54 161 1
81 92 209
159 213 85
165 177 4
40 93 85
145 236 1
8 83 1
55 213 125
41 91 1
54 145 79
150 245 1
27 42 1
42 113 255
156 206 243
83 241 1
21 67 27
60 177 1
136 217 179
73 225 255
65 223 255
32 98 1
49 229 1
10 153 1
2 120 120
4 233 255
170 236 1
1 125 1
51 221 1
132 199 120
35 242 1
75 255 255
107 209 1
37 249 1
180 255 255
14 165 14
125 255 255
9 89 160
136 223 125
140 226 160
225 250 1
67 215 1
107 206 1
78 81 1
190 240 1
1 224 1
87 206 1
72 209 160
33 230 1
92 228 1
111 182 120
210 250 210
123 159 1
60 166 166
108 141 141
37 248 30
254 256 254
233 253 168
153 161 1
132 181 132
112 132 132
14 154 14
54 98 98
98 174 160
40 184 1
73 129 1
14 142 255
196 209 1
37 74 120
60 112 120
202 211 1
93 143 1
60 90 160
112 184 27
202 221 31
44 82 124
17 40 1
121 206 1
128 136 1
116 155 1
23 73 59
58 76 201
58 80 201
1 11 1
131 227 1
29 131 169
25 181 160
13 67 132
192 195 1
64 231 179
248 253 1
224 225 4
20 110 160
100 168 255
1 81 1
158 247 31
106 109 1
117 207 9
21 103 1
162 242 168
62 87 59
216 226 1
81 179 1
77 155 42
22 122 22
62 245 42
183 247 52
26 223 1
128 251 1
76 169 209
90 137 1
65 142 255
39 108 16
27 254 1
54 127 120
9 184 120
23 66 1
183 250 47
61 213 85
81 156 201
3 222 120
22 48 1
46 182 1
12 248 1
11 153 1
33 70 160
26 228 1
185 189 185
46 214 179
70 166 120
81 132 160
92 149 160
52 90 52
17 218 1
229 252 160
160 187 160
115 219 195
52 208 1
1 156 1
69 213 255
73 103 204
21 73 1
242 253 242
61 253 85
15 144 125
31 150 160
30 217 1
119 212 1
40 96 85
88 191 1
120 182 120
44 244 164
136 138 1
105 165 4
42 102 59
78 186 1
141 255 255
66 204 1
107 253 255
89 184 160
66 88 160
125 180 255
61 230 255
148 209 209
68 178 1
143 172 252
71 183 52
100 211 101
112 240 1
7 110 243
197 211 1
109 247 47
30 216 1
12 255 255
22 116 1
169 184 160
81 141 1
37 209 160
95 210 50
24 166 166
52 166 160
1 152 1
59 84 59
45 112 160
179 217 179
107 114 1
43 113 1
40 171 255
17 190 160
199 245 1
7 214 1
36 109 1
48 75 1
45 158 201
162 234 85
171 220 240
73 180 255
47 109 47
95 119 31
37 166 79
75 182 1
28 157 1
30 48 160
107 169 1
137 245 255
147 194 149
46 82 255
93 179 85
1 42 1
11 159 59
53 203 1
22 232 102
66 73 1
138 156 31
55 91 1
3 219 1
13 191 1
223 237 1
13 143 160
190 238 3
52 109 47
143 160 160
131 201 201
153 241 120
43 140 47
50 144 1
8 199 9
89 221 47
30 241 116
3 49 1
83 253 83
43 60 160
165 191 165
94 156 31
24 160 160
64 227 125
43 252 47
3 27 27
73 197 1
163 235 132
27 59 1
23 77 59
129 134 1
1 116 1
251 255 255
63 86 1
84 163 1
160 182 160
67 99 132
38 256 255
132 190 132
43 85 1
24 243 160
35 67 67
122 221 1
29 243 201
31 210 31
32 107 255
89 138 47
82 86 164
74 214 1
29 156 201
43 86 1
120 135 120
58 109 31
201 209 201
79 221 160
56 90 52
40 241 1
62 166 1
89 216 1
176 213 176
150 249 1
113 159 255
57 163 1
48 61 1
39 51 255
103 230 255
10 115 14
66 172 160
10 18 106
53 106 106
182 242 1
18 113 113
17 60 160
164 228 255
21 125 1
204 217 85
137 219 14
89 116 160
84 100 255
132 144 1
37 53 1
14 236 14
140 199 160
86 152 195
116 240 1
85 223 85
8 123 116
31 128 31
3 68 1
27 222 120
1 243 1
170 185 9
61 94 1
202 239 209
101 219 14
137 191 14
79 131 160
73 116 1
23 201 1
111 132 132
55 107 255
208 255 255
19 171 106
57 205 106
75 165 255
77 136 85
39 91 1
87 141 255
224 230 195
61 85 85
223 255 255
91 120 160
193 255 255
1 40 1
1 28 1
26 221 52
18 141 240
124 139 115
140 220 1
11 127 1
157 231 40
61 224 255
133 255 255
46 191 255
78 201 1
100 224 14
127 195 1
27 56 160
77 144 85
99 210 160
9 99 120
34 246 1
148 243 201
34 113 106
57 165 14
93 192 1
89 171 1
211 225 14
43 46 1
31 104 31
105 177 105
65 161 161
27 190 27
125 242 179
30 251 1
36 49 4
64 85 85
14 124 14
49 244 195
191 196 255
73 255 255
30 67 120
161 201 1
162 220 255
100 141 106
206 242 1
178 183 31
1 90 1
69 235 1
77 233 85
73 204 204
26 56 52
89 172 50
58 91 31
11 42 42
110 113 1
102 229 1
60 84 1
56 173 52
119 237 31
201 239 201
100 234 255
63 239 160
181 198 1
1 168 1
138 183 52
20 58 160
7 16 1
85 92 1
210 252 50
62 167 42
127 235 27
50 183 47
180 227 255
33 192 160
82 124 124
10 211 254
142 195 255
91 95 143
57 83 255
235 240 1
23 244 255
20 178 160
189 222 9
145 243 160
58 188 160
59 218 59
168 208 208
8 139 1
56 183 52
32 51 40
88 246 31
70 192 226
36 52 1
93 215 228
54 79 79
1 164 1
148 156 201
73 171 255
3 198 1
120 181 120
37 207 116
157 169 1
197 241 160
72 233 1
100 115 14
66 181 120
4 74 1
117 195 1
201 253 1
231 253 208
63 146 1
45 148 201
180 244 195
33 89 31
117 189 9
26 134 1
159 203 1
85 242 85
60 195 1
65 225 195
165 198 255
17 124 1
100 151 154
107 139 164
112 178 160
97 253 208
13 85 1
69 171 240
120 220 1
130 242 255
59 223 85
116 189 116
157 179 179
33 211 1
33 138 31
38 206 1
9 159 1
88 193 1
139 148 1
22 87 102
132 256 1
60 117 116
53 174 1
1 157 1
111 253 1
162 200 1
59 96 59
27 184 27
66 207 9
1 52 1
45 170 160
205 214 255
48 113 1
83 202 1
79 209 160
204 255 255
27 129 120
54 113 1
7 119 7
14 152 14
3 144 1
32 222 1
114 147 120
239 246 239
130 169 1
66 168 1
72 240 1
4 36 4
57 144 255
98 143 160
36 105 4
37 78 1
132 171 1
67 158 160
206 246 201
152 186 1
152 255 255
121 163 1
23 191 255
150 250 160
117 124 1
88 105 1
64 139 255
53 161 14
63 175 99
23 136 85
120 149 120
46 136 179
115 253 255
92 131 209
139 165 195
82 232 255
37 120 120
6 254 14
97 208 208
241 251 1
101 232 255
49 195 195
138 219 1
64 163 1
127 135 132
240 244 14
106 233 255
119 183 31
85 93 85
72 126 160
114 189 116
156 179 1
12 68 14
90 176 1
182 189 9
152 219 4
43 183 52
129 145 116
82 148 1
63 194 226
35 209 160
59 233 85
148 187 31
111 163 99
193 242 255
126 153 160
97 162 208
18 54 1
33 126 201
13 175 99
84 88 1
73 133 255
130 246 1
85 238 1
191 245 255
100 130 106
103 188 1
95 138 47
55 227 125
150 181 150
101 174 1
100 178 1
158 197 209
62 156 1
25 148 31
144 173 1
166 193 1
31 139 1
112 153 3
65 139 164
34 152 14
47 115 1
213 249 125
103 218 42
1 96 1
155 185 1
37 184 120
9 229 9
18 85 255
130 150 1
19 53 106
62 150 1
160 227 1
17 91 47
11 38 11
155 159 59
5 125 1
4 162 255
163 192 175
162 240 255
18 106 106
52 173 52
18 110 1
42 219 255
9 10 1
57 111 1
15 142 179
54 185 116
151 200 1
99 146 1
95 213 1
63 150 132
216 252 1
40 253 208
196 198 102
5 192 132
1 31 1
28 90 47
91 187 50
29 234 1
188 221 160
2 139 1
11 73 42
12 183 1
38 132 1
27 189 120
31 195 1
31 48 31
21 111 132
13 38 1
78 148 1
1 248 1
37 165 1
76 236 1
182 243 160
114 116 116
189 226 120
144 160 1
130 216 255
74 184 132
179 213 179
20 202 160
27 100 1
36 224 4
64 214 125
15 136 125
54 215 1
48 148 201
77 252 1
50 101 1
2 240 1
110 217 1
127 233 1
21 26 160
133 223 255
84 209 1
71 153 160
87 182 1
139 214 255
18 107 14
122 130 255
12 219 195
6 149 1
209 246 209
33 186 243
27 172 160
14 130 14
135 188 188
90 245 1
92 126 239
27 192 132
106 256 106
103 238 1
32 249 179
90 211 1
1 136 1
66 238 120
42 75 85
7 28 31
2 21 120
2 114 79
23 255 255
97 233 208
110 173 31
76 92 92
130 166 1
185 222 9
88 100 1
78 187 1
132 165 1
118 212 14
1 56 1
64 142 179
73 167 167
156 232 1
10 205 254
188 189 120
59 74 1
80 188 160
51 170 1
133 203 1
97 225 255
134 196 102
48 209 201
114 123 79
12 124 164
84 98 1
58 221 31
27 74 132
55 169 1
39 195 14
53 65 14
83 162 168
231 256 255
120 155 1
47 206 31
128 175 160
6 7 1
85 209 1
61 164 255
78 213 255
40 240 255
124 165 195
167 189 1
83 231 208
143 249 1
47 221 47
115 180 195
14 186 1
1 244 1
49 107 195
178 187 31
27 142 1
223 227 125
197 244 1
97 195 255
63 120 120
131 140 31
180 191 225
2 249 1
35 153 27
13 71 160
77 245 245
56 128 31
17 159 1
8 182 8
14 191 14
67 190 27
176 245 85
49 54 1
89 164 1
1 121 1
46 164 255
173 183 183
6 68 14
19 146 256
230 231 255
150 166 120
79 120 120
21 186 160
1 50 1
61 255 255
46 189 1
66 178 160
17 63 160
139 158 1
204 245 167
20 235 120
195 222 1
23 164 255
34 196 255
44 120 1
36 177 4
9 139 1
24 148 160
22 78 255
23 51 85
32 114 1
105 224 118
1 155 1
54 235 120
211 256 254
119 170 160
22 77 59
181 206 160
11 223 85
88 129 160
16 73 255
108 220 240
120 142 1
31 91 31
18 191 14
1 132 1
127 160 160
57 146 106
16 192 1
1 79 1
172 206 31
164 221 1
181 209 160
42 159 59
130 165 14
122 198 102
46 162 46
55 134 85
83 101 255
128 178 243
111 130 1
3 243 160
148 200 160
78 105 195
82 125 255
210 213 1
3 161 1
1 71 1
100 152 14
133 194 1
180 225 225
83 194 1
120 163 120
190 192 132
4 195 195
48 251 1
30 98 123
89 187 25
146 255 255
179 232 85
152 180 4
53 254 106
31 240 1
5 114 120
118 193 4
33 201 201
99 211 1
93 196 228
96 163 1
40 217 40
19 34 212
7 47 31
56 94 52
188 213 1
4 60 1
137 254 106
120 194 120
160 199 160
36 63 1
173 180 1
10 35 1
15 187 1
23 57 255
106 125 255
180 207 1
49 139 195
16 137 16
125 227 125
60 72 72
96 192 1
221 231 1
24 215 1
51 229 1
171 176 255
22 97 85
50 231 1
39 253 255
157 228 85
119 174 243
17 54 160
72 150 120
3 120 120
28 143 252
144 223 125
155 214 85
103 122 59
30 78 1
183 202 31
152 160 1
33 171 1
122 231 85
42 142 85
67 108 1
142 162 168
75 168 179
30 156 160
201 205 1
19 78 14
153 199 120
105 186 1
5 132 132
101 106 106
19 101 254
67 178 160
169 254 1
167 179 85
182 223 1
109 126 31
85 215 85
36 71 1
7 176 1
74 238 132
15 215 85
189 232 1
126 217 1
70 74 74
100 133 254
228 254 255
199 208 1
59 124 255
14 139 14
99 111 99
71 138 71
29 169 169
67 238 27
27 232 1
5 21 27
20 107 1
134 217 85
208 231 208
166 222 116
132 235 132
17 237 47
140 149 160
30 54 123
127 150 67
159 179 85
50 203 47
30 163 120
114 121 1
21 132 132
154 217 255
85 228 85
160 194 160
235 238 238
66 176 1
18 171 240
76 203 31
55 160 1
55 135 1
72 200 166
37 200 79
38 59 59
10 68 106
1 99 1
97 188 1
7 184 160
58 210 31
73 145 1
115 134 255
49 191 4
1 60 1
1 107 1
106 171 106
152 243 1
69 145 1
111 189 120
105 117 1
1 172 1
110 167 1
171 222 1
15 119 1
105 152 118
86 195 195
61 153 1
108 130 240
12 105 195
112 156 160
152 225 4
70 173 160
71 173 52
25 105 1
48 112 160
156 178 104
166 251 1
121 208 255
225 243 1
78 189 1
22 216 102
63 93 1
1 237 1
215 216 102
7 239 201
111 149 226
83 207 1
22 227 85
48 173 31
169 256 1
219 230 195
42 167 42
213 223 125
88 195 1
120 132 120
204 226 1
128 224 1
26 88 183
117 120 120
17 202 31
85 96 85
22 191 255
124 163 1
44 191 195
92 140 31
86 123 1
128 243 243
92 103 1
44 256 14
185 207 185
34 53 106
147 196 1
178 209 201
145 157 1
131 221 31
68 255 255
60 181 120
138 187 47
189 247 160
86 230 164
46 111 1
45 178 243
68 125 255
56 201 31
108 121 106
124 254 14
118 214 255
87 233 85
66 145 116
80 242 1
181 238 27
14 256 14
111 146 1
65 92 1
72 91 160
120 189 120
167 245 167
87 93 102
44 96 255
1 177 1
45 206 206
57 65 14
16 239 1
94 108 1
55 251 125
14 98 1
173 232 1
74 186 160
114 241 116
98 150 120
194 221 160
28 200 160
13 112 132
1 84 1
65 249 255
12 104 1
68 161 14
40 186 1
1 165 1
42 61 42
42 190 1
4 132 1
44 206 1
44 161 164
13 239 160
9 126 160
38 100 255
2 207 116
14 184 1
7 256 1
76 234 1
30 96 1
16 219 14
234 255 255
49 164 195
63 118 1
132 215 1
201 243 201
108 132 1
78 139 78
43 54 160
67 230 1
11 221 1
17 47 47
154 255 255
43 229 160
129 222 222
53 57 240
150 190 27
2 182 116
118 238 1
41 46 179
99 149 226
188 226 226
168 222 1
5 128 160
120 147 120
1 54 1
4 230 195
119 225 1
152 195 195
66 189 9
68 118 14
41 234 85
133 137 106
36 216 255
123 197 160
162 181 1
212 220 106
79 83 1
93 204 59
23 65 255
3 186 160
59 88 1
91 143 143
147 226 226
106 200 1
32 151 255
38 126 1
44 65 164
138 166 160
151 209 1
204 251 85
28 172 237
186 220 1
72 99 120
64 151 255
31 247 31
106 240 106
16 106 106
31 108 1
124 248 1
24 117 116
107 195 195
43 94 52
3 12 1
36 128 1
165 207 1
119 160 160
105 203 1
198 255 255
55 100 255
129 248 116
1 220 1
23 38 59
115 167 255
153 228 1
9 145 116
142 208 208
68 108 240
47 138 47
59 103 59
46 142 168
38 155 11
66 225 1
121 169 1
14 121 14
115 205 14
76 100 1
112 175 132
149 163 226
67 235 27
25 187 25
14 151 14
65 177 195
102 252 1
21 179 1
43 109 47
101 256 254
46 250 1
72 199 116
45 209 201
203 216 1
5 67 67
148 172 31
43 216 1
99 223 1
107 198 255
54 153 120
37 116 116
134 199 1
8 18 1
56 239 31
72 151 1
131 136 1
236 255 255
117 136 1
35 247 160
177 189 1
154 191 14
16 254 106
35 175 132
43 249 1
113 246 1
85 216 85
182 229 9
11 225 255
152 224 49
88 115 1
249 254 255
114 175 120
63 188 226
91 158 31
178 251 1
17 130 1
6 44 164
83 126 1
1 46 1
42 64 85
38 178 1
100 242 255
43 51 1
34 209 1
1 236 1
6 36 195
155 161 255
122 135 1
115 196 255
14 157 255
1 67 1
54 74 120
56 240 1
43 187 47
154 163 1
125 148 1
44 195 195
149 185 120
201 249 1
70 254 1
154 245 255
1 128 1
71 247 71
243 256 1
113 199 1
35 193 1
106 253 255
151 191 14
25 167 1
56 99 160
199 231 1
158 172 31
24 72 72
161 211 14
43 95 47
147 188 149
21 71 160
34 256 256
174 178 243
23 59 59
41 239 1
8 79 116
105 238 1
61 104 1
27 153 27
133 207 1
18 150 1
49 82 195
194 220 1
207 222 9
149 160 160
205 232 255
102 255 255
75 196 85
8 128 160
99 112 132
110 210 31
70 180 1
50 160 160
10 224 14
60 145 166
44 105 195
12 44 164
160 243 160
145 200 200
137 214 255
43 107 1
192 229 120
24 86 1
66 115 1
105 180 4
239 251 1
98 194 120
33 154 1
151 181 1
10 93 255
63 135 226
19 203 1
201 241 160
194 245 1
126 207 160
172 185 160
169 202 169
100 256 254
85 244 255
4 214 255
175 218 1
165 180 225
134 232 23
77 163 1
173 237 47
79 94 160
94 240 1
37 157 1
125 197 1
120 166 120
87 228 102
18 56 1
88 172 47
129 195 1
131 246 209
209 239 209
192 227 1
108 237 1
41 185 1
69 176 255
28 133 1
1 239 1
53 95 1
59 122 59
82 95 1
194 226 226
20 233 1
101 201 1
15 169 1
38 172 1
124 185 1
15 175 1
204 249 85
108 226 1
61 102 59
170 222 222
215 228 228
57 199 1
21 41 1
1 24 1
127 250 160
74 196 1
73 240 255
34 190 1
49 238 1
71 219 1
43 91 47
209 212 1
1 180 1
71 160 160
119 128 243
58 220 1
243 250 31
18 137 240
47 89 47
40 50 1
123 166 79
180 182 1
70 256 1
59 216 59
149 248 120
24 113 1
118 152 118
31 112 160
45 73 1
106 220 106
167 215 59
30 39 1
152 156 1
4 177 4
9 87 1
134 192 1
75 157 179
42 73 42
42 255 255
51 217 217
64 144 125
144 164 255
204 235 1
119 158 201
106 108 106
4 78 195
12 149 1
69 205 106
33 47 31
133 212 256
170 176 1
7 113 1
25 245 1
39 144 255
66 241 9
232 245 59
98 166 79
35 120 120
246 255 1
82 198 255
4 206 1
43 247 71
24 209 160
129 241 9
9 171 1
38 40 85
58 70 160
45 56 31
15 217 179
24 102 1
42 233 85
1 118 1
115 164 164
105 255 255
80 174 201
139 236 195
72 236 1
32 242 208
23 199 1
7 174 243
59 207 1
85 237 1
127 159 1
55 163 1
211 255 255
228 248 1
10 78 14
154 229 1
1 17 1
35 160 160
22 63 1
31 243 31
42 156 1
30 123 123
41 223 41
11 47 1
28 139 1
4 181 1
12 230 164
27 123 120
54 248 123
118 145 1
32 157 32
111 190 132
144 244 255
102 221 1
25 56 47
1 135 1
139 195 195
91 160 160
19 132 1
1 9 1
67 243 160
41 55 41
31 109 31
3 146 1
158 190 160
73 198 59
63 222 120
23 88 1
40 168 208
199 255 1
11 245 42
82 255 255
31 160 160
98 235 120
23 215 102
46 198 85
132 238 132
3 148 160
133 134 255
153 235 3
168 184 1
49 193 4
53 85 255
191 193 225
150 153 27
152 191 4
179 251 179
33 52 31
13 120 120
166 223 1
14 161 14
70 188 149
82 107 164
46 227 179
30 73 1
100 227 255
81 221 31
193 256 14
34 222 1
62 77 42
133 151 254
45 119 243
16 141 16
21 217 1
158 211 1
14 19 14
89 106 1
80 111 160
38 87 59
26 122 1
58 124 1
15 131 1
79 248 79
141 208 255
146 180 14
107 124 164
102 185 1
198 228 102
63 90 160
116 218 1
84 201 1
12 235 1
15 157 179
186 210 31
30 199 116
130 255 255
27 50 160
21 238 3
21 184 27
9 247 160
19 106 106
51 96 85
188 212 1
1 72 1
11 84 42
39 138 1
53 133 106
126 212 1
217 231 217
162 232 85
88 184 160
86 238 1
25 28 50
160 246 160
160 192 160
119 156 104
46 208 208
11 196 59
14 113 14
105 191 4
234 236 255
251 253 179
9 76 160
20 186 160
66 247 160
1 38 1
63 226 226
10 113 106
17 140 47
35 184 184
24 35 120
8 207 9
5 30 120
128 171 1
58 92 201
36 255 255
220 240 240
30 211 1
60 86 1
144 242 179
145 164 1
112 129 120
171 243 1
142 168 168
76 252 31
52 160 160
80 126 239
9 189 9
145 241 116
182 207 9
90 148 31
97 231 40
75 152 255
130 191 14
25 160 160
42 216 59
16 256 106
139 191 195
181 216 1
92 110 201
108 234 255
144 214 144
58 93 1
134 155 59
29 233 1
64 81 1
79 255 1
5 120 120
28 250 50
150 160 160
90 105 1
191 236 4
144 176 251
122 164 255
27 77 1
33 118 1
80 209 209
67 194 132
1 115 1
198 215 102
182 202 160
157 218 85
128 158 201
184 235 27
66 127 120
193 225 225
30 160 160
191 219 165
1 75 1
55 223 41
89 104 31
9 208 1
230 244 164
178 256 1
77 216 59
101 181 1
208 212 255
82 230 115
7 207 160
45 256 1
2 37 123
164 244 164
35 126 160
50 109 50
110 203 31
20 161 1
90 247 52
220 253 255
136 256 255
12 244 161
172 225 1
136 239 1
91 256 1
45 99 160
151 230 14
161 180 195
97 228 85
172 233 1
58 197 201
64 69 255
9 207 9
34 212 212
79 101 1
123 163 120
160 207 160
125 159 85
27 200 120
217 254 255
18 39 240
107 236 195
39 220 240
113 205 106
24 128 160
194 243 160
20 131 160
9 104 160
101 210 1
45 197 201
9 226 120
83 230 255
45 183 31
13 210 160
93 155 59
100 162 255
96 204 42
210 221 47
53 171 240
76 253 1
1 174 1
80 131 209
73 77 167
119 206 243
32 88 1
33 178 243
197 216 1
138 234 1
131 209 209
39 133 106
153 238 3
35 149 132
72 114 166
53 216 255
113 243 1
108 134 255
6 164 164
75 176 125
121 148 1
49 146 14
26 250 47
129 199 9
27 207 120
110 122 1
149 192 226
17 223 1
91 246 31
6 41 255
125 226 1
180 236 4
185 243 160
33 45 206
66 229 9
105 128 1
19 234 255
212 233 255
52 220 1
4 219 4
88 152 1
64 208 179
39 106 106
114 222 116
85 208 85
85 198 85
3 63 132
66 111 120
193 199 1
44 97 255
20 213 1
30 115 1
8 88 160
148 239 209
58 156 186
80 158 239
5 109 160
1 183 1
43 118 1
43 138 71
128 180 1
91 144 1
135 194 188
164 251 255
44 243 1
174 250 31
58 88 31
157 217 40
33 156 243
76 188 160
87 139 255
95 207 160
140 200 160
160 170 160
78 230 78
133 247 1
46 155 85
109 160 160
159 229 1
28 31 31
25 221 47
34 130 106
58 184 160
97 144 179
107 181 1
1 184 1
92 112 160
41 255 255
4 27 1
60 134 1
22 75 85
43 188 160
24 188 120
13 192 99
46 231 208
2 183 160
110 148 201
47 52 47
12 194 1
73 90 1
55 162 179
44 242 255
11 70 1
100 246 1
20 173 160
90 110 31
7 43 31
47 187 47
5 35 67
40 75 179
99 252 160
216 223 85
220 247 1
56 107 1
43 173 52
47 112 160
108 133 106
6 93 255
19 252 1
105 120 1
39 44 14
218 253 85
117 185 9
109 148 31
159 253 85
109 229 160
4 97 255
50 248 160
71 131 31
28 127 160
62 103 42
136 249 125
76 158 239
32 46 208
89 241 160
179 195 255
135 238 132
80 110 201
185 254 1
205 255 255
158 169 209
147 241 120
53 255 255
27 148 160
5 206 160
136 182 1
76 209 209
4 91 1
151 176 255
99 121 1
16 86 14
12 119 1
1 200 1
39 154 106
48 188 160
143 235 160
133 170 1
166 184 120
51 179 179
150 194 132
101 146 254
105 148 1
104 184 160
85 103 85
130 232 255
143 179 1
79 207 116
2 72 79
164 193 195
40 242 208
57 123 1
8 241 9
80 173 31
6 79 1
56 189 160
172 187 50
67 152 1
42 176 85
149 162 1
47 94 47
33 121 1
103 155 42
34 195 14
65 193 195
77 214 85
43 77 1
84 140 1
65 115 164
25 224 1
1 242 1
66 237 160
209 243 201
75 223 41
100 212 254
72 255 1
149 254 1
73 217 85
77 92 1
58 211 1
5 235 27
14 50 1
6 95 1
141 207 1
13 193 1
8 210 160
203 223 1
146 188 1
193 240 14
64 115 255
115 255 255
93 134 102
152 183 1
79 200 79
91 217 1
103 186 1
15 108 255
43 135 160
16 184 1
107 212 14
44 181 1
79 98 79
34 205 254
213 231 179
28 243 31
59 155 59
126 158 158
56 138 138
12 45 1
176 223 125
10 214 255
40 115 255
23 204 59
71 127 160
7 177 1
66 199 9
45 186 243
132 226 132
128 239 201
26 124 1
92 158 239
23 225 255
177 244 195
28 188 160
15 137 255
61 143 1
16 238 1
10 256 256
103 247 1
2 70 120
18 36 14
162 214 179
73 164 255
167 198 59
139 189 1
65 236 195
106 211 106
86 215 255
216 255 255
1 246 1
182 185 9
85 232 85
69 192 1
32 233 208
207 245 1
51 98 1
10 236 14
31 183 31
167 225 255
1 250 1
153 196 1
110 128 206
147 228 1
124 244 164
120 229 120
17 31 31
150 163 132
24 206 160
61 77 42
145 222 116
32 255 255
123 198 1
238 249 1
116 215 1
8 120 120
28 56 47
5 112 27
155 167 42
19 164 14
204 256 255
152 256 14
47 90 47
149 175 226
77 93 59
142 233 168
36 193 193
32 97 32
231 235 1
17 52 52
111 242 1
221 245 1
91 94 47
189 197 160
68 117 1
160 247 160
120 192 120
4 105 4
61 249 85
160 203 160
68 246 1
17 32 1
145 158 160
62 66 1
15 101 255
93 164 255
182 235 120
117 206 160
225 244 195
92 148 209
129 253 1
231 234 85
118 171 14
1 181 1
139 164 164
184 234 1
140 172 50
165 224 4
8 66 222
14 229 1
165 193 225
234 254 255
20 79 116
48 65 1
102 231 85
51 250 1
30 172 160
61 161 255
219 225 225
51 238 1
185 256 1
25 91 50
211 212 254
42 67 1
170 180 1
234 252 1
130 187 1
19 221 1
110 176 1
57 87 255
23 183 1
123 199 116
14 115 14
44 215 255
8 46 1
146 238 1
95 143 143
112 147 132
37 192 120
1 214 1
150 156 160
202 246 209
23 150 1
78 253 255
11 214 85
28 34 1
89 250 25
47 59 1
58 234 1
38 142 85
1 73 1
21 64 1
96 232 59
4 231 255
186 243 243
110 126 201
169 243 201
16 171 16
81 109 31
140 239 31
60 80 160
4 81 1
214 227 251
97 243 1
137 156 1
149 174 160
189 229 185
164 204 255
29 63 160
39 150 1
87 171 255
177 222 1
97 139 255
71 94 52
82 182 1
49 152 49
52 104 31
22 181 1
13 64 1
12 147 1
15 51 179
122 254 255
1 124 1
158 255 1
184 238 27
60 167 1
99 253 1
127 190 27
147 160 160
227 251 251
29 87 1
24 248 79
124 188 1
18 252 1
213 242 179
36 66 1
6 28 1
154 226 1
54 116 116
176 227 176
87 204 59
86 183 1
14 137 14
61 179 85
88 158 31
102 111 1
24 130 1
6 88 1
187 205 1
38 78 255
71 248 160
56 67 160
68 180 14
78 173 1
2 143 160
158 183 31
58 158 201
29 188 160
31 95 31
193 228 255
50 235 160
47 208 1
107 159 255
74 194 149
141 218 255
79 168 1
58 209 201
150 188 132
152 236 118
193 224 4
75 102 85
168 233 168
132 135 132
27 163 132
112 211 1
225 236 4
144 208 179
10 69 106
122 186 1
138 170 160
89 182 160
172 236 1
5 236 1
187 210 210
95 211 1
89 141 1
101 225 14
10 158 1
131 191 1
3 80 160
150 214 1
96 124 255
107 109 1
80 169 209
105 253 255
47 253 1
13 160 160
89 232 1
156 220 1
215 227 85
35 194 132
103 127 1
15 162 179
65 205 14
59 138 1
137 232 255
102 198 102
26 194 160
97 197 1
119 254 1
101 178 1
32 195 255
32 217 40
247 256 1
38 62 62
1 83 1
22 182 1
55 133 255
49 118 118
70 177 1
8 240 1
109 140 89
162 204 85
42 59 59
240 246 1
21 29 160
114 135 120
125 196 85
101 243 1
157 194 1
177 191 4
142 176 179
1 27 1
73 232 59
111 194 226
68 132 1
30 72 79
117 160 160
83 142 242
144 227 251
131 178 201
169 252 31
82 100 14
65 86 161
175 181 132
164 224 195
32 83 208
59 167 59
171 212 106
66 182 222
165 219 165
157 162 208
14 254 14
159 198 102
108 195 14
136 204 85
64 233 179
165 202 1
93 251 85
101 163 1
67 185 120
68 195 14
112 246 160
29 160 160
99 188 226
110 160 160
69 172 1
24 173 160
113 141 240
58 178 104
137 236 14
62 180 255
32 185 1
112 222 120
107 150 1
75 113 255
83 137 255
66 85 1
51 240 255
47 183 47
145 172 160
20 194 120
115 244 164
170 248 116
4 186 1
47 104 31
213 250 1
82 122 255
54 208 1
20 199 185
205 250 1
51 255 255
26 164 1
86 221 1
30 232 1
125 208 179
10 177 14
1 101 1
128 206 206
8 117 222
109 155 1
34 232 255
16 57 16
9 240 1
17 67 160
159 234 102
134 179 85
2 13 120
153 222 120
196 216 102
24 30 79
9 39 1
34 161 14
148 205 1
93 122 22
131 239 209
187 192 160
18 173 1
69 217 255
126 239 239
168 247 1
29 186 201
43 56 71
24 46 1
3 5 27
21 24 120
15 251 125
18 188 1
10 123 1
68 130 113
26 143 47
1 186 1
14 207 1
130 240 240
7 45 243
111 113 1
133 183 1
56 61 1
213 255 255
74 132 132
34 97 255
31 236 1
45 104 243
122 125 85
102 193 255
104 119 104
18 27 1
70 111 226
45 52 31
1 59 1
70 226 226
41 144 125
61 256 255
134 180 255
28 89 50
7 201 201
10 160 1
3 119 160
25 53 1
34 175 1
117 182 222
134 249 85
120 227 1
86 139 164
46 215 85
48 239 201
137 255 255
47 174 31
19 240 106
74 85 1
58 118 1
134 210 1
31 256 1
147 159 1
133 237 1
80 92 92
47 224 1
120 235 120
113 249 255
21 127 27
6 133 14
158 201 201
181 197 160
3 207 120
49 180 4
214 242 179
15 191 255
64 199 1
172 210 50
176 249 125
5 10 1
110 247 31
193 238 1
10 43 1
2 106 1
157 206 1
142 242 242
120 123 120
44 182 1
148 163 160
124 171 14
123 160 160
55 104 1
88 120 160
24 108 1
105 195 195
201 211 1
162 191 255
70 147 74
238 250 160
12 36 195
253 256 255
10 138 1
142 194 1
52 143 47
6 78 164
1 154 1
9 185 9
92 243 201
45 120 160
89 91 50
8 129 8
55 225 255
164 223 255
157 196 85
111 188 226
31 89 31
66 248 116
48 186 243
16 240 240
183 192 160
211 254 254
210 238 160
197 251 1
66 235 120
91 131 31
8 9 9
176 186 1
41 224 255
51 231 217
69 111 1
187 220 1
72 195 1
85 247 1
3 48 160
178 233 1
12 65 161
140 160 160
63 149 226
3 150 27
150 198 1
115 191 195
5 92 160
47 78 1
120 129 120
89 159 1
49 108 14
226 234 1
207 223 1
54 166 79
63 204 1
115 139 115
75 231 179
58 247 31
50 69 1
68 240 240
34 170 1
71 145 160
181 190 27
60 129 116
93 139 255
198 240 255
204 230 255
172 205 1
8 188 120
1 98 1
35 127 184
147 209 160
115 234 255
72 156 160
5 90 160
90 129 160
144 255 255
57 161 14
43 69 1
72 194 120
9 241 9
123 170 116
8 160 160
119 125 1
51 117 1
11 96 62
25 89 25
214 226 1
204 206 1
56 160 160
158 174 201
60 207 116
64 96 85
214 252 1
100 101 101
28 84 1
34 115 14
1 126 1
74 212 1
104 202 201
156 205 1
3 46 1
35 235 27
52 238 160
56 140 47
41 131 1
23 219 255
37 235 120
1 235 1
32 201 1
13 63 13
123 156 160
99 224 1
26 52 52
75 248 1
52 99 160
1 247 1
85 196 85
26 184 160
65 89 1
174 243 243
222 241 9
9 46 1
76 126 239
143 164 1
131 202 169
24 47 160
54 158 160
114 134 1
143 177 1
8 164 1
207 241 185
130 188 1
66 67 120
140 246 31
18 53 113
14 177 14
70 120 120
24 93 1
104 246 201
109 254 1
5 42 1
80 182 160
73 134 59
1 91 1
61 87 59
160 248 160
161 230 164
141 143 1
134 159 102
36 195 195
89 210 25
90 127 160
128 169 201
33 58 243
99 175 99
42 198 59
20 51 1
70 112 132
151 199 1
102 169 1
175 224 1
149 246 160
42 155 42
153 162 1
120 153 120
160 174 160
20 120 120
216 234 198
1 88 1
21 28 160
152 167 255
87 198 87
76 119 201
1 93 1
184 228 1
61 245 42
4 88 1
133 154 254
52 174 31
180 232 255
27 238 27
62 214 85
8 39 1
25 104 31
123 145 79
75 85 85
147 148 160
34 151 254
228 232 102
105 219 4
10 108 106
7 160 160
175 176 1
62 215 59
145 256 1
107 244 65
1 33 1
76 250 31
36 225 225
22 251 85
164 255 255
4 40 255
142 207 1
47 71 47
180 185 1
103 117 1
9 194 120
24 182 116
129 161 1
1 134 1
90 256 1
110 244 1
117 126 160
9 97 1
113 191 14
79 166 79
47 160 160
157 220 255
12 52 1
182 228 1
53 84 255
16 68 240
111 114 120
133 227 255
18 101 106
59 64 85
8 245 1
118 230 195
92 160 160
210 231 1
208 249 179
38 42 42
178 221 31
123 226 120
48 201 201
72 117 116
45 128 48
34 77 255
85 120 1
104 241 160
85 249 85
1 14 1
154 240 106
127 227 1
30 146 1
72 122 1
213 251 251
128 217 1
11 102 59
86 107 161
113 162 255
34 211 254
5 145 120
17 247 52
18 134 255
199 248 116
19 237 1
5 184 67
61 221 1
47 111 160
137 168 255
28 210 50
88 135 160
76 98 160
45 250 31
33 160 160
222 237 160
2 60 79
157 242 208
199 235 120
168 248 1
140 223 1
124 230 115
30 116 116
132 241 120
44 85 255
14 230 14
40 142 208
139 178 1
16 53 240
42 153 1
120 238 120
21 228 1
150 178 160
33 119 243
49 188 1
30 231 1
2 160 160
51 144 179
19 57 106
156 174 243
4 224 4
74 163 226
128 142 1
43 226 160
137 223 255
23 213 85
101 157 255
73 122 59
38 131 1
46 121 255
8 68 1
37 54 123
37 117 116
82 169 1
4 155 255
7 58 104
40 211 255
38 110 1
3 194 132
20 56 160
57 238 1
219 236 4
215 223 85
103 204 204
62 188 1
146 220 106
46 157 208
13 37 120
105 118 118
80 184 160
196 255 255
42 218 42
18 51 255
101 172 1
96 193 255
27 31 160
87 184 1
73 155 42
74 197 160
131 235 160
15 37 1
101 166 1
44 57 14
161 243 1
137 146 106
58 167 1
39 57 39
87 115 255
88 252 47
143 221 47
181 196 1
104 177 1
142 179 179
140 195 1
145 224 1
74 175 226
154 208 255
110 243 243
15 199 1
42 215 59
39 164 14
81 178 201
92 187 31
47 139 1
49 90 1
44 212 14
65 133 14
65 180 195
59 77 59
1 185 1
119 203 31
181 241 120
29 93 1
99 153 132
53 137 240
146 203 1
146 245 255
105 109 1
186 187 31
149 182 120
131 197 131
39 121 106
208 242 208
102 125 85
1 207 1
96 205 255
4 176 255
74 207 120
112 213 1
6 134 255
30 42 1
164 165 195
1 249 1
205 242 255
56 73 1
79 229 116
216 240 255
206 239 201
133 205 254
7 254 1
44 135 1
55 179 179
151 212 254
162 213 179
127 187 160
107 118 195
168 188 1
17 81 31
3 40 1
31 173 31
122 142 85
26 148 31
155 233 85
80 81 209
170 207 9
75 239 1
29 151 1
219 224 4
116 120 120
31 94 31
44 239 1
57 220 240
77 137 255
93 118 255
82 210 1
145 223 1
60 120 120
156 243 243
3 181 27
25 68 1
77 99 1
175 188 226
14 110 1
32 168 208
76 229 160
16 243 1
77 244 255
177 201 1
148 202 169
80 130 1
48 50 31
72 116 116
124 147 1
3 21 3
47 207 160
63 186 160
36 139 195
217 228 85
205 240 106
39 167 255
90 138 52
49 177 118
58 206 243
62 115 255
4 180 4
36 138 1
54 241 116
20 211 1
96 103 42
112 255 1
135 147 149
214 253 179
145 202 160
140 251 1
119 201 201
41 93 85
48 160 160
97 176 179
39 165 14
67 114 120
92 196 1
14 57 14
231 242 208
72 130 1
120 207 120
3 211 1
47 173 47
218 252 1
4 68 14
30 120 120
83 97 208
62 82 255
127 220 1
89 147 160
132 169 160
71 223 1
15 61 85
85 179 85
227 255 255
55 221 1
131 253 1
69 180 14
57 175 1
78 163 1
8 170 222
160 169 160
68 151 106
85 125 85
65 244 65
117 175 120
193 202 1
112 183 160
36 124 195
108 137 16
82 180 195
59 244 255
102 167 59
72 87 1
93 242 85
80 91 31
3 99 132
48 199 160
1 141 1
50 178 31
175 238 132
113 238 1
118 219 4
62 155 62
116 208 1
165 236 4
111 232 1
113 184 1
173 217 1
55 87 85
65 231 255
200 241 116
174 209 201
1 41 1
113 255 255
144 217 179
122 196 228
78 205 14
125 144 125
114 131 160
31 126 31
141 192 1
11 155 11
121 127 1
17 250 47
55 154 255
1 32 1
62 255 255
76 128 201
120 143 160
170 213 1
139 205 14
41 208 179
5 160 160
148 160 160
186 216 1
31 169 31
129 150 120
129 189 9
213 233 179
179 223 179
27 216 1
52 222 160
93 200 1
168 172 1
2 79 79
38 77 42
56 210 47
163 212 1
1 176 1
44 232 255
26 247 52
177 197 1
16 69 240
27 29 160
33 83 1
48 58 243
155 218 62
132 147 132
143 210 50
58 174 243
198 216 198
1 8 1
99 140 160
71 210 47
176 255 255
13 161 1
44 111 1
120 199 120
151 171 106
101 255 255
29 109 31
192 205 1
1 217 1
148 246 209
74 134 1
163 224 1
7 142 1
112 150 27
117 246 160
232 250 1
15 55 55
134 228 102
8 221 160
15 180 255
3 184 27
93 249 85
158 165 1
67 211 1
79 93 1
15 62 85
66 129 222
159 167 59
158 210 31
60 160 160
7 31 31
10 212 256
102 159 102
57 152 14
42 125 85
155 236 255
23 32 85
57 246 1
84 248 1
131 158 209
68 171 240
26 71 52
144 198 85
14 118 14
30 249 1
24 119 160
47 172 47
135 174 160
13 177 1
110 178 243
207 246 160
8 222 222
223 231 179
40 158 1
37 243 160
73 231 85
41 125 125
47 88 47
19 32 255
72 166 166
98 227 1
123 133 1
182 188 120
3 111 132
87 208 85
49 119 1
200 225 1
51 219 255
140 219 1
118 174 1
85 185 1
143 243 31
1 4 1
72 98 79
64 162 179
10 19 256
103 197 1
42 140 1
1 137 1
99 120 120
67 144 1
76 201 201
42 85 85
139 166 1
72 216 1
191 255 255
1 106 1
64 82 255
85 136 85
59 85 85
9 116 116
136 208 179
208 222 1
140 237 50
1 112 1
82 149 1
90 99 160
67 167 1
92 246 239
161 223 255
155 232 59
61 208 85
54 131 160
26 75 1
131 142 1
44 139 115
85 162 85
89 252 50
83 109 1
31 71 31
179 211 255
14 106 14
65 168 255
33 174 110
63 147 226
69 135 1
193 195 195
130 141 240
9 16 1
85 122 85
186 247 31
33 159 1
164 201 1
80 102 1
111 112 132
18 253 255
120 245 1
81 126 209
3 226 132
49 194 1
26 202 31
1 55 1
54 200 79
157 249 179
32 189 1
71 143 47
94 154 1
188 222 120
140 169 31
128 210 31
84 96 42
52 56 52
91 197 31
25 71 47
75 249 41
25 210 25
79 153 120
94 188 160
73 125 85
7 48 243
51 253 208
2 69 1
84 204 167
26 140 47
83 102 85
1 69 1
8 185 9
225 232 255
169 214 1
47 100 1
31 140 31
138 163 160
155 245 42
112 237 160
118 209 1
184 188 132
36 55 255
35 156 160
11 59 59
3 176 1
137 138 1
147 211 1
6 154 14
63 89 160
209 231 1
14 195 14
226 227 1
2 43 160
22 146 255
63 68 1
120 248 120
14 240 14
108 221 1
37 67 120
104 186 104
82 189 1
31 33 31
103 248 1
37 180 1
1 22 1
189 241 185
23 198 87
6 244 161
48 81 201
98 229 116
235 247 160
127 181 67
