128 4734
2 3 1
4 5 2
6 7 4
8 9 6
10 11 8
12 13 10
14 15 12
16 17 14
18 19 16
20 21 18
22 23 20
24 25 22
26 27 24
28 29 26
30 31 28
32 33 30
34 35 32
36 37 34
38 39 36
40 41 38
42 43 40
44 45 42
46 47 44
48 49 46
50 51 48
52 53 50
54 55 52
56 57 54
58 59 56
60 61 58
62 63 60
64 65 62
66 67 64
68 69 66
70 71 68
72 73 70
74 75 72
76 77 74
78 79 76
80 81 78
82 83 80
84 85 82
86 87 84
88 89 86
90 91 88
92 93 90
94 95 92
96 97 94
98 99 96
100 101 98
102 103 100
104 105 102
106 107 104
108 109 106
110 111 108
112 113 110
114 115 112
116 117 114
118 119 116
120 121 118
122 123 120
124 125 122
126 127 124
3 128 1
5 128 2
7 128 4
9 128 6
11 128 8
13 128 10
15 128 12
17 128 14
19 128 16
21 128 18
23 128 20
25 128 22
27 128 24
29 128 26
31 128 28
33 128 30
35 128 32
37 128 34
39 128 36
41 128 38
43 128 40
45 128 42
47 128 44
49 128 46
51 128 48
53 128 50
55 128 52
57 128 54
59 128 56
61 128 58
63 128 60
65 128 62
67 128 64
69 128 66
71 128 68
73 128 70
75 128 72
77 128 74
79 128 76
81 128 78
83 128 80
85 128 82
87 128 84
89 128 86
91 128 88
93 128 90
95 128 92
97 128 94
99 128 96
101 128 98
103 128 100
105 128 102
107 128 104
109 128 106
111 128 108
113 128 110
115 128 112
117 128 114
119 128 116
121 128 118
123 128 120
125 128 122
127 128 124
1 128 1
2 128 2
4 128 4
6 128 6
8 128 8
10 128 10
12 128 12
14 128 14
16 128 16
18 128 18
20 128 20
22 128 22
24 128 24
26 128 26
28 128 28
30 128 30
32 128 32
34 128 34
36 128 36
38 128 38
40 128 40
42 128 42
44 128 44
46 128 46
48 128 48
50 128 50
52 128 52
54 128 54
56 128 56
58 128 58
60 128 60
62 128 62
64 128 64
66 128 66
68 128 68
70 128 70
72 128 72
74 128 74
76 128 76
78 128 78
80 128 80
82 128 82
84 128 84
86 128 86
88 128 88
90 128 90
92 128 92
94 128 94
96 128 96
98 128 98
100 128 100
102 128 102
104 128 104
106 128 106
108 128 108
110 128 110
112 128 112
114 128 114
116 128 116
118 128 118
120 128 120
122 128 122
124 128 124
126 128 126
15 24 12
109 124 106
54 76 54
96 101 96
59 107 56
43 73 40
31 112 28
67 91 64
69 81 66
42 103 42
18 61 18
65 77 62
90 119 90
46 119 46
34 64 34
43 69 40
80 123 80
105 123 102
16 28 16
2 8 2
74 89 74
35 69 32
29 47 26
49 54 46
11 61 8
19 107 16
7 14 4
81 122 78
59 97 56
31 56 28
113 115 110
125 127 122
18 91 18
15 65 12
23 119 20
13 76 10
99 100 96
17 42 14
99 110 96
61 114 58
70 99 70
28 57 28
77 115 74
94 123 94
113 127 110
101 102 98
46 61 46
2 19 2
49 85 46
75 90 72
32 102 32
17 77 14
7 27 4
12 62 12
93 107 90
49 103 46
76 102 76
65 88 62
25 40 22
10 33 10
60 100 60
26 115 26
25 95 22
25 109 22
33 107 30
61 104 58
38 92 38
95 116 92
63 91 60
38 62 38
21 85 18
49 58 46
87 113 84
29 126 26
52 71 52
1 77 1
105 115 102
67 101 64
19 90 16
65 109 62
67 113 64
45 104 42
83 102 80
61 125 58
122 125 122
71 77 68
46 65 46
71 83 68
45 83 42
12 52 12
61 74 58
107 126 104
45 87 42
39 57 36
37 96 34
99 106 96
60 69 60
97 103 94
72 88 72
83 103 80
19 75 16
53 115 50
13 108 10
27 90 24
11 70 8
73 100 70
117 126 114
25 37 22
65 85 62
49 96 46
33 126 30
17 46 14
101 125 98
4 16 4
12 92 12
14 59 14
63 65 60
65 89 62
59 85 56
119 127 116
93 104 90
5 83 2
107 120 104
19 61 16
71 101 68
65 92 62
29 69 26
85 102 82
22 28 22
41 109 38
43 95 40
69 120 66
2 5 2
53 58 50
26 62 26
101 119 98
27 69 24
24 119 24
96 125 96
43 109 40
2 6 2
35 66 32
44 102 44
89 99 86
35 111 32
80 87 80
49 126 46
26 77 26
113 125 110
35 117 32
93 108 90
79 112 76
2 65 2
39 61 36
1 110 1
52 86 52
38 91 38
33 98 30
81 119 78
63 122 60
71 76 68
36 53 36
15 95 12
61 66 58
19 100 16
81 92 78
4 19 4
37 122 34
4 14 4
79 119 76
7 39 4
57 65 54
20 112 20
33 69 30
11 64 8
4 121 4
11 72 8
27 55 24
111 115 108
69 86 66
61 65 58
112 115 112
79 96 76
25 89 22
119 121 116
57 64 54
8 110 8
109 113 106
2 33 2
14 48 14
64 119 64
48 70 48
123 127 120
6 33 6
79 85 76
100 116 100
8 100 8
12 48 12
21 124 18
95 126 92
32 53 32
68 102 68
84 87 84
7 30 4
109 125 106
2 32 2
5 89 2
65 66 62
85 93 82
81 118 78
37 75 34
111 113 108
54 58 54
6 32 6
42 53 42
101 115 98
1 56 1
10 60 10
72 96 72
81 126 78
75 88 72
61 81 58
20 54 20
19 121 16
87 118 84
40 59 40
79 90 76
28 49 28
121 127 118
49 121 46
51 80 48
2 4 2
21 54 18
92 124 92
34 40 34
30 39 30
13 19 10
23 34 20
24 48 24
14 28 14
65 74 62
123 125 120
37 91 34
61 117 58
47 50 44
10 35 10
16 45 16
19 53 16
3 50 1
103 112 100
37 114 34
76 99 76
45 108 42
75 115 72
3 71 1
109 120 106
15 124 12
49 100 46
19 42 16
61 103 58
103 121 100
60 78 60
57 103 54
52 59 52
35 40 32
72 124 72
93 103 90
84 122 84
32 117 32
45 56 42
1 3 1
10 25 10
52 63 52
39 50 36
17 40 14
49 99 46
3 6 1
39 55 36
74 120 74
28 100 28
4 87 4
52 54 52
115 127 112
10 15 10
4 8 4
104 106 104
17 88 14
30 114 30
19 110 16
20 28 20
3 47 1
2 39 2
11 80 8
23 122 20
19 87 16
85 91 82
17 34 14
79 80 76
63 112 60
45 106 42
10 62 10
3 30 1
103 116 100
7 9 4
17 49 14
7 45 4
113 116 110
71 89 68
2 27 2
2 24 2
118 120 118
117 119 114
14 32 14
30 44 30
22 109 22
71 127 68
38 70 38
57 97 54
22 30 22
29 114 26
85 88 82
95 100 92
59 118 56
43 63 40
8 71 8
19 67 16
8 92 8
47 71 44
39 59 36
15 58 12
56 124 56
116 126 116
5 10 2
111 116 108
109 126 106
94 110 94
5 93 2
34 83 34
33 45 30
105 116 102
101 113 98
85 104 82
33 96 30
78 80 78
20 96 20
105 110 102
61 124 58
23 25 20
89 120 86
67 125 64
111 120 108
22 102 22
113 121 110
90 126 90
6 124 6
109 111 106
3 45 1
7 68 4
20 107 20
67 100 64
25 28 22
43 117 40
55 125 52
29 127 26
37 105 34
42 107 42
6 28 6
119 123 116
41 52 38
51 58 48
20 27 20
17 125 14
34 101 34
47 103 44
60 83 60
39 127 36
1 89 1
10 22 10
20 89 20
56 111 56
29 81 26
26 32 26
85 106 82
58 98 58
40 83 40
80 82 80
16 76 16
6 98 6
43 47 40
17 72 14
9 118 6
25 52 22
12 26 12
1 33 1
24 29 24
73 93 70
91 112 88
83 109 80
45 100 42
74 112 74
41 89 38
80 85 80
1 6 1
65 67 62
91 120 88
34 108 34
38 49 38
9 111 6
45 81 42
101 124 98
6 25 6
21 66 18
27 36 24
67 70 64
73 77 70
47 62 44
5 34 2
45 95 42
40 58 40
34 76 34
12 121 12
38 42 38
5 94 2
24 37 24
17 97 14
115 126 112
13 43 10
56 101 56
123 126 120
54 79 54
45 49 42
39 49 36
1 47 1
23 58 20
1 5 1
51 103 48
66 82 66
41 58 38
36 123 36
87 101 84
6 97 6
90 96 90
3 52 1
95 124 92
58 69 58
39 77 36
111 117 108
20 39 20
33 44 30
34 68 34
3 104 1
34 67 34
101 120 98
43 80 40
36 109 36
9 21 6
26 38 26
65 75 62
27 106 24
1 83 1
7 107 4
28 43 28
49 67 46
87 110 84
14 73 14
28 108 28
52 81 52
53 57 50
41 66 38
62 96 62
3 8 1
76 100 76
42 99 42
99 123 96
46 50 46
63 80 60
43 62 40
60 86 60
66 76 66
90 107 90
81 85 78
3 107 1
101 106 98
107 119 104
107 117 104
20 124 20
10 49 10
30 33 30
6 22 6
101 121 98
75 98 72
48 115 48
30 34 30
7 95 4
41 94 38
43 98 40
83 125 80
49 120 46
34 116 34
25 91 22
63 125 60
4 9 4
12 32 12
57 101 54
45 102 42
57 100 54
25 64 22
85 127 82
119 124 116
7 46 4
7 118 4
19 120 16
69 93 66
39 91 36
53 82 50
77 126 74
107 124 104
48 83 48
74 110 74
37 104 34
32 67 32
69 104 66
77 94 74
39 105 36
19 96 16
64 120 64
62 87 62
89 125 86
4 71 4
29 51 26
85 96 82
57 61 54
89 110 86
24 73 24
83 104 80
4 104 4
55 116 52
58 88 58
74 86 74
1 93 1
53 60 50
47 95 44
117 122 114
115 120 112
26 34 26
10 40 10
2 118 2
6 82 6
113 124 110
53 92 50
101 126 98
57 86 54
101 105 98
111 118 108
22 107 22
46 76 46
93 99 90
20 36 20
95 118 92
57 82 54
39 103 36
103 114 100
121 126 118
111 123 108
105 106 102
58 65 58
51 108 48
61 83 58
32 85 32
121 124 118
15 108 12
35 78 32
12 33 12
73 98 70
32 75 32
31 110 28
16 29 16
21 72 18
14 34 14
87 88 84
64 113 64
83 115 80
37 117 34
50 121 50
55 101 52
113 114 110
6 77 6
34 86 34
56 91 56
3 65 1
85 90 82
24 52 24
5 112 2
19 63 16
1 75 1
18 50 18
58 89 58
10 16 10
34 81 34
1 7 1
85 92 82
55 82 52
11 29 8
38 121 38
75 101 72
15 102 12
26 46 26
1 120 1
15 126 12
4 64 4
1 12 1
22 122 22
1 4 1
33 80 30
107 113 104
98 102 98
4 65 4
36 66 36
50 85 50
65 86 62
7 122 4
97 122 94
21 57 18
22 77 22
25 98 22
8 18 8
43 118 40
47 74 44
6 70 6
77 108 74
73 83 70
19 55 16
106 116 106
71 106 68
39 99 36
61 111 58
6 9 6
34 44 34
13 36 10
103 123 100
32 113 32
71 115 68
71 126 68
71 113 68
70 114 70
20 41 20
16 19 16
103 118 100
17 109 14
21 61 18
5 64 2
57 118 54
39 107 36
13 112 10
98 126 98
91 93 88
51 115 48
40 82 40
117 121 114
20 119 20
12 123 12
14 53 14
26 57 26
39 123 36
73 87 70
88 95 88
60 119 60
71 118 68
19 103 16
26 42 26
68 111 68
89 98 86
111 124 108
3 59 1
8 15 8
21 98 18
1 67 1
87 105 84
34 80 34
65 91 62
11 99 8
14 17 14
78 116 78
61 92 58
99 111 96
41 62 38
70 75 70
14 79 14
107 115 104
88 123 88
20 44 20
46 106 46
81 91 78
25 49 22
36 45 36
63 77 60
7 36 4
86 90 86
101 110 98
20 23 20
69 84 66
69 85 66
5 22 2
38 81 38
9 98 6
63 106 60
85 94 82
107 122 104
29 83 26
103 122 100
2 13 2
79 127 76
13 45 10
92 108 92
99 107 96
48 122 48
55 120 52
73 103 70
12 61 12
51 109 48
18 119 18
46 49 46
97 105 94
30 53 30
29 71 26
46 72 46
79 118 76
91 92 88
9 87 6
16 50 16
9 31 6
63 115 60
41 90 38
83 87 80
16 70 16
35 50 32
43 90 40
4 6 4
42 90 42
5 88 2
20 74 20
41 117 38
18 24 18
115 116 112
84 111 84
26 60 26
4 67 4
40 110 40
7 13 4
7 82 4
54 64 54
41 102 38
71 72 68
91 121 88
35 49 32
83 122 80
59 79 56
5 14 2
46 48 46
60 62 60
99 102 96
8 63 8
42 48 42
17 114 14
30 41 30
16 95 16
12 70 12
12 38 12
12 19 12
4 26 4
63 78 60
65 107 62
17 22 14
13 123 10
117 124 114
43 101 40
31 99 28
27 121 24
87 90 84
23 87 20
95 125 92
3 57 1
107 127 104
42 78 42
75 93 72
25 55 22
32 125 32
3 56 1
64 89 64
44 65 44
8 41 8
4 30 4
38 71 38
81 116 78
89 102 86
91 122 88
65 84 62
32 65 32
16 71 16
65 80 62
1 26 1
61 93 58
35 124 32
15 61 12
3 90 1
101 108 98
69 115 66
19 108 16
32 70 32
25 66 22
63 101 60
54 125 54
74 100 74
73 112 70
43 56 40
90 99 90
83 97 80
47 58 44
125 126 122
45 59 42
24 123 24
31 107 28
55 64 52
83 92 80
79 108 76
4 46 4
33 43 30
108 113 108
53 84 50
103 107 100
5 126 2
9 65 6
101 107 98
41 77 38
105 118 102
23 124 20
86 106 86
97 125 94
111 126 108
1 2 1
95 103 92
97 120 94
18 98 18
45 114 42
5 92 2
79 115 76
99 113 96
10 63 10
8 69 8
47 93 44
95 109 92
38 45 38
35 81 32
91 104 88
40 80 40
1 42 1
20 57 20
12 20 12
35 91 32
95 102 92
49 108 46
72 87 72
108 127 108
75 123 72
95 111 92
105 119 102
53 77 50
35 79 32
27 105 24
71 108 68
6 13 6
19 59 16
49 95 46
48 89 48
10 58 10
47 116 44
6 76 6
52 97 52
1 18 1
94 120 94
43 76 40
23 96 20
26 64 26
59 108 56
17 95 14
115 119 112
63 107 60
65 96 62
20 66 20
39 119 36
84 99 84
8 25 8
9 61 6
41 44 38
24 27 24
7 116 4
94 114 94
85 101 82
115 123 112
25 42 22
34 73 34
35 99 32
67 86 64
112 119 112
46 110 46
37 55 34
39 101 36
69 80 66
52 125 52
71 95 68
45 73 42
84 101 84
27 119 24
54 94 54
33 71 30
6 93 6
66 100 66
25 114 22
41 122 38
103 115 100
121 125 118
95 115 92
107 108 104
47 72 44
21 36 18
47 56 44
110 127 110
4 13 4
79 97 76
34 90 34
58 125 58
1 108 1
111 121 108
65 81 62
77 82 74
9 70 6
32 103 32
55 85 52
9 62 6
10 17 10
35 76 32
41 85 38
93 106 90
111 112 108
12 55 12
1 101 1
42 123 42
23 91 20
8 94 8
79 94 76
73 88 70
85 125 82
8 51 8
46 73 46
29 124 26
51 74 48
8 77 8
105 107 102
95 96 92
75 102 72
4 17 4
59 101 56
19 114 16
113 118 110
40 75 40
17 66 14
3 119 1
7 89 4
93 114 90
93 119 90
41 57 38
57 105 54
60 81 60
51 73 48
16 49 16
11 38 8
27 110 24
7 19 4
96 117 96
19 118 16
42 51 42
71 82 68
117 127 114
44 88 44
13 16 10
46 87 46
99 105 96
57 106 54
11 68 8
1 43 1
3 34 1
68 116 68
3 80 1
95 106 92
59 113 56
20 79 20
57 119 54
27 126 24
15 90 12
45 63 42
76 84 76
39 56 36
20 37 20
28 66 28
27 118 24
8 44 8
24 43 24
101 103 98
93 121 90
41 110 38
83 110 80
79 86 76
98 123 98
21 77 18
7 56 4
53 76 50
59 121 56
86 101 86
25 53 22
66 81 66
13 81 10
65 70 62
47 49 44
12 120 12
34 98 34
47 101 44
68 105 68
97 113 94
78 84 78
64 96 64
66 94 66
37 90 34
49 74 46
7 35 4
99 122 96
28 113 28
1 80 1
44 83 44
24 85 24
93 123 90
93 112 90
47 54 44
30 40 30
35 119 32
84 93 84
14 90 14
41 124 38
69 88 66
60 127 60
89 107 86
89 105 86
117 118 114
20 70 20
34 60 34
54 78 54
17 102 14
48 51 48
121 123 118
28 73 28
20 29 20
57 80 54
11 126 8
51 99 48
59 86 56
8 45 8
117 120 114
119 122 116
51 106 48
77 90 74
73 91 70
41 68 38
15 81 12
22 75 22
3 95 1
17 117 14
71 75 68
1 13 1
2 116 2
78 100 78
6 114 6
25 105 22
63 117 60
10 121 10
27 75 24
47 84 44
27 116 24
62 105 62
55 96 52
85 108 82
99 116 96
14 55 14
22 31 22
84 126 84
54 121 54
95 114 92
89 123 86
64 84 64
30 112 30
27 65 24
89 113 86
72 110 72
22 29 22
53 122 50
5 108 2
97 124 94
65 122 62
6 23 6
93 96 90
13 15 10
31 123 28
47 85 44
119 125 116
47 78 44
2 21 2
64 69 64
106 108 106
18 46 18
17 25 14
92 111 92
105 120 102
29 49 26
2 42 2
19 126 16
26 103 26
41 106 38
91 107 88
85 118 82
93 94 90
57 111 54
97 126 94
9 10 6
103 124 100
35 123 32
30 82 30
52 60 52
88 90 88
107 109 104
63 96 60
98 120 98
20 33 20
35 60 32
33 112 30
84 106 84
12 53 12
37 59 34
52 112 52
28 81 28
27 117 24
15 36 12
11 43 8
59 122 56
115 124 112
98 100 98
14 74 14
71 119 68
1 60 1
107 125 104
32 66 32
57 70 54
69 73 66
17 65 14
95 122 92
40 116 40
91 102 88
43 83 40
2 30 2
109 127 106
12 71 12
25 43 22
104 125 104
27 66 24
53 121 50
6 46 6
53 117 50
97 115 94
93 122 90
92 122 92
83 94 80
115 121 112
73 105 70
65 124 62
52 109 52
57 62 54
65 83 62
91 101 88
31 49 28
91 118 88
29 68 26
36 77 36
7 81 4
65 87 62
10 14 10
49 127 46
2 10 2
52 93 52
63 70 60
69 98 66
58 86 58
15 89 12
42 85 42
28 110 28
8 40 8
40 43 40
83 116 80
36 80 36
81 87 78
19 38 16
19 39 16
2 91 2
39 78 36
76 120 76
22 44 22
11 78 8
13 97 10
19 26 16
13 95 10
67 73 64
4 10 4
28 95 28
91 114 88
16 22 16
20 43 20
40 121 40
5 27 2
43 92 40
37 89 34
72 108 72
41 100 38
16 106 16
10 37 10
17 113 14
38 61 38
4 112 4
9 60 6
16 123 16
23 110 20
87 126 84
69 100 66
38 118 38
61 71 58
4 23 4
28 45 28
6 8 6
93 118 90
63 79 60
93 127 90
27 111 24
15 105 12
13 96 10
70 93 70
17 104 14
33 94 30
91 116 88
71 87 68
11 95 8
65 108 62
17 28 14
99 120 96
55 91 52
82 88 82
9 11 6
90 117 90
17 41 14
65 103 62
63 83 60
72 78 72
61 110 58
31 100 28
41 75 38
113 119 110
20 51 20
12 66 12
6 34 6
35 77 32
5 68 2
9 102 6
77 95 74
103 126 100
12 21 12
36 57 36
51 100 48
83 113 80
27 80 24
66 103 66
67 71 64
92 94 92
57 84 54
26 53 26
65 72 62
119 126 116
78 126 78
45 71 42
97 112 94
52 75 52
34 126 34
27 33 24
19 97 16
10 82 10
32 63 32
35 96 32
41 101 38
31 75 28
7 11 4
69 106 66
8 121 8
32 95 32
36 127 36
19 95 16
87 102 84
58 120 58
89 103 86
45 103 42
55 89 52
5 114 2
83 93 80
25 125 22
31 65 28
26 51 26
21 76 18
103 125 100
108 120 108
15 87 12
44 69 44
6 18 6
69 87 66
79 92 76
53 104 50
9 42 6
29 105 26
8 90 8
85 109 82
91 99 88
41 54 38
81 124 78
10 54 10
17 116 14
26 94 26
11 50 8
59 117 56
7 117 4
116 119 116
20 25 20
3 9 1
28 91 28
94 98 94
13 50 10
48 86 48
100 108 100
26 50 26
26 30 26
71 80 68
26 113 26
90 94 90
43 81 40
2 88 2
3 32 1
27 45 24
73 118 70
109 115 106
4 59 4
46 99 46
111 122 108
70 82 70
65 125 62
43 107 40
41 73 38
19 36 16
53 89 50
33 48 30
63 109 60
26 76 26
31 44 28
107 114 104
49 91 46
24 69 24
6 39 6
36 49 36
71 107 68
107 111 104
64 68 64
16 61 16
49 123 46
32 76 32
44 53 44
54 60 54
88 96 88
22 91 22
20 116 20
39 53 36
47 57 44
59 62 56
28 90 28
63 72 60
41 46 38
33 117 30
36 86 36
91 109 88
22 41 22
92 121 92
120 126 120
71 99 68
117 123 114
65 111 62
16 93 16
19 86 16
24 125 24
103 104 100
83 112 80
28 37 28
51 105 48
80 88 80
79 120 76
16 87 16
43 113 40
9 113 6
37 113 34
97 98 94
18 115 18
47 64 44
103 108 100
99 101 96
25 126 22
64 117 64
33 65 30
29 117 26
47 51 44
12 36 12
115 122 112
79 121 76
48 68 48
103 110 100
69 72 66
2 120 2
57 73 54
105 124 102
19 98 16
45 66 42
25 88 22
56 103 56
26 90 26
77 99 74
20 80 20
4 20 4
30 51 30
8 17 8
53 118 50
17 67 14
4 7 4
74 77 74
13 109 10
79 105 76
24 45 24
49 119 46
35 74 32
104 114 104
118 121 118
16 31 16
42 67 42
59 72 56
111 114 108
19 62 16
43 70 40
51 65 48
67 102 64
3 36 1
12 29 12
57 104 54
11 121 8
25 85 22
11 76 8
3 114 1
96 120 96
41 105 38
50 94 50
40 95 40
9 34 6
57 63 54
67 104 64
1 58 1
79 88 76
14 57 14
85 121 82
10 53 10
1 28 1
37 107 34
5 43 2
65 106 62
5 20 2
87 124 84
2 20 2
63 76 60
3 53 1
89 101 86
109 114 106
28 84 28
4 31 4
81 107 78
13 20 10
45 84 42
55 93 52
52 65 52
15 50 12
5 71 2
100 123 100
89 100 86
21 38 18
81 99 78
7 75 4
18 31 18
77 83 74
104 110 104
53 64 50
87 114 84
15 72 12
77 79 74
4 81 4
62 110 62
1 19 1
112 124 112
9 105 6
101 114 98
15 16 12
111 127 108
22 87 22
68 123 68
23 111 20
37 97 34
42 112 42
10 72 10
31 126 28
13 102 10
77 121 74
3 96 1
8 37 8
73 124 70
109 112 106
66 118 66
46 85 46
91 124 88
40 54 40
109 123 106
9 44 6
51 114 48
30 47 30
17 85 14
80 125 80
56 64 56
38 108 38
4 21 4
2 107 2
43 79 40
69 111 66
29 103 26
47 94 44
43 127 40
8 54 8
22 65 22
9 95 6
57 90 54
103 117 100
29 112 26
35 98 32
43 114 40
7 18 4
28 87 28
36 121 36
95 121 92
9 94 6
5 104 2
11 54 8
62 123 62
23 49 20
49 88 46
18 111 18
22 37 22
32 48 32
3 108 1
4 45 4
35 53 32
74 83 74
13 101 10
56 83 56
119 120 116
78 88 78
22 53 22
35 52 32
27 112 24
29 85 26
16 25 16
53 97 50
39 100 36
51 79 48
13 79 10
32 79 32
37 94 34
53 90 50
1 73 1
95 127 92
24 35 24
19 105 16
55 110 52
47 77 44
24 60 24
87 117 84
58 118 58
18 112 18
6 30 6
3 81 1
15 83 12
67 74 64
67 103 64
55 71 52
73 115 70
79 101 76
67 96 64
81 83 78
61 64 58
21 88 18
86 91 86
1 78 1
2 11 2
55 70 52
39 80 36
42 71 42
77 113 74
65 99 62
33 36 30
68 73 68
75 126 72
3 112 1
54 74 54
7 85 4
68 115 68
54 103 54
77 78 74
2 46 2
13 127 10
38 87 38
7 64 4
110 122 110
55 119 52
109 118 106
46 84 46
73 121 70
81 127 78
75 85 72
85 115 82
113 117 110
80 83 80
111 119 108
47 119 44
9 27 6
8 14 8
59 81 56
25 77 22
75 77 72
75 121 72
24 114 24
33 88 30
17 70 14
20 26 20
3 26 1
56 73 56
19 70 16
71 84 68
11 58 8
56 70 56
88 97 88
99 103 96
20 35 20
33 76 30
65 93 62
17 118 14
16 42 16
11 24 8
40 71 40
48 80 48
31 86 28
43 53 40
51 61 48
65 100 62
21 99 18
27 43 24
55 61 52
51 107 48
32 92 32
87 122 84
39 42 36
38 109 38
53 63 50
66 83 66
36 43 36
8 99 8
33 63 30
77 111 74
60 72 60
36 112 36
73 89 70
68 122 68
42 66 42
12 46 12
25 69 22
11 120 8
1 44 1
25 80 22
33 97 30
5 67 2
74 111 74
21 104 18
110 117 110
10 13 10
97 101 94
83 84 80
4 39 4
81 96 78
12 63 12
44 118 44
1 17 1
35 118 32
50 52 50
61 113 58
24 28 24
51 92 48
90 98 90
75 117 72
40 103 40
30 89 30
57 95 54
34 107 34
36 72 36
4 73 4
54 61 54
9 114 6
39 65 36
51 93 48
67 120 64
37 66 34
7 104 4
26 125 26
26 78 26
44 120 44
85 97 82
72 115 72
5 119 2
23 70 20
54 98 54
16 52 16
6 50 6
42 73 42
46 77 46
117 125 114
69 122 66
61 85 58
42 47 42
1 15 1
12 30 12
10 101 10
77 125 74
24 39 24
24 70 24
69 109 66
83 99 80
28 114 28
1 11 1
101 104 98
73 114 70
51 101 48
38 84 38
12 107 12
47 67 44
27 96 24
20 50 20
73 109 70
37 40 34
53 56 50
62 95 62
73 113 70
37 38 34
3 68 1
23 50 20
7 78 4
81 86 78
10 31 10
80 97 80
65 69 62
69 125 66
31 40 28
14 96 14
33 50 30
14 58 14
12 22 12
15 92 12
26 28 26
73 117 70
24 59 24
81 100 78
6 10 6
5 6 2
19 83 16
65 79 62
74 79 74
64 97 64
94 101 94
60 88 60
6 15 6
31 125 28
2 51 2
51 111 48
13 114 10
6 107 6
2 102 2
52 84 52
106 125 106
11 116 8
37 101 34
27 41 24
91 125 88
44 66 44
23 115 20
1 96 1
53 78 50
17 94 14
30 75 30
21 44 18
89 124 86
53 71 50
29 122 26
13 35 10
46 107 46
5 28 2
57 81 54
43 71 40
58 83 58
5 31 2
9 51 6
3 11 1
63 67 60
71 98 68
42 72 42
13 74 10
55 107 52
76 96 76
59 103 56
120 127 120
59 98 56
17 33 14
87 97 84
40 118 40
59 84 56
19 99 16
83 127 80
15 63 12
2 66 2
51 125 48
14 117 14
48 104 48
22 24 22
10 47 10
59 125 56
63 93 60
9 22 6
87 108 84
68 77 68
36 88 36
61 99 58
4 55 4
105 125 102
37 92 34
109 117 106
77 119 74
24 44 24
93 116 90
34 123 34
36 106 36
24 116 24
2 67 2
67 114 64
37 120 34
76 85 76
29 79 26
64 92 64
57 85 54
9 28 6
81 123 78
11 91 8
21 28 18
45 48 42
43 46 40
33 81 30
89 118 86
29 111 26
49 109 46
16 77 16
37 112 34
32 105 32
3 15 1
67 98 64
75 119 72
93 97 90
27 49 24
32 112 32
35 62 32
75 99 72
9 124 6
95 98 92
11 117 8
7 119 4
88 110 88
83 118 80
97 116 94
31 69 28
64 94 64
20 99 20
77 100 74
48 75 48
76 105 76
1 32 1
21 87 18
33 78 30
11 14 8
54 56 54
30 85 30
8 78 8
22 73 22
23 114 20
59 95 56
19 113 16
26 69 26
5 45 2
5 37 2
35 41 32
29 53 26
7 90 4
108 114 108
71 123 68
33 113 30
70 109 70
45 76 42
55 59 52
23 99 20
6 115 6
5 51 2
109 110 106
107 110 104
32 97 32
5 33 2
6 35 6
65 71 62
69 117 66
115 117 112
5 16 2
76 118 76
7 25 4
81 108 78
37 71 34
101 118 98
61 67 58
22 119 22
97 123 94
104 112 104
93 110 90
55 78 52
86 99 86
32 77 32
65 97 62
99 114 96
25 46 22
17 78 14
1 20 1
14 124 14
49 94 46
49 124 46
15 66 12
39 116 36
55 95 52
88 93 88
22 99 22
92 119 92
55 69 52
9 100 6
33 42 30
97 102 94
25 76 22
23 113 20
87 112 84
11 119 8
49 102 46
7 32 4
56 109 56
27 74 24
51 87 48
5 59 2
3 77 1
23 26 20
54 67 54
14 21 14
68 89 68
79 116 76
4 89 4
57 110 54
5 124 2
16 35 16
48 57 48
31 115 28
32 74 32
123 124 120
83 95 80
105 111 102
52 96 52
29 89 26
35 68 32
103 120 100
7 16 4
98 110 98
36 76 36
15 123 12
8 104 8
75 95 72
12 75 12
73 123 70
43 60 40
14 64 14
33 89 30
67 119 64
77 101 74
93 102 90
30 99 30
44 95 44
1 10 1
57 112 54
13 41 10
50 90 50
4 33 4
1 22 1
15 39 12
24 96 24
36 64 36
7 52 4
80 86 80
11 36 8
15 54 12
10 46 10
9 93 6
69 79 66
24 89 24
18 56 18
61 112 58
105 114 102
64 83 64
99 125 96
83 123 80
7 69 4
29 44 26
20 97 20
10 61 10
57 107 54
33 77 30
39 83 36
59 99 56
30 83 30
53 99 50
29 75 26
26 54 26
58 73 58
111 125 108
18 102 18
33 75 30
79 95 76
36 104 36
35 121 32
97 109 94
54 68 54
31 61 28
75 127 72
2 9 2
98 103 98
57 69 54
91 100 88
24 57 24
25 50 22
42 69 42
41 49 38
70 77 70
47 112 44
18 86 18
49 84 46
53 81 50
22 127 22
25 103 22
88 114 88
35 90 32
23 71 20
81 111 78
25 99 22
71 73 68
30 79 30
32 44 32
59 127 56
17 54 14
45 82 42
59 116 56
68 114 68
105 122 102
1 27 1
54 62 54
78 97 78
14 39 14
4 53 4
34 55 34
5 91 2
59 60 56
66 90 66
79 117 76
33 57 30
26 43 26
87 115 84
36 117 36
21 35 18
27 93 24
56 65 56
31 109 28
29 78 26
27 32 24
31 36 28
30 124 30
65 110 62
81 112 78
49 89 46
5 97 2
99 112 96
41 61 38
35 46 32
42 74 42
53 119 50
42 124 42
16 37 16
9 72 6
10 67 10
37 41 34
75 97 72
67 122 64
71 92 68
49 86 46
1 23 1
28 64 28
27 51 24
9 88 6
71 120 68
60 71 60
75 92 72
63 88 60
21 34 18
75 83 72
8 20 8
97 107 94
33 116 30
16 48 16
113 120 110
71 103 68
25 79 22
87 107 84
31 78 28
38 43 38
55 75 52
60 110 60
66 70 66
53 88 50
72 81 72
75 124 72
14 37 14
43 86 40
30 62 30
87 96 84
14 83 14
58 106 58
47 110 44
67 72 64
3 23 1
87 93 84
24 113 24
47 55 44
71 124 68
55 86 52
18 26 18
95 117 92
33 121 30
1 112 1
3 86 1
9 24 6
39 60 36
55 122 52
4 38 4
19 71 16
83 117 80
4 44 4
11 67 8
22 59 22
50 88 50
99 118 96
45 123 42
25 30 22
39 66 36
106 120 106
87 123 84
67 69 64
23 27 20
70 112 70
39 126 36
44 51 44
63 66 60
43 44 40
85 111 82
31 42 28
6 26 6
94 116 94
53 110 50
41 98 38
53 79 50
23 72 20
22 101 22
26 100 26
79 124 76
85 113 82
2 104 2
12 112 12
105 117 102
25 106 22
17 69 14
8 32 8
35 59 32
113 126 110
41 111 38
47 81 44
59 112 56
18 69 18
71 109 68
81 120 78
2 25 2
45 97 42
48 74 48
43 55 40
42 77 42
23 61 20
2 98 2
35 125 32
18 125 18
54 92 54
32 93 32
121 122 118
5 11 2
44 90 44
25 68 22
14 89 14
3 92 1
62 80 62
77 123 74
65 119 62
24 32 24
101 109 98
109 119 106
29 54 26
77 103 74
27 78 24
14 62 14
29 39 26
34 46 34
108 115 108
78 98 78
63 86 60
106 121 106
57 60 54
5 39 2
4 12 4
19 119 16
15 68 12
68 83 68
9 16 6
98 112 98
48 88 48
5 110 2
8 93 8
50 104 50
77 105 74
91 103 88
41 118 38
3 14 1
82 99 82
35 104 32
44 124 44
67 95 64
18 57 18
107 116 104
100 122 100
71 110 68
91 105 88
55 60 52
13 126 10
71 116 68
47 99 44
28 30 28
47 111 44
41 99 38
72 113 72
76 81 76
15 118 12
61 90 58
29 30 26
23 109 20
63 124 60
39 114 36
90 104 90
64 123 64
38 44 38
97 99 94
11 85 8
18 72 18
77 81 74
51 67 48
19 46 16
9 121 6
106 111 106
22 45 22
63 71 60
9 106 6
77 116 74
60 106 60
23 76 20
83 96 80
42 76 42
20 40 20
77 117 74
73 107 70
23 117 20
12 17 12
31 64 28
6 11 6
70 91 70
89 112 86
21 106 18
73 119 70
56 113 56
40 81 40
7 79 4
45 116 42
17 90 14
37 78 34
114 125 114
13 27 10
30 108 30
21 116 18
95 108 92
50 98 50
23 69 20
80 96 80
3 111 1
4 18 4
69 119 66
74 78 74
23 42 20
40 101 40
28 58 28
69 99 66
50 101 50
89 108 86
80 122 80
17 63 14
15 20 12
7 73 4
37 109 34
19 88 16
91 119 88
15 106 12
16 20 16
5 54 2
29 86 26
46 89 46
8 22 8
18 126 18
16 64 16
61 106 58
97 114 94
35 114 32
15 79 12
11 74 8
13 60 10
26 98 26
100 110 100
52 99 52
11 86 8
6 14 6
77 109 74
10 87 10
35 93 32
18 64 18
41 60 38
79 104 76
40 50 40
78 113 78
62 102 62
29 118 26
13 17 10
57 123 54
48 100 48
89 94 86
38 59 38
48 109 48
1 123 1
81 121 78
78 99 78
19 30 16
115 125 112
43 68 40
29 95 26
73 78 70
99 109 96
53 74 50
63 73 60
21 100 18
57 115 54
31 47 28
37 62 34
25 74 22
3 101 1
25 92 22
85 105 82
34 102 34
57 77 54
14 19 14
41 119 38
19 45 16
1 57 1
19 82 16
9 99 6
55 106 52
31 108 28
3 33 1
98 118 98
16 39 16
52 78 52
5 63 2
10 28 10
77 93 74
99 121 96
49 68 46
62 97 62
69 91 66
21 29 18
72 122 72
95 113 92
50 71 50
85 89 82
69 75 66
29 70 26
31 84 28
11 66 8
2 59 2
28 40 28
6 67 6
86 116 86
49 106 46
71 104 68
15 33 12
86 125 86
10 100 10
6 99 6
55 102 52
16 53 16
22 50 22
29 109 26
89 109 86
16 122 16
12 59 12
31 104 28
86 124 86
7 100 4
15 69 12
5 46 2
54 119 54
6 69 6
55 57 52
97 127 94
27 42 24
91 115 88
76 98 76
53 100 50
67 115 64
35 71 32
59 68 56
75 76 72
15 31 12
34 93 34
38 41 38
13 48 10
48 101 48
6 92 6
15 86 12
3 127 1
14 42 14
40 86 40
45 75 42
29 50 26
8 10 8
41 107 38
11 118 8
49 50 46
58 97 58
19 23 16
36 122 36
43 57 40
4 57 4
83 98 80
30 35 30
55 118 52
4 50 4
98 104 98
2 115 2
8 42 8
27 61 24
14 81 14
35 39 32
51 75 48
46 56 46
35 116 32
99 119 96
1 66 1
5 65 2
34 37 34
24 124 24
82 87 82
3 37 1
37 63 34
16 119 16
59 91 56
14 25 14
8 89 8
27 71 24
2 47 2
11 44 8
87 106 84
16 23 16
47 118 44
103 106 100
14 35 14
29 34 26
61 120 58
73 101 70
47 123 44
16 56 16
89 114 86
4 76 4
39 90 36
29 116 26
80 99 80
99 124 96
91 94 88
54 93 54
69 105 66
52 113 52
52 126 52
21 51 18
89 95 86
25 84 22
3 63 1
50 83 50
26 88 26
49 87 46
107 121 104
57 122 54
40 47 40
63 87 60
53 62 50
65 102 62
40 122 40
10 86 10
28 50 28
33 38 30
46 63 46
101 112 98
41 96 38
39 52 36
75 104 72
22 40 22
23 82 20
11 21 8
50 106 50
1 125 1
21 94 18
26 83 26
3 100 1
82 115 82
41 113 38
17 112 14
4 25 4
55 115 52
48 91 48
66 116 66
4 11 4
84 95 84
51 112 48
38 57 38
11 34 8
61 62 58
20 52 20
31 114 28
26 112 26
90 124 90
87 120 84
13 118 10
43 111 40
74 99 74
23 30 20
69 83 66
73 81 70
36 59 36
13 85 10
2 22 2
58 78 58
50 67 50
81 93 78
81 94 78
83 108 80
31 68 28
60 66 60
35 87 32
44 77 44
20 121 20
53 103 50
77 98 74
4 127 4
29 123 26
63 89 60
93 120 90
60 93 60
26 36 26
5 66 2
66 85 66
7 51 4
7 98 4
38 60 38
7 71 4
36 39 36
63 82 60
4 80 4
53 91 50
11 35 8
36 90 36
65 104 62
11 45 8
8 31 8
7 43 4
12 34 12
18 23 18
48 98 48
27 85 24
88 102 88
72 75 72
74 81 74
13 80 10
101 122 98
21 123 18
51 98 48
55 76 52
43 85 40
25 29 22
30 104 30
48 125 48
49 61 46
9 41 6
41 47 38
6 100 6
15 35 12
47 79 44
5 109 2
43 110 40
8 24 8
21 110 18
19 64 16
37 44 34
60 90 60
89 97 86
29 115 26
15 41 12
11 27 8
70 111 70
99 104 96
42 93 42
71 90 68
89 116 86
73 108 70
1 111 1
75 112 72
28 52 28
29 80 26
33 106 30
60 79 60
41 55 38
23 125 20
23 92 20
78 121 78
17 121 14
5 19 2
45 90 42
64 118 64
33 93 30
61 126 58
6 27 6
23 44 20
51 123 48
103 111 100
76 83 76
45 109 42
69 71 66
14 103 14
12 90 12
55 84 52
3 78 1
53 106 50
59 67 56
41 74 38
55 83 52
63 100 60
61 86 58
101 123 98
9 48 6
4 41 4
55 88 52
50 79 50
55 90 52
71 97 68
24 101 24
89 121 86
22 33 22
62 78 62
80 113 80
32 47 32
38 125 38
25 101 22
12 94 12
55 99 52
18 36 18
15 114 12
93 100 90
39 93 36
25 116 22
15 80 12
12 15 12
36 108 36
83 100 80
45 78 42
45 99 42
9 120 6
89 122 86
4 40 4
22 35 22
89 117 86
23 32 20
29 60 26
73 104 70
15 25 12
37 110 34
29 33 26
59 120 56
33 39 30
39 86 36
45 53 42
12 85 12
5 85 2
42 52 42
47 63 44
16 94 16
26 96 26
93 101 90
77 104 74
13 61 10
108 125 108
7 53 4
27 108 24
41 63 38
1 94 1
8 102 8
38 66 38
5 29 2
29 100 26
17 80 14
13 54 10
5 48 2
11 115 8
9 79 6
19 79 16
41 126 38
33 72 30
15 115 12
69 113 66
106 114 106
8 101 8
64 100 64
33 54 30
7 44 4
2 34 2
70 76 70
59 88 56
73 120 70
1 50 1
50 59 50
14 106 14
77 89 74
58 95 58
61 70 58
11 81 8
40 53 40
81 97 78
33 53 30
62 121 62
83 106 80
21 70 18
64 111 64
1 9 1
95 104 92
115 118 112
43 99 40
5 23 2
46 101 46
85 126 82
13 59 10
91 106 88
24 86 24
37 58 34
71 74 68
61 82 58
89 93 86
105 112 102
49 72 46
41 43 38
31 57 28
33 108 30
2 60 2
32 56 32
75 81 72
44 111 44
13 86 10
7 83 4
61 127 58
91 108 88
41 103 38
40 51 40
43 108 40
11 30 8
57 83 54
46 55 46
32 88 32
1 39 1
81 110 78
12 93 12
41 76 38
77 127 74
37 47 34
80 110 80
60 102 60
19 93 16
67 78 64
79 107 76
9 117 6
1 41 1
75 122 72
87 95 84
45 72 42
89 126 86
31 48 28
64 66 64
38 123 38
23 95 20
37 84 34
100 125 100
17 50 14
10 32 10
50 91 50
30 56 30
15 42 12
49 117 46
50 86 50
18 78 18
7 61 4
44 101 44
85 122 82
37 70 34
59 75 56
16 38 16
85 103 82
44 49 44
29 125 26
17 100 14
2 12 2
1 119 1
37 61 34
8 36 8
25 107 22
89 127 86
30 52 30
67 81 64
48 90 48
59 115 56
75 111 72
45 64 42
67 105 64
7 38 4
17 119 14
2 26 2
23 63 20
35 63 32
27 76 24
81 106 78
21 75 18
21 125 18
68 90 68
49 104 46
7 74 4
27 98 24
44 62 44
2 125 2
49 113 46
24 117 24
53 123 50
14 68 14
29 45 26
41 48 38
78 122 78
59 78 56
60 101 60
42 80 42
29 74 26
103 109 100
25 127 22
31 76 28
18 113 18
13 90 10
54 126 54
112 126 112
44 47 44
43 115 40
36 110 36
61 95 58
21 63 18
3 122 1
35 82 32
97 104 94
7 113 4
5 40 2
38 40 38
66 106 66
26 39 26
62 89 62
2 31 2
7 114 4
25 59 22
74 108 74
60 120 60
71 105 68
86 92 86
51 95 48
93 113 90
7 105 4
12 41 12
18 59 18
82 89 82
34 52 34
49 93 46
3 72 1
46 120 46
29 57 26
1 81 1
95 107 92
103 113 100
6 42 6
107 123 104
3 43 1
64 104 64
46 71 46
88 118 88
57 109 54
35 47 32
42 60 42
18 30 18
2 15 2
7 108 4
43 48 40
113 123 110
4 99 4
15 119 12
45 70 42
38 51 38
57 99 54
17 19 14
47 121 44
43 100 40
19 33 16
61 91 58
77 84 74
36 97 36
72 83 72
48 108 48
47 109 44
93 105 90
10 110 10
13 121 10
47 114 44
90 102 90
51 62 48
79 113 76
87 127 84
41 97 38
64 88 64
69 102 66
47 125 44
61 94 58
57 124 54
87 125 84
94 107 94
64 77 64
27 88 24
18 82 18
34 122 34
42 61 42
54 127 54
41 79 38
20 64 20
57 67 54
82 84 82
62 65 62
1 63 1
44 64 44
77 85 74
85 86 82
9 52 6
56 68 56
41 112 38
12 118 12
34 119 34
4 110 4
30 84 30
15 112 12
17 103 14
5 55 2
12 95 12
28 120 28
48 92 48
53 73 50
27 54 24
7 12 4
25 70 22
11 122 8
59 110 56
107 118 104
78 103 78
49 55 46
103 119 100
14 127 14
21 73 18
20 78 20
67 111 64
73 95 70
11 39 8
3 22 1
29 42 26
72 77 72
35 61 32
32 98 32
39 41 36
38 86 38
21 120 18
47 104 44
9 83 6
44 92 44
42 114 42
26 119 26
10 125 10
17 81 14
99 108 96
55 104 52
49 112 46
7 22 4
3 4 1
82 112 82
3 109 1
22 72 22
45 46 42
19 77 16
53 120 50
39 109 36
102 117 102
18 80 18
69 124 66
21 33 18
16 18 16
39 69 36
91 127 88
83 86 80
105 109 102
77 88 74
59 123 56
5 13 2
20 65 20
51 78 48
97 118 94
80 116 80
96 116 96
59 77 56
8 64 8
23 43 20
15 100 12
93 98 90
41 78 38
15 98 12
72 119 72
57 87 54
48 77 48
105 108 102
17 53 14
70 104 70
25 121 22
32 119 32
53 112 50
16 32 16
5 86 2
8 47 8
19 94 16
25 72 22
12 64 12
37 60 34
34 109 34
46 98 46
36 61 36
48 79 48
7 23 4
24 107 24
22 39 22
8 13 8
17 122 14
73 122 70
1 92 1
29 101 26
78 96 78
12 72 12
29 121 26
20 100 20
66 79 66
7 59 4
12 69 12
42 120 42
49 59 46
51 63 48
61 121 58
21 52 18
15 82 12
67 108 64
63 84 60
19 101 16
47 108 44
3 31 1
47 115 44
36 54 36
48 111 48
4 126 4
70 103 70
29 65 26
17 68 14
28 35 28
58 104 58
83 114 80
43 122 40
37 69 34
2 117 2
28 80 28
63 103 60
66 69 66
45 126 42
45 96 42
77 118 74
118 124 118
73 92 70
7 84 4
10 44 10
92 113 92
29 43 26
14 40 14
6 113 6
26 80 26
34 88 34
24 71 24
47 96 44
86 98 86
84 94 84
17 24 14
59 71 56
43 52 40
15 37 12
37 125 34
54 105 54
26 109 26
26 44 26
3 42 1
21 126 18
94 124 94
19 109 16
88 108 88
18 83 18
55 108 52
71 111 68
29 58 26
72 93 72
81 103 78
34 125 34
51 83 48
47 100 44
33 52 30
55 65 52
57 114 54
35 97 32
75 105 72
76 104 76
33 85 30
32 42 32
55 74 52
2 7 2
8 30 8
15 93 12
96 106 96
2 68 2
16 80 16
18 44 18
6 57 6
9 112 6
86 97 86
39 88 36
6 109 6
34 48 34
23 68 20
56 59 56
13 40 10
73 84 70
25 111 22
38 77 38
72 107 72
53 113 50
37 118 34
54 111 54
55 111 52
72 126 72
3 51 1
67 87 64
81 101 78
11 16 8
102 121 102
9 116 6
58 81 58
95 120 92
78 81 78
77 91 74
75 106 72
61 73 58
45 113 42
40 115 40
18 104 18
14 47 14
15 85 12
46 91 46
90 110 90
81 84 78
5 44 2
15 96 12
81 109 78
38 53 38
2 69 2
23 79 20
55 62 52
57 79 54
14 70 14
70 83 70
5 81 2
35 70 32
66 125 66
22 105 22
80 106 80
20 114 20
35 64 32
64 95 64
53 124 50
7 34 4
11 110 8
87 100 84
13 115 10
3 88 1
3 10 1
33 59 30
1 102 1
93 126 90
44 71 44
42 49 42
97 100 94
7 48 4
23 65 20
27 28 24
64 93 64
30 64 30
75 84 72
51 66 48
39 72 36
80 102 80
33 115 30
70 97 70
1 87 1
71 86 68
59 114 56
45 121 42
69 123 66
47 52 44
92 120 92
6 61 6
5 121 2
63 75 60
7 28 4
18 48 18
47 107 44
35 107 32
7 70 4
43 112 40
66 127 66
3 24 1
69 74 66
9 18 6
10 34 10
65 120 62
10 104 10
3 61 1
20 56 20
5 8 2
37 50 34
9 122 6
34 84 34
11 108 8
40 49 40
16 67 16
82 124 82
31 101 28
58 82 58
89 92 86
58 102 58
96 115 96
97 119 94
49 80 46
37 121 34
10 52 10
14 121 14
68 104 68
91 110 88
124 127 124
69 127 66
25 45 22
32 45 32
15 57 12
113 122 110
13 39 10
45 115 42
91 113 88
17 57 14
39 104 36
13 88 10
1 8 1
19 31 16
64 105 64
8 12 8
53 96 50
75 113 72
14 120 14
87 89 84
19 112 16
57 66 54
28 65 28
42 50 42
5 77 2
63 126 60
32 96 32
34 54 34
35 101 32
59 63 56
34 61 34
13 119 10
58 63 58
9 53 6
21 68 18
46 127 46
28 111 28
16 54 16
79 99 76
26 122 26
1 113 1
33 55 30
28 69 28
53 75 50
87 109 84
41 45 38
59 119 56
7 111 4
5 41 2
76 82 76
37 54 34
65 78 62
40 65 40
22 43 22
10 45 10
86 107 86
28 67 28
46 94 46
41 95 38
45 79 42
45 51 42
23 60 20
27 109 24
74 88 74
12 14 12
4 85 4
31 116 28
1 86 1
74 118 74
43 91 40
12 60 12
88 92 88
33 60 30
93 109 90
18 124 18
48 85 48
30 72 30
21 112 18
9 63 6
41 64 38
41 121 38
27 72 24
82 102 82
35 105 32
13 47 10
26 84 26
1 127 1
58 84 58
2 90 2
78 115 78
49 66 46
21 103 18
14 115 14
60 76 60
56 93 56
83 85 80
50 97 50
20 120 20
28 42 28
60 109 60
67 84 64
46 83 46
57 78 54
38 100 38
7 102 4
31 41 28
7 91 4
43 75 40
33 74 30
5 98 2
21 50 18
27 115 24
58 101 58
36 100 36
31 118 28
57 94 54
93 111 90
3 40 1
23 118 20
67 126 64
37 80 34
57 72 54
55 87 52
58 62 58
50 55 50
25 58 22
50 117 50
68 95 68
26 127 26
11 26 8
10 57 10
25 97 22
63 69 60
2 79 2
91 111 88
41 72 38
7 76 4
25 94 22
81 89 78
9 37 6
86 123 86
59 70 56
23 31 20
40 126 40
10 64 10
56 58 56
61 101 58
48 65 48
20 88 20
41 88 38
109 121 106
20 22 20
6 36 6
75 120 72
17 91 14
64 116 64
20 118 20
56 76 56
27 35 24
59 93 56
60 117 60
59 104 56
38 110 38
34 53 34
77 110 74
76 94 76
95 123 92
58 112 58
25 34 22
9 86 6
98 125 98
44 99 44
26 104 26
53 94 50
11 84 8
26 121 26
16 27 16
47 89 44
70 81 70
13 72 10
49 62 46
30 45 30
9 39 6
17 23 14
56 118 56
10 42 10
35 38 32
37 77 34
90 116 90
35 100 32
11 71 8
25 38 22
33 41 30
21 119 18
63 94 60
66 122 66
1 48 1
11 100 8
44 57 44
27 97 24
31 59 28
74 109 74
91 126 88
28 123 28
19 125 16
65 73 62
10 18 10
77 80 74
10 124 10
51 90 48
59 109 56
109 122 106
26 35 26
15 74 12
5 42 2
67 117 64
20 109 20
43 67 40
24 77 24
34 95 34
104 123 104
57 75 54
26 45 26
49 69 46
36 42 36
19 68 16
27 56 24
18 92 18
57 121 54
25 32 22
73 111 70
24 64 24
4 66 4
59 90 56
45 92 42
90 108 90
71 93 68
6 89 6
77 112 74
64 114 64
62 106 62
6 38 6
19 58 16
20 111 20
104 116 104
53 127 50
20 105 20
43 97 40
89 91 86
79 109 76
13 57 10
29 97 26
30 32 30
27 64 24
15 28 12
28 74 28
30 70 30
29 91 26
54 116 54
1 31 1
51 53 48
44 70 44
100 111 100
13 71 10
122 124 122
56 82 56
54 72 54
7 33 4
39 89 36
34 74 34
77 122 74
32 83 32
27 40 24
24 33 24
43 89 40
19 104 16
6 20 6
11 92 8
28 46 28
33 114 30
87 98 84
44 75 44
15 27 12
90 105 90
54 107 54
86 127 86
49 56 46
54 104 54
78 94 78
27 53 24
36 65 36
18 99 18
5 75 2
67 92 64
60 80 60
12 16 12
11 46 8
16 68 16
59 69 56
5 60 2
95 119 92
95 112 92
29 41 26
73 116 70
71 121 68
12 88 12
30 117 30
51 117 48
5 15 2
74 103 74
20 95 20
34 58 34
3 123 1
9 32 6
23 39 20
40 84 40
17 83 14
71 94 68
57 116 54
24 68 24
90 121 90
10 75 10
17 61 14
102 115 102
84 91 84
59 76 56
11 56 8
73 126 70
66 78 66
86 104 86
48 113 48
56 66 56
70 107 70
27 123 24
75 86 72
12 23 12
11 59 8
41 42 38
30 100 30
68 118 68
56 98 56
75 79 72
86 94 86
35 55 32
14 111 14
10 59 10
31 74 28
85 119 82
64 78 64
38 124 38
70 72 70
2 49 2
11 48 8
19 81 16
98 109 98
18 110 18
102 104 102
63 81 60
49 51 46
14 66 14
70 125 70
99 126 96
8 65 8
59 126 56
64 112 64
15 46 12
21 41 18
85 114 82
44 113 44
105 113 102
49 90 46
28 51 28
58 113 58
35 42 32
18 21 18
35 80 32
29 90 26
87 99 84
23 127 20
22 90 22
71 96 68
3 106 1
80 111 80
26 111 26
28 75 28
31 88 28
59 87 56
61 96 58
97 117 94
2 45 2
9 92 6
10 90 10
60 67 60
24 87 24
54 123 54
68 117 68
71 100 68
13 75 10
33 122 30
24 34 24
42 98 42
58 126 58
39 92 36
34 38 34
45 61 42
51 77 48
66 86 66
44 109 44
74 101 74
86 105 86
25 47 22
56 87 56
11 53 8
8 109 8
83 91 80
56 81 56
55 103 52
5 127 2
12 43 12
100 102 100
53 59 50
39 124 36
62 75 62
26 73 26
81 105 78
53 105 50
68 94 68
7 50 4
64 124 64
87 111 84
22 78 22
10 91 10
108 110 108
66 105 66
66 102 66
56 99 56
73 127 70
66 112 66
21 108 18
37 49 34
77 87 74
13 24 10
58 103 58
5 123 2
43 84 40
12 127 12
7 63 4
16 115 16
63 121 60
9 59 6
69 103 66
34 49 34
44 50 44
65 112 62
34 97 34
11 90 8
24 51 24
22 26 22
19 127 16
19 76 16
45 65 42
48 121 48
43 65 40
16 24 16
52 118 52
39 98 36
18 54 18
20 32 20
39 121 36
13 52 10
3 39 1
75 87 72
86 122 86
22 67 22
34 56 34
100 121 100
65 116 62
22 58 22
19 22 16
57 108 54
59 61 56
1 76 1
35 120 32
27 57 24
83 105 80
7 123 4
58 70 58
64 86 64
10 74 10
24 75 24
85 95 82
6 74 6
13 18 10
8 68 8
5 35 2
59 96 56
73 110 70
11 125 8
23 55 20
9 81 6
87 92 84
99 117 96
16 51 16
58 121 58
61 115 58
18 34 18
41 114 38
53 116 50
82 86 82
5 80 2
31 91 28
63 85 60
35 48 32
2 74 2
88 119 88
7 109 4
88 103 88
9 103 6
60 112 60
98 101 98
11 22 8
45 77 42
15 110 12
67 107 64
62 74 62
13 23 10
64 91 64
89 90 86
32 114 32
49 101 46
63 105 60
43 126 40
25 81 22
76 97 76
112 123 112
16 99 16
37 95 34
64 81 64
44 73 44
27 38 24
4 63 4
17 120 14
39 73 36
82 100 82
26 117 26
50 115 50
35 89 32
32 78 32
72 123 72
47 68 44
20 98 20
103 105 100
14 49 14
56 104 56
10 84 10
45 50 42
29 36 26
79 93 76
11 124 8
91 123 88
33 35 30
18 108 18
60 103 60
32 62 32
27 68 24
85 107 82
96 98 96
18 28 18
52 103 52
7 125 4
71 78 68
19 49 16
5 118 2
3 89 1
49 111 46
21 97 18
12 99 12
6 12 6
59 89 56
15 62 12
29 32 26
69 121 66
25 33 22
42 110 42
8 126 8
55 92 52
35 45 32
3 7 1
40 76 40
79 123 76
41 92 38
1 40 1
58 110 58
36 41 36
68 80 68
81 88 78
11 105 8
37 108 34
97 121 94
105 127 102
64 102 64
53 107 50
40 70 40
9 90 6
7 47 4
11 93 8
24 109 24
44 104 44
6 112 6
38 96 38
45 122 42
55 123 52
14 56 14
61 100 58
35 51 32
24 78 24
18 79 18
2 41 2
29 92 26
19 47 16
50 113 50
57 58 54
7 49 4
32 34 32
30 63 30
40 79 40
73 82 70
34 51 34
19 51 16
24 30 24
34 120 34
14 91 14
56 95 56
34 72 34
72 106 72
38 54 38
11 41 8
73 74 70
29 73 26
33 40 30
23 38 20
69 70 66
46 103 46
1 14 1
32 91 32
13 125 10
63 110 60
23 53 20
34 71 34
9 56 6
23 112 20
9 26 6
75 109 72
36 62 36
55 117 52
24 46 24
28 47 28
47 80 44
25 26 22
37 93 34
41 115 38
77 107 74
41 127 38
67 68 64
42 88 42
3 25 1
49 53 46
52 88 52
48 87 48
10 96 10
32 106 32
21 24 18
52 122 52
99 115 96
52 105 52
47 59 44
10 113 10
89 104 86
21 27 18
43 64 40
58 96 58
58 66 58
51 104 48
14 18 14
21 81 18
14 51 14
42 119 42
110 121 110
60 104 60
33 95 30
2 50 2
48 62 48
15 99 12
41 70 38
37 46 34
32 49 32
38 114 38
98 105 98
65 105 62
43 74 40
32 59 32
23 93 20
6 95 6
18 52 18
23 123 20
35 72 32
56 77 56
48 107 48
12 44 12
48 55 48
13 113 10
70 98 70
77 102 74
41 86 38
11 20 8
106 119 106
26 56 26
20 60 20
69 108 66
20 77 20
77 86 74
33 61 30
61 75 58
29 113 26
26 101 26
18 89 18
66 71 66
12 122 12
12 78 12
16 34 16
17 71 14
35 92 32
75 108 72
77 114 74
49 57 46
7 40 4
35 95 32
47 126 44
2 14 2
69 82 66
56 100 56
21 37 18
28 59 28
55 126 52
6 66 6
24 83 24
41 83 38
1 34 1
72 91 72
41 81 38
16 125 16
34 121 34
88 127 88
105 121 102
72 84 72
27 47 24
61 119 58
9 40 6
15 49 12
39 54 36
9 43 6
7 103 4
4 27 4
1 84 1
3 124 1
109 116 106
47 97 44
26 48 26
31 35 28
65 123 62
40 119 40
16 124 16
10 95 10
14 65 14
3 12 1
82 117 82
13 25 10
82 110 82
27 77 24
51 124 48
43 72 40
36 71 36
21 40 18
37 116 34
4 118 4
2 92 2
17 87 14
3 58 1
55 127 52
30 38 30
9 85 6
9 19 6
18 122 18
45 54 42
27 37 24
10 115 10
23 80 20
91 98 88
41 51 38
65 114 62
8 28 8
36 91 36
62 117 62
5 24 2
14 33 14
15 127 12
57 127 54
4 97 4
50 125 50
89 119 86
45 57 42
23 24 20
41 82 38
35 75 32
50 102 50
72 114 72
19 32 16
16 36 16
30 42 30
21 118 18
73 75 70
10 50 10
28 99 28
14 126 14
3 121 1
52 85 52
70 118 70
3 55 1
79 98 76
78 101 78
85 100 82
49 110 46
15 94 12
30 36 30
55 68 52
28 92 28
54 73 54
27 79 24
86 108 86
68 107 68
52 69 52
27 63 24
6 64 6
2 43 2
101 117 98
36 89 36
53 67 50
29 67 26
2 119 2
57 113 54
43 123 40
42 109 42
86 119 86
96 103 96
59 92 56
24 84 24
37 103 34
14 104 14
91 117 88
33 118 30
69 118 66
47 87 44
26 106 26
17 60 14
51 81 48
50 64 50
50 66 50
9 23 6
3 62 1
19 102 16
8 29 8
48 78 48
85 120 82
12 103 12
13 106 10
103 127 100
60 65 60
104 120 104
35 85 32
79 110 76
5 30 2
3 91 1
57 102 54
45 67 42
13 22 10
43 119 40
33 124 30
24 53 24
6 101 6
14 27 14
12 101 12
21 102 18
31 102 28
67 110 64
13 93 10
36 47 36
23 52 20
21 69 18
79 82 76
46 115 46
89 111 86
60 70 60
16 110 16
60 77 60
10 76 10
6 71 6
63 64 60
13 107 10
1 21 1
50 112 50
73 106 70
24 100 24
14 118 14
88 120 88
13 103 10
22 51 22
23 116 20
62 104 62
94 99 94
64 73 64
65 95 62
4 101 4
33 100 30
53 66 50
70 102 70
69 101 66
13 21 10
95 105 92
45 88 42
14 38 14
19 54 16
2 35 2
26 120 26
89 106 86
71 122 68
23 126 20
45 110 42
21 25 18
44 115 44
101 111 98
10 12 10
61 105 58
13 68 10
65 68 62
11 79 8
50 89 50
93 124 90
14 75 14
34 127 34
13 38 10
13 49 10
23 97 20
46 92 46
10 80 10
18 105 18
30 101 30
71 125 68
15 45 12
83 111 80
3 102 1
84 97 84
87 119 84
39 84 36
17 98 14
61 88 58
21 39 18
66 109 66
20 104 20
7 65 4
33 51 30
8 26 8
55 63 52
51 86 48
33 68 30
39 112 36
31 32 28
24 66 24
90 93 90
37 68 34
8 74 8
8 34 8
75 78 72
72 125 72
25 120 22
95 101 92
13 124 10
13 56 10
67 112 64
35 108 32
1 16 1
81 82 78
49 114 46
39 120 36
1 69 1
12 84 12
3 67 1
107 112 104
44 48 44
101 116 98
51 116 48
95 110 92
12 31 12
24 76 24
11 102 8
11 104 8
33 99 30
31 124 28
34 105 34
1 121 1
15 84 12
3 94 1
53 108 50
31 53 28
24 93 24
22 25 22
63 74 60
27 62 24
77 124 74
75 100 72
6 37 6
9 82 6
73 80 70
21 22 18
46 51 46
14 116 14
51 54 48
28 31 28
33 104 30
46 59 46
16 60 16
53 87 50
83 120 80
42 115 42
36 70 36
2 110 2
40 89 40
46 97 46
28 126 28
99 127 96
32 35 32
28 61 28
11 69 8
4 91 4
8 53 8
70 80 70
24 42 24
8 103 8
22 106 22
60 75 60
5 105 2
61 79 58
11 40 8
29 104 26
69 112 66
39 108 36
10 27 10
79 103 76
81 117 78
4 72 4
29 52 26
8 85 8
7 101 4
37 57 34
31 94 28
78 110 78
13 46 10
46 104 46
66 113 66
2 16 2
40 96 40
14 45 14
71 81 68
6 58 6
68 121 68
11 82 8
15 17 12
14 23 14
51 57 48
81 125 78
49 125 46
22 55 22
98 106 98
54 95 54
28 106 28
44 76 44
17 39 14
66 108 66
41 50 38
42 108 42
14 54 14
48 50 48
29 61 26
47 117 44
18 20 18
106 123 106
20 67 20
47 53 44
27 39 24
23 62 20
6 43 6
54 108 54
24 81 24
1 88 1
45 118 42
85 87 82
73 94 70
67 75 64
15 73 12
38 104 38
19 65 16
7 80 4
14 24 14
63 108 60
28 85 28
41 125 38
66 119 66
39 46 36
2 77 2
72 104 72
12 49 12
26 92 26
56 61 56
51 88 48
81 95 78
32 64 32
22 49 22
44 98 44
25 86 22
90 101 90
16 41 16
53 61 50
51 85 48
60 94 60
44 125 44
32 90 32
31 117 28
72 79 72
13 62 10
26 114 26
79 114 76
40 67 40
2 78 2
25 35 22
8 62 8
67 80 64
12 24 12
39 68 36
3 125 1
6 48 6
8 55 8
78 106 78
104 117 104
14 26 14
40 64 40
85 99 82
26 29 26
96 126 96
62 81 62
43 87 40
5 117 2
3 19 1
6 16 6
10 127 10
57 125 54
102 124 102
11 109 8
97 106 94
81 113 78
92 98 92
56 112 56
6 24 6
30 86 30
66 111 66
54 113 54
32 38 32
104 119 104
15 117 12
106 109 106
13 55 10
98 121 98
50 110 50
21 23 18
11 98 8
17 84 14
80 92 80
26 66 26
55 113 52
58 76 58
59 124 56
90 97 90
