128 4686
2 3 1
4 5 2
6 7 4
8 9 6
10 11 8
12 13 10
14 15 12
16 17 14
18 19 16
20 21 18
22 23 20
24 25 22
26 27 24
28 29 26
30 31 28
32 33 30
34 35 32
36 37 34
38 39 36
40 41 38
42 43 40
44 45 42
46 47 44
48 49 46
50 51 48
52 53 50
54 55 52
56 57 54
58 59 56
60 61 58
62 63 60
64 65 62
66 67 64
68 69 66
70 71 68
72 73 70
74 75 72
76 77 74
78 79 76
80 81 78
82 83 80
84 85 82
86 87 84
88 89 86
90 91 88
92 93 90
94 95 92
96 97 94
98 99 96
100 101 98
102 103 100
104 105 102
106 107 104
108 109 106
110 111 108
112 113 110
114 115 112
116 117 114
118 119 116
120 121 118
122 123 120
124 125 122
126 127 124
3 128 1
5 128 2
7 128 4
9 128 6
11 128 8
13 128 10
15 128 12
17 128 14
19 128 16
21 128 18
23 128 20
25 128 22
27 128 24
29 128 26
31 128 28
33 128 30
35 128 32
37 128 34
39 128 36
41 128 38
43 128 40
45 128 42
47 128 44
49 128 46
51 128 48
53 128 50
55 128 52
57 128 54
59 128 56
61 128 58
63 128 60
65 128 62
67 128 64
69 128 66
71 128 68
73 128 70
75 128 72
77 128 74
79 128 76
81 128 78
83 128 80
85 128 82
87 128 84
89 128 86
91 128 88
93 128 90
95 128 92
97 128 94
99 128 96
101 128 98
103 128 100
105 128 102
107 128 104
109 128 106
111 128 108
113 128 110
115 128 112
117 128 114
119 128 116
121 128 118
123 128 120
125 128 122
127 128 124
1 128 1
2 128 2
4 128 4
6 128 6
8 128 8
10 128 10
12 128 12
14 128 14
16 128 16
18 128 18
20 128 20
22 128 22
24 128 24
26 128 26
28 128 28
30 128 30
32 128 32
34 128 34
36 128 36
38 128 38
40 128 40
42 128 42
44 128 44
46 128 46
48 128 48
50 128 50
52 128 52
54 128 54
56 128 56
58 128 58
60 128 60
62 128 62
64 128 64
66 128 66
68 128 68
70 128 70
72 128 72
74 128 74
76 128 76
78 128 78
80 128 80
82 128 82
84 128 84
86 128 86
88 128 88
90 128 90
92 128 92
94 128 94
96 128 96
98 128 98
100 128 100
102 128 102
104 128 104
106 128 106
108 128 108
110 128 110
112 128 112
114 128 114
116 128 116
118 128 118
120 128 120
122 128 122
124 128 124
126 128 126
15 36 12
53 73 50
37 102 34
7 67 4
43 50 40
83 91 80
33 105 30
50 106 50
39 96 36
107 108 104
2 37 2
63 78 60
27 116 24
77 88 74
59 72 56
32 61 32
25 34 22
13 94 10
58 116 58
35 77 32
7 51 4
25 75 22
29 42 26
97 100 94
38 43 38
59 114 56
33 80 30
35 92 32
35 46 32
11 127 8
57 115 54
20 104 20
55 117 52
20 72 20
12 49 12
81 93 78
119 121 116
70 120 70
3 4 1
105 116 102
79 80 76
91 97 88
16 19 16
101 105 98
22 117 22
103 107 100
94 112 94
93 127 90
109 123 106
73 75 70
21 86 18
17 109 14
111 120 108
1 14 1
6 42 6
79 120 76
113 114 110
35 113 32
21 114 18
2 46 2
10 13 10
121 127 118
115 127 112
26 41 26
65 108 62
66 97 66
22 108 22
121 126 118
31 99 28
107 125 104
22 34 22
94 118 94
51 77 48
83 112 80
19 118 16
33 84 30
21 32 18
115 123 112
19 63 16
52 72 52
21 115 18
23 124 20
51 56 48
5 78 2
22 40 22
111 124 108
93 117 90
28 49 28
117 123 114
24 107 24
77 79 74
61 81 58
10 83 10
71 94 68
79 92 76
31 32 28
21 82 18
77 100 74
48 53 48
65 121 62
34 57 34
5 88 2
81 114 78
35 56 32
24 43 24
1 121 1
29 30 26
29 90 26
1 24 1
74 98 74
30 35 30
38 82 38
22 100 22
42 44 42
13 14 10
15 68 12
1 87 1
27 52 24
101 123 98
22 65 22
97 118 94
31 81 28
89 99 86
93 116 90
71 72 68
107 124 104
42 101 42
19 72 16
39 97 36
16 47 16
62 86 62
8 94 8
57 66 54
39 118 36
47 75 44
21 117 18
19 51 16
2 8 2
13 21 10
39 46 36
9 60 6
60 99 60
99 116 96
47 101 44
48 104 48
9 73 6
89 112 86
1 3 1
83 111 80
6 9 6
57 69 54
87 97 84
1 11 1
12 41 12
78 109 78
26 125 26
49 90 46
7 50 4
77 114 74
125 127 122
12 36 12
43 81 40
31 115 28
41 50 38
46 58 46
96 101 96
103 112 100
53 62 50
88 90 88
1 34 1
15 104 12
24 111 24
13 53 10
39 70 36
47 124 44
27 102 24
88 97 88
20 125 20
93 111 90
45 57 42
60 91 60
107 113 104
72 121 72
45 75 42
12 74 12
35 126 32
90 123 90
8 106 8
9 112 6
81 82 78
34 79 34
107 114 104
60 116 60
9 120 6
50 83 50
105 114 102
27 28 24
35 55 32
6 17 6
9 24 6
33 39 30
123 125 120
22 56 22
28 44 28
23 114 20
64 111 64
65 70 62
10 36 10
24 44 24
31 41 28
27 63 24
54 80 54
64 105 64
67 100 64
27 90 24
119 127 116
105 115 102
49 126 46
43 44 40
7 65 4
33 83 30
58 106 58
2 57 2
26 48 26
20 118 20
35 43 32
38 117 38
65 99 62
4 14 4
3 125 1
50 63 50
31 91 28
93 126 90
29 31 26
102 109 102
45 119 42
95 124 92
49 80 46
55 69 52
103 110 100
46 67 46
87 93 84
1 111 1
65 90 62
71 116 68
19 84 16
97 119 94
1 56 1
15 38 12
71 105 68
32 100 32
61 67 58
111 119 108
10 78 10
2 39 2
67 99 64
99 109 96
37 89 34
81 125 78
74 107 74
77 112 74
36 66 36
29 52 26
4 10 4
5 39 2
45 61 42
61 105 58
67 107 64
91 127 88
58 113 58
55 125 52
87 117 84
67 78 64
66 95 66
70 80 70
89 104 86
19 46 16
1 114 1
89 111 86
97 125 94
15 80 12
71 81 68
11 47 8
34 63 34
63 116 60
54 76 54
39 106 36
55 109 52
68 108 68
1 76 1
25 47 22
26 104 26
31 72 28
99 102 96
23 109 20
61 78 58
61 107 58
49 70 46
50 57 50
49 108 46
7 122 4
79 101 76
101 114 98
17 39 14
27 54 24
33 75 30
111 125 108
103 126 100
77 102 74
107 112 104
35 82 32
95 99 92
11 49 8
5 127 2
43 98 40
71 118 68
27 50 24
55 56 52
67 76 64
41 123 38
2 22 2
72 126 72
105 117 102
9 68 6
37 122 34
87 112 84
31 35 28
49 123 46
110 127 110
75 92 72
72 75 72
107 127 104
42 107 42
10 14 10
47 48 44
16 76 16
41 70 38
82 106 82
77 121 74
39 59 36
12 30 12
7 64 4
20 98 20
77 118 74
117 125 114
25 71 22
107 126 104
7 60 4
11 39 8
14 39 14
12 83 12
84 102 84
57 120 54
15 33 12
30 103 30
3 43 1
111 114 108
12 123 12
4 81 4
72 106 72
5 11 2
99 105 96
69 86 66
33 52 30
48 109 48
69 114 66
46 81 46
58 97 58
16 35 16
39 47 36
40 57 40
66 87 66
16 106 16
25 56 22
16 21 16
15 101 12
22 53 22
103 104 100
32 119 32
93 124 90
33 103 30
31 38 28
107 116 104
21 58 18
2 20 2
34 80 34
36 80 36
43 59 40
25 104 22
34 60 34
2 4 2
44 93 44
42 84 42
55 100 52
121 125 118
65 92 62
30 41 30
101 106 98
20 31 20
105 107 102
73 119 70
35 108 32
59 70 56
4 114 4
63 103 60
45 55 42
51 124 48
2 65 2
82 126 82
46 48 46
43 115 40
75 91 72
16 49 16
56 73 56
115 117 112
3 72 1
18 119 18
62 79 62
7 100 4
125 126 122
20 58 20
51 82 48
23 80 20
8 43 8
72 80 72
65 67 62
7 95 4
74 93 74
98 102 98
44 119 44
78 92 78
16 27 16
7 22 4
36 59 36
23 106 20
85 93 82
4 28 4
28 94 28
81 86 78
63 127 60
48 50 48
6 22 6
35 93 32
117 124 114
13 81 10
83 116 80
39 115 36
29 48 26
101 118 98
2 48 2
1 10 1
75 125 72
14 73 14
83 98 80
40 79 40
101 102 98
87 88 84
26 72 26
13 46 10
60 85 60
31 58 28
111 112 108
49 74 46
91 125 88
117 121 114
13 36 10
21 51 18
9 70 6
15 94 12
43 65 40
8 84 8
101 122 98
45 51 42
3 88 1
59 91 56
2 19 2
63 108 60
67 93 64
55 78 52
53 108 50
26 123 26
91 102 88
35 37 32
24 51 24
89 115 86
111 118 108
16 46 16
50 91 50
9 104 6
43 78 40
64 108 64
50 52 50
29 50 26
1 30 1
5 49 2
39 120 36
101 120 98
39 103 36
63 71 60
12 43 12
43 45 40
119 125 116
24 123 24
2 88 2
113 122 110
49 91 46
99 111 96
22 38 22
55 120 52
17 98 14
45 53 42
32 116 32
82 117 82
43 124 40
91 109 88
12 84 12
53 124 50
14 28 14
75 105 72
69 107 66
105 127 102
69 116 66
72 108 72
4 88 4
88 125 88
27 58 24
48 55 48
22 63 22
41 116 38
69 111 66
25 43 22
65 122 62
24 74 24
2 33 2
26 87 26
31 40 28
72 101 72
38 105 38
9 115 6
24 29 24
21 61 18
25 40 22
53 118 50
39 61 36
16 56 16
99 126 96
103 125 100
24 28 24
4 66 4
115 120 112
23 57 20
22 98 22
36 110 36
33 57 30
73 124 70
69 126 66
70 73 70
32 71 32
97 121 94
2 12 2
54 108 54
17 38 14
18 32 18
115 118 112
66 105 66
79 87 76
23 52 20
75 115 72
5 98 2
106 110 106
113 123 110
65 82 62
67 98 64
32 75 32
20 93 20
45 68 42
9 66 6
23 63 20
79 88 76
90 108 90
27 111 24
75 121 72
68 126 68
103 119 100
123 124 120
61 86 58
35 60 32
14 27 14
20 67 20
23 117 20
25 107 22
27 106 24
16 102 16
19 20 16
7 126 4
21 26 18
61 104 58
14 78 14
11 117 8
42 96 42
31 109 28
13 35 10
55 97 52
31 52 28
71 98 68
21 39 18
44 101 44
77 116 74
55 64 52
17 64 14
25 53 22
21 40 18
30 77 30
85 104 82
67 71 64
21 100 18
19 21 16
89 109 86
93 122 90
41 121 38
35 84 32
3 71 1
19 65 16
67 96 64
4 67 4
19 62 16
17 45 14
17 122 14
23 104 20
17 121 14
91 93 88
111 122 108
27 91 24
39 82 36
42 50 42
73 82 70
95 100 92
29 109 26
7 76 4
79 118 76
64 109 64
75 112 72
25 65 22
91 98 88
80 91 80
6 11 6
2 13 2
30 126 30
93 101 90
99 110 96
50 81 50
48 63 48
29 120 26
12 110 12
15 74 12
38 79 38
5 106 2
61 82 58
59 85 56
92 117 92
103 105 100
59 104 56
6 15 6
2 38 2
8 41 8
2 5 2
38 125 38
62 127 62
93 106 90
86 108 86
97 102 94
55 83 52
77 81 74
7 21 4
36 67 36
50 94 50
87 118 84
53 101 50
21 34 18
12 73 12
37 121 34
85 105 82
31 43 28
77 110 74
43 51 40
4 7 4
93 97 90
49 98 46
15 53 12
113 125 110
33 58 30
3 40 1
60 100 60
21 24 18
37 69 34
20 83 20
20 52 20
39 57 36
17 125 14
2 90 2
2 10 2
52 78 52
73 93 70
33 116 30
33 96 30
20 49 20
6 36 6
72 79 72
115 124 112
31 53 28
84 86 84
115 122 112
85 121 82
27 68 24
61 70 58
40 85 40
36 104 36
91 117 88
51 106 48
34 38 34
77 127 74
1 5 1
15 20 12
11 77 8
29 125 26
4 30 4
23 45 20
55 79 52
25 89 22
51 71 48
71 86 68
34 116 34
61 84 58
68 90 68
78 85 78
55 60 52
10 20 10
49 106 46
13 27 10
33 56 30
25 57 22
77 105 74
43 105 40
38 80 38
23 50 20
25 67 22
3 97 1
24 80 24
19 99 16
12 57 12
41 86 38
71 84 68
77 90 74
5 62 2
70 113 70
10 30 10
61 76 58
82 123 82
39 83 36
51 67 48
117 119 114
10 24 10
15 56 12
3 58 1
5 10 2
96 121 96
71 115 68
16 66 16
57 118 54
7 52 4
48 60 48
46 100 46
88 109 88
51 111 48
10 15 10
68 95 68
61 77 58
53 89 50
8 26 8
8 31 8
69 99 66
69 118 66
43 90 40
33 63 30
8 116 8
68 112 68
41 102 38
29 106 26
86 91 86
7 45 4
79 104 76
13 124 10
13 42 10
108 126 108
37 95 34
47 69 44
11 24 8
13 68 10
63 117 60
61 99 58
26 64 26
19 104 16
115 125 112
26 97 26
50 118 50
63 69 60
95 117 92
93 121 90
95 114 92
14 86 14
17 41 14
77 109 74
28 78 28
109 116 106
81 103 78
51 110 48
29 57 26
109 125 106
23 55 20
60 76 60
35 98 32
13 97 10
50 124 50
75 87 72
59 65 56
17 46 14
57 71 54
26 98 26
12 119 12
88 93 88
6 75 6
12 38 12
17 103 14
63 99 60
65 84 62
69 85 66
73 80 70
67 74 64
77 106 74
27 34 24
73 123 70
24 37 24
89 97 86
49 55 46
85 89 82
1 2 1
4 121 4
43 80 40
59 64 56
40 96 40
54 101 54
7 96 4
13 29 10
20 60 20
83 100 80
87 110 84
69 76 66
27 38 24
73 89 70
67 121 64
106 118 106
17 110 14
36 118 36
3 30 1
61 123 58
12 23 12
75 88 72
37 41 34
91 123 88
83 107 80
24 48 24
41 110 38
34 43 34
63 95 60
5 59 2
119 126 116
85 91 82
71 102 68
47 55 44
23 74 20
7 119 4
12 95 12
62 115 62
19 75 16
61 115 58
69 92 66
19 126 16
14 62 14
101 115 98
107 120 104
38 100 38
27 59 24
80 121 80
7 43 4
87 101 84
14 80 14
15 112 12
9 85 6
53 56 50
77 104 74
27 93 24
43 103 40
58 69 58
11 17 8
31 96 28
59 118 56
57 63 54
21 118 18
35 110 32
12 14 12
3 122 1
5 79 2
42 53 42
42 72 42
42 85 42
35 91 32
22 43 22
10 23 10
43 104 40
103 115 100
115 119 112
29 54 26
2 80 2
5 119 2
99 127 96
65 100 62
20 28 20
47 67 44
78 120 78
119 122 116
101 112 98
97 101 94
4 31 4
85 103 82
37 70 34
91 105 88
51 79 48
20 63 20
71 89 68
10 52 10
18 61 18
87 121 84
9 90 6
27 82 24
29 99 26
4 37 4
61 85 58
11 40 8
2 11 2
28 35 28
6 18 6
40 49 40
51 121 48
35 85 32
38 120 38
83 99 80
18 28 18
79 116 76
39 76 36
21 107 18
105 118 102
9 116 6
60 79 60
62 76 62
105 124 102
73 84 70
3 34 1
2 34 2
28 43 28
16 48 16
19 107 16
63 68 60
77 96 74
16 123 16
70 98 70
55 73 52
47 126 44
3 73 1
8 44 8
97 124 94
15 63 12
8 56 8
83 97 80
58 125 58
101 124 98
86 116 86
27 98 24
16 115 16
86 119 86
23 26 20
37 82 34
41 66 38
46 110 46
16 25 16
24 35 24
26 126 26
18 83 18
53 126 50
79 115 76
71 127 68
89 103 86
40 68 40
117 127 114
7 120 4
35 101 32
101 125 98
6 49 6
18 21 18
68 83 68
63 67 60
28 74 28
5 92 2
89 113 86
99 121 96
14 16 14
81 89 78
30 36 30
17 66 14
101 107 98
123 127 120
70 77 70
4 103 4
44 100 44
58 107 58
23 49 20
113 119 110
64 115 64
47 112 44
52 86 52
73 121 70
111 116 108
34 67 34
74 104 74
52 99 52
31 80 28
16 88 16
24 98 24
113 117 110
15 61 12
16 77 16
42 45 42
51 78 48
9 17 6
14 38 14
2 31 2
26 77 26
60 75 60
102 105 102
89 93 86
61 94 58
36 96 36
67 84 64
3 48 1
59 121 56
34 56 34
3 106 1
41 42 38
99 118 96
29 75 26
1 37 1
71 101 68
65 117 62
18 82 18
4 25 4
59 123 56
21 88 18
74 89 74
54 71 54
5 26 2
33 81 30
35 53 32
27 112 24
74 80 74
29 114 26
13 103 10
87 122 84
65 86 62
71 120 68
49 113 46
31 84 28
89 106 86
89 126 86
60 88 60
26 94 26
7 113 4
59 110 56
79 96 76
4 40 4
87 123 84
110 114 110
99 125 96
63 94 60
25 90 22
93 114 90
47 63 44
26 82 26
72 122 72
81 120 78
5 118 2
3 39 1
20 78 20
32 54 32
91 103 88
42 125 42
57 72 54
33 43 30
37 66 34
21 95 18
51 105 48
7 79 4
51 60 48
15 77 12
37 109 34
20 50 20
61 108 58
109 119 106
45 113 42
4 33 4
20 89 20
24 122 24
31 36 28
71 76 68
103 124 100
10 90 10
2 119 2
15 98 12
26 110 26
11 68 8
37 71 34
32 115 32
2 41 2
67 97 64
16 23 16
34 47 34
21 87 18
87 127 84
101 116 98
39 87 36
35 61 32
113 124 110
9 95 6
92 99 92
100 115 100
5 12 2
50 114 50
95 96 92
47 64 44
11 28 8
32 52 32
12 100 12
60 123 60
9 106 6
4 22 4
17 29 14
91 124 88
32 106 32
57 70 54
4 117 4
67 124 64
29 100 26
28 85 28
32 65 32
5 91 2
64 82 64
9 79 6
1 103 1
55 66 52
107 121 104
1 7 1
2 24 2
94 121 94
85 96 82
7 36 4
21 90 18
113 121 110
20 97 20
67 122 64
87 106 84
13 96 10
56 113 56
95 101 92
61 111 58
69 120 66
5 109 2
22 84 22
69 109 66
83 108 80
66 113 66
17 40 14
62 81 62
105 112 102
40 125 40
14 121 14
101 121 98
43 47 40
81 84 78
47 88 44
16 87 16
47 123 44
43 114 40
42 103 42
113 118 110
37 85 34
56 92 56
57 123 54
36 65 36
26 124 26
47 105 44
79 121 76
1 65 1
65 104 62
51 119 48
12 76 12
78 91 78
14 30 14
2 47 2
68 125 68
6 55 6
6 35 6
21 75 18
33 127 30
10 121 10
68 81 68
41 71 38
47 50 44
35 58 32
19 34 16
9 13 6
93 113 90
70 108 70
53 111 50
62 92 62
35 89 32
36 88 36
45 94 42
30 37 30
58 110 58
12 19 12
115 126 112
55 91 52
23 65 20
105 108 102
107 118 104
16 103 16
2 25 2
41 60 38
60 126 60
53 71 50
24 84 24
41 74 38
6 33 6
109 113 106
22 85 22
27 119 24
32 114 32
43 63 40
7 28 4
69 110 66
109 117 106
13 38 10
39 60 36
11 95 8
98 111 98
18 102 18
23 58 20
11 46 8
11 125 8
87 109 84
43 56 40
4 20 4
61 68 58
77 84 74
33 112 30
16 34 16
23 36 20
21 41 18
16 111 16
21 42 18
48 75 48
12 20 12
25 118 22
57 59 54
23 113 20
14 18 14
76 98 76
83 115 80
9 41 6
101 110 98
75 76 72
27 39 24
20 114 20
6 13 6
25 50 22
23 60 20
79 97 76
35 52 32
26 90 26
25 116 22
3 55 1
39 85 36
27 71 24
20 53 20
68 115 68
99 122 96
54 113 54
8 46 8
103 117 100
49 86 46
20 81 20
40 52 40
73 114 70
33 44 30
43 61 40
98 105 98
88 95 88
14 108 14
14 68 14
31 83 28
34 78 34
75 79 72
62 87 62
64 99 64
64 78 64
9 65 6
9 113 6
67 79 64
59 92 56
5 43 2
49 66 46
70 100 70
83 114 80
119 124 116
81 116 78
29 38 26
96 127 96
61 110 58
11 18 8
89 117 86
25 61 22
99 113 96
59 79 56
93 119 90
31 67 28
86 92 86
44 88 44
65 80 62
34 72 34
23 71 20
46 125 46
9 105 6
43 92 40
10 26 10
36 126 36
57 111 54
121 123 118
17 107 14
81 111 78
23 93 20
51 104 48
22 52 22
21 69 18
45 118 42
117 126 114
49 50 46
14 31 14
61 102 58
31 121 28
95 105 92
11 54 8
39 94 36
110 124 110
3 26 1
30 54 30
93 125 90
19 109 16
62 69 62
26 73 26
54 65 54
5 116 2
37 103 34
6 104 6
6 41 6
28 104 28
46 63 46
109 127 106
107 119 104
89 118 86
30 67 30
31 123 28
36 115 36
47 76 44
23 83 20
37 101 34
67 73 64
33 108 30
20 47 20
77 78 74
14 111 14
75 113 72
10 40 10
13 117 10
73 85 70
18 98 18
63 121 60
29 51 26
1 112 1
70 87 70
57 102 54
90 95 90
26 71 26
45 80 42
27 53 24
93 103 90
1 92 1
24 124 24
91 101 88
50 60 50
42 111 42
33 53 30
42 62 42
95 103 92
25 83 22
29 105 26
113 116 110
78 84 78
8 95 8
39 49 36
33 35 30
10 110 10
3 94 1
26 75 26
77 87 74
41 77 38
59 94 56
20 70 20
109 121 106
28 119 28
60 124 60
44 80 44
49 58 46
10 41 10
27 73 24
21 70 18
115 121 112
30 92 30
18 33 18
36 78 36
10 108 10
11 90 8
107 122 104
95 98 92
30 44 30
9 61 6
91 116 88
27 96 24
8 115 8
65 119 62
81 98 78
29 56 26
31 102 28
5 82 2
93 105 90
59 83 56
87 102 84
1 6 1
66 76 66
11 59 8
62 84 62
90 100 90
33 118 30
69 115 66
18 122 18
44 90 44
33 77 30
111 127 108
51 87 48
41 84 38
12 115 12
15 87 12
71 93 68
18 123 18
64 83 64
97 112 94
56 114 56
56 101 56
99 120 96
7 71 4
24 31 24
65 120 62
49 121 46
31 124 28
103 118 100
42 60 42
19 41 16
76 93 76
19 117 16
11 19 8
19 25 16
117 118 114
13 39 10
42 67 42
13 115 10
89 90 86
69 103 66
82 125 82
116 123 116
107 117 104
66 79 66
70 114 70
19 31 16
55 67 52
107 109 104
50 70 50
9 25 6
50 95 50
33 73 30
13 95 10
79 91 76
81 115 78
29 62 26
39 84 36
12 18 12
7 14 4
26 106 26
57 113 54
51 68 48
59 84 56
5 51 2
56 79 56
83 92 80
25 82 22
6 90 6
13 91 10
35 80 32
18 29 18
45 87 42
26 95 26
53 79 50
7 8 4
8 71 8
47 58 44
8 72 8
52 92 52
43 88 40
43 121 40
55 111 52
91 119 88
7 13 4
5 27 2
16 44 16
38 59 38
34 81 34
77 85 74
75 90 72
27 31 24
44 56 44
76 120 76
5 18 2
69 84 66
83 121 80
48 68 48
37 118 34
40 55 40
5 77 2
56 66 56
52 91 52
17 116 14
19 119 16
3 90 1
78 87 78
9 32 6
35 127 32
23 70 20
5 32 2
27 62 24
85 87 82
59 96 56
85 115 82
87 108 84
3 76 1
75 118 72
21 120 18
61 71 58
37 73 34
81 127 78
23 96 20
67 103 64
11 99 8
64 75 64
45 48 42
57 96 54
93 120 90
51 81 48
37 114 34
83 88 80
90 98 90
19 80 16
67 68 64
100 112 100
12 39 12
39 113 36
38 69 38
68 116 68
95 118 92
23 97 20
6 51 6
35 54 32
62 72 62
74 91 74
73 92 70
55 95 52
104 124 104
46 69 46
27 49 24
115 116 112
111 115 108
57 92 54
28 30 28
40 67 40
12 15 12
45 95 42
7 75 4
24 86 24
43 67 40
31 89 28
37 97 34
18 79 18
15 31 12
105 126 102
98 104 98
35 51 32
84 124 84
42 48 42
63 126 60
91 107 88
30 98 30
12 55 12
49 124 46
23 69 20
99 103 96
32 60 32
109 124 106
103 111 100
25 28 22
75 84 72
76 107 76
1 16 1
8 19 8
25 41 22
1 116 1
62 111 62
23 56 20
12 16 12
19 26 16
17 27 14
20 33 20
85 98 82
117 122 114
3 7 1
29 96 26
119 120 116
50 111 50
94 113 94
16 112 16
97 103 94
25 72 22
11 126 8
26 53 26
33 70 30
15 19 12
78 90 78
14 124 14
32 80 32
108 119 108
63 79 60
17 73 14
83 125 80
1 91 1
70 106 70
76 122 76
92 108 92
40 93 40
66 108 66
29 34 26
33 107 30
72 81 72
17 75 14
52 55 52
22 110 22
72 110 72
49 75 46
63 72 60
2 75 2
97 105 94
24 47 24
79 93 76
15 103 12
26 45 26
33 120 30
47 99 44
9 107 6
23 53 20
109 114 106
29 117 26
123 126 120
81 121 78
122 124 122
88 122 88
6 20 6
49 71 46
65 88 62
79 100 76
31 86 28
103 127 100
13 16 10
13 125 10
15 120 12
77 83 74
43 49 40
41 67 38
43 116 40
35 79 32
1 12 1
111 117 108
41 76 38
95 123 92
7 33 4
68 111 68
39 56 36
89 92 86
13 114 10
46 51 46
63 66 60
53 68 50
37 78 34
10 92 10
66 112 66
58 61 58
71 100 68
42 68 42
5 50 2
38 75 38
25 27 22
15 66 12
105 110 102
57 98 54
61 89 58
31 126 28
49 89 46
85 127 82
97 109 94
8 15 8
3 123 1
18 87 18
27 120 24
95 110 92
4 99 4
29 68 26
72 124 72
15 122 12
73 103 70
56 58 56
7 127 4
48 87 48
103 121 100
28 125 28
67 70 64
104 119 104
31 61 28
47 119 44
77 98 74
24 32 24
49 97 46
6 37 6
10 71 10
9 67 6
36 50 36
9 127 6
93 123 90
97 120 94
7 16 4
13 90 10
15 24 12
14 83 14
4 50 4
76 79 76
67 104 64
17 112 14
61 119 58
69 82 66
73 120 70
103 120 100
36 81 36
19 113 16
26 47 26
75 106 72
30 66 30
43 100 40
2 104 2
5 7 2
63 77 60
57 84 54
30 62 30
4 98 4
41 111 38
71 83 68
26 52 26
113 120 110
22 62 22
54 106 54
68 77 68
71 74 68
19 58 16
110 120 110
22 83 22
3 18 1
25 86 22
54 115 54
62 108 62
49 107 46
16 39 16
1 40 1
64 69 64
43 74 40
41 52 38
28 62 28
45 50 42
109 120 106
52 56 52
5 53 2
76 118 76
7 62 4
83 95 80
50 62 50
3 46 1
54 95 54
77 93 74
35 104 32
97 99 94
28 75 28
63 111 60
63 91 60
92 112 92
71 108 68
26 83 26
54 74 54
14 71 14
83 123 80
47 86 44
29 66 26
97 123 94
95 126 92
10 21 10
70 121 70
50 78 50
18 63 18
52 112 52
4 15 4
21 106 18
15 45 12
50 110 50
69 81 66
6 127 6
26 114 26
63 124 60
5 42 2
72 107 72
55 75 52
31 69 28
16 29 16
24 88 24
61 116 58
40 62 40
79 102 76
61 109 58
75 109 72
42 58 42
98 125 98
46 79 46
57 68 54
31 98 28
21 44 18
95 113 92
59 105 56
4 8 4
26 67 26
30 124 30
4 116 4
2 26 2
30 86 30
20 122 20
21 35 18
81 123 78
89 102 86
6 28 6
4 12 4
111 113 108
31 54 28
22 47 22
9 84 6
58 70 58
61 93 58
30 78 30
51 96 48
33 68 30
97 117 94
8 52 8
48 94 48
97 122 94
61 120 58
23 121 20
4 51 4
15 90 12
87 116 84
76 115 76
42 99 42
59 76 56
29 74 26
42 74 42
43 101 40
9 23 6
61 80 58
78 110 78
52 101 52
100 126 100
28 45 28
10 86 10
39 69 36
77 86 74
107 110 104
44 110 44
81 91 78
17 76 14
4 83 4
8 65 8
71 114 68
11 98 8
9 99 6
33 76 30
12 26 12
19 88 16
29 88 26
18 48 18
56 123 56
31 87 28
40 114 40
68 114 68
32 67 32
9 22 6
9 123 6
89 124 86
3 41 1
66 115 66
8 10 8
28 66 28
116 121 116
8 125 8
43 125 40
21 64 18
44 57 44
37 38 34
79 89 76
25 42 22
59 116 56
91 114 88
86 90 86
31 92 28
12 29 12
6 30 6
61 74 58
29 108 26
4 6 4
13 32 10
75 126 72
21 85 18
113 127 110
38 42 38
42 47 42
112 121 112
77 123 74
33 71 30
37 107 34
51 100 48
67 102 64
31 56 28
47 61 44
41 43 38
50 100 50
3 9 1
63 102 60
75 110 72
57 108 54
51 107 48
11 124 8
7 116 4
79 81 76
48 96 48
32 62 32
74 90 74
41 122 38
5 103 2
47 116 44
23 90 20
105 106 102
78 112 78
20 30 20
93 94 90
6 94 6
105 109 102
26 62 26
58 89 58
65 109 62
79 119 76
84 101 84
112 120 112
64 124 64
6 16 6
1 68 1
86 117 86
21 60 18
23 31 20
113 126 110
18 107 18
6 101 6
79 99 76
67 101 64
16 58 16
71 97 68
5 74 2
70 89 70
44 109 44
4 13 4
61 113 58
87 105 84
22 102 22
19 97 16
24 73 24
79 84 76
62 67 62
17 21 14
6 122 6
101 127 98
30 40 30
27 110 24
55 58 52
45 73 42
28 116 28
45 107 42
42 109 42
33 36 30
3 27 1
83 120 80
83 103 80
21 25 18
23 40 20
18 120 18
79 114 76
55 85 52
69 117 66
1 44 1
41 73 38
36 45 36
10 62 10
35 121 32
26 93 26
27 94 24
58 87 58
45 102 42
54 86 54
101 109 98
92 115 92
89 123 86
65 106 62
106 108 106
35 38 32
62 93 62
41 100 38
10 60 10
108 113 108
50 127 50
81 96 78
70 124 70
26 31 26
77 108 74
9 93 6
32 99 32
47 108 44
63 105 60
57 82 54
73 74 70
12 34 12
51 118 48
14 67 14
71 121 68
69 98 66
23 67 20
52 115 52
11 31 8
40 75 40
85 88 82
111 123 108
69 72 66
45 56 42
30 87 30
15 35 12
22 57 22
90 105 90
51 53 48
3 86 1
10 28 10
47 96 44
68 86 68
19 52 16
95 104 92
41 127 38
91 115 88
47 117 44
67 72 64
8 76 8
93 110 90
14 17 14
101 117 98
16 31 16
45 108 42
74 100 74
63 90 60
51 97 48
82 89 82
86 112 86
16 78 16
53 97 50
79 105 76
52 67 52
16 120 16
81 99 78
1 20 1
12 52 12
3 13 1
40 100 40
24 71 24
21 116 18
23 86 20
31 93 28
14 82 14
11 56 8
57 65 54
13 105 10
43 60 40
8 96 8
84 114 84
53 104 50
13 72 10
46 103 46
46 88 46
103 108 100
52 60 52
96 122 96
35 96 32
41 120 38
45 112 42
11 72 8
27 99 24
41 105 38
27 92 24
35 73 32
67 108 64
1 41 1
59 109 56
33 124 30
30 52 30
6 73 6
17 120 14
17 60 14
16 70 16
1 81 1
13 52 10
49 87 46
105 123 102
67 83 64
59 89 56
43 69 40
47 89 44
1 119 1
5 24 2
75 127 72
90 122 90
15 106 12
89 91 86
87 99 84
10 105 10
6 43 6
85 113 82
4 94 4
109 110 106
56 60 56
26 70 26
15 48 12
10 19 10
30 76 30
81 122 78
64 72 64
57 86 54
78 81 78
94 109 94
67 105 64
81 105 78
30 64 30
74 112 74
52 120 52
77 89 74
60 120 60
45 96 42
106 121 106
6 77 6
99 108 96
8 34 8
3 62 1
7 103 4
59 67 56
67 69 64
38 65 38
39 80 36
19 123 16
65 77 62
121 122 118
8 37 8
85 102 82
46 82 46
64 76 64
14 91 14
83 104 80
53 64 50
62 104 62
89 114 86
96 113 96
45 123 42
37 79 34
60 84 60
11 42 8
57 76 54
66 89 66
96 111 96
46 117 46
14 97 14
103 109 100
15 124 12
17 52 14
5 33 2
45 121 42
10 54 10
27 97 24
29 80 26
59 102 56
40 101 40
43 82 40
20 44 20
71 92 68
5 57 2
5 110 2
69 70 66
8 48 8
45 72 42
107 123 104
20 51 20
8 32 8
60 117 60
63 97 60
55 63 52
67 110 64
44 122 44
11 75 8
31 45 28
45 84 42
21 99 18
75 80 72
33 101 30
35 97 32
13 61 10
42 106 42
20 56 20
11 43 8
37 125 34
53 90 50
57 105 54
45 66 42
15 105 12
62 78 62
40 77 40
60 74 60
62 123 62
75 98 72
55 114 52
111 126 108
29 91 26
79 112 76
29 89 26
32 48 32
54 81 54
43 99 40
13 98 10
4 119 4
93 102 90
61 96 58
8 70 8
3 31 1
65 95 62
3 11 1
69 74 66
38 103 38
52 98 52
28 31 28
27 83 24
109 112 106
32 127 32
28 68 28
46 93 46
97 107 94
59 124 56
75 78 72
14 92 14
92 103 92
32 50 32
19 120 16
33 69 30
14 107 14
15 100 12
41 64 38
57 73 54
88 123 88
74 110 74
63 96 60
5 102 2
7 34 4
46 55 46
18 38 18
11 76 8
44 49 44
83 87 80
13 33 10
77 119 74
75 94 72
30 75 30
53 92 50
2 9 2
67 120 64
61 73 58
4 62 4
35 83 32
12 68 12
14 37 14
80 87 80
67 82 64
15 82 12
14 64 14
63 89 60
5 126 2
81 107 78
20 22 20
5 61 2
3 126 1
18 41 18
55 102 52
17 82 14
21 27 18
48 91 48
119 123 116
44 75 44
103 116 100
23 125 20
93 100 90
55 113 52
13 24 10
13 26 10
89 108 86
110 112 110
114 122 114
45 92 42
33 100 30
34 70 34
25 69 22
59 103 56
91 94 88
10 95 10
75 100 72
48 62 48
63 82 60
70 86 70
45 110 42
75 119 72
61 83 58
14 112 14
75 102 72
94 115 94
63 118 60
51 123 48
49 109 46
16 75 16
34 55 34
27 85 24
13 70 10
29 93 26
69 94 66
83 101 80
93 118 90
53 100 50
27 61 24
3 35 1
92 110 92
9 43 6
79 122 76
54 125 54
53 107 50
9 77 6
70 94 70
22 74 22
50 61 50
47 109 44
47 114 44
5 104 2
43 109 40
32 41 32
52 57 52
24 78 24
45 91 42
3 85 1
17 34 14
17 59 14
93 99 90
41 125 38
61 100 58
35 124 32
12 35 12
73 86 70
73 127 70
41 59 38
4 45 4
24 33 24
33 45 30
43 102 40
36 105 36
73 77 70
18 20 18
34 90 34
109 111 106
16 28 16
33 82 30
26 89 26
20 48 20
44 95 44
32 112 32
65 123 62
85 106 82
42 102 42
65 72 62
68 127 68
104 113 104
1 55 1
35 57 32
35 70 32
49 127 46
4 118 4
97 127 94
45 83 42
113 115 110
15 86 12
31 107 28
30 55 30
56 96 56
30 70 30
45 54 42
49 56 46
38 123 38
36 94 36
43 57 40
85 92 82
5 41 2
51 101 48
120 124 120
6 19 6
41 101 38
35 86 32
84 99 84
60 62 60
45 52 42
88 112 88
71 85 68
44 126 44
5 36 2
71 87 68
49 103 46
28 59 28
73 79 70
44 89 44
39 86 36
68 102 68
92 107 92
69 108 66
33 65 30
2 108 2
102 116 102
78 100 78
25 120 22
29 61 26
83 124 80
77 82 74
24 127 24
70 127 70
99 106 96
58 65 58
34 64 34
11 111 8
82 114 82
40 43 40
40 58 40
23 84 20
44 62 44
67 77 64
56 68 56
71 99 68
69 127 66
14 43 14
4 71 4
30 49 30
79 98 76
85 116 82
45 115 42
97 110 94
41 48 38
60 115 60
34 36 34
57 101 54
16 43 16
49 76 46
9 55 6
12 78 12
15 127 12
104 125 104
16 37 16
75 114 72
21 105 18
18 22 18
17 23 14
16 73 16
46 106 46
34 124 34
28 79 28
37 75 34
67 125 64
7 10 4
61 75 58
30 61 30
65 79 62
19 90 16
41 46 38
14 72 14
16 96 16
25 124 22
83 96 80
63 114 60
3 69 1
33 51 30
73 108 70
59 88 56
18 74 18
45 114 42
110 115 110
76 92 76
59 69 56
77 115 74
55 99 52
19 116 16
93 109 90
55 110 52
109 115 106
40 66 40
61 69 58
17 53 14
66 90 66
91 96 88
103 122 100
101 108 98
27 126 24
57 78 54
5 9 2
88 94 88
3 32 1
77 95 74
22 99 22
27 88 24
27 123 24
3 61 1
87 120 84
86 96 86
14 21 14
29 37 26
44 116 44
40 88 40
44 106 44
92 101 92
109 126 106
20 25 20
30 105 30
82 95 82
53 122 50
4 17 4
18 91 18
44 81 44
62 70 62
35 105 32
5 96 2
15 70 12
35 90 32
38 108 38
13 49 10
4 19 4
8 80 8
8 81 8
52 59 52
14 81 14
23 73 20
5 14 2
43 72 40
14 52 14
50 64 50
58 98 58
13 43 10
5 121 2
105 120 102
30 82 30
6 105 6
5 76 2
20 90 20
62 91 62
20 71 20
96 107 96
16 90 16
38 107 38
11 114 8
2 107 2
95 97 92
25 58 22
81 90 78
5 93 2
91 99 88
34 50 34
1 9 1
32 66 32
10 44 10
31 104 28
75 111 72
61 88 58
85 126 82
95 111 92
121 124 118
45 78 42
37 44 34
30 53 30
15 99 12
64 96 64
27 89 24
56 64 56
44 107 44
71 122 68
99 115 96
37 51 34
20 55 20
39 99 36
31 105 28
18 35 18
75 86 72
30 101 30
11 113 8
100 114 100
11 34 8
37 83 34
85 117 82
45 105 42
11 65 8
7 31 4
80 84 80
41 109 38
17 90 14
85 110 82
41 87 38
19 125 16
41 51 38
80 102 80
26 56 26
73 91 70
56 117 56
2 42 2
39 67 36
2 97 2
32 84 32
49 57 46
9 82 6
57 99 54
103 123 100
53 76 50
75 108 72
62 116 62
2 99 2
76 117 76
91 113 88
66 107 66
95 122 92
42 117 42
38 112 38
32 37 32
49 114 46
65 127 62
108 114 108
23 120 20
55 119 52
63 112 60
3 109 1
41 61 38
82 94 82
101 119 98
40 53 40
42 80 42
79 117 76
3 57 1
82 87 82
51 64 48
81 87 78
6 117 6
24 82 24
12 91 12
46 122 46
51 74 48
62 64 62
7 102 4
56 59 56
10 69 10
4 46 4
48 86 48
100 125 100
57 109 54
72 112 72
2 56 2
47 70 44
13 37 10
11 23 8
106 112 106
4 18 4
38 111 38
7 40 4
56 91 56
19 85 16
43 110 40
49 102 46
97 104 94
75 122 72
44 51 44
67 92 64
81 113 78
43 91 40
3 36 1
79 110 76
43 106 40
90 119 90
43 73 40
15 79 12
2 116 2
42 86 42
71 82 68
34 96 34
53 67 50
62 113 62
64 68 64
2 15 2
32 93 32
6 119 6
55 98 52
15 21 12
73 102 70
38 48 38
83 113 80
1 49 1
68 105 68
93 104 90
70 81 70
89 98 86
82 93 82
95 106 92
2 7 2
36 56 36
46 57 46
2 14 2
31 51 28
51 55 48
26 86 26
1 83 1
56 99 56
36 39 36
56 87 56
94 104 94
102 111 102
15 73 12
92 118 92
94 108 94
33 88 30
75 124 72
16 33 16
18 95 18
9 71 6
95 102 92
53 83 50
98 106 98
51 70 48
43 118 40
50 71 50
19 54 16
9 30 6
79 103 76
3 15 1
91 126 88
37 113 34
21 72 18
39 55 36
99 114 96
18 24 18
66 83 66
77 113 74
8 14 8
2 100 2
43 123 40
52 76 52
29 107 26
35 87 32
99 124 96
82 104 82
105 119 102
58 109 58
94 116 94
56 118 56
18 47 18
29 43 26
80 112 80
48 70 48
5 28 2
57 91 54
45 99 42
61 62 58
18 90 18
51 99 48
118 122 118
87 96 84
16 71 16
44 63 44
21 77 18
95 116 92
34 94 34
3 114 1
1 4 1
12 21 12
91 92 88
59 63 56
4 92 4
32 68 32
54 90 54
68 76 68
53 91 50
67 94 64
61 122 58
11 102 8
73 87 70
34 117 34
70 96 70
31 34 28
38 77 38
18 59 18
80 109 80
20 115 20
9 31 6
22 86 22
73 110 70
14 36 14
36 95 36
41 99 38
57 67 54
10 98 10
11 93 8
23 33 20
79 86 76
9 63 6
61 124 58
57 100 54
73 126 70
22 80 22
76 89 76
57 119 54
93 95 90
5 45 2
27 67 24
71 126 68
36 127 36
94 122 94
55 82 52
34 113 34
14 85 14
81 112 78
15 50 12
59 60 56
69 102 66
13 82 10
40 127 40
73 113 70
69 124 66
60 118 60
18 80 18
61 72 58
35 49 32
67 117 64
75 103 72
44 54 44
22 71 22
90 125 90
38 74 38
35 59 32
83 89 80
47 104 44
49 73 46
69 89 66
35 119 32
87 98 84
26 58 26
33 86 30
24 53 24
94 124 94
38 124 38
52 54 52
13 66 10
39 127 36
27 105 24
18 94 18
23 103 20
39 101 36
12 124 12
9 89 6
2 60 2
57 61 54
53 74 50
29 110 26
95 108 92
86 109 86
60 127 60
58 124 58
16 26 16
50 104 50
107 115 104
7 123 4
50 109 50
99 123 96
13 73 10
95 121 92
19 114 16
28 108 28
6 8 6
33 72 30
28 103 28
23 111 20
39 53 36
5 29 2
24 30 24
31 127 28
29 121 26
52 105 52
2 52 2
37 46 34
5 34 2
91 122 88
58 63 58
97 116 94
66 109 66
37 65 34
100 124 100
50 120 50
27 109 24
11 80 8
52 124 52
79 85 76
52 106 52
56 105 56
90 124 90
5 64 2
86 126 86
65 113 62
72 105 72
64 77 64
5 21 2
62 95 62
55 92 52
21 53 18
65 89 62
17 22 14
36 53 36
28 56 28
79 111 76
55 108 52
39 93 36
2 87 2
36 46 36
15 115 12
77 124 74
101 113 98
58 82 58
48 118 48
100 113 100
35 116 32
62 65 62
31 116 28
13 89 10
65 85 62
74 113 74
9 36 6
6 10 6
23 72 20
90 92 90
55 89 52
59 98 56
3 24 1
37 61 34
45 79 42
14 127 14
84 93 84
64 98 64
61 63 58
45 49 42
58 84 58
13 123 10
55 126 52
70 83 70
59 97 56
59 127 56
79 94 76
38 109 38
32 57 32
107 111 104
1 27 1
9 86 6
7 99 4
32 120 32
49 111 46
46 74 46
53 86 50
20 61 20
1 35 1
62 83 62
59 99 56
40 60 40
108 111 108
24 55 24
81 104 78
35 75 32
92 124 92
36 102 36
83 94 80
32 35 32
45 126 42
41 124 38
37 80 34
15 117 12
60 105 60
66 93 66
20 110 20
27 95 24
5 99 2
95 109 92
97 98 94
46 49 46
32 58 32
63 98 60
75 77 72
9 34 6
44 60 44
99 100 96
84 89 84
45 127 42
5 68 2
47 78 44
6 61 6
97 126 94
16 38 16
41 119 38
77 99 74
24 106 24
47 107 44
43 62 40
32 103 32
15 25 12
67 116 64
60 114 60
39 50 36
49 83 46
5 75 2
58 62 58
21 49 18
94 106 94
31 47 28
8 12 8
73 125 70
16 41 16
21 122 18
5 115 2
109 118 106
8 38 8
31 63 28
12 28 12
33 109 30
39 121 36
31 85 28
17 33 14
14 50 14
29 69 26
7 117 4
6 107 6
3 5 1
80 98 80
29 103 26
74 94 74
9 39 6
106 113 106
78 117 78
65 93 62
1 33 1
2 121 2
21 56 18
92 109 92
36 83 36
18 70 18
58 114 58
87 103 84
53 70 50
46 111 46
45 90 42
33 47 30
44 82 44
71 110 68
33 37 30
61 92 58
18 106 18
84 115 84
40 48 40
60 94 60
40 47 40
13 111 10
15 92 12
47 57 44
29 71 26
69 125 66
94 99 94
56 83 56
10 68 10
46 96 46
15 71 12
53 121 50
105 125 102
54 77 54
37 117 34
56 67 56
7 86 4
41 103 38
103 106 100
73 90 70
46 108 46
63 122 60
85 100 82
14 19 14
29 47 26
38 67 38
37 93 34
19 48 16
84 113 84
14 29 14
50 77 50
15 67 12
28 51 28
9 91 6
35 74 32
49 88 46
31 64 28
32 70 32
18 68 18
51 63 48
11 36 8
33 93 30
59 75 56
96 124 96
22 39 22
4 38 4
14 77 14
82 98 82
74 124 74
73 111 70
24 97 24
65 102 62
62 103 62
44 74 44
85 109 82
51 93 48
79 106 76
94 103 94
83 106 80
86 89 86
68 72 68
37 62 34
33 114 30
27 60 24
47 97 44
22 48 22
28 58 28
56 112 56
50 122 50
84 112 84
89 100 86
31 37 28
71 77 68
18 34 18
65 81 62
53 80 50
24 27 24
20 96 20
74 123 74
20 57 20
49 112 46
51 65 48
15 58 12
67 75 64
89 122 86
30 104 30
21 83 18
16 51 16
15 41 12
30 95 30
23 64 20
41 65 38
39 43 36
61 97 58
1 21 1
2 66 2
28 33 28
23 76 20
65 91 62
105 111 102
45 117 42
63 123 60
14 101 14
90 104 90
69 80 66
89 105 86
82 84 82
33 119 30
48 107 48
27 44 24
71 111 68
85 101 82
7 80 4
30 97 30
2 36 2
4 34 4
50 119 50
13 50 10
90 116 90
68 92 68
55 116 52
47 120 44
55 118 52
7 107 4
83 110 80
43 119 40
53 63 50
1 17 1
17 31 14
36 98 36
40 70 40
38 93 38
53 102 50
92 116 92
29 87 26
23 95 20
14 74 14
50 121 50
46 72 46
36 44 36
55 106 52
57 97 54
87 91 84
111 121 108
39 119 36
23 25 20
11 15 8
28 81 28
69 71 66
56 116 56
73 107 70
22 70 22
32 55 32
97 111 94
8 13 8
50 55 50
2 123 2
31 73 28
36 123 36
34 84 34
10 64 10
49 119 46
70 95 70
13 47 10
24 95 24
89 119 86
72 94 72
69 112 66
5 8 2
11 58 8
2 40 2
54 78 54
17 96 14
21 67 18
39 89 36
97 114 94
15 47 12
47 102 44
4 73 4
27 79 24
91 121 88
73 122 70
42 71 42
43 86 40
10 73 10
93 112 90
53 72 50
57 64 54
64 74 64
15 83 12
27 101 24
20 66 20
23 115 20
36 64 36
1 66 1
54 94 54
41 89 38
59 66 56
59 101 56
85 122 82
10 126 10
20 109 20
7 32 4
54 69 54
50 87 50
6 78 6
37 55 34
27 87 24
6 32 6
69 75 66
11 112 8
57 74 54
65 78 62
25 54 22
41 63 38
22 25 22
62 119 62
3 60 1
16 42 16
94 110 94
13 109 10
83 90 80
78 86 78
12 96 12
50 116 50
79 125 76
40 51 40
7 115 4
2 17 2
80 96 80
15 17 12
101 103 98
60 77 60
17 118 14
16 36 16
88 110 88
23 28 20
43 68 40
21 112 18
41 49 38
24 110 24
60 71 60
68 100 68
92 122 92
65 68 62
10 65 10
124 127 124
23 87 20
70 109 70
23 27 20
12 72 12
7 97 4
55 61 52
88 111 88
80 89 80
15 49 12
58 122 58
85 112 82
18 92 18
55 112 52
7 72 4
73 98 70
33 102 30
24 66 24
55 87 52
6 114 6
22 50 22
45 46 42
47 100 44
72 95 72
21 98 18
35 109 32
86 120 86
2 68 2
28 40 28
3 50 1
37 91 34
90 107 90
1 19 1
55 71 52
21 89 18
1 51 1
49 78 46
18 57 18
9 35 6
17 83 14
70 92 70
48 89 48
4 41 4
25 102 22
5 20 2
86 111 86
97 115 94
9 20 6
4 91 4
6 98 6
30 96 30
10 127 10
11 109 8
23 105 20
11 60 8
39 112 36
12 48 12
68 87 68
38 50 38
11 50 8
87 111 84
11 33 8
21 101 18
20 69 20
24 75 24
14 58 14
88 105 88
38 101 38
13 93 10
38 89 38
1 25 1
4 63 4
29 83 26
41 79 38
14 40 14
29 77 26
13 55 10
25 112 22
69 77 66
62 75 62
15 29 12
23 81 20
75 117 72
94 126 94
32 113 32
53 61 50
13 108 10
55 80 52
11 86 8
85 120 82
11 91 8
81 109 78
33 94 30
13 75 10
39 88 36
53 93 50
5 47 2
45 81 42
47 71 44
11 30 8
8 102 8
27 104 24
23 122 20
71 104 68
48 116 48
7 98 4
54 68 54
49 94 46
19 35 16
7 69 4
65 112 62
2 126 2
14 32 14
12 97 12
46 54 46
42 124 42
5 37 2
37 120 34
51 89 48
10 76 10
2 63 2
106 111 106
27 114 24
84 91 84
24 40 24
46 97 46
57 85 54
14 63 14
25 119 22
63 92 60
70 116 70
26 34 26
30 32 30
87 92 84
17 43 14
96 104 96
29 113 26
13 99 10
64 90 64
46 102 46
32 88 32
55 70 52
39 63 36
101 104 98
9 50 6
57 90 54
17 124 14
43 79 40
18 42 18
13 85 10
30 43 30
13 116 10
13 51 10
54 83 54
86 115 86
60 107 60
64 116 64
9 21 6
14 89 14
25 76 22
81 95 78
3 68 1
102 126 102
21 50 18
90 110 90
2 74 2
27 75 24
47 93 44
16 60 16
41 57 38
19 38 16
105 122 102
21 123 18
73 94 70
5 125 2
86 101 86
55 81 52
3 78 1
37 45 34
38 81 38
27 108 24
10 53 10
85 108 82
43 66 40
4 21 4
25 30 22
10 18 10
57 95 54
56 81 56
11 87 8
7 101 4
78 121 78
48 73 48
26 100 26
57 122 54
12 65 12
68 97 68
3 80 1
81 100 78
10 114 10
17 30 14
27 124 24
45 89 42
45 62 42
7 118 4
46 50 46
91 112 88
19 105 16
61 112 58
8 83 8
37 94 34
8 17 8
54 85 54
7 73 4
51 108 48
17 72 14
3 99 1
80 115 80
95 119 92
54 70 54
55 124 52
33 125 30
77 92 74
67 112 64
13 40 10
32 38 32
31 103 28
19 50 16
2 6 2
28 95 28
63 64 60
10 50 10
48 77 48
4 9 4
51 103 48
54 93 54
27 125 24
38 84 38
28 32 28
31 46 28
33 62 30
13 67 10
114 124 114
49 64 46
37 87 34
14 23 14
4 100 4
15 102 12
104 122 104
120 122 120
40 110 40
40 44 40
38 63 38
11 26 8
12 104 12
23 48 20
49 65 46
13 106 10
45 82 42
36 68 36
35 48 32
6 23 6
98 122 98
25 31 22
19 29 16
1 36 1
26 55 26
7 12 4
19 100 16
31 110 28
53 123 50
60 106 60
21 97 18
60 72 60
37 49 34
39 100 36
24 99 24
22 49 22
6 38 6
81 126 78
10 72 10
7 25 4
21 108 18
41 117 38
31 100 28
67 118 64
23 43 20
17 78 14
7 77 4
32 118 32
70 126 70
86 121 86
81 108 78
17 25 14
88 118 88
19 94 16
72 98 72
87 125 84
72 97 72
62 120 62
19 59 16
41 44 38
98 107 98
75 104 72
63 76 60
65 74 62
29 98 26
75 85 72
5 19 2
33 55 30
20 79 20
37 119 34
7 23 4
43 87 40
29 78 26
87 95 84
60 119 60
11 55 8
84 110 84
59 125 56
49 115 46
57 116 54
81 124 78
96 103 96
41 75 38
61 66 58
39 40 36
52 109 52
6 47 6
19 33 16
33 50 30
9 11 6
42 61 42
17 49 14
88 96 88
42 46 42
4 29 4
12 37 12
2 101 2
25 98 22
50 80 50
40 45 40
3 51 1
32 73 32
41 94 38
20 80 20
2 49 2
28 47 28
3 19 1
8 63 8
31 49 28
71 119 68
81 83 78
24 54 24
32 49 32
2 78 2
8 11 8
20 117 20
26 38 26
62 105 62
7 104 4
25 92 22
80 108 80
36 103 36
23 82 20
21 68 18
13 121 10
46 89 46
78 105 78
21 92 18
24 57 24
22 30 22
47 52 44
6 48 6
50 73 50
85 94 82
59 100 56
1 126 1
13 113 10
47 49 44
41 126 38
5 100 2
87 115 84
106 122 106
29 84 26
26 30 26
25 100 22
13 63 10
26 81 26
4 32 4
60 102 60
40 119 40
17 114 14
20 34 20
40 90 40
14 55 14
21 57 18
14 88 14
24 62 24
53 96 50
30 74 30
3 77 1
16 63 16
9 92 6
30 69 30
31 59 28
4 35 4
17 101 14
90 97 90
19 49 16
11 66 8
33 48 30
54 59 54
59 73 56
96 114 96
23 116 20
71 96 68
60 109 60
36 109 36
90 117 90
54 62 54
21 84 18
77 126 74
16 59 16
67 109 64
33 34 30
2 62 2
12 125 12
25 78 22
44 104 44
35 76 32
62 121 62
16 80 16
57 58 54
32 59 32
8 35 8
45 97 42
3 66 1
102 110 102
60 96 60
24 91 24
2 102 2
5 55 2
25 33 22
36 100 36
74 115 74
34 85 34
2 98 2
18 99 18
10 77 10
5 54 2
89 101 86
23 39 20
84 107 84
2 76 2
114 119 114
73 105 70
46 127 46
103 114 100
7 121 4
35 112 32
15 40 12
65 71 62
71 80 68
86 123 86
3 103 1
51 76 48
20 73 20
27 40 24
4 23 4
63 110 60
11 118 8
29 73 26
53 103 50
10 57 10
7 56 4
27 29 24
69 88 66
18 84 18
17 18 14
13 79 10
53 117 50
3 84 1
77 117 74
26 54 26
23 32 20
21 76 18
68 88 68
13 69 10
74 102 74
8 88 8
84 116 84
35 95 32
67 115 64
37 59 34
44 84 44
37 105 34
22 37 22
24 49 24
42 123 42
91 104 88
6 97 6
56 119 56
38 45 38
95 115 92
76 83 76
15 116 12
7 11 4
19 70 16
55 115 52
46 113 46
24 72 24
48 119 48
37 74 34
3 65 1
19 64 16
69 83 66
30 91 30
41 93 38
96 117 96
65 105 62
75 96 72
9 100 6
15 110 12
19 110 16
19 101 16
64 121 64
64 95 64
70 105 70
50 58 50
23 110 20
25 105 22
98 115 98
57 62 54
3 118 1
77 120 74
54 58 54
78 118 78
97 108 94
27 103 24
66 110 66
90 109 90
18 77 18
28 99 28
69 73 66
35 71 32
17 24 14
18 25 18
14 33 14
10 17 10
78 115 78
40 106 40
83 126 80
26 32 26
48 52 48
18 126 18
95 107 92
19 44 16
29 35 26
39 77 36
13 60 10
7 83 4
60 68 60
15 39 12
5 114 2
5 31 2
23 99 20
64 85 64
14 114 14
4 79 4
24 70 24
20 29 20
4 60 4
10 25 10
17 48 14
80 94 80
12 58 12
21 54 18
66 88 66
72 96 72
46 68 46
34 54 34
62 114 62
1 104 1
48 102 48
33 122 30
44 50 44
24 90 24
85 123 82
4 70 4
8 28 8
64 73 64
41 82 38
31 125 28
63 81 60
27 43 24
15 78 12
11 35 8
23 108 20
22 55 22
85 114 82
18 100 18
47 87 44
43 89 40
27 74 24
26 35 26
29 85 26
14 119 14
44 48 44
21 121 18
86 110 86
13 92 10
37 54 34
67 90 64
69 91 66
53 59 50
16 84 16
56 82 56
49 117 46
77 111 74
79 95 76
20 45 20
34 58 34
6 60 6
61 79 58
45 124 42
7 63 4
6 12 6
49 93 46
82 100 82
26 76 26
31 79 28
68 121 68
40 104 40
29 63 26
18 113 18
78 98 78
55 96 52
46 80 46
49 110 46
15 52 12
75 81 72
43 54 40
34 83 34
50 82 50
75 82 72
11 103 8
45 104 42
1 45 1
48 99 48
79 126 76
55 59 52
101 111 98
2 103 2
58 72 58
100 122 100
45 98 42
34 75 34
27 65 24
37 64 34
37 76 34
15 109 12
26 92 26
58 88 58
11 116 8
81 102 78
82 85 82
55 107 52
100 118 100
44 83 44
35 68 32
69 78 66
15 44 12
20 87 20
20 62 20
25 101 22
32 98 32
33 89 30
48 112 48
13 62 10
33 117 30
17 19 14
59 93 56
18 30 18
6 21 6
3 105 1
13 65 10
17 85 14
90 94 90
35 118 32
4 11 4
32 90 32
5 65 2
5 60 2
99 119 96
75 89 72
22 123 22
85 97 82
118 120 118
31 117 28
37 108 34
50 125 50
4 74 4
15 126 12
58 76 58
20 37 20
3 12 1
31 111 28
49 63 46
47 56 44
42 92 42
110 119 110
25 79 22
51 113 48
95 125 92
14 48 14
58 90 58
37 88 34
47 115 44
87 104 84
9 94 6
16 45 16
73 106 70
106 124 106
71 90 68
1 8 1
21 65 18
10 87 10
88 99 88
45 100 42
64 70 64
46 121 46
41 54 38
29 81 26
80 113 80
41 90 38
73 100 70
5 89 2
35 67 32
34 77 34
76 96 76
25 45 22
52 69 52
7 91 4
65 126 62
1 47 1
84 95 84
51 125 48
29 126 26
41 95 38
81 88 78
6 88 6
32 45 32
71 113 68
49 84 46
66 68 66
65 87 62
85 90 82
13 87 10
92 113 92
39 68 36
25 85 22
40 63 40
9 27 6
12 102 12
92 102 92
28 102 28
18 66 18
37 81 34
68 73 68
19 102 16
67 81 64
4 44 4
36 41 36
52 118 52
27 77 24
35 99 32
2 35 2
12 25 12
42 97 42
74 82 74
112 119 112
51 66 48
21 102 18
17 44 14
44 105 44
29 45 26
16 20 16
12 122 12
67 87 64
34 112 34
20 43 20
34 104 34
25 87 22
17 56 14
27 121 24
98 121 98
36 43 36
91 95 88
48 78 48
15 114 12
60 97 60
99 101 96
100 106 100
39 95 36
19 23 16
26 85 26
116 127 116
40 105 40
61 103 58
19 96 16
31 74 28
77 94 74
40 80 40
85 111 82
45 120 42
15 30 12
16 40 16
44 108 44
27 47 24
28 42 28
53 116 50
1 15 1
42 90 42
59 82 56
54 66 54
36 101 36
16 101 16
40 50 40
26 29 26
94 98 94
61 118 58
19 32 16
90 126 90
58 66 58
13 28 10
9 59 6
5 85 2
11 104 8
6 34 6
45 71 42
91 120 88
40 103 40
2 64 2
4 16 4
66 119 66
35 42 32
28 46 28
63 120 60
49 116 46
39 44 36
2 54 2
9 42 6
65 96 62
58 123 58
29 49 26
92 105 92
39 81 36
6 29 6
5 13 2
94 97 94
29 32 26
7 29 4
22 122 22
71 109 68
20 42 20
73 115 70
1 102 1
51 54 48
65 101 62
5 15 2
75 93 72
7 47 4
84 105 84
1 72 1
51 57 48
82 86 82
89 127 86
68 84 68
78 106 78
60 104 60
34 102 34
11 97 8
9 53 6
3 23 1
37 72 34
39 42 36
45 59 42
40 56 40
41 108 38
4 97 4
16 118 16
11 61 8
73 117 70
8 21 8
64 101 64
84 117 84
45 125 42
38 68 38
8 121 8
8 82 8
3 49 1
28 100 28
87 124 84
49 96 46
69 93 66
27 33 24
30 118 30
58 117 58
36 38 36
7 109 4
26 36 26
70 78 70
14 26 14
20 23 20
80 92 80
22 69 22
23 88 20
78 103 78
48 82 48
26 33 26
46 62 46
41 45 38
18 105 18
49 79 46
13 30 10
71 95 68
9 114 6
53 77 50
74 92 74
3 121 1
73 116 70
34 110 34
37 111 34
59 80 56
11 64 8
22 46 22
25 110 22
70 107 70
47 74 44
16 52 16
11 29 8
51 126 48
9 48 6
85 118 82
13 107 10
64 127 64
9 75 6
15 95 12
11 82 8
74 101 74
112 124 112
94 127 94
59 77 56
3 119 1
58 115 58
40 112 40
59 122 56
19 39 16
9 16 6
104 126 104
19 42 16
45 88 42
71 91 68
12 113 12
23 123 20
54 79 54
7 106 4
7 68 4
48 103 48
3 102 1
101 126 98
25 52 22
7 53 4
20 26 20
35 114 32
53 112 50
51 85 48
9 72 6
83 93 80
84 103 84
33 97 30
104 108 104
22 109 22
23 89 20
8 30 8
42 104 42
15 26 12
7 70 4
70 90 70
19 92 16
23 77 20
99 104 96
17 80 14
20 41 20
43 111 40
2 55 2
47 60 44
57 88 54
16 18 16
19 57 16
7 74 4
109 122 106
8 109 8
3 67 1
27 55 24
31 78 28
65 125 62
88 100 88
30 65 30
43 93 40
8 114 8
74 77 74
93 108 90
60 69 60
67 95 64
49 69 46
80 86 80
40 59 40
13 86 10
19 82 16
25 106 22
3 33 1
21 45 18
122 126 122
3 54 1
26 117 26
10 74 10
21 73 18
23 46 20
87 90 84
4 57 4
43 108 40
17 94 14
5 22 2
1 69 1
24 126 24
17 47 14
25 125 22
68 93 68
59 106 56
37 58 34
8 50 8
35 44 32
43 126 40
14 35 14
4 90 4
63 115 60
50 59 50
62 118 62
56 108 56
40 87 40
75 116 72
19 83 16
28 37 28
2 91 2
11 85 8
38 121 38
22 73 22
82 90 82
40 73 40
10 49 10
45 111 42
70 122 70
9 83 6
41 85 38
13 126 10
43 107 40
18 62 18
7 92 4
38 70 38
28 87 28
40 84 40
43 48 40
2 44 2
36 108 36
21 111 18
78 111 78
72 117 72
3 42 1
6 83 6
12 61 12
72 83 72
64 122 64
57 94 54
53 60 50
27 78 24
9 33 6
99 112 96
55 93 52
49 100 46
84 87 84
5 40 2
31 42 28
12 27 12
6 106 6
34 41 34
55 74 52
11 119 8
39 45 36
46 98 46
55 122 52
20 100 20
65 111 62
