256 8447
41 92 92
170 188 170
4 97 4
198 252 26
66 152 191
26 108 26
69 190 190
53 222 137
164 254 92
51 151 43
161 199 74
82 238 238
242 246 157
43 118 43
1 40 1
105 164 148
71 243 74
45 160 1
104 191 170
78 152 152
24 219 87
148 205 148
85 125 153
67 115 153
154 165 85
182 230 68
183 227 91
158 175 153
171 174 133
116 236 238
111 118 56
95 108 57
2 135 43
103 235 137
14 42 10
92 159 92
17 216 245
31 209 205
21 129 245
68 71 68
29 78 92
109 135 157
35 156 59
68 104 170
167 245 245
106 118 117
127 166 59
40 132 148
112 138 168
90 206 191
152 154 69
46 77 26
91 175 91
27 185 185
138 241 153
141 220 59
114 208 87
152 200 152
120 245 26
215 237 192
225 246 4
26 109 26
188 233 192
117 198 117
19 179 191
101 118 192
98 157 157
106 252 117
60 92 157
212 244 69
151 214 4
33 56 56
1 48 1
90 177 191
12 89 69
118 234 168
66 251 191
49 196 137
82 222 137
186 246 123
109 220 157
92 185 185
51 228 238
177 236 238
165 237 35
40 63 205
146 215 192
138 219 168
61 199 10
1 171 1
10 11 33
41 219 96
163 170 170
147 221 117
42 166 152
244 245 245
114 122 35
117 225 117
181 234 43
153 238 238
104 151 170
126 195 195
204 255 255
75 109 192
162 238 238
138 207 238
21 135 152
136 154 69
196 250 117
129 248 133
186 243 123
103 211 137
31 122 205
33 102 56
62 233 192
5 165 190
141 219 59
120 185 185
15 230 168
157 227 157
208 250 117
33 197 43
121 205 22
69 148 148
80 230 255
117 199 117
160 186 1
61 154 69
199 210 56
139 225 22
24 99 87
221 255 255
64 177 92
7 45 231
88 225 91
70 97 117
46 226 26
84 124 4
56 237 56
184 197 43
199 226 190
85 114 85
87 180 87
65 189 95
168 235 96
58 185 185
77 157 26
144 226 137
93 128 152
148 244 148
214 251 35
169 174 133
22 249 22
5 202 190
157 178 157
227 230 91
119 204 68
159 241 153
150 219 190
53 185 185
3 118 26
118 184 123
55 205 205
17 65 245
21 147 117
14 105 148
26 218 26
194 218 22
170 227 170
9 36 1
117 242 117
111 256 133
149 183 91
86 251 92
119 133 133
7 192 192
56 227 56
126 143 170
158 163 153
137 157 157
126 209 57
161 246 74
17 33 245
1 201 1
29 115 153
35 180 35
3 149 26
70 85 117
64 221 33
172 174 133
163 245 245
68 151 68
26 198 26
114 242 157
24 131 87
126 230 95
8 54 191
178 220 99
22 103 22
40 62 205
122 185 185
71 167 99
29 177 92
55 101 192
66 128 191
118 256 133
138 153 153
110 213 85
207 241 238
232 242 157
35 244 35
126 127 59
183 250 117
88 201 91
79 168 22
172 190 190
212 226 190
213 249 255
73 192 192
60 192 192
156 256 133
1 184 1
170 233 192
30 194 22
35 187 170
88 190 190
190 205 190
131 160 1
213 229 170
115 238 238
49 157 157
124 129 4
142 248 133
206 237 35
59 218 59
121 159 22
129 147 117
18 136 87
58 249 255
68 203 68
151 187 170
176 236 238
34 162 185
50 221 33
36 157 1
192 233 192
115 203 153
193 246 85
84 251 4
93 216 123
13 211 137
217 235 99
28 99 117
169 253 133
67 198 26
31 84 205
186 192 192
4 62 91
5 226 190
58 204 245
156 203 59
112 122 35
149 196 137
61 155 96
26 42 26
8 237 191
59 212 59
79 252 22
60 152 157
56 245 56
80 222 137
169 192 192
46 83 26
151 245 4
86 181 43
41 152 96
152 254 92
105 177 148
17 123 245
57 196 137
148 256 133
20 192 192
91 180 91
17 191 191
28 202 117
161 205 205
48 171 185
192 235 192
10 107 185
31 43 43
96 195 96
125 167 153
120 237 26
143 185 185
66 192 192
122 130 56
43 225 43
26 185 185
57 225 4
186 206 123
90 220 191
148 217 148
64 181 43
14 113 57
94 198 26
3 177 26
17 50 245
26 153 26
204 239 148
69 99 99
28 38 117
118 137 137
1 105 1
115 116 153
62 255 255
123 238 238
134 209 22
158 192 192
41 143 170
29 49 255
106 182 117
117 240 117
12 103 137
91 137 137
144 234 137
126 199 95
54 221 231
238 239 238
200 253 245
1 51 1
41 221 33
67 81 59
130 181 43
112 129 245
9 40 157
44 117 1
1 120 1
77 163 26
115 137 137
68 156 68
51 101 192
42 138 168
62 149 91
12 236 238
14 161 10
87 186 123
3 65 26
227 241 153
90 226 190
61 170 170
110 113 57
97 127 231
218 230 99
144 208 137
18 170 170
105 217 148
37 163 85
64 101 192
148 174 133
21 164 96
115 250 117
139 250 117
229 251 170
108 140 92
76 208 231
99 143 170
126 244 152
36 220 1
11 50 33
1 173 1
89 196 137
46 124 26
132 252 148
126 225 4
32 238 238
108 226 190
63 158 153
81 237 59
61 93 152
43 208 43
34 154 185
14 126 10
92 122 35
71 178 99
121 230 22
59 240 59
93 182 68
171 200 59
118 255 255
78 158 153
93 192 192
205 240 205
17 219 245
26 251 26
45 78 123
182 206 68
148 247 148
1 59 1
123 247 68
21 91 91
85 118 85
35 122 35
164 255 255
49 148 148
48 159 185
12 219 168
53 161 190
118 149 91
11 54 231
37 212 69
127 132 148
15 197 43
88 137 137
95 116 153
82 228 238
156 236 238
68 206 68
83 252 205
44 256 1
9 60 157
57 221 57
35 161 35
191 192 192
76 213 231
12 112 69
232 234 191
113 172 57
63 118 205
38 188 157
72 229 170
25 123 238
67 246 10
137 226 137
243 244 152
104 133 133
71 96 96
95 127 59
70 251 117
141 255 255
65 79 22
98 229 170
64 99 99
180 183 91
21 237 35
94 128 245
205 227 205
74 255 255
173 252 33
3 219 26
12 19 69
59 190 190
85 178 85
88 214 91
39 238 238
164 192 192
26 125 26
161 189 74
91 243 91
50 254 92
108 255 255
17 142 245
26 44 1
164 185 185
238 250 117
19 118 65
2 22 22
42 186 123
68 149 68
151 163 4
81 175 123
129 230 245
26 63 26
196 243 137
27 119 68
135 161 152
4 236 238
21 156 59
55 143 170
105 117 117
46 137 26
59 92 59
48 101 192
78 136 195
194 204 22
190 220 190
56 106 117
59 158 153
13 220 68
5 20 190
69 177 92
112 154 69
65 100 185
56 223 255
161 198 26
66 95 191
162 233 192
194 238 238
88 165 91
48 186 185
220 251 85
176 180 238
33 88 91
83 120 26
37 199 195
72 242 157
117 188 117
137 170 137
202 221 33
14 107 185
24 109 157
57 167 57
155 173 33
23 58 57
116 192 192
192 234 192
111 202 56
85 167 85
88 163 91
7 26 26
17 86 245
5 249 255
48 53 185
55 243 152
57 173 57
60 171 157
117 224 117
22 218 22
160 219 1
96 139 22
35 189 35
137 183 137
136 199 95
122 235 35
21 103 137
101 169 192
81 160 1
16 182 1
85 112 85
72 111 170
79 135 22
49 180 255
79 123 22
207 229 238
90 91 191
11 75 192
7 118 231
112 127 59
71 222 137
50 74 33
85 216 123
54 184 231
4 35 4
26 197 43
6 20 148
91 207 238
10 171 59
214 240 35
69 237 35
12 118 69
70 233 117
73 204 245
164 206 96
102 124 56
125 240 153
185 233 192
35 191 191
46 78 26
33 153 153
80 151 255
186 214 123
49 74 255
2 222 43
145 231 4
71 76 231
7 63 205
65 236 238
214 242 157
1 165 1
91 132 148
75 249 192
57 254 92
42 232 191
121 194 22
90 187 170
170 185 185
36 50 1
138 166 168
73 173 35
36 62 1
133 164 133
7 20 190
10 92 92
58 127 59
96 111 56
182 244 68
4 10 4
92 191 191
43 117 117
198 237 26
152 157 157
9 27 157
33 162 185
219 220 99
85 88 91
76 201 231
11 138 33
87 246 87
180 193 85
5 130 190
96 231 231
129 194 22
118 217 99
156 237 59
1 216 1
49 185 185
36 151 1
97 231 231
10 234 168
45 201 231
172 230 95
2 93 43
181 255 43
33 246 33
48 192 192
175 180 123
31 133 133
38 88 157
75 130 192
124 247 68
49 80 255
73 231 231
56 186 56
20 68 68
87 174 133
128 237 35
44 218 1
3 80 26
172 215 192
59 200 59
31 109 157
169 185 185
143 159 170
44 112 1
229 235 170
74 176 238
190 231 190
81 185 185
86 192 192
29 110 92
24 85 85
116 255 255
188 192 192
107 209 185
54 186 231
85 221 33
179 235 191
34 53 185
114 127 59
152 186 123
10 83 205
188 254 56
26 28 117
89 175 123
155 198 26
63 247 68
45 192 192
53 89 190
87 157 157
29 231 231
100 225 185
55 220 99
22 40 22
171 185 185
81 191 191
13 118 68
112 235 96
104 148 148
129 133 133
166 170 170
27 181 43
207 238 238
184 250 117
108 156 59
73 81 59
138 223 255
9 128 157
22 30 22
110 118 85
23 251 57
118 243 74
115 245 153
65 98 57
137 185 185
116 229 170
48 107 185
101 171 192
76 170 170
3 210 26
135 148 148
170 204 170
164 247 68
118 222 137
99 256 133
185 254 185
204 254 245
17 251 245
35 49 255
25 47 238
130 174 133
180 208 87
191 252 191
25 130 238
89 102 56
123 216 123
54 158 153
147 171 117
37 200 195
35 222 137
95 158 153
96 108 57
2 203 43
192 196 192
142 222 137
75 181 192
5 125 153
110 203 85
73 165 35
11 133 133
26 211 26
65 128 10
144 212 137
62 78 91
47 248 133
118 151 4
140 245 245
63 124 205
102 251 56
47 206 255
76 122 231
110 241 153
38 65 157
84 204 4
3 185 185
197 226 43
18 202 87
118 197 43
89 148 148
39 134 22
17 153 153
14 67 10
6 118 148
17 156 245
126 186 123
208 226 190
111 191 56
202 244 87
220 235 99
51 185 185
126 245 245
53 75 192
37 183 91
72 117 117
4 47 255
88 192 192
12 152 69
95 114 74
7 117 117
98 246 57
34 149 185
62 214 91
87 250 117
35 165 35
1 169 1
56 77 26
46 118 26
3 250 117
172 249 255
37 196 137
22 107 22
113 205 205
127 133 133
67 105 148
20 245 190
220 225 4
150 153 153
104 183 170
155 192 192
163 193 85
153 206 153
176 251 238
59 247 68
79 155 22
92 243 92
41 246 96
137 247 137
159 180 87
139 223 22
1 133 1
102 149 56
167 220 99
50 103 137
98 130 56
121 139 22
34 86 185
1 121 1
83 192 192
124 225 4
54 193 231
20 182 68
173 226 190
8 109 157
73 236 238
195 237 35
53 68 68
13 39 43
133 235 133
90 178 191
66 222 137
92 97 231
136 222 137
19 213 65
127 156 59
24 117 117
166 167 99
8 187 170
71 132 148
119 192 192
23 245 245
230 239 148
55 213 152
130 218 56
42 236 238
186 190 190
73 138 35
153 178 153
67 226 190
50 192 192
7 69 231
154 190 190
69 97 231
51 192 192
4 26 26
22 80 22
124 186 4
152 240 152
105 211 148
23 202 57
121 134 22
114 173 33
1 29 1
93 120 26
119 238 238
141 246 59
97 238 238
135 166 152
124 227 91
126 235 96
78 81 59
186 194 22
41 128 96
56 129 56
52 158 1
188 240 56
185 198 185
92 171 59
12 29 92
64 239 148
186 208 123
31 243 205
26 178 26
170 218 170
19 168 168
33 78 33
46 80 26
84 91 91
96 178 99
200 227 91
35 195 35
59 238 238
94 129 245
24 230 87
94 145 4
193 205 205
39 118 43
208 248 133
182 192 192
45 255 255
99 201 231
31 242 157
75 215 192
17 254 245
68 192 192
241 246 153
170 171 170
23 56 56
185 213 185
19 84 4
170 244 170
37 78 195
58 139 22
161 245 245
153 156 153
1 239 1
152 162 185
3 198 26
22 242 22
40 196 137
139 160 1
10 232 191
135 167 99
208 225 4
74 128 10
236 242 238
105 118 148
71 159 87
128 230 10
80 103 137
178 229 170
118 188 56
133 179 133
195 214 35
222 243 137
44 61 1
90 143 170
47 117 117
95 136 95
110 249 255
98 196 137
62 207 238
112 219 168
58 253 245
169 256 133
106 129 117
57 193 57
9 251 157
40 177 205
240 243 74
185 215 192
99 219 99
7 243 231
79 139 22
140 214 35
55 56 56
35 86 35
60 177 157
37 160 1
11 43 43
165 198 26
68 248 133
245 256 133
49 175 255
151 239 148
38 217 157
22 33 22
36 195 1
99 132 148
108 196 137
92 195 92
32 83 205
191 230 191
56 65 56
123 164 123
1 22 1
215 244 192
150 208 190
3 227 26
122 126 35
98 225 4
225 255 255
39 181 43
90 249 255
158 170 170
22 251 22
102 153 153
192 232 192
65 171 59
18 159 87
140 163 92
142 220 33
59 206 59
70 149 117
112 168 168
103 185 185
89 236 238
29 121 22
2 111 43
33 99 33
28 141 117
75 170 192
172 232 191
61 223 255
43 63 43
83 150 190
102 227 56
37 118 195
192 249 192
184 249 255
249 255 255
214 216 123
12 135 69
75 101 192
35 97 231
31 135 205
186 238 238
5 97 190
69 212 69
183 216 91
6 117 117
44 98 1
31 222 137
47 185 185
55 138 168
89 166 152
201 247 68
71 202 87
133 224 133
22 118 22
2 43 43
80 182 255
1 205 1
65 96 96
4 186 4
79 256 22
21 252 65
120 201 26
212 247 68
48 75 192
230 247 68
24 255 255
196 204 137
18 226 190
172 204 245
188 247 68
156 167 59
43 148 148
175 186 123
86 111 56
69 125 153
41 59 59
4 185 185
129 141 245
2 26 43
111 212 56
88 159 91
60 180 157
9 227 157
173 192 192
87 163 85
47 212 255
163 221 33
105 180 148
93 177 92
48 242 185
55 134 22
144 238 238
121 232 22
30 48 185
2 227 43
122 144 137
27 227 68
68 254 68
139 197 22
128 136 10
176 228 238
75 79 22
13 117 117
35 93 35
42 209 57
63 209 205
85 159 85
185 221 185
171 177 59
18 20 190
171 209 59
24 186 123
122 170 170
53 181 43
56 130 56
32 150 190
14 128 10
118 204 245
131 223 255
124 222 137
14 35 35
134 152 22
31 239 148
154 168 168
55 58 96
142 189 33
237 252 35
30 80 148
54 110 231
4 88 91
64 199 168
67 190 190
37 178 99
164 199 96
96 164 96
117 158 117
126 182 68
225 238 238
37 185 185
32 85 205
189 217 99
104 254 170
193 222 137
144 152 137
88 122 91
39 175 43
148 201 148
139 194 22
124 165 4
23 52 1
18 65 87
144 242 157
81 95 59
146 186 192
212 231 231
9 237 157
13 94 68
28 71 117
104 146 192
156 201 231
64 88 91
4 184 4
79 190 22
2 240 43
51 130 43
98 188 56
143 229 170
136 152 152
10 206 195
25 215 238
118 215 192
89 130 56
192 246 192
77 110 26
138 205 205
130 137 137
129 253 245
137 151 137
132 148 148
91 142 91
59 184 123
4 228 238
117 186 117
35 229 170
1 145 1
43 92 43
101 227 192
101 107 192
134 187 22
72 108 170
206 209 57
18 98 57
56 108 56
17 46 26
135 195 152
58 154 96
185 255 185
8 73 191
31 190 190
58 156 59
45 241 153
171 235 59
91 215 192
1 26 1
79 235 22
22 162 22
45 121 22
85 160 1
41 108 57
127 167 59
21 187 170
24 170 170
19 42 65
72 227 170
59 84 4
7 133 133
69 118 69
78 98 57
56 235 56
53 226 190
31 46 26
191 255 255
52 70 1
48 238 238
56 128 56
128 178 99
23 144 137
70 147 117
127 159 59
26 94 26
175 235 123
51 93 43
163 185 185
56 58 56
85 217 85
32 118 205
191 209 191
135 202 87
118 143 170
25 81 238
43 168 43
141 245 245
2 133 133
191 218 191
147 228 117
13 255 255
182 248 133
136 167 99
15 73 35
166 171 59
171 256 133
122 246 35
211 245 137
38 154 157
48 224 185
183 237 91
7 231 231
12 99 99
101 146 192
90 231 191
51 57 43
23 96 57
118 142 33
184 229 170
81 178 59
19 95 95
40 51 43
38 84 157
7 74 231
105 209 148
75 105 192
43 195 43
44 159 1
25 244 238
134 239 22
98 143 170
132 221 148
91 169 133
120 156 26
98 209 57
46 53 26
84 252 4
206 248 133
127 162 185
8 179 191
98 113 57
1 83 1
154 185 185
84 93 4
23 112 57
91 192 192
5 242 157
45 132 148
212 230 69
51 68 43
103 255 137
4 150 190
49 56 255
114 211 137
24 217 87
214 218 35
43 74 43
54 115 153
58 91 91
50 171 59
31 251 205
118 226 190
238 242 238
147 245 117
105 139 22
81 129 245
82 98 35
83 118 205
139 152 22
76 205 205
153 157 157
95 217 99
167 251 85
138 209 57
35 220 35
110 111 56
2 51 43
137 171 137
79 167 22
137 213 137
2 231 43
118 229 170
159 214 35
47 80 255
104 157 157
67 200 195
41 243 96
23 170 170
21 183 91
120 198 26
50 132 148
149 171 91
48 189 185
126 189 95
65 101 192
41 139 22
1 245 1
37 133 133
42 195 195
54 163 231
90 185 185
43 179 43
34 130 185
156 157 157
117 159 117
45 57 123
20 43 43
118 168 168
70 163 117
78 159 87
87 102 56
18 208 87
25 241 238
50 62 91
105 192 192
183 254 91
125 256 133
18 89 87
44 68 1
238 248 238
137 242 157
29 156 59
68 115 68
208 216 123
150 164 190
26 123 26
7 245 231
96 106 117
24 118 87
56 253 56
67 153 153
48 233 192
108 148 148
16 159 1
153 183 153
8 238 238
219 246 168
41 217 99
5 229 170
123 253 245
108 240 57
26 31 26
231 234 231
22 176 238
175 185 185
5 205 190
241 251 153
63 198 26
145 193 4
26 175 26
164 167 99
27 150 68
17 198 26
114 189 74
2 199 43
56 204 56
117 127 117
6 30 148
45 143 170
154 163 85
185 245 185
87 165 85
178 219 99
102 229 170
76 190 190
120 145 26
53 189 190
91 245 91
80 238 238
185 192 192
161 247 68
40 172 205
17 243 245
131 171 59
19 131 65
15 157 157
155 230 96
167 234 99
157 209 157
31 42 205
117 143 117
89 135 152
130 247 68
24 112 87
69 170 170
197 255 43
83 133 133
46 216 26
119 248 133
133 192 192
137 225 137
164 200 96
21 114 74
32 103 137
218 225 4
63 251 205
219 245 245
29 143 170
136 201 231
56 83 205
69 225 4
115 255 255
29 237 35
58 157 157
24 232 191
123 138 123
149 205 205
145 209 4
72 251 170
17 117 117
95 251 85
68 129 68
71 77 26
23 42 57
151 152 4
58 235 96
57 81 59
128 252 10
23 50 57
3 139 22
27 182 68
63 223 255
23 231 231
168 240 168
26 43 43
11 156 59
89 251 85
153 201 153
31 241 153
163 202 85
34 208 185
27 137 137
97 159 231
118 254 92
38 150 157
168 221 33
29 181 43
6 17 148
60 108 157
119 211 137
60 126 157
120 136 26
250 256 117
165 178 85
7 98 231
90 142 191
67 92 92
28 31 117
43 110 43
22 43 22
94 122 245
20 116 153
28 72 117
41 165 85
175 227 91
19 161 74
88 240 91
125 251 153
52 137 1
47 182 255
148 185 185
34 195 185
91 128 91
61 240 10
68 209 68
39 51 43
27 245 68
42 191 191
33 204 245
82 234 35
65 193 85
86 186 123
65 137 137
58 166 96
33 108 57
62 94 91
136 218 99
4 78 4
19 241 153
127 203 59
18 218 87
12 129 245
67 244 152
228 245 238
76 145 4
62 158 153
195 247 68
82 192 192
118 153 153
36 210 1
93 169 133
1 68 1
43 182 43
16 52 1
117 176 117
39 169 133
7 76 231
107 195 185
31 88 205
9 155 157
153 164 153
33 183 91
1 186 1
14 226 190
75 110 192
33 209 57
66 220 191
95 240 74
113 235 57
87 151 4
93 200 152
80 100 185
74 201 231
231 246 231
24 181 43
104 187 170
99 116 153
195 241 153
144 186 137
63 244 205
62 91 91
53 151 190
13 68 68
12 122 35
61 221 33
23 40 205
57 112 57
41 123 123
9 104 157
85 145 4
21 166 152
95 128 10
174 205 133
57 208 57
158 186 153
37 89 195
63 146 192
62 103 137
66 142 191
162 164 185
123 208 123
71 223 255
89 213 195
89 104 170
201 245 231
118 210 56
43 133 133
67 197 43
105 240 148
103 166 137
137 143 137
64 138 168
18 229 170
1 6 1
82 136 35
98 175 123
25 129 238
5 134 22
127 218 59
144 199 137
117 123 117
78 89 195
32 45 205
137 201 137
133 169 133
185 212 185
75 241 192
13 212 68
49 254 255
21 180 10
58 155 96
114 172 74
4 212 4
1 46 1
118 218 99
22 47 22
205 255 255
170 226 170
120 121 22
51 178 43
96 222 137
43 77 43
4 148 148
104 246 170
116 185 185
230 234 168
212 220 99
31 213 205
41 253 245
189 230 95
49 251 255
133 175 133
121 147 117
91 244 91
69 202 87
42 198 26
27 118 68
78 244 152
130 151 56
117 234 117
83 179 205
149 194 22
78 91 91
5 96 190
68 237 68
228 236 238
235 239 148
21 125 153
131 189 95
99 255 255
127 171 59
107 251 185
4 49 255
14 118 10
54 179 191
17 137 137
188 209 56
109 246 157
149 249 255
91 117 117
12 116 153
103 186 137
42 190 190
32 120 26
52 79 1
20 140 190
42 206 195
95 219 168
146 153 192
23 113 57
79 88 22
118 181 43
17 173 245
116 249 255
31 252 205
66 240 191
152 201 231
53 176 238
44 253 1
62 96 91
50 166 33
149 195 91
4 202 4
40 255 255
76 192 192
164 174 133
7 207 238
122 239 148
44 251 1
97 108 231
154 192 192
166 217 99
41 137 137
25 157 238
2 248 133
78 233 192
88 129 91
158 187 170
73 191 191
11 165 33
83 148 148
75 83 192
19 245 245
18 183 91
137 144 137
16 124 1
112 206 69
90 124 191
10 93 152
47 137 137
26 227 26
9 137 157
33 191 191
120 238 238
23 256 133
21 151 4
15 142 33
196 222 137
67 96 96
62 121 22
21 131 65
30 246 148
52 254 1
75 175 192
28 247 117
166 192 192
118 240 74
50 248 133
160 169 1
152 180 152
186 242 157
144 174 133
179 234 191
27 242 157
21 58 96
147 160 1
119 151 68
85 108 57
61 247 68
145 192 192
46 116 26
73 176 238
45 168 123
35 241 153
10 111 56
8 102 56
89 221 33
27 39 43
33 118 33
51 60 43
24 159 87
8 26 26
1 76 1
111 167 56
8 153 153
56 238 238
192 198 192
164 240 96
166 216 123
65 198 26
12 63 205
193 231 231
63 150 190
71 109 157
63 133 133
162 256 185
65 211 137
81 148 148
32 172 205
49 59 255
35 214 35
135 213 152
40 210 205
200 229 170
56 210 56
72 99 170
1 255 1
93 240 152
156 177 59
4 28 117
96 232 191
103 126 137
67 202 87
17 48 185
83 153 153
17 30 148
185 193 185
2 117 117
68 98 68
15 227 91
22 236 238
20 139 22
31 165 205
71 175 123
85 166 85
94 230 245
40 68 68
118 189 95
1 60 1
66 126 191
52 237 1
82 111 56
126 135 152
56 216 56
3 46 26
57 231 231
30 132 148
86 205 205
134 206 22
60 215 192
37 244 152
68 164 68
150 250 117
31 192 192
103 222 137
200 213 195
8 45 191
23 244 57
84 184 4
95 124 4
8 133 133
14 133 133
198 235 26
98 152 57
21 169 133
77 158 26
164 243 96
118 246 74
177 201 231
132 248 133
153 158 153
138 141 59
176 238 238
112 146 192
71 189 95
83 205 205
91 127 91
108 184 123
136 195 195
84 158 153
154 180 69
30 210 148
48 66 185
53 168 190
41 118 96
41 107 185
95 235 96
58 218 99
24 244 87
152 202 87
193 237 35
100 217 185
20 41 190
178 225 4
74 92 92
136 213 95
48 56 185
175 187 170
167 223 255
65 195 195
79 247 22
5 118 190
22 197 22
12 127 59
19 72 170
76 150 190
24 137 137
151 192 192
211 230 137
65 151 4
14 37 195
122 209 35
108 190 190
87 124 4
97 158 153
193 202 85
42 72 170
11 157 157
112 186 123
87 120 26
76 203 231
17 240 245
155 164 96
15 256 133
129 238 238
32 126 205
178 203 99
87 235 87
55 91 91
62 137 137
43 192 192
1 36 1
71 172 65
70 117 117
23 192 192
28 119 117
85 172 85
17 124 4
61 118 10
177 240 92
61 89 195
94 210 56
173 256 133
105 223 148
87 121 22
22 39 22
18 105 148
91 199 91
21 251 85
131 136 95
29 69 92
63 90 205
60 79 22
238 244 238
51 211 43
157 223 157
154 172 69
10 155 96
3 229 26
93 95 152
116 133 133
152 156 59
161 195 195
4 163 4
12 203 69
138 177 92
116 158 153
34 249 185
118 141 59
2 148 148
158 205 153
29 128 92
64 91 91
172 203 69
203 231 231
37 40 205
159 187 170
126 174 133
78 127 59
84 185 185
26 242 26
1 42 1
53 164 190
54 255 255
142 181 43
116 148 148
193 224 133
162 192 192
22 120 22
41 60 157
27 147 117
114 215 192
17 250 117
143 148 148
1 207 1
224 248 133
9 80 157
79 238 238
172 206 195
79 127 22
118 174 133
200 233 192
24 157 157
164 216 123
13 238 238
181 219 43
28 118 117
176 177 238
154 218 99
49 121 22
153 217 153
56 199 56
8 65 191
53 117 117
129 211 137
142 236 238
76 80 255
16 118 1
71 121 22
87 222 137
30 239 148
11 104 170
128 160 1
80 170 255
102 159 56
56 255 255
67 124 4
87 108 57
129 234 245
46 238 238
1 70 1
10 37 195
75 254 192
81 133 133
8 204 191
91 118 91
99 254 92
20 30 148
22 198 22
123 146 192
117 243 117
74 157 157
73 166 35
73 244 35
8 212 191
161 171 59
171 232 191
67 85 85
95 117 117
154 200 69
26 37 26
11 91 91
45 251 123
28 230 117
16 249 1
28 149 117
110 209 57
222 244 137
84 85 4
132 150 148
1 38 1
69 72 170
17 149 91
22 143 22
199 246 74
27 141 68
208 209 57
178 208 87
71 212 69
96 176 238
65 77 26
187 240 170
117 174 117
192 226 192
37 112 69
134 166 22
90 192 192
131 148 148
69 254 92
133 239 133
205 237 205
137 153 137
196 238 238
185 190 185
82 231 231
147 194 117
5 187 170
130 191 56
56 229 170
37 228 238
167 254 92
90 212 191
18 145 4
65 167 99
170 172 170
11 191 191
22 56 22
114 243 74
56 198 26
215 238 238
105 232 148
49 231 255
191 210 56
145 160 1
62 247 68
169 190 133
189 218 99
17 207 238
178 233 192
120 207 238
128 214 35
54 205 205
91 227 91
108 212 57
179 185 185
90 203 191
221 239 148
33 187 170
193 256 133
7 185 185
85 109 157
2 183 43
13 119 68
86 109 157
123 167 123
132 216 148
48 100 185
125 170 170
118 121 22
74 131 74
153 203 153
23 98 57
137 206 137
71 245 245
130 248 133
12 78 69
44 236 1
82 232 191
26 213 26
4 214 4
168 212 168
36 142 1
9 117 117
73 217 35
43 242 43
137 158 137
10 26 26
22 214 22
35 120 26
20 207 238
17 237 245
57 164 57
9 230 157
36 144 1
76 110 231
21 37 195
54 88 91
117 133 117
20 255 255
12 52 1
96 220 99
42 112 69
85 208 85
142 153 153
53 153 153
2 247 43
61 189 10
127 148 148
22 248 22
22 164 22
68 187 170
23 232 191
72 181 43
11 163 33
29 171 59
118 152 152
164 190 190
137 245 137
50 118 33
148 242 148
106 147 117
41 110 85
64 254 92
49 124 255
83 199 205
34 107 185
4 114 4
45 127 123
187 228 238
56 131 56
41 73 35
50 80 255
92 255 255
47 131 255
12 50 33
107 140 185
53 113 190
74 153 153
41 42 96
90 224 133
56 64 56
6 123 148
22 239 22
133 210 133
2 19 43
31 227 205
165 214 35
28 214 117
129 157 157
141 161 59
63 83 205
96 119 68
166 200 152
33 215 192
155 189 96
100 200 185
90 157 157
59 152 59
15 56 56
131 135 152
85 184 123
92 95 92
119 170 170
230 245 245
153 222 137
27 135 68
166 186 123
48 183 185
239 249 148
160 205 1
59 125 153
97 171 231
218 252 99
45 85 123
76 191 191
29 56 56
153 219 153
47 220 255
110 181 43
153 226 153
18 179 191
19 143 170
96 206 96
101 148 192
89 123 123
35 209 35
49 209 255
45 226 190
14 19 10
91 212 91
163 191 191
10 208 87
31 144 137
96 209 57
5 150 190
123 196 137
8 145 191
45 136 123
21 123 123
14 85 85
24 141 59
57 171 59
130 238 238
26 120 26
5 250 117
97 201 231
41 170 170
89 171 59
167 240 99
29 86 92
61 180 10
59 209 59
38 162 185
134 139 22
55 69 69
157 204 157
127 239 148
16 18 1
22 254 22
65 173 33
156 228 238
136 157 157
111 127 56
21 44 1
166 185 185
107 186 185
80 110 255
10 89 195
109 117 117
7 210 56
82 195 35
108 180 57
70 177 117
140 238 238
1 208 1
155 187 170
42 50 33
116 214 153
59 164 59
1 141 1
115 158 153
56 71 56
165 188 56
125 243 153
60 118 157
10 91 91
155 174 133
117 148 117
148 168 148
36 118 1
221 238 238
98 168 57
43 176 238
82 224 133
2 17 43
56 150 190
118 127 59
57 91 91
70 182 117
111 133 133
24 52 1
22 96 22
180 248 133
54 192 192
2 106 117
15 30 148
10 233 192
45 155 123
40 207 238
91 148 148
170 190 170
110 185 185
84 156 4
91 191 191
14 115 153
65 230 95
175 194 22
89 110 85
77 226 26
22 137 22
241 245 153
114 205 205
15 233 192
137 243 137
16 88 1
171 210 56
67 252 10
115 187 170
42 204 245
58 148 148
190 256 133
191 248 133
7 173 231
54 218 231
155 195 96
99 110 85
1 248 1
37 134 22
15 87 87
45 158 153
46 52 1
190 242 157
29 176 238
153 225 153
31 128 205
139 201 22
60 253 157
83 170 170
98 117 117
186 200 123
24 86 92
101 185 192
76 117 117
218 255 255
120 140 26
31 100 185
53 137 137
11 158 153
132 192 192
113 252 57
11 92 92
23 64 57
134 170 22
112 192 192
21 189 95
89 179 191
84 173 4
48 225 185
21 39 43
118 165 85
153 179 153
87 93 87
54 148 148
93 218 99
108 200 57
109 242 157
17 73 245
37 240 195
30 85 148
167 218 99
51 197 43
129 245 245
184 194 22
32 186 205
117 250 117
26 142 26
166 242 157
117 150 117
18 232 191
117 217 117
52 117 1
85 157 157
157 225 157
138 175 123
62 122 91
35 194 22
118 129 245
202 208 87
148 150 148
152 175 123
196 206 137
6 56 148
5 141 190
118 219 168
104 238 238
192 197 192
172 244 152
205 231 205
3 86 26
100 128 185
155 199 96
209 236 238
4 220 4
57 236 238
104 255 255
180 255 255
199 227 91
42 189 95
5 68 68
31 171 205
165 221 33
73 190 190
36 233 1
125 227 153
32 235 205
57 222 137
13 207 238
139 222 22
114 200 195
175 237 123
8 114 191
59 117 117
18 153 153
54 55 231
57 185 185
103 238 238
65 238 238
70 106 117
114 171 59
110 219 85
2 76 43
11 22 22
133 212 133
5 54 190
41 239 148
118 190 190
41 164 96
72 253 170
67 128 10
36 237 1
137 148 148
110 172 85
122 182 68
244 246 152
181 206 43
33 243 33
84 231 4
61 73 35
131 194 22
59 141 59
127 141 59
53 150 190
199 252 95
101 119 192
186 204 245
80 166 255
66 218 191
47 133 133
118 186 123
118 135 152
17 179 191
117 163 117
39 47 43
82 249 255
39 185 185
44 89 1
1 11 1
94 204 245
48 133 185
34 54 185
171 193 59
190 193 190
81 192 192
118 203 69
84 100 185
95 205 205
63 85 205
143 230 170
43 62 43
137 230 137
183 199 91
156 165 59
50 202 33
102 244 56
4 222 137
40 184 205
32 247 68
15 143 170
51 137 43
63 153 153
112 200 69
39 140 43
101 216 192
133 199 133
166 175 123
112 114 69
42 224 133
70 179 117
118 136 95
154 202 87
57 84 4
10 205 205
145 166 4
118 207 238
220 221 33
44 164 1
36 85 1
26 229 26
4 180 4
100 238 238
28 91 117
143 183 170
116 215 192
26 182 26
147 197 117
127 140 59
46 133 133
130 192 192
17 32 205
143 237 170
148 255 148
41 117 117
127 137 137
26 179 26
181 238 238
157 228 238
13 27 68
10 54 231
37 92 92
178 218 99
215 233 192
54 56 56
53 100 185
106 173 117
238 253 238
133 220 133
118 230 95
32 40 205
226 241 153
17 253 245
78 108 57
96 126 96
24 156 59
66 90 191
198 255 26
94 161 245
148 210 148
112 221 33
56 136 56
215 256 192
26 148 148
19 185 185
64 252 168
118 157 157
171 189 59
37 61 195
120 223 26
248 254 133
69 146 192
32 133 133
82 219 35
33 241 153
101 231 192
35 150 190
37 152 152
108 137 137
50 227 91
18 32 205
166 212 69
135 136 152
117 228 117
77 251 26
156 190 190
118 199 95
111 117 117
85 113 57
187 256 133
88 121 22
55 128 152
30 169 133
1 144 1
142 180 33
76 173 231
76 118 231
7 252 231
20 247 68
89 185 185
71 225 4
30 46 148
86 117 117
5 211 137
32 158 153
213 230 95
56 80 255
14 180 10
112 212 69
135 244 152
1 249 1
8 208 191
63 254 205
150 194 22
18 128 87
153 221 153
1 148 1
221 240 33
4 246 4
43 187 43
145 151 4
71 174 133
124 158 153
146 246 192
65 127 59
88 229 170
116 208 153
191 198 26
69 234 168
72 73 170
30 118 148
114 157 157
39 65 43
23 234 57
41 89 96
93 223 255
108 153 153
57 98 57
85 117 117
71 112 69
160 214 1
21 198 26
204 225 4
29 188 56
234 251 85
27 120 26
42 163 85
81 141 59
53 245 190
244 248 133
189 236 238
85 148 148
5 185 185
100 167 185
110 178 85
172 200 195
108 174 133
225 239 148
77 138 26
40 230 205
134 208 22
59 72 170
129 226 190
22 229 22
77 96 26
218 229 170
67 243 10
9 26 26
54 245 231
11 98 57
188 251 56
14 191 191
1 79 1
1 233 1
160 162 1
151 170 170
111 238 238
92 214 35
51 148 148
98 142 57
96 155 96
209 237 35
65 126 95
1 117 1
137 169 133
7 54 231
2 4 43
131 209 57
93 244 152
138 232 191
128 186 123
12 25 238
26 157 26
80 210 255
4 65 4
157 233 192
40 118 205
211 227 137
127 187 170
130 205 205
103 254 137
24 197 43
137 182 137
178 214 35
7 29 231
170 191 170
118 227 91
153 196 137
69 76 231
22 217 22
59 252 59
74 205 205
63 219 205
68 146 192
106 250 117
78 190 190
180 191 191
135 175 123
21 118 65
56 188 56
167 171 59
117 216 117
97 236 238
131 234 168
84 134 22
93 191 191
90 141 191
13 247 68
137 161 137
62 170 170
54 195 231
94 240 245
1 99 1
14 61 10
26 60 26
35 196 137
35 127 59
54 231 231
113 244 57
4 238 238
84 166 4
22 178 22
86 213 92
149 202 91
22 205 22
157 244 157
29 103 137
60 251 157
95 191 191
36 137 1
231 252 231
50 173 33
196 211 137
43 119 43
60 114 157
86 185 185
84 118 4
111 239 148
147 158 117
113 165 57
74 110 85
6 244 148
33 192 192
100 202 185
16 39 1
19 166 152
89 155 96
88 249 255
114 177 92
116 216 153
25 142 238
72 93 170
48 118 185
172 256 133
171 176 238
62 123 91
235 243 96
142 218 33
57 118 57
242 245 157
66 157 157
147 151 117
55 67 152
142 184 123
19 243 74
66 169 133
187 209 170
3 56 26
59 129 245
7 90 191
61 91 91
220 230 99
18 192 192
120 204 26
151 191 191
20 60 157
49 168 255
35 92 35
91 178 91
113 125 153
207 215 238
27 67 68
190 241 153
169 248 133
48 63 185
14 138 168
24 202 87
203 234 168
33 106 117
177 206 92
72 157 157
117 191 117
14 21 10
16 32 1
5 255 255
118 202 87
65 82 35
68 116 68
94 124 4
53 223 255
36 161 1
120 150 26
97 102 56
152 229 170
91 136 91
113 162 185
55 112 69
76 231 231
4 153 153
96 127 59
104 129 170
62 135 91
71 118 65
13 182 68
5 16 1
149 229 170
124 239 148
22 89 22
112 256 133
84 145 4
5 218 190
61 67 10
96 124 4
113 209 57
31 97 205
10 200 195
115 127 153
42 183 91
68 253 68
2 94 43
78 219 168
136 172 95
16 107 1
46 108 26
137 138 137
34 145 185
80 146 192
133 238 238
112 165 85
90 242 157
109 189 157
228 244 238
47 75 192
199 256 133
67 74 10
123 202 123
86 91 91
134 137 22
9 157 157
64 246 168
80 197 43
75 195 192
18 184 123
160 233 1
101 215 192
24 132 148
93 239 148
144 192 192
41 190 190
81 91 91
121 211 22
165 193 85
118 156 59
7 41 231
234 238 238
210 230 56
138 178 99
138 222 137
190 223 255
109 240 157
145 212 4
95 112 69
207 225 238
167 197 43
99 224 133
59 235 59
67 161 10
34 229 185
44 88 1
69 179 191
80 118 255
202 217 87
190 225 190
157 247 157
52 102 1
58 177 92
4 142 4
117 145 117
21 230 95
103 200 137
44 127 1
15 119 68
17 95 245
123 145 4
122 206 35
163 255 255
154 217 99
2 159 43
9 88 157
95 135 152
60 252 157
58 159 87
112 152 69
44 197 1
189 219 168
22 174 22
199 217 99
26 117 117
53 215 192
43 185 185
61 192 192
40 148 148
82 213 35
74 182 68
35 176 238
186 231 231
78 133 133
19 140 92
156 161 59
36 223 1
93 121 22
66 194 22
70 89 117
42 240 74
99 103 137
179 255 255
118 161 74
63 88 205
118 205 205
208 245 245
58 59 59
35 170 170
63 157 157
98 208 57
136 244 152
17 192 192
33 233 192
14 190 190
57 152 57
14 90 191
219 236 238
2 194 22
73 85 35
41 148 148
46 65 26
1 73 1
53 250 117
43 87 43
58 199 96
56 205 205
18 162 185
159 212 87
35 82 35
18 57 57
202 241 153
148 199 148
70 141 117
24 149 91
1 27 1
178 190 190
55 135 152
138 191 191
94 179 191
23 209 57
51 245 43
26 36 1
47 205 255
194 206 22
79 98 22
174 250 117
205 235 205
69 86 92
51 208 43
49 240 255
56 193 56
76 183 91
84 101 192
39 240 43
148 202 148
4 173 4
104 185 185
118 250 117
57 110 57
127 235 59
2 118 43
43 66 43
72 170 170
22 179 22
172 189 95
18 154 87
61 207 238
178 228 238
14 201 231
86 206 92
27 161 68
35 221 35
94 100 185
98 103 137
134 246 22
42 43 43
153 159 153
11 210 56
123 251 123
77 108 26
8 190 190
39 90 43
57 165 57
156 239 148
82 196 137
141 165 59
122 156 59
122 123 123
37 202 87
126 217 99
33 113 57
95 180 10
144 163 137
118 253 245
53 190 190
39 207 238
10 157 157
33 136 33
133 157 133
43 175 43
8 90 191
219 226 190
112 199 69
95 118 95
143 174 133
134 189 22
137 149 137
100 115 185
14 241 153
47 219 255
12 130 56
64 253 245
23 175 123
132 133 133
64 241 153
81 204 245
94 157 157
21 146 192
26 84 26
21 138 168
78 251 85
73 181 43
56 61 56
27 105 148
81 153 153
1 166 1
67 117 117
24 67 87
152 199 152
153 241 153
67 106 117
91 103 137
54 86 231
147 215 117
165 210 56
109 192 192
83 255 255
113 177 92
197 238 238
153 209 153
128 199 10
79 163 22
202 240 87
158 219 153
45 205 205
89 217 99
118 208 87
127 202 59
57 178 57
31 83 205
1 179 1
186 216 123
81 105 148
51 55 43
71 169 133
2 236 238
3 22 22
44 54 1
47 179 255
156 231 231
202 230 87
14 214 35
232 255 255
116 142 153
35 91 91
172 247 68
141 171 59
169 180 133
69 138 168
42 136 95
1 123 1
178 234 99
200 205 205
168 242 157
149 256 133
118 122 35
67 215 192
13 205 68
102 105 148
34 204 185
57 87 57
70 118 117
106 238 117
79 228 238
67 138 168
7 167 231
41 235 96
89 202 87
149 214 91
140 213 92
201 244 231
1 151 1
100 109 185
152 187 170
97 168 231
111 195 56
117 169 117
13 204 68
57 85 57
84 256 133
89 138 168
109 223 157
55 93 152
157 246 157
56 100 185
37 190 190
101 225 192
51 181 43
71 252 65
59 250 117
108 134 22
26 103 26
54 81 231
42 174 133
55 65 152
190 240 190
28 144 117
40 145 205
89 142 33
57 95 57
19 116 153
91 122 91
151 251 4
167 231 231
78 180 195
77 102 26
142 200 33
26 114 26
24 206 87
41 230 96
36 159 1
35 245 245
26 238 238
34 120 185
21 219 168
21 200 195
214 230 35
18 75 192
20 153 153
25 117 117
17 218 245
5 71 190
10 42 10
164 217 99
168 196 137
76 103 137
60 90 157
24 163 85
13 96 68
169 251 133
22 228 238
45 231 231
79 177 22
70 209 117
12 14 69
166 221 33
69 240 69
74 203 69
3 196 26
250 255 117
5 182 68
50 85 33
96 153 153
149 165 91
53 205 190
24 37 87
19 24 87
68 83 68
240 252 74
91 179 191
4 145 4
38 172 157
187 217 170
49 253 255
217 242 157
15 200 168
24 166 87
118 162 185
1 162 1
42 237 35
88 89 91
184 238 238
132 154 148
65 164 96
40 83 205
223 245 255
98 120 26
40 208 205
125 134 22
106 236 117
113 117 117
206 238 238
114 142 33
138 172 168
7 174 133
182 194 22
157 186 157
71 238 238
2 28 117
150 205 190
1 196 1
56 244 56
176 207 238
22 115 22
169 233 192
118 237 35
20 22 22
99 159 87
137 168 137
102 191 56
64 234 168
125 247 68
45 216 123
61 80 255
122 133 133
118 125 153
142 173 33
169 205 133
65 141 59
43 249 43
96 137 137
68 249 255
164 245 245
56 140 56
67 250 117
92 202 92
2 146 192
85 251 85
206 245 245
10 170 170
83 230 205
46 157 26
114 169 133
201 222 137
62 140 91
12 146 192
140 157 157
74 118 74
15 234 168
10 99 99
43 193 43
28 206 117
22 75 22
14 33 33
20 73 190
148 203 148
168 194 22
116 178 153
128 209 57
138 254 92
150 166 190
90 194 22
158 181 43
8 241 153
169 178 133
87 116 153
92 167 92
214 243 35
137 218 137
118 131 65
118 154 69
6 163 148
18 90 191
140 202 92
19 128 10
63 117 117
78 242 157
1 243 1
110 251 85
192 224 192
33 219 33
21 124 4
32 128 205
22 61 22
3 96 26
65 203 69
21 26 26
32 77 26
41 213 96
94 256 133
113 246 57
69 223 255
93 137 137
137 233 192
50 145 4
45 199 123
12 154 69
59 168 59
39 231 43
24 213 87
2 130 43
136 161 74
72 178 170
126 134 22
56 63 205
73 228 238
26 77 26
86 180 92
86 235 92
26 51 43
130 256 133
36 37 1
208 255 255
10 161 10
82 88 91
6 31 148
108 211 137
6 105 148
43 229 43
182 236 238
227 255 255
112 118 69
103 124 137
37 153 153
58 74 96
51 224 133
43 222 43
104 143 170
65 118 65
105 110 148
20 214 190
215 255 192
148 246 148
21 168 168
109 237 157
104 111 170
44 219 1
153 213 153
166 252 152
1 19 1
99 147 117
41 218 99
18 150 190
216 241 153
87 133 133
110 192 192
94 248 133
43 135 43
26 199 26
43 171 43
85 180 85
170 239 148
43 78 43
98 199 57
95 123 123
43 161 43
31 199 205
74 234 168
72 187 170
22 238 238
75 199 192
87 203 87
6 157 148
101 128 192
77 211 26
65 154 69
110 145 4
157 232 157
4 210 56
81 219 59
25 207 238
201 210 56
80 192 192
22 114 22
110 245 245
35 56 56
96 140 92
157 183 157
8 27 68
16 160 1
20 88 190
60 173 157
33 170 170
97 148 148
32 219 205
189 193 85
112 155 96
171 181 43
132 185 185
112 117 117
43 214 43
58 78 96
100 107 185
53 102 190
14 233 192
137 163 137
187 192 192
153 246 153
42 118 252
192 194 22
4 56 56
59 99 59
97 225 4
4 69 4
31 36 1
117 179 117
94 104 170
108 167 57
100 125 185
1 24 1
117 177 117
110 193 85
30 238 238
53 85 190
4 17 4
161 219 168
23 145 4
14 199 10
180 225 4
24 205 205
25 178 238
66 127 191
15 93 168
230 235 96
98 124 4
87 128 87
114 220 99
62 223 255
203 212 69
134 245 22
149 157 157
46 119 26
63 167 205
137 211 137
81 256 133
78 153 153
29 95 92
207 254 238
98 136 57
155 197 43
170 175 170
6 19 148
161 183 91
1 238 1
29 220 92
21 174 133
117 256 117
74 206 195
20 220 190
49 140 255
47 221 255
174 247 133
184 245 245
196 197 43
55 146 192
37 91 91
217 246 99
154 250 117
93 237 35
75 117 117
90 241 153
144 159 137
3 62 26
178 195 99
55 246 152
43 85 43
8 210 56
26 231 26
83 210 205
122 214 35
202 220 87
51 133 133
31 118 205
164 242 157
118 242 157
10 217 99
118 228 238
102 114 56
67 118 10
77 162 185
8 66 191
35 123 123
121 229 22
77 80 26
24 124 4
44 157 1
29 202 92
79 95 22
124 151 4
39 172 43
113 183 91
22 193 22
154 213 69
8 15 191
126 161 74
6 239 148
213 245 245
125 132 148
24 245 245
39 224 133
55 95 152
15 82 35
131 149 91
118 180 10
73 126 35
49 171 255
137 207 238
74 137 137
43 183 43
148 161 148
25 146 238
62 227 91
71 255 255
61 128 10
160 181 1
21 38 157
11 85 33
121 223 22
144 185 185
4 137 137
112 240 69
164 186 123
105 119 148
101 188 192
185 223 185
68 84 68
200 238 238
118 247 68
182 227 68
29 140 92
95 106 117
2 18 43
116 240 153
12 35 35
60 185 185
107 162 185
12 51 43
51 203 43
212 215 192
41 249 255
160 211 1
54 109 157
69 152 69
70 121 117
100 177 185
59 138 59
105 239 148
120 157 26
87 178 87
66 83 205
20 203 190
62 178 91
42 124 4
32 38 157
136 228 238
202 225 4
56 251 56
58 222 137
64 166 168
24 199 87
127 231 231
1 168 1
125 206 153
27 221 68
32 139 22
75 233 192
51 105 148
97 189 231
4 118 4
22 213 22
76 115 153
33 75 192
58 226 190
27 172 68
45 175 123
26 151 26
118 148 148
22 220 22
80 86 255
43 221 43
56 138 56
56 166 56
153 180 153
202 243 87
180 186 123
146 202 192
20 149 190
58 211 137
234 240 168
108 111 56
202 210 56
88 116 153
30 114 148
78 168 168
185 187 185
113 169 133
35 45 123
50 243 33
20 134 22
26 101 192
74 170 170
46 58 26
106 123 117
68 239 148
5 43 43
93 166 152
163 239 148
133 226 133
37 203 69
64 98 57
24 79 22
221 252 33
6 74 148
39 67 43
153 255 255
79 194 22
158 214 153
72 192 192
54 168 231
153 248 133
14 91 91
96 118 96
26 118 26
87 150 190
153 216 153
15 213 168
157 198 26
194 213 22
71 166 152
37 129 245
209 218 57
142 186 123
26 204 26
114 235 96
49 57 255
40 65 205
120 239 148
79 117 117
66 181 43
155 163 85
109 162 185
7 201 231
187 221 170
140 177 92
202 229 170
118 138 168
57 86 92
20 53 190
52 219 1
22 224 22
140 231 231
47 238 238
19 176 238
21 204 245
11 185 185
3 221 26
154 161 69
146 233 192
118 251 85
67 206 195
73 113 35
198 238 238
49 211 137
200 243 195
52 118 1
36 59 1
120 216 26
163 253 245
183 244 91
137 193 137
96 134 22
33 177 92
123 217 123
26 195 26
33 210 56
10 97 231
25 87 238
162 243 185
70 126 117
94 200 245
85 151 4
28 101 117
25 203 238
192 238 238
238 241 238
219 243 168
44 160 1
52 154 1
219 254 92
101 161 192
22 49 22
201 216 231
59 143 170
216 255 255
43 124 43
84 113 4
101 108 192
211 256 133
1 98 1
39 239 148
67 140 92
50 55 33
89 154 69
145 195 4
46 184 26
181 197 43
82 133 133
161 165 85
116 123 153
126 221 33
113 201 231
10 22 22
34 174 185
92 121 22
31 153 153
24 254 92
125 204 153
1 104 1
40 218 205
42 131 65
7 163 231
81 171 59
72 131 170
15 48 185
227 240 91
8 224 133
11 152 33
23 180 57
148 186 148
118 150 190
45 51 43
139 192 22
133 188 133
72 97 170
11 253 245
74 88 91
34 108 185
195 197 43
1 210 1
60 117 117
34 100 185
97 252 231
55 192 192
96 201 231
54 82 231
71 82 35
187 220 170
30 177 148
20 61 190
67 248 133
105 133 133
76 184 231
83 250 117
58 150 190
125 238 238
95 252 95
12 212 69
4 224 133
180 220 99
204 232 191
111 116 153
4 136 4
89 206 195
34 247 185
202 255 255
144 204 137
160 175 1
70 167 117
72 130 170
118 166 152
55 250 117
52 141 1
217 228 238
115 246 153
76 105 148
148 181 148
234 256 133
158 238 238
1 160 1
127 138 59
4 176 238
82 118 35
58 160 1
58 213 96
102 170 170
222 240 137
73 185 185
16 140 1
42 194 22
169 224 133
77 79 22
80 202 255
179 253 191
110 184 123
191 245 191
116 153 153
187 222 137
39 220 43
118 123 123
155 217 99
27 117 117
41 168 96
208 214 35
129 241 153
167 208 87
74 136 74
161 211 137
111 137 137
79 191 22
47 170 255
118 244 152
154 225 4
21 210 56
22 77 22
22 46 22
66 255 255
142 212 33
159 163 85
53 114 190
67 89 195
14 112 69
112 141 59
72 86 170
44 136 1
231 232 191
104 150 170
8 9 157
29 219 92
203 213 69
149 152 91
10 230 10
118 239 148
15 135 168
35 183 91
24 116 153
5 241 153
59 214 59
56 157 157
90 133 133
116 205 153
34 67 185
1 77 1
104 227 170
43 103 43
129 204 245
100 188 185
203 241 153
103 196 137
154 230 69
66 91 191
138 181 43
222 255 137
99 202 87
68 117 117
177 219 92
10 146 192
117 227 117
12 24 87
52 67 1
25 176 238
12 128 69
30 235 148
89 241 153
43 189 43
1 174 1
133 197 133
63 170 170
137 244 137
32 148 148
180 246 10
22 54 22
148 173 148
18 255 255
34 169 185
107 118 185
126 206 195
88 221 91
69 247 68
121 185 22
67 134 22
89 252 195
110 137 137
157 256 133
123 230 123
63 235 205
131 168 168
86 113 92
33 164 33
88 193 91
112 145 4
116 172 153
62 191 191
154 252 69
135 243 152
21 243 74
135 192 192
15 41 96
217 222 137
93 160 1
221 248 133
61 81 59
17 58 245
68 124 68
133 183 133
149 156 91
33 83 205
33 158 153
159 166 87
71 89 195
72 90 170
75 184 192
37 49 255
1 224 1
213 221 33
146 213 192
116 127 153
96 159 87
94 123 245
22 233 22
103 117 117
22 41 22
134 255 22
95 169 133
21 71 65
54 156 231
110 126 85
73 245 245
128 243 10
116 163 153
26 89 26
238 246 238
18 42 87
3 19 26
15 165 85
157 211 157
57 150 190
27 54 68
3 43 43
22 159 22
117 162 117
152 203 69
132 162 185
165 189 85
42 78 195
191 231 191
3 125 26
35 112 35
54 143 170
91 205 205
65 253 245
116 167 153
110 168 85
187 241 170
8 24 191
26 41 26
145 190 190
54 112 231
33 121 22
8 91 191
68 97 68
103 133 133
94 133 133
84 214 4
47 118 255
137 251 137
175 222 137
63 91 205
4 221 4
72 156 170
130 219 56
130 207 238
43 57 43
1 72 1
162 186 185
156 226 190
34 60 185
138 185 185
179 232 191
2 197 43
15 61 168
135 197 43
65 136 95
43 143 43
241 249 255
8 234 191
15 76 231
135 180 152
211 232 137
87 88 91
118 235 96
163 249 255
74 207 238
35 126 35
69 121 22
10 141 59
117 171 117
78 118 195
1 118 1
118 238 238
97 118 231
17 57 245
27 205 68
101 201 192
35 74 35
64 191 191
46 192 192
42 61 10
107 175 185
115 138 153
161 197 43
54 84 4
32 108 205
19 172 65
218 227 91
96 141 59
63 171 205
158 195 153
86 88 91
29 57 92
118 209 57
1 119 1
149 170 170
98 111 56
142 245 245
64 251 85
14 218 99
245 253 245
102 188 56
52 171 1
55 81 59
118 182 68
126 234 168
83 201 205
73 122 35
192 217 192
87 173 33
201 205 205
74 245 245
41 78 96
74 86 92
117 236 117
68 99 68
99 177 92
223 254 255
87 204 245
1 204 1
222 239 148
4 100 185
63 148 148
47 240 255
86 177 92
92 153 153
183 255 255
17 187 170
141 148 148
19 64 168
185 253 185
83 157 157
35 213 35
114 118 74
191 226 190
16 94 1
147 201 117
214 253 245
47 49 255
188 205 205
130 221 56
56 182 68
56 252 56
234 237 35
60 250 117
101 114 192
164 202 87
91 97 91
87 155 87
89 246 195
216 225 4
150 201 190
204 231 231
13 62 68
39 147 117
102 203 56
22 215 22
24 71 87
125 158 153
35 110 35
31 85 205
221 227 91
46 114 26
68 105 148
134 183 22
188 191 56
158 222 137
8 40 205
19 92 92
83 158 153
107 193 185
251 255 255
151 153 153
1 130 1
100 192 192
51 199 43
22 170 22
117 187 117
34 90 185
128 247 68
57 133 133
5 106 117
7 99 231
143 187 170
32 239 148
42 239 148
132 158 148
23 246 57
156 208 59
82 122 35
91 185 185
63 97 205
12 240 69
159 230 87
184 205 205
23 85 57
42 203 69
107 214 185
144 222 137
38 134 22
87 113 57
126 192 192
214 219 35
105 206 148
117 147 117
109 224 133
212 255 255
99 133 133
1 228 1
232 238 238
91 184 91
59 172 59
54 59 231
134 226 22
150 193 190
186 245 245
96 202 87
32 63 205
210 219 56
108 173 57
68 94 68
68 182 68
12 94 245
140 244 92
56 206 56
211 243 137
54 201 231
105 228 238
140 215 192
43 114 43
26 116 26
208 212 87
75 247 192
24 180 87
23 33 57
75 96 192
11 26 26
177 216 123
77 198 26
81 117 117
134 211 22
6 206 148
41 58 96
1 56 1
5 153 153
52 231 1
117 231 117
172 194 22
172 243 74
8 192 192
170 214 170
43 72 43
104 184 170
118 212 69
142 243 33
42 173 33
42 71 65
110 232 191
45 184 123
43 190 43
53 247 68
40 125 153
27 152 68
43 191 43
68 217 68
166 244 152
21 231 231
89 136 195
123 246 123
35 141 59
223 228 238
96 167 99
80 232 255
128 236 238
68 163 68
3 157 26
124 255 255
56 218 56
118 172 252
67 242 157
135 189 152
4 218 4
1 139 1
11 221 33
170 201 170
35 240 35
54 211 137
121 124 22
137 238 238
106 230 117
22 124 22
95 184 123
15 64 168
40 221 205
116 238 238
81 227 91
146 198 192
106 134 117
126 180 10
149 252 91
91 201 91
122 237 35
154 243 69
74 180 10
37 101 192
35 54 231
45 229 170
203 240 69
25 230 238
137 187 137
112 204 245
78 178 99
111 188 56
135 200 152
209 230 57
81 120 26
74 91 91
10 149 91
143 184 170
62 132 148
124 142 4
26 33 26
185 216 185
24 246 87
245 246 245
137 177 137
19 136 95
116 207 238
91 125 153
23 43 43
178 205 205
128 212 69
152 212 69
189 196 137
108 213 57
97 218 231
22 139 22
19 78 195
26 180 26
156 170 170
98 190 190
109 118 157
18 223 255
148 204 148
58 202 87
124 202 4
40 126 205
56 91 56
42 247 68
7 219 231
118 144 137
218 251 85
115 185 185
117 146 117
54 238 238
132 189 148
238 245 238
144 151 137
112 123 123
135 250 117
172 233 192
73 169 133
125 190 153
51 118 43
105 185 185
233 251 192
16 168 1
1 71 1
85 173 33
87 199 87
52 135 1
50 124 4
137 175 137
117 226 117
159 172 87
148 226 148
54 170 170
28 153 117
22 116 22
62 253 91
1 39 1
151 238 238
46 148 148
128 157 157
138 197 43
11 219 33
26 173 26
13 59 68
195 244 152
117 205 117
46 120 26
30 125 148
72 83 170
194 222 22
10 180 10
30 182 148
68 168 68
111 153 153
21 76 231
147 224 117
30 161 148
196 210 137
201 213 231
74 87 87
139 251 22
92 136 92
118 124 4
156 245 245
97 229 170
42 114 74
66 237 191
194 212 22
108 141 59
13 229 170
54 118 231
5 109 157
16 188 1
80 142 255
73 92 35
136 200 195
65 252 65
60 242 157
174 224 133
18 176 238
21 43 43
167 235 99
69 123 123
227 248 133
87 97 231
8 140 191
105 163 148
93 108 57
24 110 85
44 147 1
86 140 92
9 35 157
94 148 148
53 143 170
145 252 4
99 193 85
162 227 185
19 195 195
133 246 133
103 147 117
48 185 185
115 186 153
45 135 123
23 87 57
114 167 99
91 124 91
68 118 68
148 241 148
8 180 191
56 92 56
80 223 255
4 183 91
179 237 191
215 222 192
105 132 148
15 195 168
23 95 57
60 220 157
61 254 92
23 118 57
11 173 33
199 250 117
127 191 191
142 224 133
108 209 57
143 171 170
64 135 168
43 132 148
59 154 59
55 141 59
46 189 26
142 190 190
230 231 231
201 254 231
123 187 170
185 239 185
35 175 123
66 144 137
40 158 153
138 183 91
47 210 255
62 238 238
2 163 43
157 243 157
167 186 123
31 32 205
43 251 43
22 74 22
9 214 157
18 126 87
61 134 22
71 136 95
51 229 43
177 218 92
22 51 22
57 244 57
61 62 91
148 216 148
19 183 91
71 197 43
31 68 68
125 217 153
114 128 10
177 191 191
22 25 238
80 154 255
38 64 157
49 239 148
167 195 99
5 235 190
90 237 191
171 250 117
20 215 192
118 167 99
112 116 153
137 199 137
15 47 255
104 221 170
181 225 43
144 196 137
95 171 59
199 255 255
210 240 56
152 153 153
63 202 205
55 170 170
57 204 245
7 251 231
108 123 123
207 226 238
20 206 190
156 162 185
26 47 26
126 152 152
170 182 170
77 134 22
97 242 157
28 178 117
73 142 35
57 92 92
42 97 231
118 159 87
26 38 26
35 167 35
1 175 1
113 131 57
155 240 96
108 210 56
82 128 35
224 226 133
5 201 190
62 95 91
82 165 35
114 244 152
28 69 117
129 251 245
2 181 43
13 179 68
119 230 68
102 134 22
171 184 123
28 147 117
125 235 153
181 185 185
47 253 255
92 184 123
40 113 205
102 113 56
59 216 123
56 60 157
65 199 95
33 181 43
60 102 157
128 228 238
75 192 192
68 91 68
6 119 148
2 85 43
184 246 123
142 164 33
34 58 185
11 240 33
21 173 33
68 251 68
60 170 157
12 93 69
8 215 192
121 125 22
60 123 157
104 199 170
74 246 74
18 27 68
128 234 168
111 210 56
179 222 137
133 241 133
91 154 91
43 173 43
28 121 117
49 133 133
71 215 192
26 210 26
215 245 192
231 245 231
93 103 137
8 58 191
14 202 87
47 249 255
122 176 238
19 189 95
153 199 153
164 168 96
200 254 92
26 65 26
98 118 57
162 185 185
149 161 91
111 129 56
36 88 1
12 79 22
25 186 238
135 230 152
118 223 255
24 139 22
211 238 238
114 229 170
179 197 43
26 112 26
98 127 59
107 235 185
20 227 190
117 237 117
73 255 255
45 54 231
128 163 85
98 242 157
41 254 92
43 58 43
84 164 4
1 84 1
6 159 148
44 187 1
43 198 43
26 217 26
159 242 157
1 147 1
35 108 35
59 242 157
76 140 231
67 209 57
75 118 192
70 78 117
32 178 205
54 165 231
137 255 137
20 169 133
45 142 123
128 170 170
15 164 96
133 150 133
62 189 91
111 131 56
56 99 56
64 149 91
35 166 35
2 221 43
40 72 170
99 131 99
114 163 85
62 174 133
52 169 1
82 191 191
191 232 191
36 119 1
69 245 245
153 235 153
62 246 91
152 218 99
4 167 4
139 254 22
170 231 170
72 247 170
172 251 85
118 236 238
43 210 43
143 147 117
23 123 123
50 204 245
89 114 195
37 232 191
44 211 1
226 238 238
151 231 4
189 246 74
55 126 152
209 224 133
40 170 170
43 53 43
153 184 153
7 148 148
118 179 191
99 118 99
87 245 245
1 50 1
13 22 22
78 200 195
67 184 123
76 218 231
170 197 43
176 234 238
209 231 231
20 179 190
56 57 56
195 219 168
93 94 245
121 192 22
38 192 192
30 185 185
57 93 57
73 137 137
193 243 85
31 125 153
85 142 33
59 81 59
35 90 191
27 208 68
179 248 133
123 206 123
123 204 245
13 153 68
130 148 148
102 111 56
110 238 238
138 234 168
47 198 26
21 238 238
30 122 148
137 165 137
141 209 59
26 156 26
57 201 231
150 238 238
72 220 170
26 27 26
133 181 133
84 97 4
28 250 117
76 137 137
118 133 133
118 241 153
44 104 1
96 217 99
114 191 191
155 238 238
54 247 68
201 228 238
69 77 26
4 54 4
194 235 22
140 251 92
160 221 1
93 153 153
51 221 43
87 135 87
12 53 190
47 128 255
7 145 4
31 210 205
207 236 238
7 221 231
121 144 22
165 199 85
25 247 238
29 48 185
152 178 99
57 188 56
90 232 191
138 230 168
123 189 123
119 137 137
118 185 185
197 225 43
30 140 148
118 187 170
48 162 185
10 243 10
115 148 148
92 141 59
70 146 117
85 199 85
17 56 56
116 247 68
4 243 4
157 184 157
130 210 56
208 253 245
101 178 192
64 213 168
182 221 68
193 203 85
36 60 1
2 235 43
133 208 133
10 193 85
138 140 92
28 135 117
27 75 192
220 231 231
169 219 133
18 112 87
80 104 255
18 118 87
81 138 59
164 178 99
69 200 69
179 238 238
17 19 245
18 199 87
112 203 69
8 232 191
91 224 133
59 220 59
32 231 205
17 167 245
59 166 59
92 244 92
52 86 1
123 170 170
5 13 68
82 237 35
129 255 255
126 213 95
8 138 191
57 129 245
114 234 168
135 146 192
141 152 59
131 213 65
184 186 123
164 193 85
18 132 148
195 213 195
159 246 87
157 205 157
120 196 26
32 199 205
133 134 22
117 249 117
13 90 68
115 192 192
21 244 152
4 55 4
1 158 1
172 218 99
59 136 59
131 134 22
154 203 69
82 131 35
131 219 168
6 133 133
84 245 4
61 161 10
175 243 123
202 242 157
40 139 22
38 76 157
90 148 148
17 245 245
58 238 238
133 222 133
88 156 91
62 104 170
213 246 74
24 50 33
118 221 33
32 149 205
122 205 205
62 76 91
125 154 153
123 192 192
115 223 255
76 148 148
173 205 205
170 212 170
38 137 157
132 242 148
62 157 157
207 224 238
107 185 185
118 249 255
102 133 133
12 211 137
172 199 95
1 14 1
181 182 43
132 222 148
6 92 148
14 49 255
43 157 43
180 223 255
148 197 148
68 172 68
173 180 33
231 236 238
140 151 4
83 182 68
63 164 205
72 104 170
17 102 56
142 183 91
71 254 92
234 245 245
76 133 133
212 233 192
87 149 91
35 68 68
197 204 43
57 120 26
87 89 87
176 253 238
93 207 238
121 145 22
185 241 185
88 149 91
71 128 10
99 130 56
64 245 245
63 140 205
1 74 1
133 178 133
1 37 1
1 134 1
116 170 170
117 137 117
40 56 205
41 185 185
185 251 185
113 206 57
150 190 190
117 121 117
20 147 117
157 201 157
9 193 157
94 253 245
81 118 59
125 255 255
76 157 157
2 48 185
37 213 195
127 220 59
47 164 255
101 126 192
43 112 43
43 213 43
144 195 137
112 174 133
106 180 117
11 186 123
140 209 92
184 220 123
157 245 157
153 181 43
181 222 43
1 231 1
180 230 10
138 237 35
153 200 153
71 92 92
70 185 117
66 231 191
29 32 205
175 209 123
145 243 4
3 23 26
146 176 238
201 202 231
56 173 56
11 172 33
28 180 117
53 256 133
185 222 185
14 100 185
73 216 123
1 251 1
12 217 99
88 182 68
7 137 137
77 197 43
62 167 91
94 114 245
141 149 91
33 92 92
189 195 195
205 209 205
71 123 123
71 126 95
20 97 190
95 246 74
210 247 68
246 249 255
42 108 57
16 35 1
30 97 148
73 186 123
78 255 255
43 239 148
26 59 26
21 133 133
188 255 255
61 178 99
175 223 255
29 180 92
81 247 68
94 252 245
3 120 26
3 77 26
129 177 245
102 143 170
17 130 56
191 217 191
7 182 68
74 256 133
36 164 1
69 154 69
120 174 133
18 169 133
99 179 191
113 118 57
63 240 205
114 246 74
24 234 87
24 151 4
115 125 153
14 240 10
177 185 185
34 121 22
9 44 1
41 178 99
76 78 231
117 118 117
161 200 195
153 172 153
113 155 57
27 111 68
177 205 205
29 223 255
50 63 205
75 131 192
118 170 170
15 121 22
47 56 255
10 65 10
153 249 255
118 145 4
16 44 1
179 215 192
31 40 205
59 66 191
131 147 117
119 157 157
14 83 205
153 175 153
76 245 231
118 140 92
18 63 205
116 151 153
28 238 117
99 192 192
72 125 170
11 195 33
204 212 245
10 81 59
21 172 65
161 182 68
136 230 95
125 225 153
128 158 153
1 237 1
18 172 87
183 191 191
36 52 1
210 234 56
152 206 152
125 175 153
178 185 185
174 243 133
41 122 35
60 224 133
92 232 191
8 168 191
118 191 191
4 149 91
187 255 255
84 148 148
192 208 192
116 144 137
15 63 205
96 160 1
117 157 117
63 139 22
137 172 137
70 161 117
14 97 231
50 69 33
123 129 245
204 207 238
50 92 92
35 246 35
87 219 87
115 150 153
98 162 185
166 203 69
59 255 255
18 50 33
102 217 56
22 216 22
206 208 87
161 213 74
13 227 68
43 93 43
26 135 26
117 201 117
39 100 185
159 239 148
36 71 1
133 174 133
15 19 168
60 232 157
157 165 157
171 252 59
157 255 157
27 139 22
40 155 205
100 118 185
79 118 22
61 74 10
29 58 92
33 129 245
1 149 1
50 120 26
85 131 85
183 220 91
129 143 170
179 207 238
109 157 157
86 214 35
50 155 33
92 209 92
180 233 192
35 249 255
92 237 35
43 206 43
210 238 238
14 200 195
118 171 59
15 58 96
32 56 205
172 219 168
235 238 238
112 220 99
163 251 85
33 135 33
15 118 168
57 195 57
83 247 68
184 203 123
35 193 35
39 52 1
162 240 185
50 59 59
22 79 22
32 143 170
77 154 26
101 191 192
195 216 123
97 129 231
1 44 1
71 208 87
163 208 85
143 241 170
51 128 43
56 96 56
122 148 148
5 35 190
157 177 157
129 216 245
8 170 170
120 133 133
140 225 4
118 195 195
83 243 205
10 135 152
105 182 148
96 191 191
214 245 245
74 208 87
166 251 85
93 235 96
103 213 137
40 252 205
139 241 22
100 146 192
131 184 123
158 253 153
248 256 133
174 254 133
117 218 117
103 157 157
180 232 191
5 112 190
154 195 69
36 117 1
59 131 59
96 188 56
8 95 191
221 235 33
3 35 26
4 76 4
80 87 255
25 238 238
113 133 133
27 138 68
1 211 1
87 167 87
117 120 117
44 121 1
64 180 168
93 156 59
170 249 255
29 240 92
31 38 157
82 140 35
141 200 59
71 196 137
98 154 57
157 242 157
50 219 33
48 155 185
66 137 137
108 249 255
1 146 1
22 255 22
20 226 190
115 161 153
126 246 74
18 41 87
30 43 148
53 162 185
59 175 123
166 195 152
100 133 185
162 213 185
15 178 99
118 194 22
157 222 157
20 150 190
74 141 59
152 204 245
118 192 192
12 104 170
76 125 153
117 190 117
107 159 185
148 249 148
199 212 69
46 107 185
137 234 137
18 149 91
148 157 148
69 169 133
15 245 245
222 226 137
50 172 33
34 132 185
76 174 133
14 129 245
172 228 238
82 240 35
3 72 26
153 198 26
115 212 153
25 118 238
161 208 87
180 243 10
79 192 22
133 154 133
175 192 192
174 185 185
89 93 152
105 233 192
6 22 22
56 167 56
35 67 35
60 141 157
129 161 245
120 222 26
104 243 170
7 82 231
1 43 1
246 252 74
99 121 22
98 222 137
148 158 148
22 134 22
73 95 35
4 12 4
144 211 137
224 244 133
66 185 185
136 252 95
53 127 190
67 91 91
92 173 92
19 199 95
15 111 56
22 101 22
47 171 255
82 163 35
158 177 153
133 232 133
188 210 56
167 255 255
113 147 117
202 238 238
151 225 4
11 101 192
9 192 192
80 129 255
18 251 85
128 166 152
189 212 69
8 211 137
46 129 26
77 192 192
1 106 1
115 190 153
30 148 148
15 20 190
38 186 157
7 60 157
102 116 153
40 189 205
42 106 117
17 91 91
147 161 117
105 191 148
49 78 255
67 201 231
78 238 238
152 251 85
67 114 10
101 135 192
33 253 245
116 230 153
19 54 231
118 160 1
34 50 185
120 246 26
94 173 245
136 189 95
118 177 92
73 110 35
127 205 205
98 134 22
164 212 96
232 254 191
6 250 117
97 192 192
172 222 137
45 106 117
8 56 56
102 186 56
53 159 190
155 205 205
75 144 192
105 175 148
38 242 157
77 133 133
39 88 43
66 179 191
73 120 26
68 193 68
56 97 56
134 238 238
20 48 185
1 209 1
151 185 185
43 186 43
38 190 157
80 185 185
71 195 195
67 191 191
17 129 245
119 220 68
168 215 192
77 120 26
160 189 1
54 98 231
35 47 255
116 125 153
70 238 117
41 138 96
155 222 137
7 37 231
117 180 117
179 223 255
110 163 85
24 235 87
55 240 152
185 220 185
236 238 238
19 169 133
43 144 43
56 117 117
159 191 191
65 72 170
112 136 69
138 210 56
12 126 69
81 167 59
183 195 91
135 194 22
64 178 99
3 124 26
34 140 185
19 170 170
218 242 157
166 180 152
70 158 117
8 221 191
3 90 26
164 214 35
192 254 192
35 256 133
12 26 26
14 87 87
206 250 117
124 201 4
28 146 117
21 192 192
53 255 255
24 59 59
63 185 185
153 205 153
209 212 57
220 242 157
71 230 95
67 195 195
35 151 4
161 162 185
96 238 238
21 68 68
91 222 137
213 252 65
26 46 26
22 136 22
143 197 43
53 241 153
4 179 191
84 136 4
67 136 10
61 99 99
126 170 170
14 109 157
42 148 148
59 231 231
1 170 1
91 238 238
15 210 56
118 224 133
122 247 68
73 119 68
180 189 10
8 105 148
73 237 35
96 237 35
167 178 99
135 215 192
96 165 85
178 180 99
135 224 133
27 83 68
18 203 87
31 55 205
88 183 91
152 192 192
185 238 238
153 245 153
12 140 92
196 255 137
19 126 95
32 169 133
136 246 74
225 226 190
78 229 170
61 129 245
55 100 185
145 157 157
20 118 190
209 239 148
69 163 85
29 165 92
1 206 1
20 244 190
93 163 85
50 137 137
122 200 35
74 98 57
238 256 238
35 248 133
180 185 185
81 230 59
243 246 74
204 245 245
7 88 91
118 200 195
83 146 192
179 189 191
163 164 85
126 252 95
141 156 59
194 228 238
144 237 137
208 227 91
89 200 195
22 121 22
92 108 92
51 117 117
183 184 91
19 55 152
65 206 195
25 227 238
20 168 190
9 174 133
108 127 59
73 164 35
55 154 69
114 199 74
22 167 22
217 218 99
58 168 96
46 100 185
33 165 33
225 240 4
45 238 238
81 104 170
147 177 117
189 241 153
48 247 185
175 251 123
25 205 238
72 123 170
10 117 117
133 184 133
191 193 191
83 215 192
118 248 133
1 129 1
26 188 26
69 94 245
132 160 1
96 180 96
99 155 99
28 70 117
91 163 91
4 45 4
49 187 255
57 255 255
150 167 190
5 87 190
200 221 33
97 232 191
64 195 168
157 192 192
45 59 123
37 243 195
98 145 4
23 214 35
175 216 123
22 147 117
4 138 4
173 250 117
155 233 192
36 97 1
72 143 170
33 235 33
81 203 59
81 86 59
9 43 43
115 117 117
60 93 157
107 178 185
21 229 170
17 93 245
110 234 85
147 219 117
55 254 92
92 178 92
134 192 22
64 129 245
5 83 190
23 108 57
33 132 148
15 22 22
114 230 74
159 207 238
68 138 68
89 199 195
11 141 59
58 82 35
47 107 185
16 242 1
115 235 153
14 54 231
45 66 191
67 167 99
176 191 238
65 201 231
48 102 185
42 67 10
147 255 117
37 251 85
163 240 85
190 237 190
177 231 231
7 141 231
145 228 238
15 171 59
1 115 1
131 199 95
174 177 133
88 235 91
231 250 117
117 119 117
56 171 56
121 221 22
23 241 153
39 173 43
46 149 26
133 211 133
5 148 148
20 66 190
175 191 191
65 200 195
160 226 1
119 218 68
22 94 22
174 238 238
131 255 255
149 184 91
210 231 56
219 238 238
20 105 148
193 230 85
8 243 191
106 178 117
40 238 238
119 122 68
96 218 99
170 183 170
41 140 92
113 145 4
44 118 1
192 231 192
10 76 231
22 237 22
105 170 148
56 242 157
85 238 238
96 190 190
160 220 1
148 183 148
222 230 137
26 222 26
21 42 65
165 247 68
146 238 238
3 143 26
101 122 192
132 256 133
173 195 33
75 80 192
118 130 56
92 140 92
19 93 152
166 177 92
50 235 33
15 252 168
53 61 190
217 230 99
137 188 137
23 255 255
149 227 91
117 155 117
78 195 195
155 185 185
166 205 205
33 39 43
81 127 59
138 192 192
149 187 170
9 16 1
22 204 22
66 165 191
144 197 43
11 134 22
56 127 56
55 232 191
29 173 92
6 54 148
205 216 205
7 35 231
45 118 123
1 55 1
77 91 26
88 205 205
55 212 69
203 252 69
47 93 255
162 166 185
84 137 137
119 182 68
8 178 191
103 175 137
11 59 59
213 250 117
5 65 190
112 247 68
63 205 205
60 84 157
148 188 148
68 86 68
4 250 117
192 223 192
117 134 117
9 216 157
157 216 157
198 224 133
17 85 245
144 187 137
26 83 26
129 175 245
59 103 137
25 158 238
50 240 33
4 197 43
84 157 157
103 144 137
22 100 22
63 127 205
206 243 195
147 195 117
57 153 153
88 138 91
126 205 205
109 202 157
1 16 1
85 209 57
182 238 238
165 166 85
179 199 191
138 170 170
27 157 157
9 87 157
1 235 1
94 243 245
43 238 238
100 121 22
26 56 26
195 212 69
52 212 1
22 27 22
13 100 185
80 255 255
32 89 205
143 188 170
123 142 123
153 247 68
224 256 133
65 140 92
89 250 117
66 190 190
124 240 4
40 130 205
8 64 191
38 222 157
30 105 148
145 255 255
19 107 185
201 236 238
42 142 33
35 50 35
113 123 123
140 190 190
106 117 117
78 252 195
156 195 59
77 185 185
11 190 190
68 82 68
162 247 185
73 82 35
170 241 170
36 42 1
37 126 195
131 172 65
149 182 68
59 110 59
95 110 85
146 192 192
34 206 185
85 192 192
2 176 238
18 205 205
85 226 190
65 114 74
1 25 1
131 152 152
59 73 59
36 199 1
195 229 170
34 151 185
158 246 153
135 153 153
32 84 205
244 249 255
10 33 33
168 189 168
123 136 123
202 226 190
19 154 69
63 179 205
18 182 68
103 220 137
78 217 99
35 114 35
142 221 33
68 165 68
6 75 192
47 108 255
136 242 157
186 188 56
140 254 92
159 202 87
18 245 245
42 220 99
174 222 133
25 175 238
6 60 148
128 231 231
34 242 185
14 94 245
199 243 74
69 85 85
12 57 57
187 238 238
97 251 231
12 71 69
164 207 238
27 238 238
191 206 191
57 69 57
126 136 95
70 86 117
48 111 185
11 118 33
37 216 123
109 148 148
222 238 238
113 242 157
149 191 191
102 140 56
45 203 123
98 173 57
107 238 238
141 238 238
185 211 185
59 192 192
141 154 59
22 145 22
63 93 205
86 244 92
129 213 245
76 227 91
14 106 117
107 192 192
118 196 137
45 102 56
21 235 96
50 65 33
53 66 190
152 246 152
50 148 148
15 152 168
33 94 245
46 158 26
151 243 4
128 192 192
54 66 191
60 238 238
61 218 99
65 67 10
177 254 92
68 119 68
2 27 43
15 69 168
222 247 137
117 215 117
67 176 238
185 227 185
71 239 148
110 177 92
128 183 91
1 3 1
137 252 137
29 96 92
84 151 4
91 187 170
121 209 22
221 231 231
23 106 117
168 202 87
73 214 35
148 200 148
15 23 57
136 173 33
34 214 185
133 240 133
89 192 192
71 205 205
13 50 68
147 249 117
117 211 117
128 218 99
36 168 1
11 230 33
198 225 26
18 99 87
4 177 4
29 133 133
185 205 185
19 30 148
123 222 137
192 230 192
154 187 170
168 206 168
22 26 22
89 159 87
87 191 191
35 111 56
72 252 170
172 180 10
56 200 56
56 68 68
15 153 153
201 229 170
50 238 238
6 147 117
99 203 99
17 206 245
34 59 185
186 226 190
163 231 231
52 199 1
56 213 56
99 112 99
82 92 35
69 155 96
226 243 190
165 169 133
221 229 170
128 143 170
53 145 190
26 144 26
20 154 190
221 226 190
193 250 117
47 193 255
145 225 4
184 213 123
45 172 123
8 147 117
7 91 91
61 242 157
76 99 231
216 237 123
163 189 85
235 237 35
78 126 195
164 205 205
19 153 153
130 195 56
112 147 117
63 163 205
116 120 26
57 128 57
110 112 85
59 87 59
13 183 68
124 231 4
122 177 35
243 250 117
63 169 133
88 179 191
101 238 238
15 54 231
71 90 191
19 69 69
50 97 231
115 249 255
35 157 157
1 142 1
157 230 157
107 132 185
32 216 205
136 143 170
97 249 255
80 248 133
117 200 117
128 254 92
41 126 96
51 167 43
146 179 192
147 189 117
50 87 33
129 192 192
155 172 96
84 183 91
68 90 68
140 205 205
32 68 68
174 248 133
183 212 91
210 223 255
120 148 148
68 226 68
51 79 22
15 150 190
142 225 4
177 245 245
71 110 85
195 234 168
194 248 22
34 48 185
21 59 59
2 143 43
131 167 99
16 245 1
154 248 133
2 24 43
61 232 191
62 118 91
155 200 96
204 253 245
22 146 22
29 139 22
154 231 231
93 222 137
100 241 185
22 177 22
172 201 231
92 221 92
26 39 43
72 205 170
191 201 191
63 112 205
85 255 255
4 213 4
55 75 192
122 203 35
91 147 117
114 153 153
48 117 117
33 67 33
111 112 56
175 220 123
121 243 22
31 229 170
24 208 87
16 214 1
131 138 168
219 234 168
114 203 69
218 235 99
129 139 22
8 68 68
13 232 68
24 61 87
57 239 148
38 100 185
56 94 56
68 133 133
131 170 170
10 85 85
163 214 35
2 238 238
13 143 170
75 119 192
192 221 192
33 98 57
26 245 26
137 174 133
216 256 133
189 191 191
66 109 157
70 102 117
45 254 123
192 204 192
153 211 137
179 190 190
35 81 59
64 128 168
6 167 148
10 74 10
73 197 43
147 163 117
94 254 245
154 236 238
61 205 205
97 190 190
216 251 123
167 172 99
163 172 85
91 93 91
54 253 231
47 154 255
115 207 238
21 109 157
59 144 137
100 101 192
155 244 96
20 196 137
26 54 26
56 201 56
37 206 195
20 243 190
55 118 152
96 97 231
212 256 133
21 167 99
207 218 238
1 197 1
50 160 1
84 168 4
18 250 117
115 241 153
18 185 185
148 222 148
98 216 123
128 190 190
19 117 117
5 26 26
47 58 255
79 94 22
62 84 91
45 244 123
87 137 137
93 168 168
25 76 238
49 67 255
116 157 157
59 163 59
113 148 148
80 99 255
163 256 133
188 190 190
55 244 152
94 196 137
27 112 68
113 248 133
65 87 87
86 138 92
9 38 157
25 236 238
117 178 117
27 153 68
100 130 185
20 110 190
1 107 1
157 158 157
78 179 191
1 167 1
126 204 245
42 230 95
166 191 191
40 181 43
66 238 238
58 164 96
89 249 255
158 207 238
42 161 74
205 232 205
73 208 35
7 113 231
54 97 231
207 243 238
165 248 133
166 197 43
22 152 22
108 235 57
157 182 157
164 195 96
115 157 157
1 254 1
82 189 35
26 205 26
119 153 68
4 227 91
76 221 231
56 118 56
69 209 57
59 85 59
157 170 157
20 170 170
39 136 43
112 156 59
134 178 22
34 158 185
103 128 137
82 214 35
94 221 245
42 122 35
145 222 137
32 168 205
145 152 4
10 95 10
15 110 85
140 174 133
143 199 170
118 128 10
1 62 1
61 125 153
33 234 33
6 48 185
96 114 96
68 155 68
79 116 22
61 96 96
61 203 69
56 256 133
41 229 170
22 148 22
101 139 22
109 133 133
83 102 205
20 205 190
26 81 26
93 172 152
142 154 33
2 39 43
42 153 153
159 185 185
4 235 4
31 104 170
97 117 117
75 190 192
230 232 191
73 178 35
160 245 1
191 202 191
102 137 137
86 145 4
18 120 26
127 188 56
193 251 85
96 254 92
118 193 85
141 201 231
57 246 57
99 117 117
19 218 99
88 158 153
27 233 192
59 186 123
61 212 69
51 243 43
43 56 43
14 135 152
46 170 26
147 212 117
34 118 185
178 245 245
27 159 68
25 150 238
141 192 192
198 228 238
17 201 231
201 246 231
152 190 190
78 240 195
30 133 133
58 255 255
103 118 137
89 230 195
8 137 137
119 171 68
172 221 33
116 190 153
154 184 123
49 204 255
154 212 69
4 91 91
48 122 185
30 227 148
46 197 43
147 208 117
22 38 22
95 154 69
204 241 153
3 123 26
49 192 192
161 172 74
19 111 56
118 120 26
150 247 68
101 113 192
84 172 4
158 225 153
212 236 238
64 255 255
22 181 22
1 198 1
9 69 157
16 187 1
22 256 22
185 202 185
126 168 168
90 251 191
56 175 56
125 157 157
68 225 68
1 143 1
61 69 69
191 195 191
112 163 85
1 10 1
118 132 148
31 64 205
51 182 43
19 21 65
14 104 170
39 176 238
206 216 123
108 195 57
169 238 238
145 240 4
42 82 35
63 255 255
101 223 192
111 206 56
15 172 168
52 160 1
39 196 43
222 224 133
59 230 59
116 228 238
85 136 85
18 204 245
157 203 157
20 225 190
69 215 192
32 223 255
55 89 152
15 253 245
68 143 170
79 134 22
35 234 35
19 114 74
91 168 91
14 18 87
29 113 92
6 66 148
94 192 192
40 92 205
12 200 69
118 164 96
205 251 205
185 210 185
47 223 255
43 196 43
203 230 69
93 138 168
17 183 91
14 193 85
12 170 170
159 208 87
9 182 157
104 118 170
1 28 1
51 110 43
159 236 238
79 133 22
81 157 157
50 127 59
26 49 26
23 206 57
25 80 238
140 156 59
25 101 238
90 205 205
90 146 192
10 78 195
38 60 157
137 195 137
25 169 238
37 167 99
6 148 148
8 134 22
93 219 168
254 255 255
19 198 26
91 231 91
59 123 123
49 161 255
56 95 56
3 26 26
123 210 56
160 179 1
138 252 168
52 167 1
152 241 153
135 170 170
44 137 1
21 222 137
216 236 238
3 91 26
57 96 57
63 125 153
95 243 74
7 106 117
236 245 238
67 162 185
123 245 245
26 255 26
133 198 133
62 126 91
117 194 117
59 156 59
220 234 99
57 109 157
69 206 69
18 178 87
68 199 68
57 78 57
94 118 245
92 142 92
139 162 22
131 202 87
98 156 59
74 253 245
51 253 43
60 137 157
134 216 22
86 243 92
22 48 22
17 118 245
62 88 91
51 246 43
185 219 185
92 181 43
140 222 137
60 155 157
81 166 59
29 211 137
87 110 85
11 205 205
39 41 43
99 135 99
4 109 157
85 230 85
119 247 68
53 211 137
20 222 137
82 114 35
9 17 157
1 100 1
56 231 56
43 105 148
9 146 192
29 254 92
44 114 1
58 87 87
93 195 152
38 92 157
65 217 99
8 112 191
75 161 192
76 185 185
26 48 185
82 185 185
81 161 59
112 241 153
76 91 91
172 223 255
133 202 133
163 241 153
88 238 238
118 158 153
96 234 96
154 238 238
2 177 43
41 187 170
100 185 185
41 61 96
137 240 137
241 255 255
174 236 238
155 179 191
181 213 43
95 183 91
56 70 117
111 148 148
87 193 85
119 239 148
86 188 56
112 143 170
183 200 91
98 179 191
48 154 185
9 129 157
2 155 43
213 219 168
33 154 33
15 21 168
178 217 99
119 156 68
81 217 59
17 126 245
40 108 205
113 121 22
54 241 153
36 160 1
9 94 157
130 133 133
28 198 117
129 142 245
74 102 56
76 188 56
199 221 33
47 143 255
123 205 205
189 214 35
61 169 133
62 225 91
67 218 99
117 153 117
38 59 157
176 219 238
14 43 43
102 120 26
19 45 123
90 134 22
68 229 170
116 118 153
209 217 57
50 157 157
22 117 117
74 123 123
34 80 185
167 185 185
121 160 1
117 192 117
41 101 192
119 255 255
42 172 252
89 226 190
142 192 192
87 144 137
12 206 69
184 191 191
23 227 91
103 192 192
124 190 190
133 248 133
158 227 153
65 215 192
95 241 153
159 243 87
211 255 137
204 208 245
22 53 22
152 170 170
125 236 238
26 115 26
88 169 133
101 192 192
95 190 190
190 216 190
26 165 26
13 16 1
231 238 238
75 146 192
87 123 123
9 118 157
138 229 170
2 233 192
213 251 85
14 71 10
57 140 92
170 247 170
122 152 35
118 213 65
16 43 1
190 194 22
34 226 185
161 250 117
35 154 35
175 184 123
25 172 238
90 208 191
183 234 91
56 81 56
29 51 43
205 226 190
26 137 26
15 191 191
180 221 33
56 115 153
22 185 22
11 161 33
60 234 157
52 157 1
23 67 57
89 144 137
57 75 192
86 198 26
81 163 59
12 132 148
85 140 92
114 133 133
47 115 255
136 168 168
26 133 133
133 171 133
93 143 170
118 173 33
90 108 191
131 243 74
11 212 33
35 128 35
70 107 117
42 192 192
30 128 148
13 170 170
28 143 117
108 208 57
117 204 117
64 148 148
56 85 56
238 249 238
10 213 10
54 99 231
63 162 185
18 191 191
107 240 185
6 205 148
21 165 85
72 113 170
113 204 245
142 177 92
213 243 74
53 118 190
156 249 255
148 198 148
85 87 85
40 215 192
137 192 192
117 233 117
5 154 190
85 93 85
140 179 191
34 111 185
41 252 96
78 192 192
91 173 91
207 208 238
99 175 123
79 212 22
192 227 192
111 190 190
26 121 22
135 164 96
41 83 205
6 132 148
35 226 190
81 180 59
79 162 22
70 151 117
55 245 245
14 251 85
42 157 157
179 184 191
176 190 238
132 239 148
122 158 153
37 66 191
48 197 185
46 198 26
234 252 168
13 104 170
37 104 170
170 223 255
117 244 117
88 91 91
80 190 255
32 122 205
78 243 195
210 215 192
19 90 191
215 250 117
138 195 168
65 245 245
175 239 148
22 202 22
137 208 137
29 132 148
11 19 33
126 243 74
39 152 43
88 247 68
6 164 148
1 75 1
128 138 168
13 184 68
38 151 157
226 248 133
157 160 1
178 181 43
94 141 245
67 180 10
133 253 133
87 185 185
135 190 190
31 94 205
88 118 91
2 185 185
85 191 191
63 145 205
80 125 255
78 128 195
82 229 170
26 111 26
133 177 133
125 148 148
205 254 205
73 162 185
22 191 22
122 218 35
15 225 4
167 219 99
55 74 152
126 190 190
52 90 1
131 151 4
141 184 123
17 186 245
81 100 185
118 245 245
15 161 168
151 190 190
22 194 22
241 256 133
64 125 153
106 183 117
118 201 231
71 235 96
78 245 245
14 123 123
88 104 170
12 167 99
60 214 157
43 170 43
143 172 170
171 192 192
158 255 255
4 110 4
86 254 92
64 140 92
35 143 170
22 175 22
118 147 117
1 12 1
12 222 137
9 175 157
68 131 68
114 174 133
64 114 168
89 147 117
39 148 148
78 175 123
52 209 1
115 200 153
20 231 190
144 255 137
163 175 123
113 126 57
72 213 170
41 214 35
38 216 157
90 179 191
227 253 91
111 138 56
133 145 133
227 251 91
53 230 190
190 212 190
14 204 245
214 255 255
22 207 238
53 240 190
70 250 117
26 149 26
104 122 170
117 139 117
82 210 56
42 234 168
133 242 133
28 106 117
14 169 133
101 155 192
64 219 168
6 240 148
165 207 238
94 208 245
110 148 148
23 164 57
130 185 185
225 231 4
5 158 153
110 153 153
4 253 4
26 82 26
59 126 59
45 48 185
49 109 157
43 237 43
202 246 87
58 153 153
94 103 137
57 64 57
32 117 117
183 186 91
216 254 123
14 121 22
64 226 190
6 180 148
135 203 69
79 237 22
95 102 56
124 238 238
72 87 170
179 195 191
96 145 4
67 142 33
16 82 1
54 135 231
19 80 255
26 232 26
80 176 238
185 224 185
171 238 238
24 35 35
124 256 133
27 156 68
22 130 22
150 192 192
125 209 153
66 93 191
65 81 59
189 192 192
42 140 92
14 74 10
99 241 153
15 246 168
140 228 238
188 238 238
102 130 56
11 73 35
121 173 22
184 216 123
97 167 231
39 119 43
81 149 91
157 162 185
67 94 245
11 120 26
137 155 137
23 122 35
1 63 1
17 235 245
75 204 192
82 141 59
53 170 170
47 224 133
190 219 190
53 65 190
43 86 43
60 191 157
57 192 192
25 38 238
79 229 22
32 206 205
151 161 4
31 187 170
197 252 43
123 137 137
45 96 123
166 240 152
146 240 192
190 206 190
22 73 22
128 241 153
187 208 170
97 152 231
186 255 255
159 245 245
111 232 56
195 196 137
150 173 190
228 238 238
1 137 1
33 208 33
61 120 26
149 153 153
36 111 1
59 171 59
69 164 96
48 114 185
130 194 22
67 213 10
6 192 192
56 87 56
98 151 4
128 139 22
53 228 238
60 63 157
117 239 117
133 170 133
1 122 1
130 171 56
35 118 35
132 186 148
56 89 56
91 255 255
21 78 195
50 251 33
118 183 91
18 52 1
4 39 43
99 188 56
65 251 85
1 21 1
36 78 1
82 107 185
81 90 191
223 249 255
195 220 99
18 217 87
13 235 68
3 66 26
134 194 22
82 227 91
96 256 133
97 124 4
61 71 10
38 118 157
78 131 195
119 232 68
22 187 22
7 203 231
15 75 192
132 218 148
4 14 4
121 162 22
24 212 87
125 200 153
161 240 74
61 121 22
167 228 238
79 125 22
17 175 245
77 238 238
67 189 10
19 89 195
108 191 191
123 175 123
189 213 95
71 149 91
231 254 231
129 191 191
90 188 56
135 168 168
24 175 123
21 160 1
189 256 133
37 106 117
12 231 231
65 186 123
104 140 170
190 235 190
72 107 185
53 126 190
48 71 185
12 144 137
191 238 238
90 151 191
68 142 68
145 205 205
199 230 95
12 162 185
56 88 56
86 98 92
29 62 91
113 186 123
75 238 238
1 49 1
130 153 153
135 229 170
55 231 231
192 242 192
128 142 33
77 114 26
164 177 92
77 213 26
87 175 123
191 205 205
16 227 1
32 39 43
24 192 192
152 195 152
53 109 157
58 118 96
1 112 1
55 117 117
161 235 96
66 180 191
57 65 57
37 221 33
13 154 68
120 160 1
64 231 231
84 216 4
14 209 57
36 44 1
148 175 148
35 66 191
125 192 192
242 255 157
161 180 10
156 171 59
144 154 137
213 256 133
43 202 43
130 229 170
123 133 133
1 30 1
177 252 92
95 238 238
68 185 185
32 255 255
205 215 192
203 208 87
245 255 255
165 249 255
17 112 245
73 118 35
44 242 1
205 252 205
38 48 185
70 80 117
141 254 59
46 187 26
118 119 68
212 216 123
131 180 10
43 125 43
49 118 255
8 57 191
35 95 35
117 160 1
66 211 137
139 238 238
134 151 22
3 133 133
91 120 26
170 255 255
85 206 85
31 148 148
49 223 255
56 196 137
5 157 157
71 199 95
9 208 157
141 151 4
56 203 56
13 95 68
172 224 133
22 184 22
87 92 92
132 238 238
173 199 33
252 255 255
129 227 91
199 251 85
28 226 117
98 108 57
36 69 1
35 171 59
43 211 43
116 227 153
10 56 56
155 235 96
15 109 157
66 232 191
56 170 170
4 64 4
84 225 4
21 195 195
184 234 123
39 42 43
73 132 148
15 203 168
22 182 22
106 130 117
3 142 26
1 247 1
129 189 245
93 170 170
65 246 74
1 102 1
1 132 1
35 142 35
188 197 43
32 164 205
153 192 192
130 190 190
57 240 57
95 224 133
4 159 4
122 191 191
171 195 59
24 177 92
206 223 255
42 200 195
82 183 91
71 248 133
148 225 148
49 170 255
1 176 1
11 237 35
63 108 205
138 142 33
17 31 205
99 208 87
218 239 148
56 222 137
115 153 153
36 51 1
35 172 35
24 204 245
43 164 43
59 94 245
74 179 191
92 94 245
91 232 191
36 250 1
83 126 205
158 213 153
30 53 148
31 156 205
93 135 152
172 238 238
68 110 68
56 221 56
70 112 117
64 189 168
78 246 195
2 67 43
45 124 4
69 183 91
67 79 22
104 124 170
18 180 87
48 135 185
80 96 255
27 53 68
16 166 1
73 251 35
48 121 22
55 86 92
37 171 59
80 138 255
107 203 185
22 192 22
134 147 117
15 211 137
31 65 205
171 179 191
102 210 56
11 123 123
167 217 99
91 221 91
144 148 148
23 26 26
148 153 148
9 246 157
26 45 26
1 241 1
151 211 137
12 178 99
45 109 157
22 253 22
101 212 192
41 84 4
87 170 170
37 252 195
64 235 96
200 206 195
140 195 92
72 137 137
60 133 133
56 124 56
35 40 205
33 202 33
21 162 185
91 209 91
142 249 255
97 125 153
3 59 26
9 210 157
104 217 170
136 197 43
52 164 1
62 229 170
187 229 170
63 113 205
25 231 238
57 207 238
68 208 68
155 168 96
183 238 238
64 167 99
168 213 168
24 91 91
101 230 192
91 254 91
155 204 245
22 85 22
240 246 74
172 195 195
134 254 22
115 162 185
51 115 43
87 177 92
97 191 191
180 244 152
136 240 74
72 118 170
27 68 68
33 117 117
117 161 117
18 167 87
43 236 238
96 203 96
58 69 96
33 126 33
148 177 148
116 241 153
202 212 87
57 157 157
92 144 137
78 206 195
40 67 205
51 238 238
11 216 123
136 202 87
24 69 87
158 211 137
175 238 238
153 195 153
70 99 117
19 139 22
33 120 26
157 229 157
19 144 137
170 208 170
87 216 123
182 245 68
144 157 157
253 254 245
214 234 35
160 241 1
24 95 87
84 238 238
59 153 153
141 206 59
79 223 22
8 144 137
9 109 157
66 201 191
88 186 91
206 252 195
60 178 157
233 238 238
24 38 157
178 189 99
210 228 238
185 225 185
118 126 95
26 91 26
82 87 35
17 202 245
157 249 157
61 222 137
15 38 157
75 157 192
15 224 133
55 122 35
42 188 56
52 191 1
45 190 190
172 217 99
113 149 91
36 179 1
96 172 96
126 207 238
130 245 56
30 111 148
87 234 87
128 204 245
91 112 91
98 125 153
68 153 68
20 49 255
54 128 231
56 184 56
112 193 85
11 228 238
69 96 96
2 246 43
85 214 35
197 249 43
29 59 59
220 227 91
31 167 205
99 189 99
110 146 192
118 220 99
127 129 245
31 204 205
12 197 43
96 174 133
68 157 157
10 118 10
61 94 245
63 141 205
140 170 170
16 36 1
182 199 68
11 255 255
156 247 68
12 159 87
100 243 185
68 72 170
192 248 192
50 81 59
91 216 91
68 95 68
78 205 205
77 144 26
95 166 152
80 164 255
65 176 238
194 208 22
194 211 22
68 87 68
199 238 238
63 193 205
101 233 192
71 246 74
58 117 117
192 222 192
135 245 245
98 231 231
64 71 168
246 251 85
117 149 117
99 153 153
59 108 59
21 213 65
139 170 22
16 117 1
183 226 190
192 229 192
86 189 92
213 240 74
51 142 43
178 183 91
4 124 4
43 146 192
136 180 10
38 157 157
165 179 191
34 238 238
118 134 22
35 208 35
116 154 153
19 50 33
88 161 91
76 167 231
89 170 170
41 182 68
106 108 117
117 140 117
137 219 137
226 229 170
23 91 91
223 238 238
62 183 91
104 195 170
37 170 170
100 135 185
17 238 238
84 192 192
19 228 238
95 200 195
122 254 35
10 28 117
1 236 1
50 234 33
199 213 95
78 155 96
222 223 137
108 113 57
98 129 245
41 248 133
15 219 168
26 186 26
143 244 170
97 245 231
111 130 56
61 131 10
40 151 205
90 219 191
15 138 168
15 170 170
39 82 43
29 30 148
8 118 191
29 46 26
26 143 26
42 213 65
45 191 191
6 78 148
11 142 33
126 154 69
123 193 123
41 191 191
100 123 185
23 203 57
64 153 153
126 212 69
135 204 245
111 236 238
20 128 190
11 35 35
101 117 117
104 135 170
34 45 185
37 100 185
58 61 96
75 236 238
191 244 191
114 181 43
20 138 190
210 255 255
96 171 59
128 240 10
114 170 170
23 59 59
43 115 43
58 96 96
79 121 22
45 179 191
133 143 133
117 196 117
42 165 85
22 111 22
11 129 245
195 230 195
218 220 99
23 223 255
143 146 192
185 229 185
39 55 43
78 235 96
118 214 35
63 104 170
88 157 157
91 225 91
77 174 133
22 55 22
19 252 65
15 212 168
58 186 123
22 151 22
117 254 117
1 15 1
113 174 133
147 250 117
229 231 170
163 220 85
12 49 255
74 121 22
139 158 22
176 237 238
26 224 133
170 205 170
21 188 56
156 212 59
84 161 4
71 213 65
59 167 59
62 87 91
166 194 22
28 109 117
4 237 4
10 43 43
8 117 117
148 190 148
205 253 205
16 56 1
108 126 57
2 253 43
93 231 231
137 191 137
39 213 43
78 216 123
97 160 1
66 189 191
168 191 191
90 244 191
99 209 57
95 161 74
116 181 43
39 130 43
88 218 91
63 224 133
94 249 255
66 75 192
19 182 68
26 223 26
74 154 69
55 183 91
133 186 133
7 131 231
64 192 192
1 215 1
36 238 1
181 249 43
24 179 191
8 31 205
129 166 245
141 142 59
22 123 22
113 134 22
139 235 22
23 57 57
106 172 117
143 191 170
30 47 148
61 143 170
51 179 43
128 205 205
66 230 191
148 239 148
155 221 33
52 208 1
168 231 231
27 190 68
50 122 35
86 110 92
1 191 1
28 255 117
109 238 238
114 240 74
65 212 69
51 175 43
56 102 56
120 176 238
102 204 56
58 203 96
90 239 148
47 150 255
148 248 133
183 189 91
193 242 157
43 108 43
163 165 85
17 158 153
11 41 33
37 98 57
118 225 4
47 255 255
14 184 123
95 228 238
3 97 26
71 171 59
233 234 192
136 176 238
133 228 238
188 252 56
89 195 195
38 183 157
161 243 74
22 133 22
57 186 123
97 198 26
86 118 92
73 93 35
118 233 192
8 136 191
185 242 185
97 141 231
4 8 191
228 253 238
42 168 168
93 118 152
40 43 43
2 215 192
42 223 255
67 93 152
120 125 26
171 243 59
173 221 33
44 237 1
118 178 99
141 195 59
108 217 57
1 101 1
154 170 170
23 247 68
141 188 56
56 104 170
12 161 69
89 219 168
165 251 85
44 52 1
83 185 185
43 51 43
5 110 190
126 240 74
128 152 152
21 127 59
229 249 255
92 117 117
21 95 95
3 148 148
135 219 168
19 180 10
10 57 57
113 231 231
206 230 195
72 119 170
216 222 137
207 228 238
24 184 123
28 117 117
3 116 26
3 117 117
31 137 137
154 234 168
216 235 123
37 164 96
186 234 123
221 237 35
148 169 133
200 231 231
153 193 153
9 22 22
5 122 190
86 252 92
107 189 185
1 250 1
62 186 91
118 252 252
54 111 56
87 118 87
115 118 153
164 235 96
78 221 33
33 221 33
117 122 117
118 231 231
45 126 123
1 183 1
186 222 137
54 214 231
31 70 117
142 197 43
105 108 148
64 69 168
68 128 68
161 194 22
152 215 192
119 209 68
70 249 117
190 226 190
133 229 133
76 153 153
19 171 59
1 188 1
212 237 35
3 108 26
14 210 56
117 185 117
129 153 153
143 206 170
22 119 22
43 167 43
146 185 192
8 72 170
22 180 22
69 219 168
96 117 117
43 111 43
118 163 85
92 115 153
26 191 26
40 256 133
185 230 185
43 97 43
96 166 96
133 142 133
129 182 68
33 160 1
55 166 152
33 188 56
148 165 148
108 118 57
155 215 192
121 169 22
26 181 43
129 190 190
51 94 43
174 227 133
194 217 22
29 244 92
92 215 192
151 209 4
100 162 185
88 191 191
9 234 157
92 137 137
61 209 57
93 112 69
40 58 205
157 193 157
143 232 170
142 251 33
104 229 170
50 123 123
34 102 185
69 89 69
21 105 148
123 232 191
238 254 238
5 254 190
13 133 133
85 247 68
59 137 137
102 238 238
45 214 123
53 133 133
8 99 191
182 185 185
171 236 238
62 105 148
5 53 190
40 178 205
59 118 59
10 250 117
12 113 57
108 254 92
108 181 43
31 34 185
65 231 231
23 208 57
124 242 157
112 253 245
90 155 191
137 167 137
48 61 185
122 238 238
63 159 205
118 146 192
221 223 255
14 124 4
7 22 22
123 214 123
217 252 99
149 158 153
22 154 22
37 184 123
178 237 35
189 240 74
71 240 74
182 197 43
48 128 185
77 118 26
92 200 92
91 172 91
55 171 59
14 72 170
122 253 245
57 58 57
11 220 33
35 42 35
80 136 255
58 63 205
34 133 185
134 243 22
1 190 1
13 130 68
167 229 170
169 179 133
121 238 238
153 189 153
42 75 192
80 191 255
154 244 69
131 153 153
102 118 56
69 131 69
107 133 185
59 162 185
217 220 99
56 137 137
58 174 133
46 134 22
192 195 192
55 106 117
152 171 59
56 174 133
118 176 238
37 180 195
174 256 133
118 216 123
88 95 91
199 240 74
54 224 133
97 177 231
54 125 153
93 142 33
112 231 231
26 241 26
148 227 148
171 245 245
65 117 117
148 223 148
133 162 185
157 221 157
11 21 33
96 170 170
54 248 133
21 152 152
9 105 148
93 248 133
221 224 133
42 79 22
170 253 170
42 252 252
24 190 190
71 155 96
91 218 91
66 118 191
60 244 157
61 231 231
105 245 148
1 161 1
58 224 133
28 98 117
77 101 192
61 243 10
112 236 238
5 27 68
76 94 231
123 140 123
11 164 33
184 190 190
179 203 191
15 190 190
189 200 195
105 204 148
81 193 59
24 64 87
123 219 123
168 238 238
167 177 92
198 239 148
41 197 43
138 154 168
30 212 148
1 185 1
12 164 96
193 238 238
19 209 57
74 166 152
91 177 91
111 197 43
68 218 68
128 215 192
85 232 191
1 91 1
64 136 168
63 137 137
35 131 35
62 210 56
147 244 117
192 215 192
29 215 192
168 182 68
14 136 10
141 191 191
154 189 69
53 129 190
80 249 255
58 208 87
234 235 96
89 216 123
14 166 152
61 114 10
25 148 238
65 209 57
1 135 1
119 123 68
158 241 153
56 111 56
56 82 56
19 193 85
38 46 26
124 246 4
41 69 96
133 216 133
95 142 33
31 56 205
35 216 123
31 197 43
32 43 43
39 192 192
84 139 22
160 177 1
16 48 1
130 156 56
214 237 35
104 201 170
103 106 117
156 218 59
99 246 99
90 153 153
87 232 191
43 254 43
61 246 10
1 53 1
239 250 117
140 185 185
53 195 190
7 124 4
66 217 191
27 197 43
171 204 245
68 238 238
112 148 148
17 115 153
142 168 33
94 223 255
31 191 205
15 43 43
55 195 152
52 84 1
102 157 157
81 215 192
60 128 157
19 159 87
65 148 148
142 214 35
118 139 22
11 155 33
11 125 153
118 211 137
155 193 85
104 161 170
122 187 170
27 247 68
1 199 1
167 213 99
138 184 123
133 231 133
186 210 56
144 223 137
161 170 170
83 183 205
1 194 1
99 125 153
22 226 22
195 202 87
65 168 168
137 202 137
106 137 117
241 244 153
11 30 148
41 180 96
63 210 205
185 256 185
43 227 43
132 203 148
9 148 148
15 60 157
32 125 153
170 222 137
19 71 65
184 255 255
25 228 238
111 152 56
135 169 133
47 231 255
103 256 133
155 207 238
211 250 117
167 199 99
87 205 205
74 178 99
42 129 245
22 64 22
125 136 153
35 60 157
65 90 191
126 238 238
114 161 74
68 191 68
141 231 231
18 220 87
29 61 92
110 165 85
22 144 22
60 228 238
189 199 95
6 43 148
11 67 33
115 126 153
128 208 87
119 212 68
10 153 153
29 108 92
15 108 57
58 101 192
73 170 170
188 217 56
108 124 4
133 245 133
43 253 43
176 217 238
70 241 117
66 203 191
8 130 56
55 251 85
22 157 22
66 184 191
123 159 123
131 252 65
32 55 205
137 189 137
123 128 123
41 141 59
26 177 26
31 205 205
53 146 192
51 200 43
81 202 59
110 140 92
19 58 96
15 85 85
123 165 123
154 254 92
66 199 191
97 207 238
43 120 43
19 256 133
17 241 153
5 243 190
1 45 1
219 221 33
8 185 185
148 224 133
154 239 148
10 113 57
63 115 153
169 208 133
100 141 185
31 63 205
110 198 26
116 155 153
58 205 205
155 156 59
29 146 192
153 254 153
80 101 192
48 177 185
57 177 92
25 134 238
1 66 1
29 72 170
26 221 26
27 228 238
153 182 68
43 68 43
1 35 1
57 117 117
225 249 255
100 230 185
71 168 168
219 250 117
33 193 33
123 168 123
223 255 255
128 149 91
159 165 85
138 173 33
125 165 153
50 181 43
76 249 255
186 225 4
156 255 255
100 117 117
22 232 22
190 238 238
56 146 192
86 173 92
13 148 148
50 112 33
182 247 68
38 197 43
124 132 148
101 248 192
62 71 91
92 130 56
1 34 1
6 201 148
94 105 148
61 179 191
212 219 168
89 118 195
73 187 170
98 192 192
74 78 195
33 218 33
115 155 153
55 172 152
49 100 185
154 233 192
92 189 92
57 252 57
135 179 191
67 71 10
179 192 192
36 110 1
90 118 191
55 110 85
185 226 185
86 255 255
64 85 85
112 167 99
157 219 157
40 85 205
88 252 91
99 170 170
88 170 170
219 223 255
164 250 117
39 43 43
63 183 205
234 253 245
145 170 170
29 163 92
185 249 185
9 242 157
143 239 148
66 216 191
152 247 68
109 137 157
67 192 192
78 157 157
73 200 35
39 133 133
49 249 255
133 149 133
68 137 137
17 98 245
57 205 205
18 35 35
158 190 153
63 196 137
166 238 238
166 249 255
98 121 22
143 226 170
125 231 153
137 221 137
41 155 96
117 241 117
54 161 231
70 246 117
7 190 190
171 225 4
59 106 117
95 249 255
25 119 238
71 164 96
43 255 43
124 145 4
44 110 1
195 206 195
59 130 56
81 156 59
167 182 68
2 167 43
40 137 137
33 190 190
68 69 68
143 155 170
204 214 245
10 126 10
122 192 192
189 208 87
53 93 190
80 203 255
42 135 152
98 191 191
166 222 137
54 137 137
97 172 231
85 126 85
64 118 168
117 197 117
137 249 137
30 117 117
7 129 231
121 186 22
123 124 4
39 129 43
192 256 192
117 207 117
177 194 22
197 221 43
27 214 68
21 49 255
57 181 43
11 97 231
53 200 190
28 116 117
4 191 191
44 94 1
87 217 87
186 218 123
64 208 87
9 133 133
19 235 96
108 169 133
84 205 205
173 231 231
165 197 43
113 153 153
19 230 95
17 94 245
152 213 152
117 238 117
49 139 22
37 56 56
68 159 68
45 186 123
189 228 238
34 187 185
80 130 255
218 254 92
34 55 185
94 131 245
50 168 33
244 252 152
90 243 191
22 235 22
17 204 245
11 189 33
155 241 153
10 15 168
132 153 148
105 252 148
82 169 133
1 252 1
155 253 245
66 227 191
110 157 157
192 247 192
138 151 4
48 54 185
67 127 59
60 109 157
11 234 33
99 160 1
174 233 192
35 51 43
9 224 133
229 254 170
118 198 26
12 67 69
13 237 68
39 117 117
163 242 157
130 188 56
7 97 231
40 91 205
3 155 26
118 232 191
62 154 91
26 32 26
77 184 26
170 181 43
41 48 185
80 242 157
13 141 68
124 168 4
103 210 137
137 141 137
17 110 245
64 186 123
50 232 191
155 208 87
76 97 231
33 224 133
45 147 117
38 109 157
50 61 33
86 141 59
6 226 148
150 226 190
137 227 137
26 30 148
86 106 117
154 221 33
104 116 170
7 213 231
2 41 43
114 159 87
78 114 195
151 212 4
85 246 85
224 252 133
99 207 238
6 122 148
112 244 69
113 160 1
26 200 26
2 126 43
89 177 92
174 232 133
121 196 22
85 106 117
65 124 4
174 193 133
36 174 1
118 169 133
211 222 137
133 225 133
100 158 185
31 129 205
46 209 26
45 92 123
32 153 153
57 213 57
47 67 255
142 194 22
41 67 96
18 24 87
143 192 192
57 77 26
10 152 152
18 31 205
172 213 65
54 76 231
119 250 117
192 239 192
23 149 91
17 143 170
13 195 68
136 165 85
39 184 43
125 241 153
51 249 43
68 109 157
68 212 68
23 186 123
69 165 85
86 154 92
103 199 137
26 104 26
6 50 148
224 229 133
43 102 43
58 126 96
224 238 238
46 213 26
68 176 238
139 167 22
52 201 1
3 8 26
68 141 68
137 156 137
102 254 56
48 239 185
34 200 185
2 113 43
37 57 57
25 232 238
111 170 170
26 230 26
77 191 26
118 155 96
21 140 92
43 83 43
107 216 185
134 205 22
154 247 68
8 63 205
34 215 192
96 144 137
1 110 1
191 254 191
147 238 117
138 186 123
115 254 153
92 172 92
43 49 43
9 199 157
37 135 152
18 161 87
172 246 74
133 182 133
21 212 69
118 206 195
88 227 91
64 217 99
160 231 1
50 205 205
65 165 85
124 164 4
120 225 26
122 129 245
171 201 231
228 229 238
118 175 123
84 123 4
92 118 92
196 245 137
113 119 68
88 189 91
133 233 192
61 102 56
64 134 22
27 97 68
60 113 157
42 199 95
47 148 148
185 252 185
6 238 238
8 217 191
112 115 153
57 170 170
22 58 22
26 256 133
25 110 238
156 163 59
101 175 192
73 180 35
4 73 4
4 164 4
184 185 185
68 140 68
128 180 10
58 162 185
75 185 192
137 159 137
37 64 168
134 188 22
19 96 96
64 104 170
73 96 35
16 146 1
58 173 33
80 157 157
2 192 192
50 142 33
69 158 153
73 75 192
29 118 92
10 189 10
26 138 26
73 129 245
88 153 153
161 166 152
206 220 99
39 197 43
132 204 148
16 158 1
203 244 69
54 113 231
25 54 238
159 200 87
10 238 238
50 255 255
159 210 56
160 194 1
29 55 92
231 253 231
182 186 68
102 142 56
127 168 59
71 131 65
43 245 43
108 221 57
177 255 255
221 245 245
88 162 185
87 251 85
65 135 152
53 246 190
24 150 190
28 52 1
1 52 1
214 249 255
