128 4013
4 20 4
88 98 85
64 111 64
121 124 85
90 124 85
53 122 53
83 99 83
11 103 11
26 93 26
45 86 45
29 106 29
4 36 4
102 125 85
26 54 26
64 97 64
64 91 64
15 97 15
6 27 6
55 64 55
45 65 45
32 126 32
40 53 40
3 36 3
36 65 36
60 99 60
113 120 85
85 109 85
98 106 85
57 62 57
40 100 40
123 124 85
21 27 21
23 60 23
28 29 28
54 59 54
50 127 50
6 24 6
26 51 26
64 88 64
33 74 33
23 82 23
68 128 68
46 75 46
89 114 85
56 93 56
8 48 8
27 55 27
9 103 9
35 45 35
68 116 68
92 108 85
10 30 10
27 42 27
12 93 12
46 105 46
16 122 16
88 127 85
19 85 19
11 126 11
64 89 64
23 121 23
46 50 46
105 119 85
8 11 8
15 95 15
42 70 42
4 28 4
24 37 24
99 121 85
9 50 9
89 97 85
15 74 15
29 125 29
98 109 85
4 11 4
23 80 23
23 81 23
48 58 48
17 118 17
20 23 20
102 109 85
16 48 16
7 18 7
27 120 27
84 123 84
112 127 85
23 114 23
2 20 2
20 93 20
64 121 64
15 107 15
6 12 6
94 123 85
90 109 85
34 58 34
32 90 32
94 115 85
44 102 44
99 119 85
6 80 6
78 124 78
40 108 40
29 112 29
25 107 25
2 55 2
17 112 17
33 56 33
36 96 36
98 116 85
49 89 49
16 116 16
91 127 85
49 57 49
61 65 61
8 16 8
80 99 80
49 122 49
99 112 85
55 92 55
72 93 72
16 90 16
63 83 63
28 49 28
28 39 28
44 87 44
71 100 71
72 123 72
88 119 85
91 101 85
88 102 85
52 100 52
101 125 85
6 10 6
24 125 24
81 93 81
114 119 85
64 116 64
54 60 54
20 97 20
52 68 52
50 67 50
70 122 70
24 63 24
28 30 28
22 107 22
95 128 85
103 125 85
24 27 24
34 103 34
1 28 1
26 96 26
48 78 48
22 83 22
25 79 25
17 37 17
96 98 85
21 54 21
33 91 33
38 120 38
89 124 85
51 115 51
2 80 2
63 95 63
119 127 85
62 123 62
37 98 37
52 126 52
101 122 85
50 98 50
32 59 32
114 127 85
77 81 77
110 124 85
35 59 35
1 116 1
94 107 85
91 111 85
95 121 85
84 116 84
31 79 31
22 32 22
27 82 27
8 49 8
93 105 85
34 115 34
78 94 78
43 101 43
11 30 11
36 87 36
13 128 13
7 46 7
9 38 9
100 124 85
92 113 85
25 98 25
30 120 30
98 105 85
40 86 40
111 123 85
35 120 35
35 109 35
118 123 85
107 118 85
74 124 74
92 107 85
113 115 85
2 88 2
10 36 10
13 79 13
118 125 85
17 56 17
90 127 85
5 25 5
58 120 58
5 95 5
32 39 32
97 116 85
71 80 71
8 81 8
9 69 9
70 79 70
86 113 85
42 87 42
7 22 7
104 120 85
13 38 13
45 103 45
90 112 85
17 49 17
55 60 55
110 119 85
105 124 85
95 123 85
64 123 64
3 73 3
68 127 68
94 126 85
5 60 5
53 55 53
5 28 5
25 32 25
25 118 25
100 106 85
114 115 85
54 106 54
1 18 1
80 87 80
92 102 85
111 119 85
104 119 85
63 68 63
98 115 85
74 116 74
109 116 85
88 105 85
96 123 85
60 118 60
9 47 9
16 27 16
49 88 49
7 59 7
80 94 80
93 96 85
21 47 21
9 20 9
81 109 81
108 109 85
94 103 85
55 56 55
13 29 13
75 81 75
90 104 85
103 126 85
5 67 5
95 96 85
23 58 23
90 99 85
7 58 7
116 122 85
36 38 36
10 104 10
61 106 61
113 124 85
3 115 3
17 20 17
26 73 26
89 119 85
36 44 36
56 71 56
32 54 32
101 115 85
31 99 31
65 93 65
54 74 54
74 79 74
84 125 84
47 78 47
75 108 75
103 122 85
23 66 23
44 100 44
52 56 52
34 123 34
11 57 11
23 29 23
65 81 65
1 37 1
6 16 6
13 89 13
11 86 11
6 98 6
13 25 13
1 50 1
29 107 29
105 128 85
12 57 12
44 48 44
90 114 85
45 50 45
32 37 32
12 16 12
87 115 85
7 25 7
71 91 71
32 74 32
93 94 85
108 119 85
2 103 2
44 49 44
7 121 7
89 96 85
21 81 21
31 88 31
46 51 46
65 80 65
4 74 4
74 85 74
5 12 5
89 93 85
98 108 85
71 77 71
37 78 37
3 46 3
89 120 85
41 43 41
100 128 85
72 89 72
5 43 5
42 63 42
6 102 6
2 10 2
13 49 13
24 104 24
12 17 12
25 60 25
103 128 85
97 101 85
5 51 5
120 128 85
90 128 85
51 121 51
24 128 24
28 76 28
110 120 85
87 109 85
62 72 62
33 105 33
15 81 15
55 95 55
14 83 14
12 26 12
54 116 54
101 108 85
41 42 41
26 40 26
9 75 9
90 121 85
54 63 54
93 115 85
40 48 40
95 107 85
91 118 85
93 113 85
19 123 19
46 55 46
42 108 42
32 52 32
18 34 18
91 120 85
99 101 85
81 104 81
18 103 18
46 79 46
69 102 69
48 96 48
56 114 56
93 107 85
12 84 12
8 98 8
17 121 17
19 40 19
113 123 85
109 122 85
101 103 85
85 110 85
1 7 1
95 103 85
44 105 44
106 122 85
18 23 18
81 86 81
2 39 2
29 54 29
45 100 45
117 123 85
44 101 44
62 68 62
70 114 70
69 74 69
26 45 26
12 58 12
20 122 20
1 22 1
3 27 3
106 124 85
43 86 43
100 109 85
5 69 5
102 120 85
25 33 25
64 118 64
7 16 7
86 128 85
16 30 16
10 20 10
21 35 21
6 59 6
89 117 85
102 118 85
2 66 2
50 128 50
10 31 10
21 38 21
44 55 44
117 128 85
3 16 3
28 94 28
64 95 64
79 100 79
80 83 80
22 86 22
8 13 8
48 105 48
115 126 85
58 128 58
22 42 22
50 51 50
45 99 45
124 127 85
96 117 85
28 113 28
5 100 5
102 104 85
23 41 23
118 126 85
100 111 85
47 127 47
98 123 85
1 86 1
14 128 14
49 103 49
40 58 40
79 109 79
105 109 85
68 115 68
107 128 85
24 58 24
62 117 62
78 103 78
59 87 59
79 112 79
97 112 85
50 72 50
99 103 85
52 61 52
57 101 57
86 87 85
93 108 85
6 30 6
76 120 76
36 80 36
9 12 9
7 106 7
24 32 24
55 79 55
67 107 67
26 120 26
1 54 1
30 86 30
66 113 66
124 128 85
92 122 85
61 109 61
117 127 85
88 101 85
9 98 9
16 109 16
97 125 85
15 87 15
97 100 85
15 93 15
12 61 12
36 122 36
84 91 84
21 33 21
15 34 15
3 8 3
12 63 12
39 56 39
101 112 85
94 97 85
86 92 85
9 67 9
72 84 72
71 101 71
58 92 58
48 51 48
76 104 76
38 67 38
22 95 22
90 94 85
68 123 68
19 80 19
21 108 21
36 100 36
38 57 38
3 87 3
24 74 24
77 98 77
87 121 85
42 95 42
82 102 82
78 92 78
18 85 18
112 120 85
33 117 33
28 48 28
62 99 62
63 101 63
67 122 67
11 34 11
12 78 12
117 118 85
44 107 44
67 112 67
15 126 15
16 49 16
79 124 79
81 127 81
62 124 62
24 25 24
35 64 35
40 116 40
104 110 85
20 99 20
71 112 71
38 46 38
3 51 3
9 60 9
52 121 52
2 52 2
69 95 69
110 123 85
36 118 36
25 78 25
18 43 18
14 114 14
14 51 14
38 86 38
46 85 46
37 95 37
19 86 19
47 93 47
30 75 30
63 86 63
14 23 14
17 52 17
110 122 85
16 54 16
71 110 71
28 75 28
122 128 85
56 89 56
51 59 51
63 91 63
58 126 58
41 113 41
43 55 43
29 52 29
22 36 22
41 110 41
80 110 80
87 117 85
42 125 42
27 46 27
6 11 6
31 87 31
64 86 64
69 114 69
88 121 85
16 65 16
121 127 85
48 110 48
27 48 27
13 24 13
64 67 64
17 93 17
21 73 21
33 124 33
59 110 59
64 128 64
10 13 10
53 69 53
54 91 54
18 73 18
96 97 85
29 121 29
26 70 26
11 26 11
55 85 55
104 124 85
102 108 85
50 106 50
14 70 14
20 31 20
97 126 85
57 82 57
114 121 85
96 118 85
1 117 1
15 28 15
45 91 45
96 106 85
77 90 77
48 126 48
113 122 85
62 91 62
18 30 18
92 101 85
92 124 85
69 128 69
6 107 6
76 82 76
53 84 53
92 125 85
25 44 25
12 38 12
45 96 45
83 92 83
12 110 12
104 125 85
37 126 37
108 124 85
100 121 85
31 47 31
100 125 85
51 96 51
58 103 58
82 87 82
45 78 45
87 126 85
13 91 13
3 118 3
21 113 21
36 106 36
5 86 5
50 118 50
85 106 85
50 121 50
87 127 85
1 78 1
7 126 7
56 98 56
43 45 43
111 120 85
87 108 85
89 109 85
37 113 37
21 105 21
46 56 46
52 77 52
15 42 15
37 50 37
16 35 16
7 45 7
62 119 62
86 119 85
26 60 26
65 70 65
5 8 5
36 53 36
84 102 84
4 87 4
28 38 28
29 76 29
82 104 82
11 44 11
54 101 54
108 127 85
37 89 37
1 2 1
52 125 52
3 103 3
3 24 3
57 68 57
46 98 46
25 47 25
2 90 2
62 97 62
21 78 21
89 112 85
38 82 38
35 101 35
48 125 48
26 75 26
6 103 6
99 128 85
55 84 55
81 105 81
32 53 32
21 40 21
2 104 2
14 53 14
82 86 82
46 124 46
39 111 39
49 79 49
54 95 54
30 83 30
5 47 5
51 94 51
98 104 85
26 52 26
11 93 11
19 62 19
68 124 68
4 112 4
89 110 85
54 89 54
87 94 85
59 118 59
86 107 85
109 112 85
35 52 35
3 4 3
30 107 30
61 90 61
22 114 22
1 21 1
35 40 35
45 124 45
72 104 72
102 127 85
51 63 51
22 55 22
39 122 39
72 88 72
111 114 85
64 93 64
90 105 85
34 93 34
28 124 28
27 96 27
33 65 33
4 8 4
89 105 85
4 45 4
78 109 78
101 113 85
100 103 85
112 122 85
32 75 32
71 121 71
11 42 11
30 96 30
13 80 13
74 126 74
42 73 42
65 118 65
25 123 25
34 89 34
116 128 85
15 90 15
10 74 10
67 110 67
74 99 74
105 107 85
10 33 10
12 33 12
109 121 85
24 103 24
107 127 85
34 110 34
10 73 10
6 84 6
41 69 41
10 91 10
63 102 63
29 40 29
94 102 85
29 79 29
88 128 85
47 116 47
30 59 30
28 93 28
47 56 47
103 118 85
16 91 16
86 104 85
27 35 27
59 79 59
91 98 85
51 123 51
45 74 45
79 91 79
35 121 35
39 91 39
42 114 42
114 125 85
95 117 85
22 78 22
8 46 8
9 86 9
61 126 61
47 75 47
76 127 76
91 121 85
19 106 19
19 22 19
13 21 13
46 116 46
26 97 26
47 102 47
36 124 36
17 44 17
94 116 85
79 102 79
19 69 19
18 66 18
36 108 36
15 120 15
52 127 52
43 78 43
2 91 2
9 107 9
23 96 23
26 31 26
64 69 64
75 84 75
2 81 2
16 17 16
82 123 82
11 39 11
54 115 54
109 124 85
56 69 56
45 69 45
70 110 70
86 112 85
59 86 59
39 51 39
39 74 39
50 89 50
31 37 31
42 84 42
46 107 46
124 126 85
52 118 52
99 109 85
93 128 85
92 117 85
68 98 68
36 113 36
106 110 85
2 40 2
5 11 5
27 88 27
48 123 48
11 92 11
53 92 53
16 21 16
19 125 19
19 78 19
1 56 1
13 86 13
85 105 85
114 118 85
49 109 49
51 92 51
47 80 47
33 66 33
102 115 85
35 110 35
53 66 53
37 85 37
100 116 85
101 105 85
100 113 85
83 87 83
55 90 55
112 113 85
9 21 9
92 104 85
111 122 85
94 104 85
13 107 13
57 126 57
33 52 33
79 86 79
41 71 41
75 79 75
84 111 84
29 48 29
40 56 40
87 118 85
48 54 48
19 119 19
96 122 85
49 55 49
20 98 20
76 101 76
20 21 20
14 32 14
34 36 34
34 43 34
56 122 56
87 90 85
40 83 40
10 57 10
34 87 34
89 116 85
52 96 52
8 120 8
62 70 62
27 113 27
30 102 30
51 116 51
5 31 5
54 122 54
5 50 5
22 60 22
80 104 80
46 91 46
23 55 23
47 51 47
72 98 72
62 122 62
92 106 85
46 61 46
88 113 85
78 100 78
113 114 85
38 102 38
86 103 85
25 90 25
24 77 24
20 77 20
60 106 60
88 111 85
6 40 6
40 63 40
59 122 59
29 47 29
70 93 70
34 94 34
88 103 85
5 76 5
21 119 21
41 109 41
35 116 35
2 62 2
3 125 3
95 119 85
9 97 9
30 100 30
50 119 50
1 77 1
69 70 69
93 116 85
16 110 16
99 106 85
46 114 46
59 96 59
103 119 85
3 57 3
78 95 78
10 27 10
1 36 1
64 81 64
6 75 6
47 111 47
15 115 15
109 115 85
46 121 46
62 115 62
19 105 19
24 90 24
11 127 11
51 65 51
87 113 85
30 66 30
5 80 5
17 116 17
8 61 8
88 97 85
43 124 43
30 113 30
116 120 85
112 114 85
3 111 3
41 62 41
84 93 84
66 125 66
85 124 85
12 69 12
16 96 16
9 23 9
98 113 85
119 124 85
61 62 61
95 114 85
74 83 74
21 59 21
28 79 28
99 104 85
9 83 9
89 103 85
89 91 85
72 115 72
94 119 85
15 76 15
67 82 67
20 53 20
8 69 8
110 114 85
24 115 24
3 106 3
123 127 85
15 56 15
34 85 34
109 117 85
9 54 9
39 106 39
62 86 62
6 78 6
43 61 43
46 96 46
37 57 37
74 96 74
73 105 73
94 106 85
10 42 10
29 44 29
18 67 18
8 87 8
21 51 21
28 33 28
48 109 48
71 106 71
30 89 30
25 28 25
76 87 76
7 37 7
45 61 45
76 112 76
76 89 76
108 111 85
7 35 7
93 123 85
3 71 3
15 31 15
75 86 75
61 117 61
8 29 8
20 116 20
81 102 81
16 115 16
107 122 85
6 127 6
3 30 3
25 62 25
99 108 85
2 56 2
57 114 57
15 52 15
40 126 40
62 103 62
37 40 37
80 85 80
48 57 48
109 111 85
7 19 7
79 107 79
26 61 26
20 25 20
82 88 82
10 94 10
7 64 7
17 125 17
73 84 73
18 111 18
83 88 83
30 58 30
26 32 26
9 11 9
35 104 35
58 106 58
14 21 14
37 90 37
14 48 14
87 105 85
37 47 37
20 39 20
75 78 75
92 96 85
58 105 58
95 99 85
111 115 85
87 119 85
49 100 49
68 119 68
2 108 2
87 106 85
57 121 57
46 113 46
31 39 31
57 123 57
38 122 38
73 123 73
96 111 85
18 122 18
35 41 35
66 110 66
42 47 42
9 17 9
12 14 12
53 62 53
29 63 29
42 94 42
50 100 50
19 121 19
5 36 5
23 54 23
61 120 61
89 92 85
20 110 20
108 110 85
107 111 85
100 123 85
28 71 28
16 75 16
6 104 6
4 19 4
29 111 29
32 85 32
35 126 35
62 84 62
105 120 85
28 115 28
74 103 74
28 58 28
120 122 85
24 114 24
71 118 71
71 83 71
88 116 85
98 112 85
3 25 3
94 117 85
14 90 14
53 100 53
65 127 65
50 74 50
106 123 85
91 95 85
98 118 85
8 26 8
90 91 85
46 77 46
16 108 16
69 110 69
92 98 85
88 110 85
68 79 68
71 111 71
5 62 5
49 73 49
2 25 2
77 128 77
77 118 77
32 50 32
95 122 85
88 115 85
9 65 9
96 113 85
86 99 85
41 123 41
46 80 46
104 111 85
67 100 67
58 61 58
99 117 85
18 71 18
30 108 30
12 97 12
57 99 57
49 94 49
7 105 7
11 49 11
8 20 8
26 27 26
14 29 14
98 122 85
106 111 85
45 55 45
7 77 7
99 124 85
5 53 5
34 72 34
101 128 85
102 112 85
28 64 28
42 44 42
68 87 68
5 33 5
105 121 85
7 15 7
7 99 7
95 100 85
114 123 85
4 33 4
74 81 74
1 16 1
39 89 39
63 85 63
113 116 85
60 64 60
126 127 85
94 122 85
39 78 39
5 17 5
7 20 7
42 59 42
72 86 72
36 120 36
18 24 18
14 20 14
69 112 69
14 37 14
10 12 10
8 107 8
45 106 45
15 24 15
6 15 6
83 103 83
5 85 5
87 100 85
100 118 85
109 128 85
7 65 7
107 113 85
45 95 45
58 107 58
38 53 38
5 74 5
97 124 85
29 86 29
25 99 25
103 123 85
29 30 29
33 92 33
46 47 46
67 120 67
122 125 85
52 53 52
7 10 7
1 67 1
91 102 85
13 19 13
50 112 50
21 84 21
70 92 70
28 43 28
86 101 85
50 85 50
13 30 13
39 86 39
17 18 17
13 81 13
45 110 45
31 63 31
70 78 70
8 42 8
103 121 85
36 97 36
112 119 85
107 109 85
7 55 7
81 94 81
15 41 15
55 70 55
2 17 2
38 60 38
19 82 19
49 82 49
43 68 43
88 93 85
9 121 9
89 106 85
82 83 82
13 61 13
108 123 85
21 34 21
69 80 69
11 65 11
13 114 13
32 42 32
24 119 24
15 88 15
2 99 2
14 54 14
47 65 47
16 63 16
18 51 18
39 98 39
10 11 10
34 108 34
37 55 37
103 105 85
66 106 66
23 68 23
27 126 27
18 80 18
30 62 30
43 92 43
73 76 73
100 105 85
27 91 27
65 111 65
116 118 85
32 44 32
102 114 85
83 107 83
9 120 9
103 117 85
62 96 62
84 128 84
93 102 85
66 86 66
7 53 7
17 89 17
7 40 7
94 109 85
75 101 75
58 93 58
95 109 85
51 106 51
66 69 66
17 40 17
110 121 85
96 109 85
64 73 64
39 93 39
28 63 28
54 55 54
53 78 53
102 119 85
6 128 6
91 97 85
23 76 23
58 88 58
2 119 2
80 89 80
53 89 53
93 120 85
21 96 21
36 123 36
61 76 61
12 36 12
3 38 3
100 120 85
107 115 85
48 81 48
47 92 47
14 36 14
25 84 25
10 79 10
43 104 43
3 52 3
101 106 85
15 16 15
14 120 14
37 83 37
1 12 1
59 127 59
116 125 85
36 67 36
14 77 14
10 77 10
4 56 4
23 120 23
27 61 27
5 103 5
19 27 19
67 127 67
11 118 11
35 50 35
56 88 56
53 93 53
42 86 42
11 24 11
3 86 3
93 121 85
1 122 1
13 35 13
78 117 78
12 75 12
23 27 23
102 117 85
44 46 44
8 33 8
71 120 71
3 41 3
48 86 48
74 78 74
27 36 27
46 89 46
4 6 4
26 74 26
31 93 31
11 18 11
41 50 41
57 80 57
37 62 37
16 101 16
88 108 85
15 112 15
12 32 12
93 117 85
5 73 5
97 99 85
8 35 8
48 56 48
22 44 22
102 122 85
25 55 25
84 87 84
15 85 15
9 51 9
10 47 10
8 52 8
41 44 41
70 107 70
37 121 37
55 104 55
19 21 19
87 110 85
6 41 6
29 31 29
73 122 73
24 120 24
89 104 85
87 101 85
32 62 32
88 122 85
104 122 85
24 30 24
16 45 16
2 128 2
25 72 25
27 105 27
14 87 14
9 14 9
1 13 1
88 96 85
43 48 43
123 126 85
82 108 82
69 92 69
83 97 83
41 112 41
98 100 85
2 14 2
61 74 61
77 110 77
82 90 82
75 110 75
78 122 78
66 103 66
23 26 23
4 25 4
121 126 85
33 48 33
64 115 64
83 126 83
44 45 44
5 22 5
87 114 85
52 86 52
50 87 50
9 108 9
91 105 85
6 34 6
103 106 85
115 122 85
17 115 17
53 80 53
89 101 85
117 126 85
38 71 38
12 39 12
85 115 85
15 117 15
89 100 85
78 108 78
24 61 24
81 118 81
3 49 3
89 90 85
114 126 85
99 127 85
72 81 72
13 59 13
80 118 80
38 48 38
89 95 85
79 81 79
91 117 85
49 105 49
116 119 85
31 49 31
65 69 65
63 119 63
79 121 79
90 93 85
55 88 55
19 53 19
6 46 6
15 32 15
65 120 65
22 23 22
12 125 12
34 46 34
103 115 85
12 43 12
69 90 69
11 113 11
9 62 9
86 97 85
11 114 11
19 75 19
116 117 85
39 66 39
91 108 85
77 101 77
104 107 85
17 98 17
14 15 14
96 102 85
104 113 85
15 46 15
19 109 19
62 78 62
17 99 17
52 69 52
65 71 65
69 94 69
60 89 60
42 116 42
60 78 60
77 123 77
27 33 27
18 45 18
58 97 58
12 106 12
59 60 59
21 70 21
78 98 78
2 46 2
6 37 6
55 86 55
96 124 85
4 7 4
32 49 32
56 120 56
23 24 23
42 71 42
10 40 10
95 101 85
103 107 85
94 110 85
49 121 49
20 74 20
10 78 10
18 127 18
18 68 18
8 39 8
31 56 31
20 51 20
93 119 85
51 82 51
120 127 85
32 86 32
85 86 85
32 102 32
39 48 39
86 102 85
58 111 58
21 94 21
17 29 17
104 115 85
36 52 36
61 89 61
2 61 2
82 125 82
6 44 6
119 125 85
6 70 6
91 119 85
34 40 34
80 121 80
94 99 85
65 96 65
83 111 83
21 80 21
44 96 44
71 119 71
102 110 85
66 70 66
81 95 81
55 127 55
68 126 68
4 100 4
24 67 24
110 112 85
41 100 41
18 22 18
9 36 9
78 84 78
47 59 47
25 46 25
123 128 85
16 24 16
91 122 85
30 68 30
7 12 7
118 121 85
8 30 8
23 36 23
14 18 14
16 86 16
39 47 39
58 67 58
53 95 53
89 98 85
34 75 34
26 53 26
8 111 8
10 53 10
98 99 85
77 102 77
69 124 69
4 23 4
14 52 14
23 56 23
27 112 27
34 121 34
105 125 85
24 94 24
11 70 11
14 116 14
17 111 17
58 125 58
110 116 85
79 94 79
17 114 17
31 127 31
20 26 20
16 85 16
118 124 85
108 117 85
95 97 85
73 110 73
49 71 49
55 102 55
86 94 85
63 71 63
83 120 83
16 25 16
94 98 85
19 72 19
23 86 23
52 102 52
57 70 57
73 86 73
98 127 85
62 105 62
68 82 68
104 121 85
38 84 38
16 39 16
38 61 38
38 45 38
77 89 77
111 125 85
41 48 41
12 76 12
48 119 48
4 82 4
98 120 85
77 109 77
37 45 37
39 101 39
20 92 20
34 73 34
54 92 54
7 62 7
26 113 26
118 122 85
75 128 75
20 105 20
1 102 1
9 85 9
86 127 85
28 98 28
43 122 43
12 24 12
59 83 59
89 123 85
126 128 85
11 74 11
22 66 22
11 58 11
11 119 11
10 70 10
59 99 59
22 33 22
2 106 2
22 82 22
33 128 33
2 6 2
11 41 11
83 123 83
5 102 5
30 88 30
41 111 41
10 86 10
18 33 18
17 42 17
38 112 38
105 123 85
18 81 18
83 91 83
82 93 82
9 33 9
59 76 59
96 105 85
15 61 15
20 66 20
91 106 85
4 79 4
90 100 85
7 66 7
90 102 85
67 98 67
105 115 85
70 95 70
54 58 54
12 113 12
36 58 36
16 95 16
58 81 58
58 101 58
70 74 70
121 128 85
94 127 85
45 82 45
107 120 85
60 86 60
25 126 25
47 81 47
2 122 2
81 117 81
12 35 12
9 91 9
6 60 6
99 115 85
7 9 7
62 83 62
35 100 35
44 110 44
121 123 85
90 120 85
47 95 47
63 89 63
54 110 54
1 17 1
40 60 40
87 102 85
8 85 8
10 110 10
41 63 41
90 106 85
101 116 85
86 106 85
51 55 51
86 105 85
86 122 85
35 88 35
5 107 5
90 119 85
19 88 19
106 113 85
32 79 32
8 88 8
62 116 62
56 97 56
32 40 32
6 18 6
31 35 31
6 68 6
63 104 63
2 101 2
30 32 30
10 23 10
22 50 22
7 61 7
120 126 85
23 98 23
99 122 85
107 116 85
109 113 85
8 100 8
31 43 31
12 19 12
47 49 47
65 103 65
2 126 2
86 123 85
15 108 15
83 93 83
84 120 84
48 118 48
52 122 52
88 123 85
107 126 85
46 128 46
33 108 33
14 17 14
66 117 66
84 115 84
38 87 38
33 122 33
93 106 85
35 98 35
51 108 51
17 57 17
62 111 62
47 110 47
42 60 42
68 76 68
32 100 32
114 122 85
62 98 62
28 31 28
8 21 8
30 44 30
38 103 38
52 71 52
1 20 1
1 8 1
58 86 58
101 111 85
15 124 15
6 35 6
39 43 39
10 66 10
27 57 27
51 68 51
127 128 85
27 52 27
23 128 23
7 8 7
12 90 12
99 100 85
53 60 53
10 69 10
60 91 60
55 103 55
102 107 85
41 67 41
115 121 85
78 85 78
61 73 61
6 39 6
93 110 85
66 101 66
11 31 11
4 90 4
6 19 6
95 104 85
15 64 15
42 43 42
6 125 6
40 62 40
75 120 75
86 90 85
94 125 85
108 115 85
46 48 46
5 91 5
74 111 74
77 121 77
99 111 85
24 28 24
55 125 55
6 26 6
110 127 85
47 99 47
88 92 85
96 120 85
3 22 3
53 76 53
8 12 8
15 18 15
76 86 76
15 122 15
7 44 7
38 108 38
117 121 85
97 114 85
17 120 17
84 112 84
18 25 18
15 21 15
83 113 83
12 15 12
94 108 85
35 53 35
93 111 85
6 20 6
8 22 8
90 125 85
34 128 34
30 61 30
54 102 54
95 106 85
109 123 85
33 37 33
44 70 44
96 127 85
39 60 39
59 106 59
12 79 12
47 48 47
90 113 85
68 102 68
60 103 60
97 122 85
70 94 70
17 72 17
11 25 11
28 47 28
71 117 71
100 108 85
28 96 28
92 109 85
101 117 85
50 94 50
103 127 85
93 122 85
104 105 85
106 120 85
31 116 31
64 113 64
54 117 54
74 102 74
96 100 85
75 87 75
43 118 43
4 9 4
88 100 85
87 111 85
56 68 56
26 34 26
102 126 85
60 113 60
19 48 19
8 63 8
35 86 35
88 107 85
4 62 4
50 124 50
51 74 51
96 108 85
9 95 9
33 93 33
29 101 29
114 116 85
91 99 85
119 122 85
5 109 5
27 64 27
60 68 60
1 76 1
104 128 85
6 96 6
104 109 85
23 113 23
19 24 19
72 100 72
19 77 19
43 47 43
44 59 44
80 93 80
14 46 14
87 95 85
28 85 28
97 107 85
19 29 19
90 98 85
25 94 25
110 115 85
11 102 11
23 63 23
69 79 69
125 128 85
57 71 57
20 69 20
67 73 67
122 126 85
32 47 32
3 15 3
38 93 38
104 126 85
111 124 85
9 104 9
21 32 21
76 106 76
96 104 85
37 38 37
3 12 3
100 126 85
40 107 40
52 109 52
60 88 60
42 45 42
84 100 84
3 37 3
115 125 85
36 73 36
42 118 42
6 38 6
36 88 36
44 95 44
107 108 85
86 98 85
106 116 85
4 88 4
121 122 85
87 112 85
23 100 23
19 26 19
38 113 38
22 85 22
3 92 3
15 29 15
26 35 26
60 127 60
10 25 10
50 66 50
1 111 1
70 77 70
50 53 50
91 110 85
15 92 15
6 7 6
20 70 20
109 110 85
2 5 2
107 112 85
74 101 74
91 112 85
14 124 14
80 96 80
62 126 62
91 124 85
56 86 56
69 106 69
75 117 75
33 78 33
46 87 46
11 22 11
9 10 9
32 105 32
35 111 35
26 48 26
116 124 85
97 105 85
93 118 85
48 103 48
41 49 41
94 120 85
4 64 4
58 110 58
97 106 85
30 35 30
20 86 20
32 97 32
92 110 85
12 18 12
45 97 45
35 55 35
94 124 85
56 79 56
5 38 5
95 115 85
96 119 85
28 86 28
108 112 85
52 88 52
54 86 54
101 121 85
48 83 48
32 118 32
2 125 2
69 105 69
6 91 6
45 51 45
72 90 72
37 65 37
37 128 37
95 111 85
18 53 18
77 99 77
35 99 35
16 46 16
24 52 24
66 90 66
103 112 85
34 62 34
61 87 61
35 51 35
44 106 44
42 124 42
115 127 85
67 95 67
44 91 44
37 56 37
69 104 69
56 116 56
59 71 59
36 60 36
31 72 31
6 89 6
53 127 53
112 126 85
8 80 8
1 3 1
105 117 85
34 52 34
4 51 4
14 115 14
2 4 2
8 43 8
109 127 85
30 111 30
80 106 80
5 110 5
11 55 11
51 105 51
7 48 7
106 125 85
78 111 78
92 127 85
16 114 16
16 78 16
26 103 26
29 104 29
19 104 19
12 31 12
7 93 7
4 122 4
17 21 17
91 114 85
29 41 29
92 121 85
51 112 51
41 86 41
22 112 22
11 28 11
1 49 1
73 116 73
46 117 46
4 98 4
88 91 85
96 114 85
74 88 74
98 119 85
92 118 85
57 107 57
54 83 54
113 128 85
25 49 25
54 107 54
4 92 4
71 104 71
3 11 3
44 112 44
45 121 45
100 110 85
109 120 85
20 33 20
4 37 4
91 113 85
8 14 8
113 127 85
22 35 22
55 94 55
23 91 23
33 36 33
13 23 13
49 101 49
72 76 72
16 29 16
26 37 26
32 82 32
35 39 35
22 64 22
75 107 75
32 116 32
17 104 17
23 93 23
3 112 3
70 126 70
46 83 46
24 31 24
29 43 29
100 114 85
5 120 5
86 121 85
76 99 76
111 127 85
47 115 47
63 126 63
91 126 85
48 66 48
92 116 85
7 52 7
3 14 3
11 17 11
101 120 85
64 114 64
21 120 21
15 19 15
8 83 8
1 100 1
72 125 72
34 107 34
2 27 2
67 125 67
66 114 66
22 115 22
25 40 25
92 94 85
18 44 18
20 40 20
44 64 44
72 101 72
47 60 47
44 114 44
95 102 85
108 113 85
68 86 68
11 21 11
90 126 85
87 120 85
91 100 85
33 68 33
88 125 85
39 104 39
12 13 12
12 23 12
105 106 85
62 127 62
39 96 39
29 91 29
13 20 13
63 122 63
10 90 10
65 78 65
24 40 24
7 112 7
113 119 85
115 123 85
89 99 85
5 127 5
1 68 1
15 96 15
32 120 32
83 127 83
21 44 21
61 114 61
6 54 6
30 91 30
59 108 59
46 112 46
9 40 9
56 124 56
91 125 85
93 104 85
107 123 85
54 97 54
57 105 57
23 71 23
43 111 43
33 63 33
90 103 85
2 49 2
57 124 57
10 68 10
5 46 5
52 59 52
120 123 85
68 122 68
103 113 85
45 60 45
11 23 11
22 34 22
1 19 1
57 63 57
113 118 85
90 115 85
69 73 69
27 90 27
13 40 13
102 128 85
19 76 19
45 46 45
57 90 57
27 83 27
4 13 4
69 85 69
46 57 46
37 124 37
19 30 19
6 14 6
10 54 10
15 98 15
68 75 68
21 30 21
5 6 5
39 52 39
67 123 67
11 12 11
97 127 85
41 61 41
16 84 16
46 100 46
2 18 2
3 47 3
7 31 7
96 126 85
37 86 37
23 79 23
60 66 60
71 86 71
24 34 24
71 127 71
44 76 44
1 85 1
14 78 14
117 122 85
8 27 8
19 64 19
103 116 85
33 86 33
51 66 51
10 24 10
18 29 18
13 22 13
66 123 66
107 125 85
17 127 17
4 47 4
102 124 85
9 93 9
96 103 85
27 41 27
24 70 24
36 63 36
93 114 85
7 108 7
22 96 22
33 72 33
87 116 85
56 125 56
16 34 16
13 16 13
3 17 3
114 124 85
13 94 13
17 103 17
36 107 36
47 63 47
114 117 85
43 103 43
101 107 85
95 126 85
96 112 85
11 14 11
65 122 65
48 82 48
25 35 25
17 22 17
94 95 85
35 112 35
14 108 14
86 88 85
21 90 21
109 126 85
78 113 78
40 42 40
8 32 8
6 92 6
121 125 85
89 111 85
4 31 4
66 93 66
87 91 85
29 122 29
35 75 35
43 59 43
79 82 79
93 95 85
44 58 44
11 68 11
42 107 42
22 27 22
29 94 29
89 121 85
14 42 14
9 49 9
105 112 85
11 98 11
86 118 85
78 119 78
38 116 38
74 108 74
49 110 49
52 114 52
92 112 85
81 111 81
86 116 85
22 71 22
33 53 33
107 114 85
48 115 48
48 63 48
72 82 72
62 95 62
41 105 41
118 127 85
32 70 32
34 91 34
44 80 44
40 104 40
9 32 9
34 102 34
2 115 2
76 92 76
6 97 6
101 104 85
37 100 37
103 111 85
39 90 39
43 66 43
26 82 26
41 97 41
14 117 14
80 105 80
53 74 53
15 25 15
9 45 9
39 67 39
99 120 85
26 95 26
99 105 85
56 127 56
87 122 85
43 53 43
52 55 52
28 62 28
58 68 58
2 84 2
52 101 52
61 107 61
104 117 85
40 71 40
14 86 14
24 86 24
112 115 85
87 98 85
51 102 51
3 56 3
93 99 85
33 109 33
22 126 22
23 88 23
20 24 20
55 113 55
35 42 35
30 76 30
13 113 13
103 124 85
108 126 85
25 50 25
39 40 39
15 17 15
80 90 80
39 92 39
13 101 13
18 91 18
97 111 85
19 23 19
43 89 43
49 116 49
27 54 27
117 120 85
2 67 2
20 48 20
57 125 57
35 37 35
63 93 63
36 49 36
16 125 16
86 110 85
105 111 85
13 60 13
70 102 70
31 92 31
52 83 52
53 97 53
89 108 85
108 118 85
61 118 61
88 94 85
24 126 24
106 115 85
106 121 85
47 128 47
46 101 46
7 68 7
23 62 23
18 69 18
20 32 20
77 104 77
94 111 85
45 102 45
30 90 30
20 41 20
11 78 11
50 58 50
102 121 85
19 37 19
98 107 85
10 18 10
103 108 85
29 103 29
36 47 36
105 122 85
24 93 24
6 61 6
3 32 3
48 74 48
2 12 2
91 104 85
42 99 42
13 27 13
38 44 38
105 113 85
65 99 65
12 83 12
33 69 33
57 73 57
99 118 85
29 60 29
78 121 78
5 9 5
25 59 25
11 47 11
108 120 85
112 123 85
67 76 67
51 110 51
11 61 11
31 46 31
110 126 85
31 62 31
35 47 35
63 110 63
32 43 32
83 115 83
2 36 2
3 74 3
118 128 85
1 5 1
44 50 44
37 39 37
4 109 4
17 61 17
76 88 76
88 117 85
45 122 45
11 51 11
94 105 85
40 76 40
115 119 85
29 117 29
73 92 73
77 117 77
122 127 85
39 125 39
3 26 3
88 126 85
24 45 24
64 79 64
5 84 5
5 65 5
112 118 85
33 67 33
2 21 2
115 120 85
23 125 23
120 124 85
45 58 45
89 94 85
99 102 85
89 122 85
73 117 73
84 94 84
10 88 10
124 125 85
37 41 37
111 116 85
53 86 53
18 120 18
62 88 62
96 107 85
39 55 39
47 90 47
3 13 3
89 128 85
31 77 31
43 93 43
99 116 85
118 120 85
44 83 44
23 64 23
2 114 2
56 119 56
9 44 9
111 118 85
4 60 4
84 104 84
117 119 85
27 108 27
60 97 60
13 48 13
37 116 37
43 97 43
96 99 85
97 110 85
87 123 85
18 115 18
15 86 15
24 65 24
21 50 21
89 102 85
88 95 85
11 128 11
46 62 46
88 118 85
68 118 68
9 39 9
59 67 59
21 22 21
85 128 85
6 29 6
110 125 85
8 74 8
47 73 47
34 98 34
55 122 55
1 98 1
82 84 82
98 126 85
47 70 47
33 54 33
21 117 21
2 9 2
7 13 7
25 43 25
59 70 59
19 49 19
34 86 34
90 117 85
49 61 49
37 64 37
9 64 9
19 38 19
5 125 5
50 122 50
75 106 75
19 52 19
2 72 2
14 88 14
10 19 10
12 49 12
2 64 2
15 43 15
105 127 85
98 102 85
8 15 8
41 45 41
50 83 50
12 64 12
6 52 6
91 93 85
102 113 85
119 121 85
3 121 3
5 42 5
55 78 55
77 78 77
2 86 2
21 71 21
79 95 79
122 123 85
2 100 2
78 116 78
42 53 42
61 96 61
46 54 46
16 67 16
27 29 27
70 125 70
7 57 7
27 107 27
28 59 28
46 103 46
7 29 7
53 113 53
30 38 30
49 54 49
31 102 31
56 90 56
23 95 23
3 23 3
62 120 62
73 115 73
36 48 36
4 12 4
69 123 69
34 65 34
76 128 76
26 125 26
86 117 85
18 74 18
2 23 2
2 53 2
20 28 20
23 51 23
34 50 34
53 87 53
9 79 9
13 105 13
70 81 70
103 120 85
86 95 85
9 110 9
10 45 10
12 50 12
14 93 14
29 77 29
17 55 17
90 116 85
19 28 19
88 124 85
41 101 41
54 93 54
68 83 68
48 90 48
44 117 44
103 104 85
33 81 33
116 123 85
48 98 48
98 110 85
6 72 6
51 88 51
120 121 85
7 30 7
61 101 61
107 110 85
114 128 85
6 113 6
97 104 85
39 108 39
6 82 6
69 108 69
17 46 17
104 108 85
4 24 4
8 10 8
16 106 16
10 81 10
47 113 47
22 119 22
4 42 4
2 8 2
6 17 6
22 75 22
44 84 44
68 113 68
25 53 25
14 27 14
18 121 18
40 57 40
106 117 85
14 69 14
92 97 85
19 68 19
75 116 75
101 102 85
2 50 2
92 103 85
1 6 1
61 63 61
10 75 10
62 71 62
4 43 4
105 110 85
91 123 85
10 16 10
10 39 10
14 25 14
58 74 58
111 128 85
70 119 70
14 98 14
65 92 65
89 126 85
17 84 17
18 54 18
13 64 13
105 108 85
37 125 37
2 22 2
26 87 26
8 40 8
100 117 85
2 97 2
37 123 37
47 67 47
112 117 85
17 45 17
111 112 85
40 82 40
49 83 49
46 95 46
93 103 85
100 112 85
83 116 83
5 26 5
29 42 29
67 88 67
19 92 19
73 82 73
38 40 38
41 98 41
40 105 40
83 86 83
13 96 13
6 121 6
37 109 37
41 93 41
10 76 10
18 39 18
81 128 81
51 85 51
50 80 50
99 107 85
30 69 30
50 56 50
31 45 31
94 114 85
93 112 85
57 86 57
14 38 14
32 88 32
93 100 85
3 29 3
101 110 85
86 111 85
39 65 39
22 109 22
30 84 30
22 69 22
23 117 23
39 118 39
1 14 1
51 122 51
9 13 9
17 51 17
1 29 1
57 115 57
46 66 46
6 31 6
70 106 70
92 120 85
12 85 12
63 108 63
84 127 84
65 117 65
93 127 85
12 128 12
60 83 60
10 28 10
61 80 61
9 15 9
6 13 6
28 65 28
4 30 4
55 112 55
28 101 28
58 108 58
18 46 18
57 83 57
34 113 34
3 124 3
8 117 8
23 38 23
22 41 22
16 117 16
87 125 85
101 118 85
84 105 84
49 90 49
101 126 85
53 99 53
3 100 3
95 125 85
50 99 50
36 102 36
50 104 50
43 110 43
104 114 85
11 59 11
9 30 9
7 32 7
45 111 45
60 94 60
74 120 74
35 91 35
116 127 85
42 49 42
12 70 12
8 44 8
63 72 63
33 35 33
63 82 63
11 66 11
65 66 65
9 89 9
4 52 4
90 97 85
31 124 31
39 76 39
90 92 85
46 58 46
26 42 26
30 52 30
54 71 54
106 118 85
78 118 78
71 84 71
86 126 85
8 75 8
67 79 67
15 57 15
1 128 1
87 97 85
16 105 16
86 114 85
37 67 37
51 118 51
19 54 19
5 126 5
89 127 85
2 15 2
84 124 84
99 114 85
47 57 47
97 123 85
83 119 83
15 55 15
60 122 60
15 22 15
64 99 64
104 116 85
102 103 85
33 82 33
16 76 16
17 26 17
86 115 85
78 87 78
54 67 54
9 18 9
47 117 47
97 117 85
24 47 24
4 77 4
21 102 21
18 116 18
24 35 24
10 72 10
63 100 63
19 116 19
64 101 64
38 114 38
89 115 85
3 99 3
55 69 55
109 114 85
10 101 10
25 31 25
106 126 85
43 98 43
23 42 23
2 3 2
22 88 22
98 128 85
26 86 26
98 114 85
12 92 12
33 101 33
6 112 6
5 119 5
108 116 85
30 79 30
32 34 32
82 111 82
55 99 55
18 88 18
9 78 9
96 128 85
14 19 14
119 123 85
13 33 13
116 121 85
63 112 63
25 41 25
34 106 34
39 88 39
9 27 9
34 109 34
119 120 85
35 127 35
34 69 34
29 58 29
95 124 85
114 120 85
34 45 34
13 112 13
10 122 10
52 116 52
88 99 85
102 106 85
84 86 84
33 89 33
4 34 4
112 121 85
31 59 31
75 114 75
37 49 37
72 128 72
9 73 9
43 87 43
36 55 36
23 33 23
31 64 31
42 82 42
15 39 15
31 110 31
22 94 22
12 27 12
4 10 4
96 121 85
27 30 27
21 31 21
91 107 85
64 98 64
17 106 17
51 60 51
32 81 32
87 104 85
42 80 42
13 14 13
14 62 14
106 127 85
46 104 46
54 78 54
53 61 53
21 42 21
97 128 85
3 76 3
77 106 77
88 114 85
111 113 85
113 121 85
86 96 85
5 10 5
95 118 85
23 31 23
30 95 30
46 86 46
90 110 85
49 99 49
24 56 24
52 54 52
120 125 85
88 106 85
109 119 85
68 93 68
53 119 53
4 5 4
34 44 34
85 103 85
65 119 65
85 101 85
19 122 19
6 36 6
33 116 33
7 63 7
100 122 85
18 20 18
14 61 14
21 118 21
50 86 50
1 51 1
62 110 62
62 107 62
6 57 6
57 95 57
40 94 40
63 94 63
14 97 14
17 128 17
71 108 71
9 19 9
63 109 63
78 86 78
20 55 20
27 86 27
31 76 31
40 54 40
106 128 85
26 105 26
57 112 57
5 24 5
91 103 85
98 101 85
109 118 85
52 112 52
7 124 7
37 103 37
49 86 49
13 42 13
30 42 30
38 117 38
60 116 60
13 51 13
13 108 13
112 125 85
103 114 85
57 89 57
2 11 2
106 108 85
90 95 85
2 37 2
33 110 33
18 26 18
24 107 24
12 21 12
99 113 85
88 112 85
96 115 85
13 87 13
21 127 21
14 121 14
54 109 54
64 122 64
86 100 85
92 115 85
32 46 32
54 84 54
71 124 71
57 75 57
95 98 85
64 104 64
97 113 85
92 123 85
44 86 44
101 123 85
6 74 6
40 66 40
34 117 34
41 92 41
79 88 79
48 95 48
10 17 10
31 32 31
85 127 85
25 73 25
29 49 29
102 111 85
89 107 85
97 120 85
5 113 5
103 109 85
28 46 28
51 91 51
37 80 37
94 96 85
81 82 81
3 6 3
81 101 81
104 127 85
8 45 8
6 116 6
84 92 84
88 104 85
95 120 85
80 100 80
92 93 85
37 52 37
22 111 22
48 72 48
68 77 68
3 45 3
85 126 85
36 78 36
86 120 85
52 91 52
78 83 78
96 116 85
32 64 32
8 62 8
4 83 4
24 101 24
14 66 14
34 112 34
11 13 11
98 111 85
39 64 39
12 127 12
105 116 85
110 111 85
38 128 38
64 108 64
58 76 58
38 42 38
31 48 31
3 67 3
22 62 22
52 90 52
32 58 32
14 44 14
23 77 23
54 94 54
16 83 16
26 111 26
59 128 59
22 90 22
42 81 42
37 43 37
106 107 85
40 91 40
97 109 85
7 41 7
44 56 44
13 50 13
18 89 18
87 96 85
99 123 85
5 78 5
8 103 8
92 95 85
90 107 85
25 51 25
27 43 27
6 90 6
9 80 9
10 41 10
104 106 85
3 84 3
12 66 12
88 109 85
36 75 36
108 114 85
54 104 54
3 20 3
60 72 60
104 112 85
108 122 85
68 95 68
28 60 28
7 26 7
98 117 85
76 116 76
26 67 26
30 101 30
67 86 67
17 64 17
8 106 8
53 114 53
95 112 85
5 108 5
12 124 12
8 108 8
83 106 83
3 10 3
95 110 85
28 41 28
115 116 85
58 123 58
21 25 21
5 116 5
16 93 16
14 30 14
47 68 47
17 27 17
15 60 15
20 73 20
11 60 11
65 86 65
7 17 7
25 42 25
12 107 12
74 86 74
75 94 75
38 43 38
72 127 72
63 116 63
28 90 28
17 108 17
26 36 26
77 114 77
30 81 30
30 34 30
30 80 30
10 21 10
10 35 10
6 117 6
24 54 24
95 116 85
49 97 49
74 76 74
33 80 33
46 97 46
106 119 85
61 69 61
35 83 35
47 71 47
5 75 5
82 96 82
20 65 20
54 82 54
54 57 54
27 39 27
94 118 85
92 128 85
7 113 7
15 106 15
15 49 15
25 74 25
61 94 61
112 124 85
32 41 32
12 115 12
27 100 27
93 101 85
57 58 57
20 108 20
94 101 85
65 79 65
33 111 33
93 97 85
49 87 49
15 27 15
22 38 22
4 95 4
8 99 8
21 69 21
5 64 5
87 93 85
101 119 85
116 126 85
7 86 7
80 109 80
73 98 73
17 38 17
35 46 35
65 98 65
72 121 72
30 53 30
4 103 4
29 35 29
101 114 85
31 57 31
22 53 22
93 98 85
5 49 5
101 124 85
13 15 13
111 121 85
79 128 79
111 126 85
13 17 13
48 50 48
15 30 15
54 126 54
106 109 85
45 67 45
3 50 3
32 111 32
44 115 44
46 84 46
75 118 75
43 51 43
9 24 9
11 67 11
7 118 7
89 118 85
37 72 37
29 97 29
70 86 70
78 79 78
24 79 24
49 104 49
51 72 51
44 67 44
54 88 54
44 53 44
61 72 61
94 128 85
15 33 15
54 56 54
12 86 12
19 113 19
71 126 71
96 110 85
14 68 14
108 121 85
88 120 85
18 52 18
108 128 85
44 79 44
117 124 85
35 107 35
80 86 80
91 116 85
67 92 67
66 102 66
6 126 6
43 67 43
6 67 6
4 18 4
74 122 74
98 124 85
100 127 85
32 124 32
75 113 75
35 82 35
20 34 20
43 52 43
6 43 6
24 42 24
41 60 41
19 50 19
62 90 62
66 108 66
12 22 12
11 40 11
86 125 85
12 89 12
30 64 30
55 75 55
2 65 2
91 115 85
30 70 30
73 79 73
15 44 15
89 125 85
16 22 16
56 117 56
10 126 10
102 116 85
43 79 43
56 70 56
32 121 32
97 119 85
90 122 85
29 100 29
29 110 29
39 116 39
3 69 3
3 7 3
5 63 5
32 110 32
10 58 10
91 128 85
3 5 3
93 126 85
83 124 83
18 90 18
2 19 2
14 28 14
110 118 85
101 109 85
2 48 2
106 114 85
115 117 85
23 72 23
25 86 25
93 124 85
70 76 70
87 124 85
34 42 34
30 124 30
89 113 85
13 39 13
63 65 63
122 124 85
29 34 29
36 40 36
66 94 66
102 123 85
60 80 60
34 49 34
35 94 35
107 121 85
22 29 22
38 65 38
69 101 69
87 103 85
23 122 23
2 68 2
1 66 1
11 54 11
71 107 71
97 108 85
64 75 64
7 36 7
28 32 28
6 23 6
21 112 21
45 79 45
81 112 81
15 73 15
56 96 56
94 112 85
25 108 25
10 55 10
15 59 15
123 125 85
94 100 85
6 47 6
26 81 26
107 124 85
69 86 69
25 37 25
66 88 66
93 109 85
62 66 62
40 69 40
34 95 34
93 125 85
1 60 1
51 79 51
29 66 29
38 69 38
53 75 53
63 105 63
125 126 85
58 122 58
7 78 7
55 93 55
42 88 42
41 68 41
100 115 85
6 86 6
4 21 4
42 127 42
63 113 63
92 100 85
5 14 5
55 128 55
31 91 31
16 31 16
83 112 83
39 107 39
28 119 28
39 82 39
27 98 27
7 88 7
95 113 85
23 61 23
1 4 1
3 78 3
95 127 85
115 118 85
58 80 58
11 62 11
77 103 77
18 126 18
80 81 80
1 9 1
63 118 63
97 98 85
17 53 17
20 60 20
4 22 4
59 63 59
11 111 11
20 82 20
34 63 34
42 96 42
21 61 21
118 119 85
17 90 17
61 93 61
33 112 33
16 19 16
92 99 85
24 59 24
24 29 24
64 68 64
9 118 9
22 89 22
13 110 13
40 92 40
91 109 85
8 127 8
48 53 48
59 78 59
1 83 1
108 125 85
6 33 6
23 127 23
16 40 16
84 122 84
30 50 30
110 128 85
91 94 85
28 37 28
14 47 14
45 70 45
31 117 31
38 77 38
44 66 44
5 58 5
5 16 5
12 28 12
98 121 85
47 86 47
5 96 5
51 101 51
94 121 85
21 24 21
33 46 33
2 47 2
85 116 85
86 124 85
16 121 16
16 119 16
113 125 85
71 94 71
6 21 6
79 127 79
2 110 2
1 42 1
44 74 44
6 9 6
102 105 85
27 34 27
16 33 16
5 23 5
83 85 83
16 88 16
75 121 75
70 71 70
33 95 33
20 89 20
35 105 35
80 128 80
27 78 27
17 32 17
35 70 35
86 89 85
86 108 85
99 125 85
19 25 19
49 113 49
19 39 19
112 128 85
48 75 48
42 115 42
92 114 85
70 97 70
31 86 31
90 118 85
53 81 53
52 115 52
14 75 14
90 108 85
110 113 85
18 56 18
66 73 66
25 29 25
19 118 19
33 77 33
5 71 5
72 103 72
5 124 5
47 84 47
23 45 23
50 63 50
15 35 15
5 34 5
3 75 3
29 71 29
2 43 2
18 86 18
57 111 57
28 106 28
33 55 33
100 107 85
17 35 17
87 89 85
11 69 11
61 86 61
14 22 14
39 95 39
37 106 37
50 125 50
51 86 51
3 53 3
87 88 85
36 57 36
15 75 15
40 68 40
119 126 85
76 114 76
17 92 17
90 123 85
49 66 49
5 37 5
43 82 43
15 102 15
100 104 85
47 119 47
60 63 60
40 72 40
64 72 64
30 46 30
100 102 85
56 103 56
41 126 41
110 117 85
90 111 85
35 48 35
31 42 31
36 82 36
79 97 79
1 91 1
50 93 50
13 31 13
5 114 5
1 57 1
21 114 21
92 111 85
18 28 18
5 106 5
9 22 9
26 76 26
14 24 14
53 70 53
10 109 10
19 36 19
29 38 29
11 110 11
22 39 22
39 115 39
87 107 85
2 7 2
19 100 19
76 117 76
65 84 65
17 86 17
95 108 85
23 50 23
65 91 65
97 102 85
52 89 52
105 118 85
76 84 76
33 125 33
104 118 85
36 116 36
1 110 1
38 56 38
49 91 49
1 15 1
95 105 85
59 74 59
100 119 85
13 98 13
22 45 22
1 38 1
85 125 85
94 113 85
107 119 85
29 33 29
100 101 85
54 80 54
5 45 5
8 9 8
36 86 36
66 95 66
4 38 4
47 50 47
38 55 38
59 75 59
87 128 85
2 13 2
82 91 82
57 81 57
26 44 26
15 51 15
99 126 85
43 123 43
43 77 43
86 93 85
17 25 17
85 98 85
4 86 4
2 16 2
30 122 30
39 57 39
1 10 1
105 126 85
17 19 17
83 109 83
53 71 53
15 110 15
111 117 85
11 16 11
11 85 11
18 107 18
7 21 7
88 90 85
77 108 77
21 39 21
9 16 9
92 119 85
27 97 27
113 126 85
125 127 85
6 8 6
63 123 63
19 107 19
49 95 49
9 56 9
17 28 17
3 19 3
55 73 55
36 110 36
33 83 33
25 71 25
115 124 85
96 101 85
69 88 69
106 112 85
39 72 39
40 78 40
91 92 85
97 103 85
21 99 21
98 125 85
22 24 22
17 85 17
36 37 36
98 103 85
80 119 80
53 115 53
67 104 67
35 49 35
17 63 17
91 96 85
5 118 5
24 64 24
101 127 85
60 95 60
55 59 55
113 117 85
30 43 30
21 86 21
50 102 50
2 38 2
11 36 11
60 110 60
47 105 47
115 128 85
65 105 65
97 115 85
50 79 50
28 108 28
12 114 12
8 91 8
1 124 1
16 23 16
12 77 12
86 109 85
38 59 38
7 49 7
85 91 85
3 117 3
34 126 34
31 54 31
97 121 85
86 91 85
45 108 45
117 125 85
103 110 85
92 105 85
13 36 13
27 84 27
88 89 85
34 59 34
90 96 85
66 67 66
44 78 44
44 124 44
19 46 19
81 83 81
5 48 5
68 96 68
25 85 25
8 86 8
7 85 7
16 80 16
96 125 85
19 35 19
54 105 54
75 125 75
46 99 46
20 103 20
12 62 12
105 114 85
17 43 17
59 97 59
7 102 7
92 126 85
24 89 24
112 116 85
87 99 85
57 60 57
48 93 48
87 92 85
1 11 1
10 38 10
11 63 11
8 60 8
11 52 11
15 99 15
79 103 79
109 125 85
38 68 38
107 117 85
59 68 59
90 101 85
119 128 85
62 65 62
38 99 38
104 123 85
99 110 85
97 118 85
30 40 30
72 83 72
77 86 77
52 57 52
