1024 511
2 3 1
4 5 2
6 7 4
8 9 6
10 11 8
12 13 10
14 15 12
16 17 14
18 19 16
20 21 18
22 23 20
24 25 22
26 27 24
28 29 26
30 31 28
32 33 30
34 35 32
36 37 34
38 39 36
40 41 38
42 43 40
44 45 42
46 47 44
48 49 46
50 51 48
52 53 50
54 55 52
56 57 54
58 59 56
60 61 58
62 63 60
64 65 62
66 67 64
68 69 66
70 71 68
72 73 70
74 75 72
76 77 74
78 79 76
80 81 78
82 83 80
84 85 82
86 87 84
88 89 86
90 91 88
92 93 90
94 95 92
96 97 94
98 99 96
100 101 98
102 103 100
104 105 102
106 107 104
108 109 106
110 111 108
112 113 110
114 115 112
116 117 114
118 119 116
120 121 118
122 123 120
124 125 122
126 127 124
128 129 126
130 131 128
132 133 130
134 135 132
136 137 134
138 139 136
140 141 138
142 143 140
144 145 142
146 147 144
148 149 146
150 151 148
152 153 150
154 155 152
156 157 154
158 159 156
160 161 158
162 163 160
164 165 162
166 167 164
168 169 166
170 171 168
172 173 170
174 175 172
176 177 174
178 179 176
180 181 178
182 183 180
184 185 182
186 187 184
188 189 186
190 191 188
192 193 190
194 195 192
196 197 194
198 199 196
200 201 198
202 203 200
204 205 202
206 207 204
208 209 206
210 211 208
212 213 210
214 215 212
216 217 214
218 219 216
220 221 218
222 223 220
224 225 222
226 227 224
228 229 226
230 231 228
232 233 230
234 235 232
236 237 234
238 239 236
240 241 238
242 243 240
244 245 242
246 247 244
248 249 246
250 251 248
252 253 250
254 255 252
256 257 254
258 259 256
260 261 258
262 263 260
264 265 262
266 267 264
268 269 266
270 271 268
272 273 270
274 275 272
276 277 274
278 279 276
280 281 278
282 283 280
284 285 282
286 287 284
288 289 286
290 291 288
292 293 290
294 295 292
296 297 294
298 299 296
300 301 298
302 303 300
304 305 302
306 307 304
308 309 306
310 311 308
312 313 310
314 315 312
316 317 314
318 319 316
320 321 318
322 323 320
324 325 322
326 327 324
328 329 326
330 331 328
332 333 330
334 335 332
336 337 334
338 339 336
340 341 338
342 343 340
344 345 342
346 347 344
348 349 346
350 351 348
352 353 350
354 355 352
356 357 354
358 359 356
360 361 358
362 363 360
364 365 362
366 367 364
368 369 366
370 371 368
372 373 370
374 375 372
376 377 374
378 379 376
380 381 378
382 383 380
384 385 382
386 387 384
388 389 386
390 391 388
392 393 390
394 395 392
396 397 394
398 399 396
400 401 398
402 403 400
404 405 402
406 407 404
408 409 406
410 411 408
412 413 410
414 415 412
416 417 414
418 419 416
420 421 418
422 423 420
424 425 422
426 427 424
428 429 426
430 431 428
432 433 430
434 435 432
436 437 434
438 439 436
440 441 438
442 443 440
444 445 442
446 447 444
448 449 446
450 451 448
452 453 450
454 455 452
456 457 454
458 459 456
460 461 458
462 463 460
464 465 462
466 467 464
468 469 466
470 471 468
472 473 470
474 475 472
476 477 474
478 479 476
480 481 478
482 483 480
484 485 482
486 487 484
488 489 486
490 491 488
492 493 490
494 495 492
496 497 494
498 499 496
500 501 498
502 503 500
504 505 502
506 507 504
508 509 506
510 511 508
512 513 510
514 515 512
516 517 514
518 519 516
520 521 518
522 523 520
524 525 522
526 527 524
528 529 526
530 531 528
532 533 530
534 535 532
536 537 534
538 539 536
540 541 538
542 543 540
544 545 542
546 547 544
548 549 546
550 551 548
552 553 550
554 555 552
556 557 554
558 559 556
560 561 558
562 563 560
564 565 562
566 567 564
568 569 566
570 571 568
572 573 570
574 575 572
576 577 574
578 579 576
580 581 578
582 583 580
584 585 582
586 587 584
588 589 586
590 591 588
592 593 590
594 595 592
596 597 594
598 599 596
600 601 598
602 603 600
604 605 602
606 607 604
608 609 606
610 611 608
612 613 610
614 615 612
616 617 614
618 619 616
620 621 618
622 623 620
624 625 622
626 627 624
628 629 626
630 631 628
632 633 630
634 635 632
636 637 634
638 639 636
640 641 638
642 643 640
644 645 642
646 647 644
648 649 646
650 651 648
652 653 650
654 655 652
656 657 654
658 659 656
660 661 658
662 663 660
664 665 662
666 667 664
668 669 666
670 671 668
672 673 670
674 675 672
676 677 674
678 679 676
680 681 678
682 683 680
684 685 682
686 687 684
688 689 686
690 691 688
692 693 690
694 695 692
696 697 694
698 699 696
700 701 698
702 703 700
704 705 702
706 707 704
708 709 706
710 711 708
712 713 710
714 715 712
716 717 714
718 719 716
720 721 718
722 723 720
724 725 722
726 727 724
728 729 726
730 731 728
732 733 730
734 735 732
736 737 734
738 739 736
740 741 738
742 743 740
744 745 742
746 747 744
748 749 746
750 751 748
752 753 750
754 755 752
756 757 754
758 759 756
760 761 758
762 763 760
764 765 762
766 767 764
768 769 766
770 771 768
772 773 770
774 775 772
776 777 774
778 779 776
780 781 778
782 783 780
784 785 782
786 787 784
788 789 786
790 791 788
792 793 790
794 795 792
796 797 794
798 799 796
800 801 798
802 803 800
804 805 802
806 807 804
808 809 806
810 811 808
812 813 810
814 815 812
816 817 814
818 819 816
820 821 818
822 823 820
824 825 822
826 827 824
828 829 826
830 831 828
832 833 830
834 835 832
836 837 834
838 839 836
840 841 838
842 843 840
844 845 842
846 847 844
848 849 846
850 851 848
852 853 850
854 855 852
856 857 854
858 859 856
860 861 858
862 863 860
864 865 862
866 867 864
868 869 866
870 871 868
872 873 870
874 875 872
876 877 874
878 879 876
880 881 878
882 883 880
884 885 882
886 887 884
888 889 886
890 891 888
892 893 890
894 895 892
896 897 894
898 899 896
900 901 898
902 903 900
904 905 902
906 907 904
908 909 906
910 911 908
912 913 910
914 915 912
916 917 914
918 919 916
920 921 918
922 923 920
924 925 922
926 927 924
928 929 926
930 931 928
932 933 930
934 935 932
936 937 934
938 939 936
940 941 938
942 943 940
944 945 942
946 947 944
948 949 946
950 951 948
952 953 950
954 955 952
956 957 954
958 959 956
960 961 958
962 963 960
964 965 962
966 967 964
968 969 966
970 971 968
972 973 970
974 975 972
976 977 974
978 979 976
980 981 978
982 983 980
984 985 982
986 987 984
988 989 986
990 991 988
992 993 990
994 995 992
996 997 994
998 999 996
1000 1001 998
1002 1003 1000
1004 1005 1002
1006 1007 1004
1008 1009 1006
1010 1011 1008
1012 1013 1010
1014 1015 1012
1016 1017 1014
1018 1019 1016
1020 1021 1018
1022 1023 1020
