256 6808
192 256 1
160 256 2
192 224 3
144 256 4
160 176 5
192 208 6
224 240 7
136 256 8
144 152 9
160 168 10
176 184 11
192 200 12
208 216 13
224 232 14
240 248 15
132 256 16
136 140 17
144 148 18
152 156 19
160 164 20
168 172 21
176 180 22
184 188 23
192 196 24
200 204 25
208 212 26
216 220 27
224 228 28
232 236 29
240 244 30
248 252 31
130 256 32
132 134 33
136 138 34
140 142 35
144 146 36
148 150 37
152 154 38
156 158 39
160 162 40
164 166 41
168 170 42
172 174 43
176 178 44
180 182 45
184 186 46
188 190 47
192 194 48
196 198 49
200 202 50
204 206 51
208 210 52
212 214 53
216 218 54
220 222 55
224 226 56
228 230 57
232 234 58
236 238 59
240 242 60
244 246 61
248 250 62
252 254 63
129 256 64
130 131 65
132 133 66
134 135 67
136 137 68
138 139 69
140 141 70
142 143 71
144 145 72
146 147 73
148 149 74
150 151 75
152 153 76
154 155 77
156 157 78
158 159 79
160 161 80
162 163 81
164 165 82
166 167 83
168 169 84
170 171 85
172 173 86
174 175 87
176 177 88
178 179 89
180 181 90
182 183 91
184 185 92
186 187 93
188 189 94
190 191 95
192 193 96
194 195 97
196 197 98
198 199 99
200 201 100
202 203 101
204 205 102
206 207 103
208 209 104
210 211 105
212 213 106
214 215 107
216 217 108
218 219 109
220 221 110
222 223 111
224 225 112
226 227 113
228 229 114
230 231 115
232 233 116
234 235 117
236 237 118
238 239 119
240 241 120
242 243 121
244 245 122
246 247 123
248 249 124
250 251 125
252 253 126
254 255 127
241 256 1
45 256 2
202 238 3
76 129 4
89 171 5
206 209 6
63 118 7
68 134 8
19 150 9
80 174 10
89 184 11
197 200 12
27 105 13
112 239 14
125 241 15
64 132 16
138 141 17
145 149 18
39 152 19
41 81 20
85 173 21
44 182 22
46 191 23
99 192 24
201 207 25
211 212 26
54 110 27
114 224 28
234 236 29
122 243 30
250 254 31
64 65 32
66 67 33
137 138 34
71 141 35
73 144 36
149 150 37
81 161 40
165 167 41
86 87 43
176 179 44
91 180 45
93 184 46
188 191 47
193 194 48
98 199 49
201 202 50
209 210 52
106 214 53
217 218 54
110 222 55
112 227 56
229 231 57
233 235 58
118 119 59
121 241 60
123 244 61
124 125 62
126 254 63
78 241 1
127 241 15
2 10 2
177 189 11
135 142 8
61 167 1
37 149 37
10 160 10
160 187 5
189 191 47
1 112 1
4 237 1
48 252 3
28 125 7
8 129 8
25 131 1
157 229 1
113 226 113
92 100 1
10 165 10
61 243 30
184 187 46
60 115 7
126 142 1
37 51 1
165 166 41
15 68 1
144 150 18
19 36 9
183 224 1
9 119 1
2 38 2
220 223 55
229 230 57
1 54 1
105 212 26
32 254 1
153 157 19
178 183 22
47 102 1
10 19 2
19 142 4
11 186 11
33 135 33
83 85 10
1 222 1
158 212 1
8 141 8
37 121 1
99 205 12
107 248 3
152 201 1
165 198 1
49 198 49
146 152 9
76 154 38
59 239 59
52 245 3
7 238 7
53 188 1
73 77 9
32 134 16
76 155 38
88 89 44
126 248 31
222 245 3
126 198 3
92 93 46
104 119 3
28 41 1
100 227 3
102 103 51
86 174 43
108 218 54
185 194 1
98 99 49
1 193 1
82 166 41
94 190 47
68 143 17
12 97 12
124 251 62
200 203 50
59 114 14
71 234 1
100 199 12
88 178 44
8 69 8
130 199 1
76 153 76
112 115 28
161 166 20
87 229 1
9 177 2
70 143 35
3 109 3
151 161 2
6 52 6
3 30 3
33 160 2
195 198 24
54 209 13
20 86 10
56 118 14
46 177 11
119 237 59
69 196 1
12 48 12
157 239 1
105 209 52
84 247 1
143 153 4
145 171 2
45 178 22
75 150 75
16 130 16
160 163 40
65 136 8
9 141 4
34 104 1
26 53 26
110 223 55
86 201 1
59 197 3
14 57 14
116 234 58
214 228 3
6 53 6
5 183 5
41 167 41
193 195 48
8 139 8
111 220 55
19 154 19
21 44 5
145 147 36
212 218 13
89 177 44
27 212 13
30 117 7
136 159 4
2 159 2
91 168 5
56 90 1
38 79 19
4 74 4
169 175 21
109 218 109
175 190 5
60 200 3
117 233 58
183 235 1
185 190 23
101 103 25
74 75 37
1 64 1
23 81 5
118 232 29
80 186 5
45 177 22
29 112 14
1 2 1
92 187 46
152 232 1
4 176 2
241 246 30
7 57 7
71 106 1
61 87 1
114 250 7
131 157 4
194 198 24
9 147 9
8 155 4
177 180 22
69 173 2
40 161 40
243 245 30
125 248 62
32 204 1
6 13 6
44 63 1
6 240 3
8 76 4
95 226 1
11 171 5
174 224 1
62 250 62
128 129 64
50 222 6
120 245 30
69 136 34
128 182 2
54 246 3
23 221 1
197 218 6
68 69 34
143 156 4
15 255 15
4 135 4
88 141 2
133 253 1
26 89 1
6 200 6
119 235 29
84 228 1
59 248 7
37 153 9
166 185 5
38 125 1
219 244 3
1 31 1
113 190 1
122 240 30
139 225 1
14 100 3
12 184 1
59 113 14
48 195 48
3 253 3
15 125 15
204 233 3
3 122 3
113 238 14
216 255 3
59 100 3
2 154 2
230 240 7
111 226 3
1 71 1
121 244 30
10 256 2
1 162 1
71 140 35
62 219 3
12 14 3
10 166 10
140 174 2
64 134 16
38 75 9
96 195 48
137 159 4
212 215 53
7 77 1
253 254 63
116 235 58
22 33 2
18 146 18
50 59 3
12 98 12
94 95 47
91 101 1
105 246 3
203 227 3
89 135 2
113 232 14
2 140 2
3 49 3
31 127 31
29 85 1
131 149 4
59 225 14
63 65 1
117 242 7
120 238 7
84 174 21
55 111 55
71 235 1
236 254 7
23 131 2
174 186 5
97 192 48
74 133 4
41 99 1
1 68 1
237 238 59
105 211 105
1 163 1
6 222 6
3 31 3
76 144 9
5 226 1
245 246 61
77 191 2
75 92 2
127 252 63
20 74 2
107 203 6
7 252 7
3 200 3
14 118 14
4 18 4
99 226 3
29 239 29
42 165 10
46 76 2
121 240 60
37 230 1
24 99 24
99 195 24
3 112 3
73 136 4
136 183 2
137 143 17
68 108 1
87 174 87
154 220 1
20 46 5
97 194 97
24 194 24
189 201 1
19 88 2
80 81 40
89 94 11
3 117 3
4 133 4
107 213 53
96 103 12
6 210 6
100 202 50
45 182 45
111 221 55
155 252 1
30 138 1
15 127 15
5 25 1
46 186 46
126 127 63
87 172 43
66 130 16
65 256 32
82 172 10
14 56 14
27 111 27
44 89 44
1 72 1
9 145 9
64 69 8
113 225 56
11 64 2
4 193 1
192 195 48
128 134 16
99 139 1
99 200 12
95 175 5
245 247 61
142 208 1
10 170 10
198 217 6
51 206 51
101 160 1
74 146 18
105 201 6
39 191 2
1 87 1
50 113 3
85 243 1
105 215 26
122 238 7
124 126 31
35 110 1
31 220 3
52 104 52
2 161 2
209 221 13
144 147 36
93 199 1
45 152 2
89 176 44
16 28 1
37 130 4
35 143 35
5 45 5
107 146 1
249 252 31
50 53 6
54 200 6
230 238 14
27 150 1
7 253 7
108 109 54
186 244 1
93 174 5
223 230 3
117 124 7
160 243 1
25 145 1
164 167 41
41 162 20
42 175 21
202 206 25
199 227 3
111 200 6
48 148 1
52 229 3
97 114 3
46 156 2
34 71 17
159 166 2
86 175 43
11 162 5
128 135 16
36 181 2
171 196 1
24 234 3
7 248 7
60 243 60
10 174 10
15 62 15
1 252 1
58 228 14
218 222 27
7 58 7
46 132 2
84 184 5
228 242 7
6 236 3
181 182 45
55 181 1
30 123 30
95 183 11
28 55 3
163 167 20
181 183 45
15 101 3
179 187 11
9 198 1
3 207 3
18 45 2
131 256 32
63 132 1
14 233 14
11 95 11
17 223 1
31 243 15
31 249 31
9 156 9
114 225 28
204 242 3
94 191 47
133 157 4
110 120 3
107 195 6
16 76 4
23 95 23
3 134 1
63 106 3
48 58 3
5 42 5
14 168 1
14 243 7
99 197 49
121 252 15
6 108 6
178 180 22
75 125 1
91 119 1
54 221 27
32 129 32
21 56 1
97 104 6
115 229 57
86 148 2
108 216 108
17 138 17
80 254 1
64 135 16
5 185 5
153 159 19
7 200 3
99 196 49
148 203 1
83 134 2
173 175 43
221 248 3
75 148 37
56 235 14
90 218 1
93 94 23
8 120 1
72 172 2
34 203 1
12 51 12
176 189 11
51 102 51
12 204 12
51 159 1
26 52 26
4 9 4
13 216 13
163 212 1
21 147 2
172 245 1
49 98 49
210 239 3
18 251 1
64 137 8
18 58 1
43 143 2
217 248 3
64 72 4
45 89 22
133 233 1
11 183 11
2 188 2
74 159 9
92 184 92
79 148 9
1 28 1
40 42 10
50 102 25
168 173 21
132 171 2
217 222 27
84 171 42
16 87 2
199 203 12
1 188 1
79 98 1
141 143 35
43 58 1
46 48 1
177 179 44
46 204 1
67 135 67
228 231 57
192 255 3
38 97 1
240 255 15
4 19 4
179 181 22
82 134 2
17 70 17
48 64 1
126 171 1
147 256 4
78 79 39
143 165 2
3 127 3
146 231 1
190 222 1
17 142 17
15 123 15
96 100 12
11 181 11
7 117 7
197 198 49
161 230 1
1 98 1
17 251 1
5 43 5
232 235 58
20 156 2
45 61 1
119 251 7
104 198 6
120 242 60
129 155 4
23 69 2
19 81 2
86 111 1
28 60 7
51 160 1
3 252 3
6 231 3
22 85 5
72 85 2
25 33 1
125 243 15
93 190 23
18 234 1
52 107 26
65 195 1
86 107 1
88 186 11
126 163 1
96 196 24
96 213 6
22 115 1
65 247 1
47 182 11
136 166 2
108 236 3
32 51 1
72 149 18
80 105 1
87 226 1
138 142 17
1 6 1
102 170 1
130 159 4
49 206 12
103 120 3
89 146 2
74 144 18
71 243 1
2 64 2
116 119 29
17 140 17
4 192 1
8 148 4
16 135 16
15 30 15
207 214 6
32 195 1
203 225 3
120 153 1
7 119 7
5 44 5
104 211 52
127 186 1
1 9 1
130 152 4
2 19 2
13 108 13
97 195 97
35 138 17
165 247 1
75 176 2
31 124 31
153 158 19
141 250 1
19 134 4
3 59 3
18 147 18
112 241 7
18 154 9
103 206 103
13 158 1
37 106 1
62 232 7
73 164 2
156 234 1
29 45 1
183 228 1
107 209 26
202 233 3
23 155 2
9 36 9
59 149 1
197 199 49
179 182 22
108 221 27
11 180 11
2 8 2
108 219 54
180 253 1
1 238 1
62 129 1
104 214 26
177 215 1
6 184 1
28 56 28
59 105 3
30 198 3
82 188 5
7 244 7
181 207 1
159 187 2
95 177 11
57 123 7
110 219 27
207 246 3
49 193 24
42 172 21
137 140 17
233 236 29
3 6 3
1 11 1
59 236 59
3 228 3
12 238 3
14 238 14
3 236 3
1 4 1
111 218 27
202 215 6
115 208 3
9 190 2
221 223 55
96 243 3
33 65 16
145 255 1
17 66 8
133 185 2
201 203 50
76 77 38
4 67 4
7 31 7
110 230 3
81 159 2
11 187 11
42 64 2
54 64 1
15 113 7
57 66 1
3 239 3
125 176 1
112 226 56
145 252 1
106 215 53
227 230 28
35 90 2
224 229 28
110 225 3
28 228 28
51 202 25
12 202 12
77 153 38
22 180 22
105 159 1
168 189 5
67 68 8
126 252 126
189 207 1
107 129 1
85 169 42
116 205 3
131 135 16
62 215 3
28 144 1
186 191 23
55 173 1
122 227 7
26 246 3
184 190 23
119 234 29
47 195 1
11 45 11
108 168 1
9 76 9
3 204 3
48 143 1
247 252 15
72 170 2
60 98 3
107 124 3
2 132 2
41 67 2
125 249 62
84 85 42
39 79 39
105 194 6
17 64 8
13 104 13
20 131 2
3 13 3
57 115 57
12 240 3
205 207 51
96 97 48
6 223 6
253 255 63
83 161 20
79 169 2
81 178 5
103 205 51
56 237 14
67 133 33
111 204 6
213 236 3
236 239 59
79 152 19
1 217 1
8 198 1
4 138 4
31 62 31
52 197 6
19 75 9
109 217 54
74 113 1
4 52 1
195 232 3
39 105 1
41 166 41
30 131 1
3 105 3
1 78 1
14 29 14
2 146 2
19 155 19
66 135 33
82 161 20
110 197 6
159 177 2
27 236 3
21 31 1
179 241 1
2 128 2
14 116 14
100 102 25
113 183 1
46 71 2
150 234 1
38 58 1
1 144 1
94 208 1
23 90 11
1 34 1
54 219 54
209 211 52
17 137 17
66 128 16
222 234 3
115 228 57
19 72 9
2 72 2
4 150 4
19 39 19
48 99 24
6 212 6
145 256 4
157 158 39
3 29 3
114 231 57
52 213 26
146 159 9
141 166 2
162 238 1
60 192 3
39 127 1
26 114 3
65 129 32
46 93 46
85 164 10
93 95 23
31 57 7
81 122 1
11 232 1
2 183 2
20 83 20
106 232 3
107 210 26
148 159 9
8 240 1
61 178 1
64 79 4
84 170 42
123 246 123
171 172 21
1 32 1
211 244 3
9 12 1
130 225 1
220 232 3
123 212 3
1 165 1
117 135 1
23 135 2
11 189 11
193 197 24
3 192 3
23 38 2
49 209 6
16 33 16
56 155 1
131 156 4
10 81 10
105 218 13
94 192 1
22 190 11
143 198 1
249 251 62
151 204 1
232 237 29
101 200 50
196 225 3
58 232 58
153 155 38
23 93 23
243 246 30
66 134 33
77 157 19
133 134 33
216 219 54
136 139 34
83 256 2
155 214 1
178 198 1
193 212 6
33 66 33
20 117 1
133 143 8
1 228 1
5 243 1
50 204 25
32 65 32
84 175 21
19 156 19
28 164 1
36 39 9
15 241 15
91 178 22
110 178 1
1 47 1
214 248 3
7 112 7
78 150 9
156 231 1
27 227 3
21 36 2
90 183 45
82 165 82
116 145 1
1 234 1
70 142 35
224 245 7
161 240 1
14 234 14
47 241 1
22 178 22
86 168 21
34 136 34
131 175 2
122 136 1
96 183 1
213 214 53
80 85 10
7 63 7
156 159 39
5 162 5
105 113 3
47 186 23
46 67 2
39 223 1
1 111 1
49 185 1
123 187 1
161 163 40
141 142 35
104 210 52
228 239 14
15 49 3
49 96 24
19 159 19
134 256 16
142 200 1
22 44 22
66 198 1
76 157 19
172 175 43
109 222 27
81 165 20
90 181 90
37 39 9
192 205 12
96 194 48
103 127 3
7 245 7
83 150 2
140 230 1
167 217 1
76 127 1
119 236 59
20 75 2
130 139 8
94 130 2
27 216 27
3 221 3
3 121 3
92 189 23
168 174 21
179 221 1
248 251 62
81 83 20
65 131 65
137 141 17
33 183 2
6 183 1
44 162 5
126 255 63
122 246 61
72 146 36
31 222 3
4 80 2
145 146 36
26 109 13
1 13 1
51 154 1
1 81 1
140 243 1
94 187 23
97 134 1
12 192 12
63 241 15
2 179 2
30 78 1
1 55 1
66 132 66
4 114 1
108 233 3
79 159 79
111 237 3
110 248 3
132 183 2
241 242 60
41 124 1
1 198 1
63 127 63
71 130 8
65 237 1
89 189 11
84 110 1
25 103 25
134 160 2
89 91 22
127 157 1
93 255 1
107 208 26
7 161 1
49 155 1
114 115 57
2 5 2
84 149 2
36 69 4
73 74 18
251 252 31
5 93 5
40 167 20
54 142 1
64 140 8
81 89 5
91 176 22
32 115 1
208 214 26
20 40 20
217 221 27
67 138 8
173 174 43
75 151 75
160 167 20
25 68 1
159 231 1
40 47 5
13 213 13
79 156 39
189 190 47
55 223 55
162 209 1
97 100 12
37 69 4
59 234 29
78 158 39
160 171 10
37 82 2
61 239 7
64 256 64
81 132 2
10 43 10
95 180 11
1 134 1
44 180 22
54 147 1
3 75 1
40 195 1
12 36 1
17 159 4
118 138 1
151 195 1
3 96 3
18 36 18
7 103 3
187 214 1
2 43 2
12 49 12
56 61 7
54 102 6
151 238 1
13 221 13
73 75 18
87 103 1
89 163 5
139 149 4
122 236 7
219 221 27
38 45 2
106 107 53
176 232 1
74 150 37
126 243 15
57 209 3
4 152 4
24 60 3
115 224 28
117 119 29
76 152 76
74 170 2
153 204 1
95 214 1
12 24 12
149 151 37
166 189 5
78 159 39
49 214 6
39 76 19
105 115 3
248 253 31
242 249 15
213 215 53
60 242 60
111 185 1
2 88 2
35 111 1
37 148 37
96 198 24
75 131 4
14 226 14
2 108 1
6 201 6
186 230 1
47 94 47
113 222 3
116 117 58
177 182 22
45 105 1
38 234 1
25 49 12
63 120 15
52 204 6
147 204 1
1 156 1
127 216 3
139 224 1
44 94 11
102 193 12
100 210 6
56 228 28
54 218 54
8 66 8
85 175 21
123 195 3
25 176 1
107 218 13
119 205 3
54 55 27
12 211 6
86 167 10
140 143 35
88 90 22
81 95 5
13 106 13
30 241 30
158 243 1
5 20 5
53 148 1
16 213 1
162 167 20
112 228 28
1 113 1
26 164 1
1 12 1
102 214 6
148 155 9
11 94 11
74 177 2
137 155 4
229 233 14
1 60 1
2 23 2
50 54 6
1 33 1
1 30 1
225 245 7
1 182 1
88 183 22
3 248 3
1 110 1
120 122 30
3 50 3
155 200 1
3 208 3
13 43 1
243 247 30
104 142 1
92 112 1
37 67 4
75 87 2
35 49 1
66 133 66
52 153 1
7 61 7
102 207 51
86 242 1
172 225 1
37 145 18
216 250 3
45 176 22
74 151 37
49 175 1
82 223 1
53 217 13
15 240 15
241 243 60
16 133 16
92 186 46
88 109 1
79 97 1
75 149 37
83 164 41
110 111 55
1 130 1
86 208 1
9 140 4
40 164 20
3 60 3
57 226 28
161 162 40
45 90 45
79 252 1
19 180 2
48 187 1
219 233 3
153 216 1
199 221 6
69 80 2
37 118 1
1 20 1
6 254 3
97 103 12
6 102 6
8 38 4
1 215 1
117 189 1
93 142 2
227 247 7
203 220 6
34 139 34
1 84 1
154 160 2
38 152 38
11 92 11
76 248 1
61 203 3
120 236 7
124 253 31
113 162 1
18 39 9
63 68 1
79 154 19
185 186 46
42 56 1
53 71 1
7 227 7
6 106 6
232 238 29
242 246 30
91 256 2
33 111 1
58 139 1
141 154 4
120 240 120
30 242 30
1 175 1
59 247 7
146 168 2
50 192 12
153 154 38
16 65 16
19 130 4
17 60 1
111 206 6
72 73 36
39 75 9
155 192 1
107 212 53
97 245 3
172 208 1
50 201 50
126 220 3
132 152 4
62 127 31
146 180 2
90 197 1
240 246 30
1 185 1
27 209 13
97 155 1
49 201 12
17 34 17
33 146 4
16 256 16
194 246 3
225 231 28
79 113 1
5 182 5
59 75 1
32 66 16
44 189 11
112 141 1
210 214 26
13 53 13
109 202 6
23 231 1
158 173 2
123 163 1
13 56 3
239 243 7
245 250 15
128 209 1
6 99 6
58 118 29
241 245 30
86 177 5
15 247 15
145 190 2
59 63 7
93 130 2
56 172 1
222 242 3
92 161 5
89 173 5
158 228 1
148 151 37
29 237 29
78 176 2
3 243 3
2 87 2
148 196 1
162 210 1
15 246 15
50 206 25
59 179 1
29 238 29
57 58 14
86 171 21
6 206 6
234 238 29
5 106 1
11 178 11
252 255 63
66 153 4
128 208 1
52 180 1
105 208 52
87 175 87
89 179 89
50 84 1
4 64 4
188 235 1
65 66 16
32 135 16
26 210 26
68 138 34
20 161 20
91 181 45
52 186 1
65 203 1
205 254 3
86 212 1
100 101 50
12 201 12
147 253 1
77 193 1
45 77 2
177 181 22
2 228 1
7 250 7
151 159 9
52 209 52
91 179 22
183 187 11
35 184 2
113 231 28
77 79 19
95 189 47
2 82 2
70 216 1
64 130 32
2 45 2
91 223 1
1 40 1
89 131 2
21 174 21
142 220 1
106 210 26
29 102 3
1 107 1
123 139 1
61 249 15
116 146 1
77 156 19
58 96 3
4 98 1
62 247 15
14 127 7
51 226 3
1 36 1
89 201 1
54 107 13
101 203 101
22 34 2
122 247 61
186 238 1
60 240 60
12 173 1
50 155 1
232 251 7
121 245 30
14 229 14
1 117 1
3 99 3
33 187 2
103 221 6
163 234 1
54 222 27
3 231 3
210 216 13
68 136 68
8 10 2
116 222 3
6 12 6
3 27 3
133 163 2
56 114 28
114 226 28
4 70 4
223 227 3
31 253 31
7 15 7
17 210 1
14 249 7
98 198 49
67 140 8
12 157 1
3 14 3
7 127 7
6 181 1
40 101 1
48 50 12
2 44 2
20 115 1
8 17 8
56 57 28
18 78 9
90 239 1
48 193 48
8 140 8
23 114 1
95 176 11
209 219 13
44 225 1
53 106 53
64 249 1
1 166 1
157 159 39
3 103 3
4 75 4
149 160 2
37 220 1
85 239 1
9 74 9
124 167 1
2 145 2
15 31 15
1 49 1
73 153 9
18 159 9
21 86 21
172 223 1
11 132 2
44 187 11
71 154 4
168 171 42
145 235 1
56 230 28
193 203 12
2 22 2
163 203 1
192 229 3
70 71 35
104 105 52
112 229 28
84 162 10
48 49 24
53 212 53
126 251 31
6 101 6
49 59 3
89 254 1
24 80 1
35 103 1
30 58 7
117 224 14
13 49 6
1 25 1
16 70 8
55 213 13
56 113 56
17 79 4
41 54 1
1 160 1
181 217 1
69 143 17
50 198 12
24 74 1
40 184 5
130 142 8
117 234 117
6 192 6
9 19 9
77 146 9
97 170 1
47 233 1
91 196 1
103 106 6
6 193 6
19 219 1
86 165 10
142 177 2
107 150 1
1 14 1
118 254 7
69 248 1
1 57 1
3 220 3
4 73 4
67 132 33
244 247 61
156 223 1
58 117 58
58 235 58
80 233 1
76 156 19
117 218 3
13 227 3
19 144 9
60 105 3
21 215 1
93 185 46
146 162 2
134 229 1
183 237 1
8 82 2
43 86 43
95 124 1
155 158 19
23 185 23
112 246 7
43 211 1
186 254 1
247 256 1
1 212 1
38 143 4
75 140 4
87 171 21
28 59 14
25 60 3
3 7 3
116 236 29
179 234 1
21 55 1
54 211 13
109 157 1
186 188 23
101 134 1
95 188 47
80 204 1
221 222 55
59 116 29
96 197 24
124 197 3
26 181 1
6 25 6
80 162 40
3 100 3
2 171 2
141 158 4
9 73 9
44 171 5
36 93 2
109 110 27
224 227 56
37 144 18
114 230 57
139 228 1
42 178 5
9 154 9
21 89 5
151 250 1
111 256 1
30 151 1
38 156 19
85 168 42
69 130 8
50 228 3
124 250 62
20 167 20
86 215 1
4 227 1
27 218 27
53 124 3
143 214 1
52 74 1
135 182 2
7 116 7
143 224 1
129 131 32
59 157 1
47 92 23
1 179 1
57 231 57
54 104 13
218 220 27
1 230 1
41 80 20
25 85 1
68 140 17
100 206 25
54 111 27
144 211 1
158 198 1
70 249 1
148 171 2
8 126 1
70 166 2
96 201 12
45 175 5
1 43 1
49 110 6
5 181 5
204 216 6
13 111 13
62 126 31
52 176 1
120 239 7
73 124 1
3 187 1
113 224 56
53 94 1
114 152 1
49 223 6
120 121 60
1 158 1
146 242 1
115 226 28
177 192 1
109 120 3
1 239 1
130 215 1
5 170 5
12 142 1
17 186 2
27 174 1
121 253 15
87 160 10
28 104 3
2 150 2
1 105 1
42 87 21
106 139 1
48 83 1
56 163 1
249 250 62
5 23 5
170 175 21
1 191 1
44 160 5
48 248 3
16 64 16
24 156 1
90 182 45
92 179 11
49 196 49
3 25 3
34 138 34
156 178 2
1 189 1
9 67 4
233 237 29
102 201 25
148 160 2
20 28 1
179 191 11
85 182 5
11 235 1
112 113 56
245 255 15
38 124 1
13 232 3
40 105 1
14 28 14
161 171 10
22 227 1
100 203 50
225 226 56
28 233 14
65 202 1
108 111 27
211 213 26
116 187 1
13 218 13
70 170 2
28 168 1
65 133 16
2 4 2
24 210 6
218 223 27
51 76 1
39 145 9
24 195 24
13 168 1
18 155 9
83 125 1
58 237 29
90 177 22
11 38 2
26 213 26
62 120 15
4 216 1
47 93 23
176 230 1
106 209 26
46 79 2
88 188 11
231 233 14
49 215 6
64 133 16
176 197 1
2 163 2
19 158 19
43 204 1
23 44 11
2 160 2
102 206 51
128 139 8
40 250 1
76 159 19
35 141 35
162 164 20
90 91 45
194 196 24
52 211 52
96 166 1
1 180 1
139 155 4
55 176 1
31 231 7
63 251 31
63 104 3
2 166 2
12 203 12
102 141 1
3 24 3
134 195 1
3 168 1
90 176 22
25 100 25
198 253 3
93 127 1
176 181 22
17 225 1
22 36 2
144 176 2
4 142 4
2 180 2
141 247 1
37 78 9
125 127 31
39 161 2
69 137 34
190 208 1
77 119 1
149 244 1
6 255 3
109 181 1
80 212 1
141 213 1
1 219 1
69 198 1
246 255 15
226 230 28
122 123 61
2 92 2
43 169 21
50 178 1
56 187 1
70 111 1
207 250 3
16 32 16
2 84 2
107 211 26
4 17 4
67 120 1
2 75 2
36 148 18
38 155 38
87 173 43
9 31 1
31 252 31
177 256 2
64 161 2
13 210 13
13 26 13
2 152 2
44 224 1
50 64 1
42 55 1
50 75 1
1 153 1
196 229 3
102 155 1
116 186 1
72 147 36
25 219 6
18 128 4
31 173 1
3 197 3
37 52 1
42 155 2
194 199 24
110 207 6
81 242 1
11 172 5
139 141 17
7 30 7
96 98 24
161 223 1
4 65 4
101 127 3
160 252 1
111 215 13
157 182 2
73 250 1
7 123 7
5 171 5
82 216 1
12 193 12
63 95 1
31 189 1
26 41 1
35 69 17
80 163 40
4 140 4
106 172 1
13 55 13
5 147 2
190 243 1
78 174 2
123 242 30
29 97 3
74 139 4
81 174 10
118 239 59
81 166 20
24 103 12
101 192 12
2 33 2
1 22 1
73 151 18
63 193 3
59 230 14
1 251 1
210 223 13
87 185 5
35 70 35
108 143 1
89 181 22
1 116 1
12 196 12
98 251 3
192 225 3
30 122 30
230 233 14
90 92 11
72 151 18
47 155 2
2 187 2
104 106 26
3 212 3
92 217 1
83 174 10
224 243 7
195 201 12
18 51 1
73 187 2
186 189 23
23 182 11
241 250 15
8 135 8
98 156 1
6 219 6
42 215 1
174 190 5
5 179 5
73 80 2
111 236 3
121 234 7
15 120 15
7 226 7
189 241 1
204 207 51
67 134 67
58 114 14
22 208 1
1 124 1
35 54 1
53 209 26
11 244 1
15 245 15
12 244 3
1 142 1
18 209 1
149 153 9
16 17 8
95 186 23
20 217 1
15 250 15
53 241 3
62 253 31
51 203 25
67 76 4
159 170 2
11 238 1
173 214 1
66 138 8
49 195 24
15 108 3
189 242 1
10 237 1
47 146 2
20 82 20
232 245 7
56 192 3
65 73 4
50 202 50
230 237 14
1 147 1
3 15 3
32 124 1
70 155 4
10 116 1
116 232 116
101 106 6
82 103 1
42 84 42
1 106 1
27 109 27
16 24 1
149 186 2
142 239 1
47 111 1
40 83 20
128 227 1
77 152 38
4 124 1
5 94 5
87 168 21
22 89 22
1 174 1
46 184 46
15 218 3
102 165 1
9 18 9
86 91 5
227 250 7
169 171 42
3 217 3
63 124 31
27 85 1
2 174 2
14 58 14
59 104 3
2 39 2
8 133 8
3 51 3
1 44 1
83 249 1
57 113 28
195 202 12
153 170 2
33 92 2
62 119 7
1 221 1
101 201 50
97 197 24
2 189 2
104 190 1
44 185 11
37 169 2
133 142 8
74 149 74
42 169 42
174 220 1
120 253 15
130 140 8
109 145 1
9 130 4
42 206 1
4 79 4
45 150 2
50 101 50
207 209 6
13 256 1
59 171 1
82 160 20
25 164 1
91 182 91
93 122 1
183 201 1
61 103 3
152 155 38
116 174 1
59 240 7
177 178 44
81 241 1
1 249 1
132 135 33
44 186 11
7 254 7
105 160 1
1 114 1
215 255 3
65 149 4
2 81 2
185 187 46
139 159 4
5 118 1
185 220 1
139 143 17
58 147 1
149 197 1
108 220 27
100 151 1
173 212 1
24 51 12
36 75 18
140 181 2
6 208 6
97 115 3
82 83 41
39 77 19
212 244 3
29 247 7
16 132 16
181 224 1
22 183 22
25 43 1
3 120 3
63 83 1
82 205 1
134 184 2
29 58 29
99 155 1
160 166 20
125 203 3
114 239 14
71 206 1
15 243 15
20 80 20
69 174 2
150 175 2
13 212 13
6 104 6
153 213 1
36 144 36
218 229 3
126 157 1
21 169 21
44 176 44
68 148 4
5 21 5
15 227 7
82 242 1
29 232 29
97 193 48
38 186 2
118 226 14
26 199 6
1 145 1
16 146 4
91 184 11
52 116 3
126 184 1
39 156 39
57 103 3
181 230 1
9 146 9
50 100 50
31 92 1
8 13 1
96 184 1
28 213 3
61 120 30
92 142 2
34 208 1
41 171 10
80 139 2
14 154 1
102 105 6
56 62 7
69 164 2
183 233 1
18 243 1
60 244 30
133 135 33
160 190 5
50 81 1
6 197 6
3 61 3
7 228 7
115 232 14
121 154 1
27 90 1
3 216 3
43 234 1
94 179 11
3 203 3
69 225 1
32 157 4
172 207 1
173 216 1
2 151 2
1 79 1
84 141 2
1 146 1
7 29 7
2 138 2
13 41 1
11 179 11
165 193 1
16 128 16
20 253 1
12 99 12
78 114 1
45 186 11
49 210 6
227 228 28
224 231 28
5 95 5
144 248 1
121 247 30
32 64 32
41 156 2
146 217 1
65 128 32
116 239 29
37 134 4
79 185 2
54 177 1
117 161 1
48 103 12
51 103 51
22 176 22
6 100 6
21 166 10
124 238 7
39 235 1
62 252 31
54 180 1
133 147 4
122 244 122
113 228 28
89 187 11
1 109 1
35 140 35
248 254 31
53 216 13
125 160 1
85 174 21
117 131 1
231 239 14
33 108 1
7 247 7
31 224 7
130 208 1
113 184 1
36 52 1
229 238 14
96 193 96
145 154 9
13 214 13
181 196 1
7 114 7
195 226 3
17 143 17
146 220 1
155 204 1
56 186 1
22 83 5
65 244 1
160 169 10
11 23 11
76 198 1
43 174 43
61 146 1
226 241 7
101 205 25
3 226 3
151 162 2
92 95 23
119 151 1
31 151 1
29 236 29
145 250 1
16 253 1
71 87 2
211 214 26
187 190 23
216 221 27
55 193 6
90 133 2
177 187 11
147 153 9
7 62 7
22 88 22
3 244 3
21 168 21
30 96 3
2 139 2
192 199 24
85 155 2
101 204 25
62 249 62
48 205 12
121 197 3
116 192 3
2 181 2
23 73 2
68 70 17
101 207 25
215 219 13
25 207 25
94 167 5
56 115 28
79 157 39
127 217 3
48 196 24
1 197 1
95 236 1
173 256 2
209 222 13
80 165 20
76 141 4
23 106 1
22 142 2
186 208 1
101 158 1
8 35 8
100 174 1
227 246 7
122 237 7
48 101 12
24 116 3
145 186 2
64 128 64
6 228 3
2 190 2
86 214 1
119 242 7
81 186 5
48 117 3
234 250 7
93 183 11
31 112 7
42 187 5
225 227 56
48 197 24
38 207 1
55 138 1
57 188 1
240 243 60
63 255 63
2 94 2
12 107 6
29 205 3
114 181 1
15 126 15
94 213 1
5 202 1
11 91 11
16 82 2
107 217 13
6 196 6
149 156 9
97 221 6
76 197 1
1 210 1
4 37 4
83 160 20
111 138 1
72 145 72
28 224 28
184 189 23
214 222 13
106 218 13
3 55 3
114 240 7
171 189 5
6 107 6
32 130 32
7 79 1
39 162 2
105 109 13
92 238 1
11 86 5
231 238 14
87 183 5
36 145 36
17 189 2
121 225 7
47 190 47
1 66 1
210 242 3
77 237 1
1 237 1
62 254 31
216 222 27
49 108 6
18 255 1
70 131 8
47 171 5
73 145 36
103 254 3
127 253 63
1 75 1
1 67 1
229 234 14
2 21 2
128 252 1
21 172 21
176 183 22
90 132 2
72 140 4
38 121 1
161 199 1
1 15 1
226 229 28
48 209 6
68 196 1
37 146 18
14 235 14
9 92 2
240 245 30
13 143 1
19 76 19
18 76 9
226 228 28
225 236 14
246 254 15
80 164 20
72 80 2
1 77 1
2 36 2
123 245 61
137 139 34
1 138 1
164 208 1
22 247 1
54 202 6
41 143 2
5 87 5
114 246 7
40 234 1
131 206 1
61 240 30
40 86 10
117 226 14
33 124 1
117 147 1
73 91 2
39 83 2
46 190 23
131 132 16
106 157 1
3 211 3
109 160 1
119 169 1
122 145 1
57 114 57
93 249 1
122 193 3
34 137 34
49 197 49
46 172 5
1 190 1
141 194 1
127 203 3
85 170 85
16 137 8
38 212 1
22 45 22
155 156 19
121 246 30
38 153 38
23 24 1
11 176 11
57 125 7
3 232 3
42 256 2
67 249 1
115 225 28
102 133 1
61 121 30
8 16 8
125 247 15
23 94 23
13 70 1
10 80 10
124 217 3
1 74 1
62 72 1
60 256 1
43 184 5
138 180 2
71 175 2
81 215 1
38 177 2
30 165 1
112 198 3
36 252 1
15 248 15
118 211 3
76 211 1
55 220 55
7 14 7
105 222 13
45 185 11
206 217 6
37 167 2
3 53 3
73 150 18
128 245 1
33 131 16
1 17 1
7 232 7
54 254 3
82 171 10
86 112 1
82 167 41
69 139 69
40 245 1
115 165 1
8 190 2
79 146 9
4 32 4
83 254 1
72 180 2
227 236 14
124 252 31
5 92 5
52 137 1
97 111 6
209 212 26
211 216 13
32 57 1
12 96 12
92 110 1
190 248 1
112 224 112
2 17 2
2 255 1
78 134 4
205 206 51
215 216 13
144 149 18
113 164 1
1 211 1
93 113 1
129 157 4
157 223 1
86 166 10
42 86 21
114 248 7
64 218 1
37 108 1
57 77 1
227 252 7
139 207 1
203 240 3
97 198 24
140 242 1
3 93 1
3 240 3
203 205 25
195 204 12
73 130 4
43 172 43
96 129 1
43 109 1
24 97 24
106 241 3
6 42 1
112 216 3
195 196 24
12 45 1
191 198 1
52 110 13
1 82 1
171 246 1
202 204 25
54 194 6
30 176 1
119 188 1
61 141 1
11 81 5
63 97 3
102 255 3
113 239 14
9 205 1
135 256 16
137 142 17
31 192 3
46 166 5
175 213 1
76 102 1
11 248 1
90 186 11
1 48 1
38 238 1
3 193 3
50 219 6
99 219 6
28 127 7
127 169 1
91 163 5
188 224 1
58 125 7
185 230 1
69 138 69
3 247 3
106 220 13
26 180 1
7 239 7
137 170 2
117 213 3
45 114 1
7 122 7
107 112 3
8 70 8
125 253 31
13 222 13
27 238 3
71 131 8
57 78 1
56 227 56
104 123 3
29 171 1
76 252 1
163 168 10
86 133 2
1 128 1
147 197 1
21 42 21
152 244 1
120 232 7
141 146 4
26 110 13
51 201 25
33 64 16
9 158 9
2 142 2
49 203 12
123 241 30
10 26 1
58 161 1
1 208 1
3 115 3
60 122 30
181 187 11
56 93 1
148 195 1
43 137 2
212 230 3
105 177 1
27 219 27
70 137 17
146 178 2
120 243 60
40 171 10
26 214 26
55 142 1
7 165 1
119 179 1
57 63 7
130 133 16
68 139 34
92 165 5
19 77 19
25 197 12
48 198 24
193 196 24
34 143 17
72 236 1
122 224 7
63 172 1
62 121 15
27 171 1
134 137 8
201 204 25
111 232 3
123 125 15
61 195 3
123 136 1
62 114 7
19 50 1
41 114 1
57 91 1
113 245 7
101 149 1
95 187 23
149 172 2
55 108 27
59 158 1
46 187 46
112 207 3
68 100 1
148 201 1
79 145 9
196 234 3
123 224 7
74 185 2
11 66 2
9 243 1
148 166 2
54 216 54
37 252 1
76 103 1
92 167 5
43 133 2
168 244 1
98 175 1
170 172 21
73 242 1
117 174 1
92 188 23
241 255 15
69 153 4
48 181 1
121 228 7
208 231 3
33 207 1
117 192 3
200 230 3
73 156 9
1 62 1
69 228 1
166 169 10
104 213 26
45 86 5
102 199 12
35 148 4
131 164 2
28 115 28
134 140 8
216 252 3
233 251 7
117 232 58
25 50 25
178 210 1
83 162 20
224 254 7
196 239 3
27 55 27
71 143 71
107 214 107
35 139 17
11 200 1
60 63 15
235 236 29
3 118 3
19 69 4
112 230 28
32 175 2
63 250 31
50 205 25
58 192 3
3 54 3
62 178 1
131 139 8
25 179 1
53 110 13
157 189 2
2 191 2
61 200 3
138 175 2
40 81 40
180 240 1
49 143 1
57 227 28
1 115 1
165 168 10
32 42 2
47 187 23
157 193 1
91 238 1
120 201 3
101 246 3
29 188 1
193 249 3
30 44 1
162 166 20
59 139 1
51 55 6
25 54 6
208 215 26
40 107 1
81 170 10
19 163 2
16 35 8
47 235 1
52 126 3
94 185 23
15 121 15
89 247 1
92 185 92
16 134 16
133 137 8
11 211 1
52 54 13
167 169 10
6 65 1
34 141 17
113 254 7
218 248 3
52 218 13
232 240 7
122 168 1
151 194 1
152 158 19
103 155 1
38 136 4
107 215 107
27 211 13
238 247 7
222 243 3
4 27 1
123 240 30
1 164 1
37 71 4
110 220 110
158 162 2
4 153 4
27 149 1
130 132 16
168 252 1
103 204 51
37 188 2
118 248 7
1 139 1
150 189 2
84 194 1
6 54 6
82 154 2
37 45 2
75 133 4
90 102 1
60 247 30
125 254 31
57 168 1
33 57 1
75 170 2
30 244 30
119 148 1
2 18 2
34 200 1
6 122 3
203 207 25
160 192 1
44 54 1
5 169 5
1 18 1
156 191 2
121 167 1
19 252 1
97 179 1
84 165 10
60 61 30
100 244 3
224 239 14
8 134 8
104 221 13
23 161 5
68 149 4
24 215 6
138 143 17
156 228 1
34 149 4
168 190 5
42 137 2
108 214 13
4 128 4
56 112 56
88 153 2
47 137 2
127 254 127
196 218 6
220 241 3
49 74 1
148 250 1
32 133 16
80 196 1
20 256 2
14 113 14
169 170 42
43 85 21
167 176 5
36 132 4
28 132 1
3 125 3
18 93 2
70 132 8
28 114 28
1 151 1
107 237 3
50 97 12
240 256 1
141 243 1
3 28 3
134 154 4
71 176 2
105 214 26
59 119 59
17 221 1
221 234 3
203 209 6
110 114 3
1 205 1
112 225 112
58 124 7
4 68 4
71 177 2
20 151 2
61 248 15
23 152 2
47 95 47
39 50 1
78 157 78
124 255 31
9 159 9
107 165 1
152 159 19
26 136 1
225 248 7
77 154 77
1 99 1
63 240 15
24 53 6
106 110 13
45 140 2
146 234 1
177 205 1
172 237 1
4 109 1
135 141 8
62 191 1
28 58 14
84 213 1
145 152 9
19 153 19
23 187 23
55 71 1
53 214 53
29 116 29
70 140 70
85 171 85
40 240 1
51 100 25
95 108 1
160 195 1
122 245 122
51 219 6
77 242 1
15 253 15
134 162 2
1 233 1
1 108 1
212 225 3
140 189 2
170 232 1
155 256 4
110 216 27
77 118 1
109 223 27
25 104 6
50 94 1
26 104 26
1 172 1
4 66 4
155 225 1
31 255 31
77 160 2
52 217 13
3 114 3
37 72 18
39 115 1
129 135 16
40 244 1
123 252 15
107 188 1
27 188 1
46 148 2
38 148 9
78 131 4
10 100 1
62 115 7
40 131 2
166 184 5
157 248 1
66 243 1
11 57 1
2 71 2
105 107 26
97 215 6
141 204 1
18 156 9
249 254 31
66 103 1
60 169 1
92 94 23
103 166 1
47 184 23
55 117 3
196 244 3
1 7 1
15 23 1
28 216 3
110 213 13
232 241 7
1 229 1
168 251 1
3 57 3
60 117 7
166 180 5
195 207 12
126 240 15
167 195 1
76 244 1
75 79 9
52 163 1
29 99 3
66 174 2
10 162 10
41 82 41
3 12 3
22 47 11
107 205 6
128 166 2
118 235 29
213 222 13
63 165 1
102 203 25
7 255 7
35 146 4
231 241 7
68 146 4
131 229 1
58 244 7
118 236 118
6 199 6
106 221 13
112 114 28
67 139 8
25 102 25
5 19 2
4 56 1
29 117 29
57 241 7
108 209 13
5 189 5
21 90 5
161 167 20
37 66 4
175 215 1
7 90 1
237 239 59
65 132 16
88 102 1
51 176 1
127 167 1
88 181 22
22 93 11
127 251 31
28 219 3
109 139 1
110 251 3
153 171 2
34 89 2
42 201 1
5 22 5
24 57 3
6 235 3
163 169 10
17 196 1
177 183 22
223 224 3
162 194 1
3 206 3
6 125 3
25 175 1
198 216 6
113 116 14
14 42 1
121 255 15
126 144 1
114 188 1
179 184 11
5 11 5
213 255 3
111 163 1
15 193 3
60 77 1
3 229 3
31 160 1
9 150 9
130 134 16
38 181 2
160 174 10
40 82 20
57 216 3
4 182 2
201 221 6
17 156 4
3 202 3
35 122 1
129 134 16
39 70 4
28 112 28
178 182 22
17 248 1
78 125 1
144 159 9
82 237 1
129 253 1
82 163 20
22 174 5
90 219 1
192 197 24
31 254 31
103 170 1
26 43 1
5 173 5
141 233 1
201 251 3
16 158 4
114 229 114
179 180 22
72 108 1
1 199 1
173 197 1
109 111 27
163 209 1
11 199 1
113 167 1
20 163 20
24 146 1
106 196 6
208 211 52
154 186 2
60 164 1
103 194 12
22 91 22
85 217 1
8 103 1
125 246 15
242 253 15
226 247 7
185 198 1
3 222 3
67 206 1
148 213 1
22 147 2
194 237 3
11 198 1
16 236 1
4 102 1
113 200 3
15 61 15
28 225 28
109 219 109
76 142 4
199 211 6
3 224 3
45 179 22
181 186 11
177 196 1
27 245 3
18 214 1
1 3 1
28 37 1
63 187 1
39 62 1
25 168 1
173 183 5
17 29 1
108 217 108
23 190 23
18 240 1
7 243 7
161 217 1
36 67 4
67 151 4
85 216 1
87 124 1
1 45 1
54 144 1
149 231 1
128 210 1
193 201 12
66 82 2
67 78 4
14 96 3
38 114 1
4 25 1
171 208 1
2 117 1
217 223 27
72 215 1
193 242 3
33 69 8
202 213 6
60 114 7
8 213 1
36 146 36
92 183 11
70 78 4
42 82 10
82 112 1
1 218 1
1 201 1
90 199 1
11 52 1
47 162 5
15 42 1
148 186 2
64 230 1
22 236 1
156 233 1
198 204 12
61 104 3
95 98 1
183 185 11
46 114 1
74 134 4
35 71 35
129 208 1
58 93 1
77 117 1
104 212 26
163 196 1
235 238 29
41 53 1
31 166 1
112 242 7
22 182 22
80 86 10
61 118 7
189 218 1
118 134 1
69 155 4
102 205 102
17 68 17
15 104 3
115 146 1
88 114 1
19 253 1
68 158 4
80 140 2
43 148 2
193 200 12
7 240 7
30 150 1
28 65 1
42 202 1
118 121 7
36 126 1
47 191 47
73 138 4
103 201 25
188 229 1
101 139 1
233 234 58
25 105 6
37 155 9
1 26 1
111 223 111
170 218 1
3 242 3
178 195 1
160 236 1
123 247 123
163 245 1
35 233 1
68 78 4
59 84 1
13 172 1
229 235 14
46 47 23
89 178 89
13 107 13
103 207 103
162 207 1
136 148 4
14 59 14
6 55 6
117 228 14
154 166 2
195 197 24
7 230 7
140 179 2
5 89 5
99 109 6
68 71 17
7 163 1
1 101 1
13 86 1
246 248 15
48 87 1
116 227 14
169 186 5
12 199 12
11 177 11
69 142 17
30 203 3
61 173 1
103 203 25
35 185 2
1 173 1
75 156 9
23 136 2
85 205 1
117 125 7
132 136 8
118 247 7
125 181 1
195 206 12
6 203 6
71 139 17
18 75 18
169 194 1
95 185 23
4 151 4
67 126 1
54 57 3
95 100 1
34 59 1
242 245 30
77 140 4
13 27 13
59 232 29
112 203 3
38 158 19
67 80 2
146 151 18
60 141 1
75 209 1
49 179 1
103 146 1
83 165 41
55 154 1
8 207 1
148 152 9
108 223 27
60 172 1
33 212 1
196 199 49
213 249 3
179 235 1
6 49 6
87 210 1
42 98 1
210 221 13
95 191 95
3 126 3
69 141 17
10 172 10
55 143 1
29 115 14
98 200 12
117 253 7
48 189 1
158 221 1
180 199 1
126 166 1
6 195 6
54 137 1
2 144 2
7 129 1
1 86 1
76 90 2
28 124 7
10 180 5
7 229 7
52 250 3
61 94 1
19 106 1
210 213 26
3 249 3
1 23 1
8 149 4
118 238 59
22 26 1
8 144 4
50 139 1
134 227 1
25 194 12
165 234 1
31 251 31
36 248 1
91 242 1
23 235 1
156 240 1
20 87 10
113 135 1
51 136 1
147 148 18
30 237 7
200 206 25
20 43 10
13 54 13
19 250 1
14 228 14
81 160 40
130 248 1
3 68 1
176 195 1
97 205 12
138 256 8
2 147 2
106 193 6
213 231 3
22 123 1
105 196 6
39 102 1
176 225 1
64 136 8
180 183 45
21 160 10
45 216 1
77 159 19
53 215 53
90 187 11
105 213 26
7 60 7
93 179 11
75 147 18
11 49 1
10 51 1
105 221 13
178 226 1
131 199 1
126 185 1
47 81 5
129 147 4
128 130 32
84 193 1
56 236 14
15 170 1
5 188 5
65 87 2
114 238 14
87 169 21
17 129 8
80 240 1
91 153 2
1 246 1
7 59 7
46 189 23
2 156 2
4 72 4
31 221 3
57 112 28
14 152 1
113 115 28
30 229 7
174 250 1
7 175 1
150 196 1
10 139 2
2 11 2
52 53 26
150 192 1
100 201 100
59 144 1
8 65 8
7 125 7
63 222 3
101 108 6
75 250 1
118 234 29
43 175 43
79 155 19
45 171 5
1 253 1
155 157 19
18 73 18
26 230 3
97 123 3
233 238 29
146 150 18
36 197 1
1 243 1
103 118 3
113 230 28
73 132 4
163 177 5
5 90 5
107 178 1
97 135 1
88 120 1
80 161 80
119 232 29
44 95 11
179 214 1
69 121 1
149 232 1
97 199 24
95 247 1
73 78 9
46 185 46
66 104 1
54 217 54
172 212 1
206 244 3
79 115 1
11 35 2
41 66 2
156 175 2
91 183 91
22 233 1
195 246 3
34 132 8
104 222 13
61 119 7
61 110 3
12 217 6
15 47 1
79 227 1
154 156 19
48 203 12
83 155 2
67 87 2
225 247 7
97 101 12
63 214 3
46 180 11
11 130 2
103 148 1
18 149 18
18 19 9
30 180 1
3 119 3
98 241 3
67 136 8
60 71 1
180 185 11
161 175 10
85 180 5
32 114 1
239 256 1
152 225 1
63 98 3
7 120 7
12 170 1
2 131 2
77 134 4
25 51 25
171 173 21
84 227 1
30 60 30
156 238 1
20 134 2
23 180 11
53 90 1
4 36 4
148 180 2
63 125 31
71 136 17
251 254 31
47 85 5
7 115 7
41 214 1
167 187 5
20 194 1
29 252 7
63 220 3
127 205 3
43 235 1
49 242 3
9 85 2
216 229 3
74 78 9
111 113 3
52 206 6
9 157 9
31 126 31
193 224 3
4 16 4
24 98 24
180 250 1
48 97 48
11 184 11
217 219 54
39 212 1
38 213 1
72 158 9
150 163 2
101 202 101
90 195 1
51 204 51
71 142 71
131 143 8
178 181 22
35 190 2
3 43 1
93 198 1
233 253 7
117 128 1
18 144 18
71 187 2
45 198 1
80 168 10
53 65 1
6 205 6
81 108 1
149 176 2
8 47 2
101 245 3
122 223 3
62 165 1
227 232 14
81 85 10
75 77 9
56 231 28
95 169 5
121 123 30
49 231 3
42 93 5
57 228 57
34 54 1
151 228 1
5 85 5
86 146 2
96 207 12
236 246 7
60 123 30
78 153 19
94 180 11
48 107 6
10 21 10
136 168 2
10 41 10
62 108 3
25 123 3
21 85 21
95 178 11
2 37 2
8 201 1
85 161 10
35 66 8
135 231 1
23 206 1
21 244 1
12 52 6
147 157 9
223 250 3
104 180 1
1 118 1
84 169 84
124 185 1
5 131 2
80 167 20
19 79 19
2 133 2
11 190 11
37 124 1
15 212 3
5 163 5
218 221 27
113 140 1
48 113 3
134 143 8
67 156 4
8 71 8
226 242 7
115 183 1
65 115 1
40 70 2
152 212 1
48 111 6
128 219 1
15 186 1
61 186 1
201 239 3
96 208 6
21 145 2
92 108 1
21 201 1
37 150 37
226 231 28
26 127 3
120 184 1
147 174 2
45 119 1
10 42 10
39 144 9
1 137 1
101 120 3
210 244 3
18 148 18
5 177 5
20 147 2
3 107 3
1 103 1
106 208 26
26 247 3
114 156 1
90 105 1
18 150 18
17 214 1
200 217 6
24 160 1
151 214 1
142 219 1
51 205 51
99 159 1
50 63 3
7 152 1
202 237 3
83 115 1
18 153 9
80 237 1
129 130 32
69 79 4
18 56 1
109 216 54
4 7 1
161 239 1
27 117 3
41 165 41
12 16 1
129 153 4
139 255 1
16 66 16
38 39 19
10 164 10
26 218 13
1 92 1
219 248 3
1 226 1
122 128 1
113 227 113
71 162 2
21 130 2
23 122 1
14 112 14
33 51 1
149 206 1
5 80 5
7 138 1
128 180 2
52 198 6
4 157 4
110 233 3
98 191 1
14 39 1
179 232 1
61 224 7
36 92 2
30 249 15
36 72 36
146 156 9
33 54 1
154 168 2
16 140 8
114 146 1
10 119 1
1 35 1
19 251 1
4 131 4
27 234 3
65 241 1
142 191 2
1 176 1
52 234 3
47 54 1
146 208 1
9 78 9
3 123 3
128 253 1
99 123 3
17 141 17
46 94 23
6 26 6
12 210 6
125 252 31
146 212 1
219 237 3
2 239 1
49 97 24
60 82 1
151 178 2
8 32 8
250 252 31
57 117 14
82 168 10
39 41 2
56 66 1
55 159 1
126 237 7
100 191 1
70 134 8
67 158 4
198 203 12
17 22 2
9 75 9
83 92 5
59 167 1
182 191 11
217 253 3
124 142 1
130 220 1
112 129 1
57 198 3
149 238 1
27 145 1
20 180 5
34 91 2
119 233 29
100 219 6
103 122 3
33 67 33
82 175 10
60 121 60
37 151 37
37 194 1
113 155 1
116 160 1
206 223 6
81 217 1
51 69 1
4 130 4
82 239 1
128 156 4
112 120 7
147 250 1
118 219 3
171 191 5
97 165 1
133 243 1
74 184 2
63 218 3
120 255 15
151 177 2
169 224 1
72 78 9
2 134 2
21 175 21
28 251 7
51 163 1
164 179 5
44 169 5
50 156 1
119 244 7
42 125 1
126 249 31
45 62 1
63 195 3
64 66 16
4 76 4
66 69 8
33 133 33
60 209 3
57 201 3
29 126 7
14 117 14
69 129 8
36 147 36
4 177 2
86 143 2
92 190 23
242 248 15
3 26 3
33 199 1
51 200 25
124 254 31
52 219 13
204 244 3
9 96 1
95 127 1
36 151 18
16 45 2
16 204 1
119 156 1
91 198 1
174 185 5
199 235 3
9 151 9
201 231 3
106 151 1
34 78 4
20 88 5
182 190 11
147 161 2
91 202 1
3 237 3
48 212 6
117 237 29
173 210 1
37 74 37
25 206 25
1 102 1
23 184 23
33 129 16
74 88 2
39 243 1
211 215 26
57 67 1
25 201 25
106 147 1
58 183 1
41 152 2
117 235 117
77 90 2
49 216 6
11 117 1
94 182 11
35 179 2
191 213 1
11 229 1
28 227 28
68 240 1
26 220 13
1 56 1
200 205 25
37 180 2
82 86 10
70 238 1
3 48 3
171 200 1
4 139 4
123 160 1
138 140 17
5 113 1
84 205 1
28 193 3
66 207 1
62 228 7
10 83 10
250 255 31
55 93 1
236 248 7
175 217 1
77 150 9
14 236 14
166 213 1
12 53 6
101 135 1
103 214 6
175 191 5
4 155 4
198 246 3
1 90 1
82 192 1
23 186 23
2 40 2
92 219 1
32 109 1
187 209 1
19 198 1
27 235 3
154 256 4
194 207 12
124 151 1
77 148 9
119 172 1
19 152 19
132 156 4
86 222 1
1 41 1
108 110 27
40 160 40
36 109 1
152 189 2
39 45 2
120 251 15
77 125 1
98 196 98
5 83 5
132 169 2
75 177 2
62 231 7
203 248 3
53 160 1
123 169 1
116 136 1
49 192 24
121 208 3
165 180 5
6 165 1
106 194 6
19 119 1
15 230 7
97 147 1
209 228 3
29 221 3
64 146 4
34 215 1
52 242 3
206 212 6
5 105 1
27 176 1
7 124 7
84 166 10
1 213 1
2 141 2
51 150 1
27 54 27
66 199 1
209 232 3
160 172 10
5 10 5
125 255 31
43 196 1
163 166 20
109 193 6
116 238 29
44 143 2
94 186 23
120 247 30
28 100 3
23 226 1
38 123 1
1 61 1
31 159 1
72 143 4
84 238 1
74 153 9
133 247 1
30 61 30
100 148 1
3 169 1
58 234 58
2 182 2
1 24 1
4 146 4
96 192 96
52 64 1
18 38 9
93 112 1
20 173 10
74 114 1
45 197 1
17 71 17
22 192 1
15 225 7
83 180 5
47 231 1
59 125 7
2 157 2
139 144 4
49 208 6
102 114 3
117 205 3
85 241 1
110 217 27
5 46 5
111 254 3
145 245 1
23 46 23
116 118 29
115 145 1
214 241 3
128 132 16
14 239 14
112 190 1
127 130 1
33 123 1
35 126 1
52 210 52
52 78 1
104 183 1
223 256 1
1 5 1
116 131 1
80 93 5
100 144 1
170 191 5
38 67 4
57 116 14
19 62 1
94 117 1
26 63 3
1 37 1
107 216 13
32 159 4
182 237 1
119 133 1
48 199 24
5 107 1
201 226 3
35 154 4
128 247 1
65 185 2
1 209 1
33 35 8
51 198 12
98 248 3
98 247 3
67 186 2
162 239 1
20 126 1
145 151 18
200 247 3
3 230 3
100 124 3
22 181 22
42 153 2
125 221 3
35 134 8
18 212 1
8 77 4
81 168 10
18 145 18
109 251 3
69 256 8
127 246 15
65 152 4
61 134 1
39 224 1
40 124 1
125 187 1
57 70 1
12 25 12
82 221 1
74 158 9
90 243 1
13 91 1
150 218 1
38 159 19
65 138 8
17 155 4
100 205 25
52 133 1
20 177 5
83 96 1
134 203 1
63 248 31
111 217 27
161 202 1
20 170 10
3 235 3
13 97 6
63 89 1
234 249 7
25 80 1
224 241 7
129 143 8
37 152 9
131 189 2
102 241 3
74 125 1
5 86 5
14 156 1
65 233 1
216 249 3
1 231 1
216 228 3
113 143 1
117 151 1
42 180 5
82 162 20
69 106 1
55 208 13
8 68 8
8 182 2
171 247 1
128 216 1
81 229 1
101 206 25
190 233 1
80 132 2
83 119 1
64 67 16
145 153 9
73 159 9
89 214 1
1 39 1
113 236 14
23 154 2
154 239 1
64 138 8
200 208 6
150 219 1
219 223 27
13 209 13
126 221 3
61 89 1
2 130 2
102 196 12
55 212 13
98 229 3
12 256 1
16 93 2
37 164 2
31 59 7
29 114 14
2 89 2
242 250 15
21 150 2
43 50 1
1 256 1
55 218 27
83 87 10
209 216 13
5 108 1
237 247 7
17 241 1
58 141 1
84 195 1
27 239 3
28 53 3
92 123 1
47 210 1
88 254 1
59 168 1
33 155 4
1 152 1
181 185 11
60 252 15
17 227 1
56 255 7
11 30 1
97 99 24
73 147 73
124 154 1
3 116 3
98 134 1
10 120 1
84 135 2
55 219 27
68 177 2
85 163 10
210 215 26
130 153 4
138 248 1
64 173 2
179 195 1
45 88 22
76 83 2
11 89 11
155 159 19
32 35 8
3 214 3
96 202 12
70 149 4
4 8 4
231 256 1
94 184 23
98 221 6
159 195 1
100 118 3
83 206 1
187 207 1
189 233 1
164 228 1
5 81 5
103 200 25
100 196 12
151 153 9
209 223 13
121 122 30
75 146 18
79 125 1
65 130 65
10 201 1
115 160 1
1 16 1
149 242 1
241 244 30
189 228 1
94 229 1
32 99 1
54 108 54
1 235 1
159 171 2
10 130 2
101 212 6
227 233 14
46 203 1
40 220 1
20 254 1
20 22 5
14 135 1
251 255 31
23 53 1
245 252 15
227 231 28
114 215 3
148 172 2
12 133 1
4 34 4
81 115 1
51 195 12
77 145 9
12 22 1
141 223 1
131 220 1
121 242 121
99 128 1
23 101 1
104 228 3
14 23 1
97 201 12
40 144 2
70 237 1
75 144 18
86 170 21
70 136 17
117 216 3
74 217 1
85 86 21
25 202 25
54 105 13
70 103 1
35 178 2
76 158 19
9 122 1
35 150 4
142 145 4
29 101 3
163 164 20
74 198 1
38 157 19
3 63 3
70 100 1
66 131 16
219 256 1
32 142 8
102 208 6
94 136 2
60 62 15
125 250 125
185 189 23
41 242 1
174 251 1
3 250 3
209 215 26
3 251 3
167 240 1
9 100 1
91 243 1
84 112 1
67 162 2
144 153 9
91 247 1
75 145 18
31 86 1
105 225 3
244 251 15
21 102 1
61 66 1
58 238 29
1 29 1
41 42 10
185 193 1
79 174 2
32 148 4
11 93 11
88 189 11
27 96 6
38 149 9
151 160 2
14 114 14
121 250 15
4 147 4
122 127 15
1 76 1
205 248 3
133 145 4
168 188 5
239 249 7
3 218 3
61 219 3
199 206 12
2 93 2
189 248 1
168 249 1
33 256 16
88 104 1
92 197 1
110 218 27
88 100 1
2 86 2
28 247 7
80 195 1
4 71 4
168 195 1
133 154 4
214 231 3
13 66 1
147 151 18
10 86 10
48 126 3
24 204 12
182 252 1
74 138 4
29 248 7
94 217 1
6 48 6
10 207 1
85 221 1
28 183 1
138 190 2
112 130 1
160 165 20
85 129 2
89 182 22
120 185 1
140 194 1
28 94 1
187 241 1
250 253 31
164 250 1
1 65 1
73 110 1
52 251 3
24 45 1
127 249 31
82 173 10
202 222 6
3 128 1
68 206 1
44 84 5
132 142 8
100 207 25
4 229 1
86 157 2
44 172 5
26 191 1
12 100 12
133 241 1
14 232 14
24 89 1
98 235 3
43 215 1
47 212 1
6 105 6
29 225 14
119 248 7
12 110 6
115 123 7
215 221 13
29 226 14
109 220 27
46 74 2
178 250 1
23 45 11
66 96 1
91 177 22
122 149 1
93 129 2
148 229 1
3 246 3
53 62 3
116 233 116
48 218 6
101 102 25
134 146 4
197 247 3
79 166 2
5 91 5
49 84 1
141 212 1
21 88 5
31 91 1
8 256 8
107 123 3
67 128 16
22 95 11
21 178 5
167 186 5
57 102 3
36 230 1
67 93 2
4 160 2
44 93 11
32 239 1
43 165 10
8 137 8
128 256 128
108 183 1
204 222 6
43 83 10
29 118 29
68 141 17
125 136 1
166 175 10
19 40 2
51 227 3
208 234 3
145 185 2
120 188 1
178 207 1
108 161 1
131 222 1
8 221 1
85 123 1
6 97 6
88 179 44
165 173 10
3 201 3
97 200 12
66 115 1
70 146 4
211 241 3
64 68 8
5 178 5
94 127 1
163 247 1
121 140 1
4 145 4
163 228 1
77 180 2
244 250 15
126 234 7
66 176 2
25 215 6
80 246 1
104 194 6
85 109 1
198 212 6
63 81 1
145 198 1
57 87 1
33 45 2
138 242 1
208 251 3
175 181 5
113 196 3
69 126 1
44 233 1
12 50 12
210 252 3
1 242 1
10 84 10
106 126 3
54 192 6
32 123 1
144 157 9
119 243 7
108 134 1
2 155 2
87 243 1
161 213 1
37 147 18
74 227 1
1 73 1
47 219 1
177 223 1
39 189 2
92 191 23
66 230 1
26 44 1
34 119 1
182 235 1
113 219 3
1 186 1
4 132 4
211 234 3
108 253 3
86 88 5
86 213 1
12 164 1
73 223 1
170 184 5
4 195 1
9 38 9
11 165 5
63 252 63
15 81 1
77 86 2
23 52 1
20 99 1
51 147 1
204 247 3
80 170 10
19 38 19
41 107 1
122 241 30
154 222 1
132 233 1
8 165 2
86 220 1
6 24 6
178 205 1
32 193 1
22 78 2
26 82 1
14 22 1
48 106 6
175 179 5
71 97 1
60 222 3
99 218 6
121 125 15
4 137 4
183 205 1
163 176 5
76 79 19
104 255 3
27 250 3
217 229 3
11 129 2
89 216 1
1 178 1
121 202 3
10 223 1
187 188 23
227 245 7
46 116 1
31 63 31
131 250 1
33 167 2
175 219 1
50 162 1
81 172 10
44 236 1
88 207 1
31 242 15
195 236 3
119 224 14
14 80 1
78 156 78
3 210 3
63 215 3
68 125 1
1 254 1
8 130 8
83 252 1
83 135 2
54 208 13
90 180 90
147 213 1
5 112 1
177 224 1
128 201 1
128 131 32
98 192 24
37 189 2
131 140 8
38 72 9
27 173 1
36 149 18
45 91 45
85 151 2
117 236 29
14 224 14
91 170 5
45 190 11
13 44 1
42 171 42
1 132 1
28 157 1
78 146 9
60 107 3
26 205 6
211 218 13
99 165 1
35 68 17
62 185 1
92 156 2
1 38 1
70 195 1
51 199 12
1 63 1
71 180 2
137 229 1
247 255 15
88 162 5
112 237 14
156 207 1
218 231 3
176 201 1
160 196 1
67 105 1
8 39 4
93 105 1
64 84 2
72 150 18
56 131 1
73 185 2
7 21 1
236 249 7
32 229 1
187 232 1
26 108 13
86 161 10
24 154 1
98 101 12
33 142 8
108 172 1
192 198 24
63 113 7
1 10 1
101 181 1
26 208 26
92 239 1
80 243 1
146 224 1
43 173 43
7 237 7
21 35 2
26 40 1
109 248 3
105 210 105
1 250 1
119 170 1
125 161 1
29 186 1
105 147 1
12 56 3
180 200 1
8 197 1
196 231 3
134 225 1
8 249 1
156 164 2
147 150 18
62 238 7
27 222 27
52 214 26
83 240 1
135 140 8
121 191 1
26 62 3
42 193 1
203 249 3
8 131 8
226 252 7
175 252 1
38 122 1
90 136 2
53 89 1
48 233 3
163 213 1
1 204 1
20 205 1
34 211 1
5 124 1
195 235 3
105 153 1
52 216 13
7 101 3
19 200 1
72 141 4
7 113 7
201 216 6
30 200 3
125 251 125
120 241 120
41 164 41
2 29 1
144 210 1
19 184 2
15 45 1
114 127 7
6 31 3
201 206 25
4 86 2
131 148 4
161 180 5
41 163 20
39 148 9
191 225 1
237 242 7
136 152 4
61 181 1
8 67 8
194 214 6
142 204 1
106 122 3
124 213 3
4 33 4
7 251 7
9 39 9
29 146 1
37 75 37
218 235 3
26 132 1
1 53 1
6 50 6
161 164 20
70 190 2
27 135 1
189 251 1
63 122 15
36 41 2
15 116 7
55 242 3
138 186 2
47 127 1
15 254 15
6 207 6
158 200 1
123 256 1
66 146 4
22 65 2
20 93 5
203 204 25
92 155 2
82 156 2
54 210 13
189 211 1
110 163 1
95 181 11
23 133 2
7 17 1
5 133 2
39 46 2
12 197 12
14 55 3
148 157 9
58 105 3
68 175 2
159 250 1
105 193 6
2 68 2
75 228 1
174 182 5
83 166 83
128 177 2
22 155 2
66 118 1
16 129 16
3 113 3
111 137 1
89 122 1
9 112 1
60 190 1
68 248 1
48 184 1
15 209 3
5 164 5
217 244 3
155 206 1
95 196 1
218 237 3
127 159 1
63 253 63
94 198 1
49 50 12
3 4 1
63 223 3
72 255 1
161 184 5
125 164 1
114 235 14
8 195 1
27 181 1
76 145 9
2 207 1
114 254 7
16 57 1
101 176 1
39 72 9
23 43 5
7 180 1
16 205 1
211 246 3
91 144 2
142 197 1
89 245 1
1 133 1
69 71 17
131 133 16
76 139 4
171 217 1
91 187 11
72 74 18
46 88 11
132 198 1
81 162 81
148 210 1
8 85 2
119 204 3
79 112 1
33 79 4
51 192 12
24 197 24
118 176 1
130 194 1
67 146 4
32 33 16
201 212 6
94 194 1
29 123 7
64 175 2
74 148 74
96 137 1
154 158 19
84 87 21
146 149 18
89 124 1
81 164 20
200 221 6
30 224 7
15 55 3
34 256 8
21 67 2
152 253 1
24 219 6
93 151 2
141 200 1
30 63 15
2 168 2
103 123 3
180 230 1
45 184 11
48 100 12
2 66 2
61 241 30
108 213 13
110 199 6
10 163 10
105 216 13
143 155 4
23 198 1
52 93 1
112 217 3
47 58 1
126 164 1
123 161 1
173 248 1
52 173 1
9 57 1
137 201 1
27 249 3
26 211 26
73 230 1
107 223 13
3 22 1
173 200 1
236 252 7
67 196 1
195 237 3
28 254 7
8 11 2
172 224 1
54 220 27
135 150 4
56 226 56
1 223 1
2 67 2
158 180 2
222 239 3
27 215 13
182 225 1
25 234 3
10 187 5
167 168 10
33 202 1
130 249 1
1 149 1
142 230 1
114 204 3
172 247 1
60 173 1
34 219 1
1 70 1
2 95 2
37 73 18
104 124 3
22 103 1
2 173 2
188 223 1
2 172 2
19 213 1
9 153 9
1 255 1
75 217 1
10 104 1
30 121 30
24 171 1
68 111 1
113 114 28
100 229 3
28 83 1
150 208 1
40 51 1
12 175 1
43 160 10
103 237 3
131 138 8
98 193 24
119 213 3
112 122 7
47 176 11
2 74 2
19 178 2
2 177 2
193 219 6
70 133 8
33 216 1
123 132 1
28 245 7
45 187 11
50 190 1
126 253 126
55 221 55
15 249 15
125 231 7
10 20 10
112 235 14
151 198 1
70 139 17
131 185 2
88 93 11
44 129 2
231 234 14
90 173 5
203 206 25
179 207 1
179 190 11
3 234 3
14 105 3
29 178 1
140 144 4
244 255 15
98 237 3
34 70 17
20 33 2
25 31 3
36 37 18
62 251 62
43 116 1
70 206 1
47 136 2
220 224 3
40 162 40
17 126 1
100 188 1
129 136 8
11 231 1
15 164 1
54 120 3
147 170 2
94 222 1
92 215 1
8 111 1
67 222 1
41 184 5
139 203 1
68 167 2
163 202 1
232 255 7
45 181 45
18 135 4
43 101 1
75 181 2
4 256 4
195 199 24
30 245 30
9 176 2
3 71 1
39 158 39
95 228 1
15 63 15
124 198 3
124 127 31
84 88 5
194 232 3
75 160 2
5 47 5
202 216 6
25 113 3
121 142 1
17 147 4
51 111 6
83 86 10
54 241 3
40 236 1
53 155 1
6 94 1
68 89 2
114 175 1
84 160 10
183 186 11
53 213 53
134 226 1
111 225 3
88 92 11
1 8 1
108 206 6
164 174 10
88 129 2
156 194 1
176 256 2
25 193 12
128 167 2
197 203 12
153 197 1
147 246 1
224 230 28
49 180 1
94 231 1
44 120 1
85 214 1
176 192 1
194 204 12
161 234 1
40 159 2
130 246 1
26 103 6
158 249 1
29 128 1
90 106 1
91 94 11
209 225 3
97 206 12
49 89 1
20 164 20
47 188 47
13 211 13
106 224 3
16 113 1
48 112 3
183 190 11
11 191 11
23 47 23
108 212 13
150 165 2
22 156 2
2 69 2
65 72 4
70 125 1
219 220 27
27 47 1
117 251 7
18 55 1
81 118 1
50 200 50
22 100 1
23 188 23
68 197 1
9 152 9
140 215 1
46 75 2
24 218 6
133 256 16
11 242 1
10 197 1
7 206 3
220 244 3
148 181 2
60 224 7
111 190 1
162 199 1
55 200 6
136 145 4
225 235 14
81 157 2
2 34 2
61 218 3
95 190 95
120 123 30
119 227 14
21 207 1
167 180 5
185 188 23
109 200 6
242 251 15
100 245 3
37 49 1
46 211 1
16 37 4
2 136 2
199 200 12
2 35 2
7 209 3
68 118 1
155 219 1
38 183 2
60 253 15
91 224 1
40 207 1
19 68 4
70 254 1
154 192 1
44 67 2
19 78 19
118 125 7
36 150 18
229 241 7
162 170 10
164 210 1
33 164 2
63 75 1
125 142 1
99 213 6
51 238 3
72 234 1
41 127 1
35 206 1
69 114 1
12 183 1
2 70 2
81 189 5
144 226 1
214 237 3
67 141 8
87 165 10
128 140 8
115 205 3
18 151 18
48 204 12
68 74 4
39 51 1
27 29 3
36 113 1
61 100 3
209 214 26
50 250 3
13 208 13
226 255 7
54 227 3
64 197 1
58 59 29
130 204 1
69 105 1
159 243 1
117 206 3
180 191 11
60 255 15
9 90 2
81 82 20
235 237 29
1 96 1
64 240 1
104 155 1
1 177 1
114 167 1
70 76 4
7 94 1
14 230 14
84 86 21
88 131 2
185 191 23
70 138 17
92 208 1
238 254 7
26 222 13
114 120 7
16 102 1
59 153 1
65 181 2
15 165 1
187 210 1
88 180 22
33 172 2
41 173 10
234 239 29
111 222 111
225 228 28
113 229 28
214 219 13
106 205 6
74 167 2
28 230 28
108 182 1
133 205 1
77 173 2
149 165 2
58 119 29
147 154 9
26 102 6
131 150 4
68 159 4
148 156 9
34 146 4
129 140 8
171 253 1
181 213 1
12 101 12
111 227 3
47 96 1
172 210 1
141 230 1
62 172 1
3 254 3
100 164 1
16 55 1
94 106 1
20 237 1
33 70 8
84 172 21
4 141 4
92 103 1
13 120 3
12 190 1
58 253 7
37 142 4
202 254 3
27 217 27
108 215 13
84 138 2
62 199 3
203 219 6
60 245 30
21 234 1
10 72 2
92 195 1
96 127 3
237 244 7
121 127 15
26 238 3
122 162 1
18 142 4
35 56 1
14 214 3
162 223 1
198 252 3
144 194 1
49 107 6
165 203 1
21 47 5
3 104 3
71 212 1
29 245 7
47 90 11
19 141 4
203 211 6
59 243 7
115 161 1
6 189 1
108 193 6
42 109 1
26 46 1
210 212 26
78 137 4
13 22 1
40 166 20
162 185 5
15 221 3
115 124 7
85 176 5
26 105 26
194 229 3
93 120 1
12 198 12
96 204 12
42 174 21
158 239 1
47 88 11
16 230 1
37 43 2
17 65 8
4 44 2
11 22 11
36 111 1
42 107 1
59 228 14
63 93 1
108 211 13
42 135 2
117 229 14
194 215 6
40 87 10
143 179 2
106 163 1
208 219 13
148 161 2
6 209 6
114 193 3
64 120 1
108 208 13
107 164 1
89 198 1
128 138 8
108 176 1
157 199 1
198 214 6
83 177 5
59 218 3
11 76 2
39 167 2
171 239 1
14 119 14
2 217 1
1 192 1
124 249 124
189 204 1
7 242 7
39 248 1
14 16 1
110 204 6
75 161 2
55 133 1
166 228 1
92 115 1
67 216 1
110 112 3
2 91 2
71 138 17
22 177 22
27 208 13
97 212 6
50 79 1
96 187 1
65 178 2
24 212 6
104 218 13
97 243 3
58 84 1
70 192 1
69 70 17
4 144 4
61 230 7
155 182 2
20 89 5
100 180 1
182 184 11
122 161 1
181 184 11
50 255 3
6 75 1
104 113 3
135 254 1
213 220 13
132 145 4
2 16 2
232 246 7
64 139 8
7 241 7
85 130 2
23 191 23
5 40 5
91 222 1
53 143 1
224 233 14
51 92 1
68 256 8
58 166 1
184 200 1
147 245 1
75 134 4
218 240 3
130 148 4
81 167 20
73 163 2
15 88 1
106 230 3
97 247 3
70 82 2
101 154 1
32 166 2
122 255 15
21 103 1
41 168 10
109 255 3
44 252 1
171 228 1
90 212 1
11 90 11
107 109 13
16 155 4
115 128 1
40 168 10
30 247 30
101 225 3
8 34 8
57 232 14
12 102 12
121 243 121
17 103 1
23 132 2
42 168 42
49 237 3
216 248 3
13 188 1
29 111 3
131 252 1
76 88 2
10 82 10
10 153 2
43 170 21
60 159 1
26 75 1
42 78 2
79 87 2
99 206 12
16 138 8
77 183 2
88 167 5
68 94 2
19 31 1
86 203 1
132 223 1
1 170 1
58 224 14
115 157 1
13 217 13
14 20 1
47 211 1
85 208 1
38 169 2
63 112 7
115 231 115
60 233 7
17 110 1
29 32 1
67 98 1
134 150 4
146 241 1
65 78 4
13 109 13
107 136 1
124 162 1
71 116 1
17 181 2
243 252 15
56 171 1
16 68 8
101 115 3
26 27 13
211 219 13
171 174 21
4 10 2
54 92 1
81 94 5
123 243 30
1 122 1
1 169 1
33 134 33
16 173 2
13 140 1
78 182 2
107 127 3
24 192 24
44 59 1
73 148 18
178 251 1
99 244 3
15 122 15
134 142 8
2 256 2
201 220 6
134 164 2
79 138 4
106 109 13
16 247 1
173 222 1
123 220 3
61 64 1
98 166 1
72 200 1
72 138 4
83 84 10
9 79 9
66 142 8
16 85 2
90 123 1
34 111 1
27 104 13
173 180 5
219 226 3
56 204 3
7 231 7
42 233 1
125 215 3
48 200 12
97 185 1
112 135 1
114 227 28
2 164 2
73 111 1
152 157 19
32 119 1
103 112 3
7 249 7
45 183 45
72 179 2
3 111 3
39 74 9
152 171 2
118 225 14
1 21 1
55 110 55
52 75 1
98 105 6
103 114 3
63 169 1
65 134 16
28 226 28
48 213 6
193 254 3
105 202 6
149 152 9
20 185 5
166 225 1
241 254 15
49 235 3
149 235 1
20 192 1
243 244 30
202 207 25
55 124 3
11 125 1
184 224 1
123 124 15
115 151 1
5 180 5
115 230 115
24 214 6
37 226 1
9 193 1
183 189 11
67 220 1
89 125 1
32 200 1
66 74 4
3 245 3
45 168 5
122 124 15
62 248 62
74 173 2
235 255 7
6 98 6
195 209 6
100 204 25
84 106 1
169 241 1
139 171 2
10 40 10
83 163 20
162 203 1
130 181 2
58 221 3
212 223 13
31 122 15
111 210 13
3 219 3
96 111 6
9 155 9
2 41 2
76 101 1
242 244 30
89 209 1
31 204 3
231 237 14
83 175 10
2 169 2
37 117 1
80 171 10
84 243 1
218 228 3
217 255 3
26 203 6
15 124 15
9 10 2
114 233 14
69 201 1
169 246 1
56 69 1
86 204 1
68 75 4
92 101 1
23 33 2
17 35 17
49 255 3
76 136 4
245 253 15
180 184 11
109 221 27
11 83 5
60 218 3
59 83 1
100 230 3
116 175 1
121 232 7
23 145 2
93 153 2
36 239 1
67 143 8
39 134 4
21 162 10
41 179 5
58 222 3
7 203 3
26 56 3
77 149 9
41 44 5
84 102 1
124 150 1
79 196 1
64 192 1
5 76 2
66 70 8
113 117 14
58 69 1
26 94 1
72 148 18
4 39 4
113 205 3
5 174 5
88 247 1
47 253 1
1 232 1
51 233 3
5 82 5
95 165 5
126 197 3
98 153 1
180 229 1
1 206 1
16 38 4
45 149 2
121 171 1
53 227 3
16 131 16
119 195 3
251 253 31
31 116 7
199 241 3
90 179 22
40 130 2
21 61 1
67 137 8
209 240 3
153 215 1
98 172 1
37 183 2
103 188 1
214 242 3
187 208 1
40 217 1
141 220 1
52 87 1
39 135 4
21 107 1
103 197 12
90 164 5
96 200 12
101 248 3
167 191 5
2 78 2
175 229 1
169 195 1
64 204 1
104 167 1
44 155 2
124 218 3
19 140 4
143 215 1
62 161 1
73 104 1
18 252 1
27 199 6
36 245 1
79 247 1
9 149 9
28 30 7
48 239 3
83 221 1
18 184 2
19 129 4
2 162 2
1 91 1
140 183 2
19 100 1
85 235 1
130 135 16
191 216 1
64 131 32
70 250 1
17 30 1
167 243 1
2 185 2
90 205 1
1 19 1
167 209 1
68 83 2
109 212 13
40 146 2
31 121 15
9 34 4
171 180 5
66 224 1
158 172 2
56 87 1
92 159 2
138 179 2
91 186 11
14 72 1
105 175 1
249 253 31
80 180 5
86 172 86
153 175 2
70 88 2
43 89 5
107 133 1
137 230 1
111 202 6
53 147 1
3 101 3
198 200 12
77 93 2
170 194 1
69 98 1
178 187 11
158 235 1
59 213 3
243 254 15
34 130 8
15 153 1
69 107 1
5 167 5
18 97 1
126 173 1
42 224 1
97 196 24
231 235 14
17 130 8
127 170 1
136 142 17
236 241 7
94 188 94
192 241 3
36 158 9
5 129 2
38 192 1
88 135 2
158 188 2
70 181 2
53 220 13
64 93 2
81 205 1
5 212 1
2 77 2
68 132 8
189 219 1
120 237 7
55 112 3
22 68 2
176 182 22
218 245 3
7 235 7
158 175 2
25 101 25
64 86 2
134 221 1
57 233 14
2 46 2
4 136 4
175 198 1
114 187 1
126 155 1
87 99 1
12 112 3
143 202 1
61 102 3
179 188 11
41 187 5
91 171 5
98 207 12
62 68 1
1 136 1
3 194 3
198 231 3
43 128 2
68 161 2
56 152 1
98 194 24
21 214 1
75 111 1
55 222 55
79 205 1
45 145 2
26 234 3
6 20 1
150 229 1
167 175 10
119 256 1
6 11 1
113 133 1
212 219 13
123 234 7
65 75 4
107 110 13
57 255 7
39 154 19
83 148 2
38 91 2
102 200 25
222 256 1
55 109 27
139 213 1
63 247 15
23 91 11
1 58 1
8 172 2
63 69 1
23 130 2
171 183 5
9 148 9
51 212 6
129 150 4
22 97 1
34 212 1
1 202 1
231 246 7
43 46 5
72 248 1
63 82 1
56 119 14
129 149 4
31 175 1
95 213 1
26 48 6
57 245 7
164 219 1
160 185 5
1 203 1
162 211 1
192 209 6
11 216 1
78 144 9
170 183 5
22 42 5
88 156 2
129 247 1
45 170 5
136 144 4
65 137 8
21 170 21
46 99 1
17 19 4
135 241 1
42 244 1
188 244 1
42 161 10
143 186 2
197 215 6
213 221 13
70 161 2
173 243 1
35 232 1
230 254 7
156 192 1
11 156 2
110 128 1
156 181 2
61 211 3
45 165 5
61 217 3
66 170 2
124 195 3
200 236 3
129 255 1
66 171 2
57 164 1
24 58 3
196 247 3
155 161 2
21 64 2
247 249 15
4 162 2
148 240 1
97 110 6
75 136 4
11 47 11
78 149 9
44 167 5
1 93 1
67 149 4
68 86 2
141 151 4
153 168 2
127 134 1
203 216 6
105 245 3
24 202 12
63 126 63
98 205 12
40 113 1
164 170 10
120 140 1
119 135 1
168 182 5
165 199 1
170 236 1
1 216 1
26 209 26
23 31 1
17 144 4
193 199 24
44 82 5
33 153 4
93 187 93
159 234 1
13 219 13
120 169 1
74 197 1
81 163 81
186 196 1
20 41 20
24 199 24
84 187 5
15 242 15
14 199 3
174 188 5
89 158 2
158 215 1
17 236 1
165 197 1
38 188 2
143 238 1
74 187 2
92 211 1
1 236 1
82 208 1
111 129 1
58 165 1
165 223 1
117 244 7
120 156 1
45 189 11
30 120 30
24 209 6
33 63 1
7 68 1
73 142 4
95 184 23
31 67 1
193 234 3
60 101 3
128 133 16
115 227 28
42 209 1
12 208 6
100 109 6
120 216 3
202 205 25
121 229 7
130 149 4
140 221 1
137 242 1
186 228 1
116 200 3
8 37 4
55 95 1
131 136 8
101 208 6
140 171 2
123 218 3
123 254 15
66 232 1
51 101 25
151 187 2
91 106 1
118 158 1
41 45 5
85 172 21
173 226 1
61 246 61
76 151 9
82 177 5
47 164 5
204 241 3
57 69 1
62 158 1
73 241 1
1 240 1
115 176 1
169 240 1
121 143 1
155 167 2
184 191 23
51 151 1
187 201 1
33 106 1
26 106 26
135 139 8
205 217 6
17 133 8
18 152 9
67 208 1
238 242 7
83 167 83
86 183 5
23 103 1
179 238 1
110 208 13
15 115 7
72 212 1
141 199 1
21 193 1
195 200 12
38 133 4
34 58 1
48 202 12
123 205 3
122 203 3
24 230 3
17 131 8
35 83 2
80 215 1
5 191 5
24 187 1
36 56 1
147 156 9
40 185 5
45 94 11
218 230 3
146 183 2
88 177 88
91 188 11
46 214 1
56 229 28
52 79 1
102 202 25
84 182 5
4 46 2
41 186 5
53 211 26
19 123 1
12 255 3
62 192 3
140 252 1
22 185 11
50 224 3
101 129 1
194 230 3
17 69 17
67 198 1
35 65 8
19 151 9
104 107 26
182 210 1
231 255 7
4 127 1
122 231 7
98 231 3
183 222 1
106 202 6
33 97 1
94 256 2
42 203 1
23 144 2
71 225 1
116 171 1
40 111 1
94 189 94
71 246 1
54 109 54
207 240 3
17 145 4
109 159 1
87 144 2
96 210 6
40 104 1
69 132 8
20 91 5
120 211 3
100 241 3
149 178 2
125 173 1
12 91 1
43 140 2
43 250 1
40 121 1
89 119 1
182 209 1
163 193 1
133 176 2
172 255 1
37 159 9
32 181 2
79 151 9
39 157 39
224 234 14
150 220 1
167 170 10
146 163 2
49 191 1
41 190 5
94 201 1
173 232 1
57 171 1
96 168 1
131 209 1
40 142 2
150 212 1
183 250 1
2 158 2
122 234 7
96 173 1
118 206 3
118 255 7
23 250 1
27 158 1
78 254 1
22 163 5
35 131 8
96 216 6
234 237 29
101 244 3
38 237 1
73 201 1
123 157 1
104 215 26
163 248 1
28 101 3
115 198 3
177 186 11
156 209 1
85 122 1
114 198 3
148 224 1
240 247 30
210 256 1
13 134 1
48 207 12
161 173 10
44 141 2
1 126 1
195 208 6
150 170 2
113 149 1
55 89 1
70 119 1
188 225 1
130 210 1
57 252 7
28 136 1
177 188 11
87 178 5
159 208 1
21 84 21
225 254 7
8 146 4
67 130 16
135 147 4
62 136 1
39 159 39
144 199 1
13 74 1
63 188 1
163 256 2
89 90 22
91 221 1
113 174 1
27 195 6
112 128 1
158 205 1
227 239 14
4 122 1
42 173 21
93 100 1
24 161 1
132 180 2
95 193 1
86 136 2
227 235 14
57 64 1
91 139 2
29 187 1
23 142 2
83 136 2
127 228 7
240 253 15
11 13 1
13 192 6
117 130 1
96 150 1
5 165 5
107 111 13
160 207 1
2 76 2
117 247 7
34 227 1
2 167 2
62 205 3
32 106 1
73 169 2
222 235 3
5 184 5
72 127 1
64 223 1
123 219 3
96 228 3
73 209 1
4 50 1
26 42 1
20 174 10
21 41 10
90 229 1
10 134 2
63 115 7
4 180 2
128 151 4
86 202 1
12 189 1
149 205 1
204 238 3
6 139 1
22 74 2
137 238 1
4 77 4
63 249 31
28 61 7
98 222 6
239 250 7
147 181 2
21 70 2
241 251 15
165 191 5
127 250 31
127 135 1
9 21 2
4 148 4
126 250 31
178 191 11
28 113 28
31 129 1
110 221 110
113 203 3
174 223 1
21 72 2
206 218 6
12 127 3
1 123 1
84 104 1
122 252 15
127 179 1
30 116 7
61 247 61
145 241 1
82 164 82
194 219 6
125 213 3
60 155 1
59 115 14
71 147 4
205 250 3
117 250 7
7 246 7
214 234 3
94 98 1
210 255 3
133 234 1
162 171 10
125 153 1
113 119 14
156 186 2
9 83 2
196 208 6
202 242 3
105 223 13
34 181 2
58 239 29
25 254 3
93 176 11
25 61 3
90 245 1
1 183 1
108 135 1
59 223 3
58 236 29
109 208 13
22 141 2
226 245 7
108 204 6
50 207 25
137 208 1
17 18 4
24 201 12
1 88 1
112 186 1
3 191 1
24 240 3
171 205 1
179 183 22
55 161 1
39 249 1
117 121 7
65 234 1
44 178 44
61 131 1
4 120 1
3 199 3
1 194 1
13 123 3
56 224 56
28 135 1
235 239 29
52 212 26
205 212 6
14 50 3
121 249 15
15 251 15
116 193 3
12 206 12
70 141 70
44 152 2
8 175 2
22 170 5
77 158 19
32 88 2
219 247 3
30 214 3
18 157 9
89 239 1
81 227 1
158 236 1
24 127 3
172 253 1
23 104 1
65 230 1
143 166 2
2 42 2
67 119 1
22 146 2
126 156 1
49 144 1
65 173 2
179 210 1
226 254 7
74 186 2
94 181 11
53 100 6
142 224 1
74 156 9
161 218 1
235 250 7
82 169 10
18 218 1
205 219 6
115 184 1
82 95 5
199 256 1
129 151 4
18 226 1
107 177 1
36 124 1
158 191 2
17 222 1
27 168 1
24 196 24
153 218 1
34 223 1
89 180 22
66 75 4
126 205 3
99 142 1
155 190 2
42 43 21
154 201 1
64 180 2
39 136 4
24 163 1
181 222 1
197 254 3
238 255 7
20 81 20
17 75 4
25 199 12
16 215 1
77 165 2
7 224 7
176 250 1
116 156 1
71 185 2
2 83 2
31 148 1
57 224 28
161 165 20
103 192 12
142 151 4
233 248 7
23 117 1
78 115 1
59 147 1
74 137 4
11 25 1
106 225 3
202 228 3
153 256 4
59 233 29
61 133 1
29 43 1
74 132 4
22 84 5
140 193 1
127 230 7
160 224 1
95 123 1
4 11 2
186 218 1
57 194 3
10 161 10
141 197 1
61 244 61
77 138 4
49 139 1
131 163 2
134 228 1
67 108 1
77 84 2
72 144 72
94 242 1
90 250 1
72 75 18
9 61 1
70 127 1
65 240 1
163 165 20
40 127 1
9 144 9
51 60 3
200 227 3
26 212 26
161 185 5
43 243 1
38 173 2
15 72 1
27 108 27
217 225 3
30 136 1
54 181 1
29 59 29
24 211 6
60 136 1
5 161 5
181 250 1
84 178 5
82 100 1
62 182 1
159 204 1
71 84 2
144 245 1
44 181 22
65 197 1
41 212 1
104 235 3
52 208 52
28 175 1
2 113 1
122 242 30
33 77 4
18 72 18
128 250 1
111 193 6
21 195 1
151 223 1
131 134 16
37 38 9
25 239 3
30 59 7
10 128 2
17 81 2
121 190 1
71 149 4
215 225 3
111 153 1
14 231 14
179 240 1
34 235 1
5 63 1
145 253 1
197 222 6
63 184 1
83 173 10
9 77 9
40 242 1
103 202 25
237 245 7
96 145 1
10 17 2
15 92 1
111 143 1
5 166 5
64 129 64
61 109 3
10 245 1
44 56 1
92 216 1
35 129 8
55 216 27
154 199 1
44 90 22
21 218 1
201 222 6
115 130 1
77 78 19
44 88 44
18 173 2
108 198 6
25 94 1
153 160 2
44 81 5
1 69 1
55 209 13
48 120 3
2 186 2
163 200 1
50 175 1
126 140 1
76 191 2
10 188 5
40 129 2
84 177 5
26 233 3
27 53 13
12 76 1
165 201 1
112 238 14
12 234 3
110 172 1
20 255 1
36 133 4
49 114 3
7 225 7
61 242 30
131 141 8
51 170 1
12 77 1
5 204 1
166 173 10
22 197 1
1 200 1
76 97 1
143 185 2
80 242 1
10 243 1
25 78 1
112 218 3
138 156 4
25 135 1
30 195 3
42 254 1
65 135 16
42 191 5
66 215 1
23 92 23
54 65 1
60 249 15
52 243 3
26 55 13
44 231 1
7 198 3
93 110 1
135 166 2
21 248 1
106 191 1
117 118 29
47 246 1
18 26 1
180 206 1
14 73 1
32 161 2
135 156 4
66 246 1
3 138 1
199 253 3
217 249 3
200 207 25
96 214 6
147 255 1
8 33 8
123 230 7
154 157 19
230 234 14
125 155 1
40 174 10
162 169 10
84 156 2
77 243 1
36 79 9
77 110 1
30 87 1
33 227 1
124 212 3
105 141 1
32 71 8
50 221 6
202 248 3
87 180 5
76 224 1
73 231 1
22 92 11
48 115 3
67 184 2
48 141 1
133 238 1
180 246 1
141 207 1
80 114 1
22 121 1
183 215 1
34 73 4
41 50 1
74 225 1
104 196 6
61 180 1
74 240 1
1 80 1
18 52 1
101 105 6
149 155 9
6 216 6
71 205 1
199 236 3
48 96 48
53 152 1
50 244 3
55 136 1
229 254 7
101 143 1
82 148 2
118 197 3
24 40 1
241 247 30
65 224 1
209 255 3
87 246 1
154 211 1
72 233 1
113 252 7
180 234 1
138 155 4
