128 4075
29 124 1
29 51 1
29 102 1
108 109 29
109 113 29
16 109 29
46 100 109
7 100 109
70 100 109
76 88 100
88 121 100
56 88 100
41 120 88
120 127 88
43 120 88
93 98 120
11 93 120
28 93 120
67 72 93
72 101 93
72 125 93
54 99 72
74 99 72
69 99 72
2 111 99
75 111 99
36 111 99
49 59 111
49 77 111
40 49 111
35 62 49
57 62 49
19 62 49
15 27 62
23 27 62
26 27 62
31 48 27
48 79 27
48 126 27
110 122 48
83 110 48
61 110 48
115 118 110
10 115 110
4 115 110
71 114 115
92 114 115
91 114 115
47 116 114
47 89 114
34 47 114
44 78 47
38 78 47
33 78 47
9 104 78
9 55 78
9 94 78
45 81 9
45 90 9
21 45 9
58 128 45
14 58 45
13 58 45
32 96 58
32 64 58
32 39 58
52 63 32
25 63 32
63 85 32
60 65 63
24 60 63
42 60 63
50 123 60
68 123 60
66 123 60
73 106 123
73 119 123
73 97 123
8 12 73
12 18 73
12 82 73
17 80 12
6 80 12
80 103 12
30 112 80
53 112 80
3 112 80
105 117 112
22 117 112
5 117 112
37 95 117
95 107 117
84 95 117
20 86 95
86 87 95
86 124 1
51 86 1
86 102 1
86 108 29
86 113 29
16 86 29
46 86 109
7 86 109
70 86 109
76 86 100
86 121 100
56 86 100
41 86 88
86 127 88
43 86 88
86 98 120
11 86 120
28 86 120
67 86 93
86 101 93
86 125 93
54 86 72
74 86 72
69 86 72
2 86 99
75 86 99
36 86 99
59 86 111
77 86 111
40 86 111
35 86 49
57 86 49
19 86 49
15 86 62
23 86 62
26 86 62
31 86 27
79 86 27
86 126 27
86 122 48
83 86 48
61 86 48
86 118 110
10 86 110
4 86 110
71 86 115
86 92 115
86 91 115
86 116 114
86 89 114
34 86 114
44 86 47
38 86 47
33 86 47
86 104 78
55 86 78
86 94 78
81 86 9
86 90 9
21 86 9
86 128 45
14 86 45
13 86 45
86 96 58
64 86 58
39 86 58
52 86 32
25 86 32
85 86 32
65 86 63
24 86 63
42 86 63
50 86 60
68 86 60
66 86 60
86 106 123
86 119 123
86 97 123
8 86 73
18 86 73
82 86 73
17 86 12
6 86 12
86 103 12
30 86 80
53 86 80
3 86 80
86 105 112
22 86 112
5 86 112
37 86 117
86 107 117
84 86 117
1 86 1
86 109 109
86 88 88
86 93 93
86 99 99
49 86 49
27 86 27
86 110 110
86 114 114
78 86 78
45 86 45
32 86 32
60 86 60
73 86 73
80 86 80
86 117 117
36 75 99
100 117 100
10 118 110
59 77 111
9 96 9
7 64 109
29 105 29
6 103 12
28 100 100
61 83 48
66 68 60
38 113 29
14 62 62
67 122 93
87 110 110
43 127 88
43 53 88
82 103 73
39 64 58
94 127 88
97 104 78
43 88 88
21 96 9
2 36 99
45 109 109
33 38 47
34 89 114
21 109 109
31 75 99
25 85 32
107 111 111
24 42 63
62 99 99
13 14 45
67 108 29
90 111 111
13 27 27
23 26 62
37 45 45
1 99 1
43 57 88
61 122 48
79 126 27
11 28 120
33 44 47
8 95 73
17 84 12
30 58 58
9 54 72
7 16 29
17 31 27
1 124 1
29 98 29
6 16 29
54 60 72
29 84 29
6 115 115
93 102 1
6 128 45
23 72 72
24 39 58
68 117 60
68 105 60
20 87 95
71 92 115
80 115 115
108 113 29
69 74 72
76 100 100
80 91 115
48 49 49
64 74 72
100 114 100
18 101 93
15 114 62
10 120 120
78 95 78
97 119 123
91 92 115
93 123 93
29 89 29
30 106 123
72 105 72
115 120 120
28 88 88
31 79 27
12 55 78
1 55 1
81 83 48
20 84 117
37 84 117
16 113 29
7 22 109
4 120 120
47 114 114
75 116 99
3 7 109
28 47 120
100 104 100
3 39 58
123 128 45
85 89 114
26 88 88
25 116 114
116 120 120
55 104 78
13 29 29
21 81 9
101 120 120
72 123 72
24 62 62
38 44 47
30 120 120
54 69 72
93 117 93
29 127 29
27 57 49
89 116 114
21 50 9
55 111 111
20 27 27
107 113 29
65 100 100
4 5 110
21 83 48
2 22 99
70 108 29
47 118 110
52 80 32
19 72 72
6 79 27
23 70 109
77 111 111
12 97 123
23 93 93
42 84 63
42 65 63
19 57 49
19 35 49
30 119 123
68 70 109
108 119 29
88 104 88
22 105 112
64 96 58
1 29 1
21 28 120
65 79 27
16 63 29
95 106 123
25 50 32
8 85 32
3 30 80
120 123 120
68 84 60
32 35 49
64 76 100
1 41 1
101 125 93
83 122 48
36 124 1
104 119 78
26 58 62
28 91 120
72 79 72
47 93 93
106 119 123
39 119 58
109 118 109
3 84 80
53 81 9
41 127 88
25 121 100
30 83 48
18 105 73
31 126 27
16 104 29
23 102 1
59 113 29
56 77 100
42 110 110
30 53 80
17 90 9
61 95 48
53 55 78
71 94 115
51 124 1
40 114 111
32 97 32
19 49 49
7 46 109
29 82 29
39 96 58
26 100 100
59 72 72
2 68 99
34 116 114
46 70 109
78 113 29
59 69 72
34 67 93
2 127 88
30 48 48
25 52 32
44 105 47
33 99 99
8 18 73
71 79 27
63 82 63
12 73 73
17 120 120
4 88 88
102 124 1
27 90 27
2 116 99
67 125 93
36 103 99
41 63 88
56 71 100
34 109 109
4 93 93
27 115 27
18 110 110
94 104 78
31 128 27
11 120 120
93 120 120
24 44 47
53 87 80
9 64 9
78 94 78
4 10 110
22 33 47
32 103 32
88 112 88
5 6 12
30 123 123
68 107 60
120 126 120
37 125 93
43 115 88
50 104 78
62 109 109
22 47 47
2 75 99
17 93 93
85 87 32
10 36 99
27 32 27
64 125 93
13 18 45
115 128 115
97 103 123
93 114 93
34 111 111
21 90 9
15 93 93
30 126 27
23 83 62
3 54 72
73 122 48
4 76 100
20 50 60
56 121 100
121 127 100
18 82 73
7 70 109
27 64 27
87 120 120
104 124 1
52 85 32
62 100 100
3 97 123
52 114 114
19 92 49
21 73 9
84 107 117
54 122 72
24 37 63
49 116 49
69 100 100
64 101 93
13 36 99
14 36 99
47 100 100
17 47 47
33 45 47
124 125 1
14 111 111
52 107 32
41 84 88
85 104 78
62 116 62
35 98 120
61 124 1
61 66 48
72 115 72
51 58 1
16 117 29
63 119 63
30 105 80
94 106 78
78 91 115
14 51 1
39 70 109
40 109 109
7 99 109
4 48 48
29 45 29
6 42 63
79 93 93
47 126 27
45 78 78
47 55 47
29 74 29
67 101 93
41 100 100
12 113 29
1 76 1
19 118 49
73 75 99
59 94 111
30 84 80
19 120 120
93 125 93
28 98 120
32 118 110
29 70 29
66 78 78
73 110 110
24 81 9
73 89 114
56 76 100
29 81 29
15 23 62
104 109 109
37 65 63
63 65 63
13 37 45
78 100 100
35 101 93
47 109 109
9 28 120
39 123 58
48 51 1
14 45 45
6 17 12
100 110 100
90 117 9
57 100 100
58 114 114
17 83 48
29 63 29
23 88 88
91 117 115
1 91 1
48 94 48
41 43 88
4 79 27
54 74 72
27 117 27
91 93 93
64 95 58
31 92 27
58 124 1
100 128 100
10 103 110
85 106 32
27 126 27
18 119 123
18 34 114
45 69 72
29 79 29
92 127 88
46 89 109
23 80 62
12 63 63
22 32 32
15 100 100
54 109 109
1 71 1
72 92 72
11 66 120
30 66 60
8 110 110
29 125 29
89 111 111
34 39 114
16 30 29
1 120 1
1 93 1
37 93 93
25 68 32
27 61 27
62 88 88
52 106 32
48 105 48
17 45 45
27 72 72
92 128 115
70 127 109
1 49 1
4 25 110
70 109 109
5 37 112
8 112 73
58 80 58
23 65 62
36 77 99
8 120 120
41 96 88
20 91 115
33 88 88
55 98 120
8 33 47
53 66 60
5 32 32
104 117 78
21 100 100
34 55 114
21 88 88
17 29 29
37 50 60
52 126 27
29 100 29
94 123 78
68 89 114
72 120 120
55 93 93
87 104 78
5 22 112
72 116 72
45 123 45
6 13 45
22 84 112
62 107 62
20 123 123
22 53 80
41 75 88
29 72 29
17 51 1
40 88 88
13 109 109
39 103 58
29 93 29
13 85 45
22 50 60
69 120 120
58 125 93
70 103 109
84 91 115
24 25 32
3 123 123
27 112 27
4 126 27
103 128 45
24 70 109
72 103 72
48 116 48
71 99 99
40 93 93
9 84 9
95 99 99
64 114 114
47 59 111
47 64 47
21 60 9
49 89 49
78 112 78
28 105 120
58 66 58
84 102 1
14 103 45
102 127 1
53 114 114
17 37 12
52 102 1
98 118 120
8 124 1
20 37 117
1 102 1
33 100 100
14 29 29
50 60 60
29 91 29
98 100 100
63 108 29
93 111 93
28 104 120
60 91 115
1 51 1
42 73 63
22 107 112
71 91 115
40 100 100
74 111 72
34 54 72
5 105 112
15 29 29
48 52 48
51 102 1
81 100 100
69 110 72
20 22 112
35 88 88
20 79 27
4 26 62
9 106 9
18 74 72
52 99 99
27 70 109
42 109 109
29 41 29
70 125 109
50 111 111
32 80 32
21 42 9
15 72 72
25 28 120
41 95 88
1 90 1
21 32 9
3 125 93
26 45 62
66 99 99
76 126 100
91 109 109
27 93 93
22 119 123
103 107 12
20 73 73
45 117 45
3 117 80
8 89 114
9 107 9
91 115 115
30 59 111
37 55 78
14 128 45
42 92 115
34 88 88
64 67 93
10 29 29
97 111 111
65 97 63
1 113 1
30 101 93
15 79 62
34 74 72
58 115 115
19 33 49
55 109 109
2 29 29
50 68 60
109 121 109
83 114 48
56 57 100
19 109 109
42 45 45
38 47 47
40 59 111
76 109 109
20 66 60
94 112 78
24 32 32
29 75 29
28 109 109
1 121 1
35 38 49
15 26 62
5 118 110
12 115 115
78 88 88
1 15 1
27 62 62
99 105 99
20 122 48
32 81 9
3 53 80
2 72 72
48 109 109
35 104 49
57 127 88
55 61 48
77 79 111
20 52 32
21 38 47
5 18 73
55 117 78
12 62 62
99 128 99
54 55 72
10 81 110
46 48 109
36 61 99
6 84 12
41 109 109
99 120 120
88 94 88
37 61 48
13 117 45
126 128 27
4 50 110
16 54 29
39 89 114
20 103 12
109 126 109
29 113 29
75 120 120
29 87 29
49 110 49
6 71 115
9 15 62
44 114 114
4 92 110
14 80 45
3 18 73
27 85 27
27 41 88
12 83 48
42 80 63
48 122 48
12 25 32
57 120 120
3 95 80
41 117 88
53 84 80
14 126 27
39 116 114
9 62 62
55 73 78
26 62 62
29 48 29
78 115 115
69 82 72
32 93 93
107 126 27
22 87 112
67 105 93
8 82 73
10 30 110
23 45 62
16 114 29
65 88 88
95 115 115
40 77 111
1 72 1
29 56 29
82 92 115
31 91 27
2 109 109
77 124 1
46 62 109
109 125 109
17 62 62
13 80 45
38 71 115
2 38 99
82 112 73
39 125 93
5 55 78
5 128 45
54 92 72
15 120 120
48 120 120
14 84 45
25 124 1
6 59 111
54 101 93
32 50 32
20 83 48
41 70 109
27 113 29
47 82 47
82 93 93
97 114 114
25 111 111
91 120 120
49 66 49
98 120 120
29 88 29
24 64 58
86 95 95
88 120 88
36 70 109
5 95 112
81 90 9
53 123 123
1 59 1
9 92 115
40 124 1
97 106 123
15 64 62
89 110 110
106 128 45
107 109 109
76 95 100
29 46 29
44 81 47
1 62 1
69 94 72
42 44 47
93 126 93
48 82 48
88 115 88
58 97 58
120 125 120
1 54 1
20 88 88
13 128 45
44 89 114
9 82 9
38 104 47
49 114 49
52 61 48
1 40 1
38 124 1
64 128 45
61 115 48
58 127 88
6 22 12
24 65 63
111 126 111
99 100 100
21 120 120
11 98 120
25 30 32
56 60 100
26 66 62
54 102 1
21 116 114
69 124 1
2 88 88
52 123 32
81 106 9
27 97 27
49 56 100
12 27 27
82 84 73
49 58 49
88 93 88
80 105 80
25 45 45
26 28 120
77 120 120
112 118 110
65 105 63
81 94 78
23 79 62
100 107 100
3 111 111
29 52 29
30 69 72
27 128 27
2 104 99
26 50 62
23 58 62
8 71 115
13 121 100
59 112 111
43 73 88
89 115 115
48 83 48
52 83 48
16 53 29
60 112 60
65 69 72
82 111 111
48 61 48
82 110 110
21 80 9
85 122 48
70 97 109
2 105 99
48 66 48
42 72 72
28 94 120
96 101 93
50 95 60
2 107 99
1 108 1
28 103 120
9 89 114
21 103 9
1 70 1
31 43 88
9 128 9
16 108 29
80 111 111
58 64 58
76 121 100
106 125 93
59 118 111
79 84 27
36 81 99
52 121 100
18 25 32
52 70 109
24 89 114
60 105 60
29 40 29
62 92 62
70 120 109
45 72 72
63 117 63
84 87 117
93 94 93
28 116 120
35 64 49
63 79 27
34 62 62
14 34 114
49 108 29
118 120 120
72 78 72
22 63 63
49 120 120
48 107 48
13 61 48
14 48 48
99 104 99
47 71 115
98 113 29
47 66 47
52 66 32
24 58 58
4 107 110
27 94 27
13 127 88
55 94 78
100 119 100
6 72 72
12 87 12
61 126 27
11 102 1
41 64 88
15 54 72
17 103 12
35 37 49
74 109 109
22 75 99
63 101 93
36 79 99
15 65 62
18 69 72
50 85 32
7 47 109
69 95 72
93 109 109
14 121 100
88 103 88
106 108 29
9 29 29
11 38 120
5 107 112
31 62 62
26 122 62
47 83 48
29 67 29
59 63 111
1 67 1
22 27 27
37 107 117
14 114 114
35 99 99
106 111 111
27 29 29
4 38 110
84 117 117
15 47 62
43 50 88
46 52 109
66 106 60
20 95 95
70 77 109
19 68 49
99 111 99
35 127 88
24 93 93
2 56 100
13 72 72
45 101 93
89 98 120
16 18 29
9 24 9
8 88 88
5 75 99
68 75 99
85 120 120
83 116 48
73 121 100
12 31 27
38 106 47
3 63 63
14 33 47
22 82 73
55 110 110
25 73 32
3 8 73
11 29 29
37 56 100
32 57 49
70 84 109
71 101 93
61 62 62
27 88 88
59 117 111
81 110 110
4 118 110
40 82 111
3 104 78
47 86 47
75 89 99
19 29 29
45 100 100
39 44 47
34 94 114
7 55 109
26 72 72
25 120 120
13 119 45
23 78 62
44 77 111
55 119 78
28 29 29
14 75 99
21 94 78
48 86 48
40 111 111
7 112 109
50 110 110
35 44 49
14 27 27
99 118 99
108 127 29
9 79 27
76 83 100
26 78 62
100 109 109
52 79 27
11 77 120
21 74 72
29 96 29
16 29 29
37 88 88
37 70 109
1 96 1
20 120 120
49 93 93
51 76 1
48 80 48
82 106 123
31 119 27
61 65 48
36 72 72
39 58 58
56 109 109
18 106 123
27 109 109
4 72 72
12 70 109
72 106 72
87 107 117
4 56 100
57 117 49
13 96 45
1 127 1
15 127 88
35 57 49
18 67 93
9 53 9
32 34 114
4 28 120
28 102 1
22 37 112
27 52 27
23 112 62
18 80 73
32 77 111
59 114 111
102 118 1
15 53 62
17 27 27
47 84 47
12 76 100
59 109 109
19 93 93
45 67 93
48 50 48
110 125 93
25 77 111
24 66 63
55 88 88
8 100 100
12 67 93
88 101 88
64 88 88
90 97 9
27 119 27
62 106 62
17 116 114
31 46 109
9 90 9
47 62 62
5 65 63
9 120 120
27 122 27
11 18 120
68 96 58
4 30 110
18 79 27
114 123 114
69 113 29
3 93 93
78 123 78
7 13 109
2 89 99
39 84 58
102 110 1
108 111 29
12 64 58
39 110 110
40 84 111
99 122 99
34 118 110
39 100 100
96 121 100
35 54 72
43 79 88
62 66 62
84 128 45
16 127 29
53 65 63
35 103 49
8 55 78
63 106 63
27 49 49
28 50 120
3 37 80
62 65 62
8 20 73
24 119 63
16 75 29
58 107 58
15 70 109
94 109 109
81 105 9
77 95 111
24 49 49
7 59 109
8 25 32
15 87 62
21 123 9
89 124 1
16 120 29
19 54 72
106 114 114
36 51 1
19 24 49
49 75 99
85 103 32
3 32 32
39 82 58
9 81 9
100 101 100
13 113 29
37 89 114
73 98 120
12 16 29
75 119 99
32 61 48
52 110 110
23 29 29
7 29 29
45 79 27
49 60 49
6 37 12
61 99 99
44 49 49
84 105 112
69 109 109
8 44 47
53 95 80
18 29 29
4 97 110
2 16 29
13 74 72
84 126 27
46 87 109
9 118 110
36 41 88
11 109 109
49 98 120
114 128 114
33 106 47
10 107 110
106 120 120
5 8 73
109 115 109
62 120 120
45 68 45
28 72 120
33 69 72
98 107 120
4 61 48
54 116 72
29 116 29
50 58 58
18 20 73
50 66 60
88 89 88
81 93 93
15 77 111
90 103 9
44 90 47
48 75 99
64 73 58
2 60 99
25 66 32
34 93 93
18 39 58
70 121 109
52 77 111
48 92 48
67 109 109
50 92 115
38 87 47
24 52 32
15 128 62
29 76 29
75 88 88
6 88 88
69 72 72
40 68 111
8 106 123
29 101 29
40 99 99
84 104 78
73 88 88
54 118 72
94 105 78
33 112 47
71 126 27
59 88 88
27 30 27
112 122 48
52 54 72
11 113 29
27 78 27
106 115 115
105 114 114
21 66 9
105 122 48
22 104 78
85 92 115
50 80 60
12 92 115
92 106 115
5 85 32
15 63 62
17 104 78
74 88 88
56 67 100
35 116 49
43 109 109
25 37 32
67 124 1
2 73 99
80 110 110
25 122 48
64 120 120
27 110 27
87 99 99
32 95 32
17 121 100
29 53 29
39 99 99
18 44 47
43 90 88
36 95 99
92 99 99
61 67 93
22 85 32
29 59 29
62 75 99
15 17 62
54 80 72
39 83 48
49 90 49
95 101 93
3 91 115
108 126 29
25 58 58
22 42 63
49 53 49
9 61 48
33 102 1
91 111 111
23 62 62
43 46 109
19 90 49
46 121 109
34 43 88
47 85 47
62 74 72
17 22 12
1 37 1
68 87 60
11 92 120
1 11 1
76 118 100
42 67 93
103 105 12
76 92 100
9 47 47
104 110 110
5 93 93
61 127 88
37 105 112
26 96 62
64 115 115
27 81 27
42 95 63
85 119 32
89 101 93
65 117 63
29 108 29
110 116 110
5 20 112
22 39 58
25 31 27
32 44 47
63 86 63
91 97 115
55 85 78
79 111 111
39 104 78
83 84 48
4 113 29
19 99 99
90 126 27
106 107 123
21 101 93
22 102 1
37 60 60
6 116 114
75 109 109
108 122 29
102 104 1
31 34 27
27 31 27
52 67 93
20 55 78
59 127 88
101 118 93
24 79 27
64 110 110
106 113 29
32 65 32
41 68 88
45 96 45
79 102 1
14 71 115
4 32 110
18 56 100
79 113 29
5 70 109
25 88 88
4 17 110
33 66 47
11 112 120
13 31 27
12 38 47
16 42 29
10 126 27
55 115 115
29 32 29
1 95 1
59 102 1
56 66 100
25 46 109
71 117 115
56 73 100
2 50 99
35 123 49
63 115 115
8 66 60
10 59 111
20 116 114
23 123 62
52 65 32
10 43 88
3 109 109
27 33 27
63 90 9
39 124 1
30 43 88
75 121 100
1 28 1
62 94 62
39 62 62
13 26 62
70 90 109
46 109 109
53 97 123
37 127 88
50 117 60
51 106 1
43 56 100
110 118 110
15 46 109
27 28 120
53 90 9
24 98 120
21 59 111
65 114 114
58 117 58
90 94 78
28 69 120
88 111 88
42 120 120
69 70 109
78 121 100
3 82 73
73 81 9
64 113 29
1 97 1
102 107 1
15 105 62
7 78 109
78 128 78
62 119 62
44 127 88
22 73 73
71 82 115
14 60 45
29 47 29
46 80 109
14 56 100
49 52 49
112 119 123
24 31 27
9 119 9
44 101 93
1 75 1
32 109 109
89 96 114
78 85 78
19 42 49
24 115 115
28 45 120
10 39 110
25 38 47
49 119 49
34 105 114
37 74 72
50 127 88
39 40 111
13 90 9
26 42 62
17 109 109
51 101 1
12 39 58
23 71 62
58 73 58
19 124 1
18 62 62
49 70 109
3 88 88
8 126 27
73 96 58
93 118 93
68 78 78
14 87 45
10 111 111
49 61 49
49 111 111
81 103 9
2 14 99
48 53 48
67 84 93
53 70 109
17 67 93
13 57 49
72 119 72
7 97 109
6 56 100
66 114 114
18 35 49
40 123 111
39 115 115
7 30 109
33 118 110
20 115 115
69 76 100
25 69 72
60 61 48
44 112 47
71 104 115
1 19 1
73 126 27
8 81 9
45 82 45
4 109 109
81 104 78
74 108 29
79 88 88
51 125 1
34 112 114
81 107 9
11 62 120
10 78 110
6 20 12
79 98 120
88 108 29
15 75 99
18 59 111
26 64 62
22 23 62
77 114 111
31 70 109
17 39 58
74 128 72
12 111 111
32 128 45
57 99 99
5 54 72
10 79 27
95 103 12
2 30 99
69 117 72
18 90 9
38 55 47
30 42 63
60 80 60
3 103 12
21 44 47
9 13 9
61 78 48
23 38 62
81 113 29
18 68 60
85 127 88
14 88 88
39 105 58
18 45 45
33 115 115
29 66 29
23 69 72
7 90 109
51 80 1
84 88 88
2 125 93
14 94 78
20 92 115
49 126 49
64 65 58
41 83 88
34 66 114
20 119 123
83 120 120
15 35 49
1 87 1
3 105 80
37 82 73
82 127 88
88 109 109
19 81 49
65 99 99
44 104 47
94 119 78
10 72 72
34 78 114
101 122 93
66 112 60
35 110 49
8 37 73
29 36 29
20 57 49
26 117 62
43 101 88
78 116 114
49 62 49
33 49 49
70 118 109
16 45 29
23 114 62
34 120 120
6 7 109
48 65 48
39 97 58
51 94 1
5 124 1
45 120 120
52 53 32
52 115 115
6 121 100
52 98 120
36 73 99
118 126 27
9 100 100
3 119 123
48 118 48
38 66 47
33 77 111
1 66 1
59 61 111
29 126 29
4 73 110
34 122 48
31 87 27
71 116 115
1 16 1
6 19 49
36 58 99
117 118 110
29 109 29
2 78 99
40 45 111
31 120 120
25 112 32
2 41 88
12 66 60
7 109 109
2 19 99
1 105 1
45 121 100
3 114 114
47 94 47
14 85 45
9 98 120
15 44 62
105 126 27
58 119 58
60 76 100
49 71 49
66 108 29
58 87 58
12 95 12
30 88 88
25 109 109
74 100 100
55 89 114
75 93 93
54 65 72
110 126 27
32 56 100
18 115 115
60 79 27
52 113 29
27 68 27
8 104 78
32 90 9
22 97 123
5 87 112
48 55 48
62 102 1
31 94 27
69 128 72
6 24 63
1 43 1
19 98 120
62 83 62
33 46 109
15 33 62
3 17 12
50 64 58
25 92 115
6 89 114
4 42 110
31 97 27
92 100 100
5 60 60
112 125 93
22 74 72
40 64 111
36 114 99
81 114 114
45 58 45
39 111 111
28 81 120
36 42 99
74 84 72
18 103 73
50 124 1
17 21 9
20 107 117
77 107 111
81 89 114
1 123 1
84 97 123
56 75 100
7 101 109
43 112 88
38 85 47
108 117 29
42 50 63
40 67 93
89 126 27
57 72 72
72 104 72
1 74 1
80 122 48
27 65 27
53 80 80
68 77 111
45 105 45
47 119 47
9 60 9
88 110 88
86 123 123
24 61 48
89 109 109
9 85 9
12 103 12
47 65 47
29 64 29
65 127 88
74 126 72
8 96 58
54 73 72
1 2 1
36 88 88
121 122 100
77 98 120
99 125 93
1 118 1
46 66 109
70 88 109
18 114 114
18 112 73
29 90 29
33 36 99
74 106 72
85 121 100
62 93 93
11 45 120
1 22 1
68 110 110
33 76 100
23 31 62
44 124 1
6 30 12
24 99 99
6 105 12
37 116 114
56 64 100
47 54 72
7 44 109
18 49 49
96 105 58
10 87 110
43 93 88
46 73 109
19 53 49
60 102 1
79 94 27
68 119 60
12 75 99
15 68 62
59 67 93
32 85 32
24 28 120
6 106 123
101 128 93
1 12 1
101 109 109
61 88 88
10 77 111
1 7 1
21 85 9
83 107 48
8 103 73
29 120 29
5 71 115
22 99 99
60 118 110
2 69 72
111 124 1
13 92 115
104 113 29
33 98 120
49 100 100
44 95 47
90 109 109
95 120 120
56 116 100
4 124 1
63 107 63
2 53 99
21 98 120
12 22 12
21 82 9
13 100 100
62 123 62
3 62 62
17 44 47
20 97 123
58 108 29
89 106 114
64 72 72
77 84 111
33 48 48
22 45 45
41 78 88
24 118 110
11 59 120
8 109 109
79 127 88
48 111 111
43 100 100
6 110 110
102 105 1
25 96 58
34 110 110
25 83 48
87 112 112
77 93 93
76 93 100
1 32 1
40 53 111
82 88 88
8 97 123
36 71 99
75 100 100
82 89 114
24 103 63
24 54 72
14 97 45
65 110 110
72 95 72
48 87 48
20 49 49
3 79 27
20 63 63
33 94 47
15 89 62
48 98 120
12 32 32
18 87 73
37 90 9
82 107 73
2 120 120
63 88 88
77 127 88
14 106 45
62 111 111
2 77 99
36 78 99
98 125 120
1 39 1
4 96 110
10 18 110
62 80 62
34 99 99
42 78 78
52 128 45
99 106 99
12 74 72
105 107 112
7 48 109
23 84 62
50 97 60
58 81 9
73 109 109
34 58 114
13 88 88
19 58 49
104 114 114
29 55 29
90 102 1
9 31 27
72 127 88
34 98 120
45 99 99
33 93 93
4 18 110
11 128 120
17 96 58
96 112 58
118 122 48
51 93 1
62 128 62
49 123 49
1 107 1
45 110 110
15 71 62
1 128 1
19 115 49
23 89 62
62 78 62
28 95 120
17 105 12
62 71 62
72 109 109
52 74 72
23 110 62
28 120 120
44 83 48
40 54 72
6 117 12
79 123 27
62 87 62
12 119 123
9 123 9
69 123 72
100 127 100
39 78 78
44 65 47
96 114 114
51 62 1
2 48 99
49 97 49
20 114 114
15 90 62
1 125 1
35 70 109
24 116 114
29 42 29
69 125 93
9 74 72
31 49 49
41 60 88
42 68 63
56 103 100
80 124 1
38 115 115
65 119 63
14 125 93
62 64 62
12 68 60
10 122 48
20 76 100
55 67 93
73 102 1
67 75 93
66 110 110
41 79 88
31 52 27
2 35 99
78 120 120
90 120 120
69 88 88
10 48 48
44 58 47
63 78 78
52 103 32
100 123 100
7 92 109
8 67 93
25 29 29
89 120 120
53 117 80
9 45 9
55 95 78
10 50 110
10 102 1
11 81 120
29 43 29
48 117 48
45 49 49
102 117 1
30 104 78
58 120 120
9 48 48
4 55 110
57 122 49
3 22 80
87 127 88
33 40 111
8 49 49
45 62 62
34 72 72
17 128 45
16 59 29
51 100 1
87 91 115
58 96 58
2 79 99
15 58 62
1 65 1
38 65 47
14 52 45
12 114 114
38 59 111
23 120 120
5 84 112
37 87 117
15 92 62
35 108 29
38 39 47
103 120 120
75 77 99
15 42 62
5 26 62
42 61 48
38 99 99
31 96 27
66 117 60
93 112 93
77 100 100
5 98 120
109 110 109
63 76 100
67 120 120
90 123 9
24 78 78
107 128 45
39 93 93
37 114 114
96 109 109
81 92 115
32 52 32
14 55 78
84 103 12
61 90 48
39 112 58
3 45 45
74 118 72
13 43 88
88 125 88
107 124 1
36 49 99
24 110 110
53 103 12
79 83 27
109 120 109
91 99 99
29 69 29
50 114 114
8 116 114
91 95 115
33 68 47
77 119 111
50 55 78
37 101 93
33 91 115
26 120 120
98 123 120
40 51 1
13 105 45
77 82 111
29 121 29
88 92 88
54 90 72
84 98 120
10 94 110
27 50 27
6 120 120
20 29 29
40 72 72
2 102 1
37 49 49
70 111 109
8 84 73
41 88 88
13 84 45
62 90 62
48 73 48
52 109 109
113 121 29
96 128 45
8 63 63
52 82 32
84 118 110
61 74 72
15 24 62
32 88 88
111 120 120
48 89 48
63 72 72
2 91 99
77 126 111
122 126 27
28 44 120
30 114 114
80 100 100
44 79 27
37 52 32
1 109 1
78 104 78
61 64 48
27 104 27
62 67 93
105 123 123
72 80 72
20 46 109
45 60 45
13 40 111
20 110 110
82 117 73
19 78 49
5 58 58
95 100 100
66 80 60
9 57 49
59 99 99
68 102 1
71 84 115
43 103 88
81 95 9
113 128 29
64 109 109
96 124 1
23 49 49
5 51 1
5 119 123
48 63 48
47 76 100
20 35 49
21 65 9
50 101 93
1 25 1
15 76 100
50 73 60
56 125 100
77 115 111
21 61 48
110 128 110
3 124 1
59 111 111
3 14 45
13 116 114
33 92 115
21 110 110
95 110 110
19 60 49
41 103 88
34 53 114
32 79 27
64 87 58
91 123 115
22 118 110
31 32 27
62 85 62
30 79 27
107 108 29
32 78 78
60 106 60
1 46 1
5 49 49
17 114 114
1 58 1
35 126 49
66 128 45
49 92 49
11 100 100
44 55 47
30 31 27
37 119 123
42 64 58
114 120 120
87 90 9
14 16 29
71 93 93
91 102 1
95 127 88
67 93 93
12 106 123
11 71 120
1 89 1
3 69 72
99 117 99
99 126 99
52 90 9
107 115 115
73 78 78
95 123 123
27 102 1
14 43 88
58 118 110
16 69 29
19 65 49
5 81 9
91 101 93
82 97 123
17 36 99
24 127 88
88 100 100
5 104 78
18 72 72
44 52 47
64 89 114
3 20 80
2 93 93
30 71 115
6 81 9
73 83 48
48 62 62
61 101 93
3 27 27
63 87 63
11 74 120
85 125 93
80 94 78
79 115 27
73 87 73
41 101 88
10 88 88
7 122 109
38 102 1
95 105 112
4 35 49
42 63 63
6 53 12
98 110 120
29 49 29
70 128 109
6 57 49
22 115 115
35 93 93
64 112 58
82 115 115
37 80 80
92 93 93
63 83 48
11 84 120
12 48 48
26 49 49
39 109 109
28 61 120
2 108 29
31 111 111
47 58 47
28 83 120
40 46 109
78 110 110
72 73 72
31 109 109
40 63 111
74 85 72
83 109 109
11 67 120
118 119 110
60 71 115
17 28 120
12 120 120
24 50 63
58 122 48
41 99 88
3 6 12
54 91 72
2 26 99
38 80 47
74 117 72
16 23 29
96 104 78
64 97 58
14 95 45
22 98 120
49 122 49
27 40 111
14 91 115
53 120 120
25 49 49
16 36 29
82 85 32
109 114 109
22 110 110
24 67 93
48 103 48
63 81 9
19 64 49
92 120 120
65 77 111
53 63 63
63 69 72
90 100 100
80 96 58
18 107 73
93 99 93
77 85 111
53 92 115
97 112 123
26 29 29
32 63 32
64 102 1
7 21 109
43 49 88
90 101 93
13 118 110
20 21 9
15 119 62
93 104 93
90 104 78
78 127 88
71 111 111
58 109 109
19 63 49
50 82 60
46 105 109
60 69 72
17 24 63
1 110 1
1 14 1
63 94 78
6 68 60
47 87 47
27 127 88
90 113 29
65 87 63
8 46 109
49 103 49
27 37 27
46 123 109
18 99 99
44 62 62
92 126 27
69 115 72
28 32 120
11 48 120
15 82 62
30 44 47
95 109 109
80 84 80
27 83 27
104 115 115
3 72 72
10 71 110
33 41 88
79 80 27
69 101 93
75 81 99
62 122 62
65 80 63
17 26 62
90 106 9
119 125 93
81 115 115
24 113 29
93 103 93
36 65 99
6 95 12
73 91 115
4 47 110
7 124 1
31 116 27
124 126 1
94 107 78
19 32 49
27 79 27
6 100 100
33 56 100
14 110 110
17 110 110
106 118 110
38 72 72
30 128 45
100 120 100
20 121 100
3 21 9
1 13 1
107 120 120
66 105 60
18 100 100
64 111 111
34 124 1
49 85 49
88 126 88
17 18 73
11 21 120
40 98 120
32 66 32
111 122 111
14 122 48
74 114 72
34 82 114
13 30 45
87 108 29
34 45 114
19 73 49
2 17 99
27 87 27
19 80 49
54 100 100
10 61 48
1 56 1
24 128 45
2 114 99
53 75 99
66 109 109
102 116 1
8 17 73
89 94 114
31 118 27
31 38 27
93 108 29
31 56 100
39 94 78
53 88 88
56 94 100
38 49 49
28 119 120
69 119 72
87 89 114
45 112 45
49 112 49
30 89 114
22 72 72
35 91 49
26 124 1
20 128 45
27 47 27
50 109 109
32 117 32
81 124 1
47 103 47
36 109 109
37 128 45
32 89 114
59 100 100
21 87 9
1 57 1
70 96 109
42 74 72
23 53 62
46 96 109
38 83 48
12 15 62
6 47 47
1 48 1
25 107 32
20 30 80
18 97 123
120 128 120
11 24 120
36 118 99
10 49 49
72 97 72
63 64 58
39 106 58
22 46 109
2 21 99
86 112 112
1 83 1
33 126 27
48 97 48
21 108 29
98 117 120
15 125 93
97 105 123
9 109 109
22 113 29
26 44 62
14 50 45
19 84 49
64 123 58
64 75 99
84 113 29
35 94 49
36 93 93
47 75 99
44 88 88
124 128 1
76 122 100
4 100 100
7 118 109
26 46 109
6 27 27
22 101 93
73 117 73
6 97 123
53 107 80
15 61 62
1 112 1
49 101 93
44 46 109
15 18 62
57 119 49
79 100 100
30 117 80
25 71 115
18 104 78
36 100 100
8 70 109
41 118 88
98 111 120
50 120 120
63 92 115
7 121 109
10 85 110
25 103 32
43 78 88
5 122 48
1 68 1
57 107 49
97 126 27
64 100 100
73 82 73
41 48 88
55 64 78
71 110 110
33 65 47
18 92 115
85 115 115
13 69 72
4 58 110
60 111 111
83 111 111
52 122 48
45 111 111
69 98 120
60 123 60
23 63 62
15 67 93
92 109 109
54 78 72
29 114 29
67 88 88
29 68 29
47 123 47
35 51 1
49 68 49
108 110 29
27 38 27
78 103 78
69 114 72
18 123 123
15 62 62
99 109 109
96 123 58
51 88 1
57 102 1
66 76 100
107 123 123
66 74 72
31 84 27
87 121 100
8 9 9
11 115 120
85 114 114
115 123 115
44 45 47
89 117 114
12 124 1
38 68 47
77 97 111
13 115 115
9 76 100
106 123 123
35 43 88
6 112 12
62 117 62
69 93 93
57 108 29
2 101 93
12 61 48
52 58 58
42 82 63
11 94 120
40 107 111
80 127 88
68 98 120
14 99 99
53 124 1
62 110 62
8 58 58
5 53 80
60 113 29
60 67 93
92 121 100
13 67 93
47 81 47
68 73 60
97 123 123
44 110 110
75 104 99
17 95 12
48 93 93
42 49 49
92 108 29
74 92 72
55 101 93
28 33 120
19 123 49
14 61 48
5 97 123
17 118 110
57 128 49
51 99 1
11 110 120
37 73 73
47 51 1
40 44 111
85 118 110
74 107 72
13 68 45
1 92 1
89 91 115
9 125 93
56 107 100
45 85 45
57 113 29
95 96 58
6 52 32
3 122 48
88 98 88
29 83 29
1 100 1
38 111 111
32 116 114
33 89 114
2 117 99
18 42 63
35 120 120
14 63 45
80 112 80
60 107 60
55 102 1
109 128 109
82 114 114
24 82 63
83 106 48
114 122 48
4 49 49
68 114 114
26 47 62
47 78 47
97 115 115
25 99 99
117 125 93
56 100 100
61 106 48
4 33 110
54 67 93
29 62 29
2 61 99
1 60 1
18 127 88
4 62 62
79 110 27
20 38 47
92 107 115
82 119 123
76 123 100
71 85 115
93 101 93
16 123 29
76 94 100
18 83 48
34 107 114
18 95 73
27 58 27
8 61 48
47 49 49
34 102 1
23 99 99
20 60 60
29 103 29
81 111 111
48 74 72
19 102 1
53 68 60
81 127 88
13 104 78
29 71 29
15 99 99
54 96 72
72 111 72
10 56 100
98 126 120
7 84 109
47 50 47
18 21 9
31 82 27
19 88 88
44 73 47
44 54 72
12 71 115
11 69 120
14 76 100
43 59 88
29 95 29
87 96 58
86 115 115
6 109 109
90 91 115
77 92 111
10 27 27
6 12 12
1 119 1
4 75 99
56 106 100
21 43 88
93 107 93
32 45 45
25 97 32
11 83 120
116 119 114
91 100 100
96 108 29
45 66 45
5 73 73
75 117 99
8 92 115
61 103 48
9 111 111
25 32 32
59 105 111
2 33 99
52 112 32
2 6 99
75 99 99
32 82 32
18 58 58
5 79 27
95 114 114
22 92 115
8 51 1
65 107 63
76 117 100
48 99 99
80 95 80
22 77 111
8 83 48
55 84 78
15 49 49
77 87 111
97 116 114
45 103 45
54 127 88
37 81 9
7 76 109
43 105 88
72 107 72
46 77 109
58 98 120
19 34 49
53 56 100
24 48 48
61 111 111
29 77 29
25 60 32
31 93 93
35 72 72
45 63 45
8 47 47
65 106 63
27 89 27
31 64 27
51 68 1
33 34 114
6 60 60
31 59 111
13 123 45
71 102 1
42 111 111
32 75 99
37 72 72
13 89 114
13 44 47
16 126 29
15 20 62
18 65 63
32 49 49
47 73 47
34 48 48
11 116 120
57 110 49
96 126 27
92 95 115
6 125 93
106 110 110
27 121 100
43 126 88
9 103 9
123 124 1
28 118 120
33 80 47
74 76 100
106 117 123
71 119 115
8 14 45
30 82 73
62 72 72
97 110 110
14 38 47
25 34 114
60 110 110
69 81 72
35 49 49
25 114 114
12 100 100
17 19 49
73 114 114
21 36 99
3 87 80
117 120 120
53 85 32
36 63 99
4 85 110
33 53 47
18 121 100
63 103 63
30 102 1
26 97 62
5 30 80
29 54 29
84 112 112
50 77 111
100 121 100
66 93 93
5 24 63
3 55 78
27 35 49
2 74 72
102 103 1
90 93 93
6 25 32
37 53 80
1 5 1
35 66 49
43 94 88
24 47 47
97 120 120
50 106 60
4 81 110
77 122 111
49 83 49
96 106 58
1 101 1
51 98 1
50 74 72
4 70 109
74 121 100
85 98 120
38 69 72
44 51 1
81 88 88
16 68 29
41 55 88
17 58 58
39 61 48
87 126 27
48 128 48
18 37 73
48 108 29
27 108 29
87 114 114
56 59 100
42 85 32
11 103 120
28 46 109
77 121 100
93 124 1
3 33 47
26 98 120
109 119 109
19 82 49
99 103 99
100 126 100
112 120 120
20 111 111
112 116 114
25 98 120
47 110 110
40 104 111
69 112 72
15 98 120
6 18 73
32 58 58
36 56 100
1 36 1
17 30 12
57 92 49
1 27 1
96 107 58
7 123 109
16 40 29
46 115 109
19 50 49
23 59 111
37 111 111
42 88 88
39 76 100
49 107 49
100 108 29
32 104 78
49 72 72
37 118 110
47 128 47
8 75 99
18 85 32
33 122 48
77 99 99
73 112 73
19 36 99
26 65 62
35 109 109
42 58 58
54 75 72
41 82 88
83 88 88
55 80 78
77 109 109
13 53 45
44 91 115
95 119 123
45 77 111
10 100 100
35 100 100
66 119 60
42 112 63
105 106 123
103 109 109
13 110 110
103 115 115
45 55 78
3 47 47
45 73 45
3 73 73
34 80 114
96 103 58
93 116 93
80 97 123
65 71 115
44 115 115
111 114 111
59 95 111
49 57 49
24 43 88
105 115 115
30 61 48
67 97 93
65 81 9
36 108 29
23 105 62
45 76 100
18 30 73
42 101 93
38 84 47
66 67 93
69 90 72
6 87 12
85 97 32
31 88 88
53 105 80
50 52 32
30 47 47
84 116 114
21 72 72
41 72 88
32 54 72
20 105 112
22 90 9
55 99 99
24 90 9
29 99 29
3 90 9
49 78 49
14 30 45
16 76 29
114 119 114
79 89 27
30 90 9
31 95 27
39 71 115
3 52 32
53 73 73
9 97 9
118 128 110
21 62 62
82 94 78
114 118 110
65 126 27
42 87 63
78 107 78
52 71 115
2 70 109
58 72 72
5 108 29
36 97 99
52 55 78
47 104 47
53 69 72
91 110 110
15 45 62
60 99 99
16 21 29
18 120 120
47 80 47
73 116 114
17 107 12
93 100 100
69 79 72
32 113 29
83 102 1
100 111 100
79 90 27
38 116 114
16 20 29
85 108 29
14 119 45
10 82 110
38 95 47
6 38 47
19 55 49
4 31 27
73 79 27
18 118 110
65 92 115
9 41 88
41 90 88
97 109 109
55 62 62
68 99 99
21 117 9
98 112 120
17 49 49
89 92 115
18 117 73
78 82 78
85 110 110
49 76 100
81 120 120
82 90 9
42 99 99
64 124 1
6 102 1
32 119 32
21 25 9
47 88 88
71 118 110
35 95 49
26 53 62
30 78 78
6 8 73
40 89 111
49 99 99
65 120 120
60 62 62
5 45 45
101 106 93
60 75 99
43 77 88
81 126 27
89 123 114
36 69 72
26 33 62
4 105 110
15 104 62
60 95 60
74 125 93
110 119 110
35 69 72
13 32 45
106 112 123
48 125 93
53 58 58
41 77 88
44 118 110
22 80 80
8 114 114
73 111 111
98 101 120
65 73 63
88 122 88
38 76 100
29 111 29
43 92 88
82 96 58
47 63 47
3 64 58
43 102 1
18 70 109
15 28 120
91 112 115
37 42 63
64 78 78
14 74 72
79 82 27
27 51 1
31 85 27
105 120 120
50 107 60
40 101 93
31 47 27
2 90 99
103 118 110
95 121 100
38 42 47
33 55 47
28 70 109
30 49 49
105 124 1
67 100 100
14 19 49
76 114 100
12 91 115
66 73 60
38 79 27
47 106 47
47 113 29
49 82 49
64 92 115
12 108 29
115 121 100
3 26 62
17 97 123
98 124 1
67 71 93
15 43 88
44 48 48
94 113 29
3 60 60
109 112 109
3 23 62
69 122 72
46 102 1
70 74 109
90 119 9
8 102 1
13 48 48
30 95 80
45 93 93
5 126 27
5 48 48
96 113 29
57 125 93
18 33 47
50 119 60
22 79 27
35 122 49
14 116 114
27 76 100
25 106 32
24 80 63
104 122 48
4 44 110
73 84 73
6 40 111
2 94 99
36 67 93
103 112 12
81 123 9
42 52 32
35 114 49
37 79 27
65 68 63
49 125 93
71 120 120
42 89 114
6 61 48
88 97 88
23 111 111
62 126 62
75 85 99
85 112 32
46 95 109
97 107 123
34 70 109
105 119 123
32 71 115
25 87 32
12 29 29
1 88 1
17 60 60
111 128 111
49 106 49
20 53 80
11 22 120
74 87 72
35 45 49
93 110 93
51 113 1
1 3 1
28 76 100
20 77 111
20 44 47
30 76 100
16 105 29
63 96 58
68 115 115
67 115 93
44 60 47
26 80 62
25 64 58
62 108 29
105 109 109
4 110 110
22 106 123
57 116 49
24 68 63
63 116 114
11 88 88
3 5 80
22 68 60
5 120 120
13 65 45
15 106 62
28 117 120
16 83 29
6 21 9
59 64 111
9 52 9
47 52 47
50 122 48
81 99 99
2 115 99
23 90 62
11 65 120
14 47 47
40 47 111
57 88 88
10 62 62
44 98 120
88 127 88
24 120 120
65 111 111
116 128 114
6 33 47
52 81 9
81 125 93
25 79 27
3 28 120
99 115 99
95 116 114
29 104 29
66 82 60
30 65 63
7 127 109
65 128 45
26 109 109
79 122 27
99 121 100
62 84 62
22 41 88
19 117 49
72 93 93
99 107 99
6 90 9
57 126 49
91 124 1
7 111 109
7 75 109
17 122 48
23 75 99
104 120 120
11 60 120
38 119 47
11 40 120
111 127 88
102 114 1
71 105 115
65 112 63
34 60 114
2 44 99
22 49 49
54 77 72
90 105 9
83 89 48
24 75 99
99 127 88
10 119 110
58 121 100
34 75 99
1 9 1
59 71 111
37 103 12
33 47 47
91 128 115
9 86 9
9 112 9
31 55 27
8 56 100
5 110 110
12 49 49
27 66 27
12 102 1
15 83 62
8 42 63
61 100 100
1 44 1
47 53 47
37 41 88
9 78 78
4 99 99
66 103 60
24 63 63
58 85 58
4 89 110
81 82 9
6 85 32
27 95 27
57 66 49
81 117 9
61 120 120
14 25 45
44 84 47
55 96 78
59 70 109
47 69 72
71 78 115
55 125 93
50 94 78
27 39 27
8 23 62
70 123 109
12 14 45
3 65 63
42 55 78
97 101 93
95 117 117
45 116 114
15 115 62
53 64 58
8 11 120
103 111 111
38 64 47
78 106 78
61 104 48
57 95 49
88 116 88
91 94 115
59 110 111
53 59 111
16 122 29
85 107 32
98 115 120
39 128 45
20 24 63
22 120 120
57 82 49
12 90 9
66 111 111
69 102 1
61 89 48
8 45 45
44 82 47
58 93 93
39 45 45
100 103 100
9 49 49
26 125 93
9 51 1
18 22 73
62 79 62
80 83 48
25 93 93
60 117 60
23 32 62
21 115 115
17 100 100
44 128 47
4 127 88
92 113 29
6 82 73
66 95 60
13 98 120
60 119 60
18 26 62
65 78 78
26 115 62
18 60 60
86 111 111
13 122 48
112 117 112
47 90 47
52 120 120
117 128 45
45 118 110
13 107 45
26 52 62
27 53 27
65 70 109
38 81 47
8 127 88
80 89 114
60 68 60
41 49 88
20 70 109
3 70 109
33 110 110
47 120 120
15 88 88
20 98 120
12 37 12
69 71 72
14 108 29
36 90 99
16 44 29
111 119 111
17 77 111
23 122 62
85 128 45
46 75 109
52 60 32
23 108 29
99 114 99
4 101 93
4 63 110
28 123 120
6 78 78
77 88 88
69 85 72
6 51 1
20 93 93
60 89 114
47 95 47
42 48 48
15 40 111
97 121 100
20 82 73
2 123 99
17 56 100
91 122 48
109 127 109
6 111 111
17 68 60
75 78 99
16 24 29
54 68 72
72 83 72
68 91 115
87 123 123
49 109 109
59 91 111
71 109 109
10 15 62
26 111 111
110 120 120
111 118 111
74 102 1
65 95 63
56 128 100
74 97 72
9 21 9
8 73 73
12 123 123
30 57 49
110 115 110
43 68 88
54 64 72
91 125 93
36 116 99
76 84 100
72 88 88
85 101 93
82 102 1
96 97 58
12 52 32
74 101 93
15 16 29
99 112 99
6 32 32
19 113 29
68 103 60
34 50 114
75 82 99
12 54 72
52 76 100
38 100 100
15 59 111
30 41 88
22 88 88
93 119 93
28 126 120
54 72 72
54 97 72
75 90 99
30 96 58
58 59 111
54 124 1
52 111 111
45 95 45
25 61 48
44 97 47
37 97 123
30 103 12
43 97 88
46 47 109
23 85 62
82 101 93
23 97 62
31 78 27
86 120 120
33 79 27
43 64 88
15 85 62
4 54 72
93 106 93
10 114 110
54 112 72
37 39 58
7 113 29
67 81 93
62 114 62
87 122 48
72 110 72
48 110 48
115 124 1
39 98 120
117 121 100
48 121 100
64 80 58
55 100 100
56 68 100
31 98 120
66 88 88
75 79 99
5 16 29
95 122 48
55 105 78
16 119 29
10 55 110
78 117 78
14 28 120
71 128 115
29 80 29
37 117 117
88 102 1
7 19 109
65 93 93
55 79 27
5 27 27
14 112 45
43 85 88
68 90 9
95 97 123
36 47 99
40 87 111
31 77 111
47 56 100
55 77 111
48 81 48
38 98 120
74 93 93
6 122 48
55 76 100
23 115 62
68 128 45
76 124 1
103 123 123
2 126 99
75 101 93
42 124 1
31 51 1
43 98 88
4 14 110
27 48 27
25 51 1
41 110 88
111 125 93
49 79 49
9 67 93
31 68 27
17 53 12
78 105 78
5 38 47
25 54 72
3 12 12
14 64 45
25 128 45
48 115 48
78 83 48
29 115 29
39 77 111
24 123 63
26 76 100
73 95 73
78 90 78
48 119 48
10 25 110
6 94 78
52 73 32
72 82 72
22 126 27
87 97 123
30 109 109
92 110 110
55 121 100
59 87 111
27 77 111
33 57 49
22 123 123
66 116 114
50 69 72
39 88 88
21 89 114
19 85 49
53 104 78
17 87 12
9 72 72
17 117 12
82 109 109
3 110 110
46 93 109
36 122 99
40 55 111
58 76 100
17 52 32
81 97 9
96 100 100
48 95 48
21 119 9
57 93 93
14 72 72
17 70 109
1 122 1
3 102 1
100 102 1
53 79 27
45 56 100
40 120 120
6 44 47
35 40 111
18 61 48
90 96 9
33 72 72
38 109 109
47 57 49
11 20 120
53 71 115
5 88 88
16 128 29
47 122 48
66 83 48
115 127 88
74 98 120
45 102 1
81 128 9
83 108 29
35 59 111
88 90 88
11 99 120
7 128 109
11 19 120
12 35 49
82 113 29
70 83 109
34 114 114
20 43 88
13 106 45
5 19 49
97 128 45
59 107 111
49 88 88
84 85 32
61 128 48
22 125 93
89 99 99
24 73 63
12 93 93
34 42 114
17 111 111
71 125 93
111 115 111
6 48 48
46 83 109
44 94 47
60 70 109
67 112 93
39 114 114
47 60 47
89 107 114
17 99 99
51 63 1
109 122 109
38 54 72
4 67 93
97 122 48
36 99 99
120 122 120
13 52 45
12 57 49
58 100 100
68 109 109
29 31 29
89 104 114
9 39 9
63 122 48
17 112 12
17 65 63
4 108 29
50 67 93
65 72 72
4 98 120
7 8 109
33 43 88
90 128 9
48 58 48
36 119 99
84 122 48
5 34 114
63 112 63
64 99 99
88 128 88
27 103 27
114 116 114
14 93 93
66 104 78
68 124 1
106 122 48
51 95 1
28 121 100
40 116 111
9 77 111
67 103 93
87 119 123
62 89 62
60 81 9
2 28 120
21 41 88
55 57 49
11 126 120
22 76 100
26 118 62
12 26 62
11 91 120
33 104 47
76 80 100
102 120 1
55 87 78
45 108 29
59 126 111
16 81 29
6 75 99
62 118 62
37 112 112
92 116 115
24 55 78
27 98 120
81 91 115
53 96 58
45 88 88
9 99 99
18 31 27
3 107 80
80 119 123
1 73 1
8 27 27
4 111 111
49 69 72
81 112 9
30 32 32
41 93 88
76 110 100
6 96 58
8 30 73
51 83 1
57 68 49
27 116 27
43 60 88
73 115 115
30 124 1
6 9 9
6 49 49
36 107 99
55 97 78
32 108 29
4 87 110
7 125 109
61 107 48
39 90 9
70 116 109
37 75 99
51 75 1
56 124 1
25 91 115
102 126 1
82 95 73
102 119 1
90 122 48
1 106 1
40 90 111
53 122 48
23 39 62
98 114 120
105 112 112
11 85 120
23 67 93
17 63 63
73 113 29
99 108 29
32 94 78
15 78 62
31 122 27
27 91 27
103 108 29
51 110 1
59 93 93
26 57 49
10 80 110
24 46 109
11 75 120
23 95 62
25 72 72
17 46 109
63 93 93
94 96 78
4 123 110
114 115 115
57 101 93
72 81 72
79 99 99
25 117 32
39 117 58
38 110 110
61 72 72
24 105 63
114 126 27
20 104 78
39 120 120
35 125 93
124 127 1
49 117 49
65 94 78
24 29 29
38 67 93
87 111 111
72 75 72
28 107 120
71 88 88
21 64 9
12 30 12
60 120 120
45 61 48
79 120 120
9 27 27
54 58 72
35 111 111
50 62 62
100 105 100
39 49 49
60 77 111
35 121 100
21 97 9
10 13 110
28 108 29
66 71 115
34 90 114
42 104 78
58 111 111
43 61 88
33 62 62
5 11 120
8 72 72
92 102 1
6 50 60
47 127 88
14 104 78
75 113 29
59 119 111
22 29 29
25 94 78
47 77 111
54 120 120
100 115 100
33 87 47
41 125 88
8 93 93
2 76 100
68 88 88
15 111 111
15 31 62
27 34 27
79 96 27
10 124 1
30 56 100
17 124 1
23 91 62
26 110 62
80 87 80
29 44 29
92 125 93
49 115 49
14 107 45
101 114 93
92 123 115
10 68 110
6 127 88
23 64 62
82 125 93
68 95 60
58 94 78
26 34 62
40 115 111
83 128 48
5 29 29
1 30 1
40 83 111
66 122 48
71 72 72
11 117 120
85 109 109
85 99 99
52 88 88
70 79 109
24 33 47
39 68 58
23 56 100
52 125 93
69 104 72
54 93 93
102 109 1
7 74 109
85 117 32
23 34 62
65 115 115
66 102 1
61 98 120
75 103 99
78 109 109
29 61 29
7 71 109
75 110 99
25 47 47
32 48 48
1 26 1
42 77 111
30 87 80
16 50 29
12 78 78
11 82 120
26 107 62
116 122 48
100 124 1
1 23 1
51 123 1
70 114 109
62 97 62
10 123 110
3 94 78
37 100 100
12 60 60
50 84 60
25 78 78
58 92 115
38 117 47
41 124 1
1 8 1
24 126 27
52 84 32
101 110 93
48 84 48
50 71 115
12 98 120
101 105 93
30 92 115
37 63 63
16 80 29
2 31 99
79 91 27
16 48 29
53 101 93
7 81 109
1 10 1
110 111 111
32 123 32
36 112 99
85 116 114
28 127 88
62 91 62
44 96 47
43 96 88
30 85 32
4 91 110
51 81 1
13 79 27
8 41 88
42 113 29
8 78 78
60 96 58
53 111 111
41 53 88
82 116 114
48 100 100
89 93 93
47 61 48
4 90 110
45 54 72
