256 8438
80 195 80
92 148 92
167 221 158
69 148 62
10 108 2
125 241 116
112 221 104
107 200 98
54 228 44
53 57 44
73 100 62
21 68 14
24 50 14
97 127 86
3 217 1
80 179 80
34 231 26
17 141 8
46 47 38
20 216 20
153 208 146
28 129 20
50 86 50
1 2 1
19 163 8
200 211 200
109 139 98
100 254 92
116 167 116
8 30 8
134 165 134
48 96 38
66 155 56
140 145 134
169 219 158
85 88 74
171 172 164
68 244 68
218 248 218
187 224 176
177 207 170
142 161 134
215 241 206
67 213 56
173 217 164
110 130 110
8 92 8
134 234 134
111 117 104
205 254 194
180 215 170
19 164 8
44 130 44
48 99 38
102 177 92
1 20 1
172 204 164
69 214 62
116 143 116
6 254 1
110 254 110
135 212 128
50 190 50
93 160 86
152 234 152
124 234 116
247 248 236
86 198 86
194 254 194
8 46 8
156 250 146
67 132 56
20 221 20
71 147 62
37 55 26
141 155 134
24 219 14
44 114 44
76 78 68
28 85 20
21 254 14
149 246 140
65 178 56
148 246 140
73 80 62
235 245 224
158 204 158
2 61 2
56 61 50
213 215 206
8 205 8
242 245 236
15 225 8
93 109 86
21 231 14
247 249 236
71 253 62
13 209 2
56 133 56
78 206 68
65 71 56
81 212 74
20 66 20
50 85 50
42 249 32
147 194 140
56 129 56
180 192 170
187 197 176
124 180 116
20 33 20
128 211 128
146 247 146
5 6 1
120 241 110
173 247 164
55 251 44
50 247 50
191 251 182
250 256 242
1 153 1
25 189 14
33 254 26
10 65 2
86 209 86
7 8 1
93 152 86
163 188 152
12 219 2
86 205 86
62 156 62
54 108 44
20 122 20
119 218 110
112 218 104
155 189 146
189 191 182
152 182 152
121 187 110
16 203 8
110 247 110
133 228 122
100 143 92
109 117 98
135 153 128
196 249 188
1 50 1
1 45 1
136 138 128
212 221 212
94 140 86
153 254 146
130 238 122
50 107 50
31 101 20
184 223 176
40 67 32
120 188 110
111 114 104
156 157 146
32 155 32
10 221 2
79 147 68
54 185 44
135 254 128
18 196 8
2 37 2
230 234 224
20 237 20
38 73 38
44 47 38
136 229 128
136 244 128
141 186 134
96 202 86
94 135 86
29 222 20
36 85 26
145 162 134
21 195 14
48 199 38
247 252 236
166 239 158
8 116 8
98 123 98
178 239 170
104 144 104
171 206 164
146 211 146
169 191 158
130 200 122
38 167 38
55 100 44
59 138 50
226 227 218
71 129 62
53 190 44
192 199 182
14 97 14
206 242 206
89 154 80
73 90 62
99 227 92
56 98 56
66 251 56
233 246 224
207 211 200
231 248 224
128 221 128
85 249 74
235 254 224
47 108 38
64 151 56
86 251 86
192 193 182
66 85 56
165 205 158
26 110 26
2 254 2
116 120 110
48 156 38
137 189 128
89 159 80
56 135 56
200 204 194
25 195 14
247 255 236
56 107 56
188 242 188
32 218 32
28 114 20
130 198 122
5 168 1
13 123 2
140 236 140
53 234 44
126 127 116
27 58 20
102 152 92
195 224 188
84 177 74
80 144 80
203 256 194
134 254 134
39 42 32
163 241 152
56 146 56
62 92 62
181 220 170
20 73 20
186 187 176
168 256 158
52 155 44
129 207 122
171 173 164
35 150 26
124 210 116
54 79 44
35 242 26
208 254 200
21 159 14
209 249 200
92 177 92
54 64 44
54 169 44
99 103 92
133 185 122
90 230 80
26 80 26
116 254 116
97 102 86
173 206 164
111 218 104
15 71 8
173 179 164
183 241 176
113 189 104
61 195 50
8 21 8
116 233 116
111 112 104
113 157 104
193 234 182
176 196 176
1 80 1
81 168 74
186 196 176
138 232 128
68 91 68
143 246 134
50 226 50
52 254 44
76 192 68
30 190 20
64 72 56
244 255 236
152 169 152
194 195 188
194 217 194
188 254 188
146 224 146
14 207 14
19 203 8
92 124 92
142 254 134
100 130 92
68 151 68
44 82 44
1 111 1
68 215 68
173 180 164
24 116 14
149 243 140
37 215 26
20 38 20
235 251 224
37 155 26
26 39 26
138 193 128
188 231 188
192 205 182
32 156 32
23 190 14
193 205 182
108 256 98
165 199 158
109 226 98
130 159 122
184 232 176
154 227 146
134 208 134
125 237 116
17 239 8
40 213 32
50 98 50
132 238 122
56 155 56
20 111 20
169 173 158
218 241 218
14 151 14
136 181 128
116 119 110
38 153 38
66 221 56
12 207 2
234 240 224
27 129 20
47 65 38
115 116 104
123 172 116
24 99 14
158 195 158
215 219 206
35 106 26
192 232 182
1 169 1
175 239 164
29 125 20
88 248 80
102 130 92
95 117 86
128 233 128
2 32 2
20 71 20
24 127 14
179 180 170
201 222 194
187 204 176
207 209 200
185 218 176
104 142 104
132 221 122
84 195 74
127 242 116
80 128 80
78 217 68
143 192 134
38 60 38
86 146 86
50 254 50
5 99 1
92 235 92
207 243 200
143 205 134
80 169 80
50 91 50
89 254 80
93 119 86
153 154 146
164 208 164
6 208 1
2 76 2
47 216 38
79 175 68
32 84 32
71 148 62
93 96 86
131 226 122
92 211 92
32 228 32
135 250 128
21 160 14
20 115 20
38 191 38
166 194 158
198 232 188
56 142 56
12 76 2
10 214 2
86 112 86
80 119 80
183 234 176
204 250 194
12 153 2
55 106 44
50 113 50
101 202 92
14 243 14
25 151 14
50 249 50
98 175 98
109 132 98
69 242 62
29 206 20
168 172 158
2 202 2
86 176 86
207 249 200
134 190 134
107 194 98
20 206 20
236 240 230
121 203 110
242 250 242
2 139 2
1 173 1
52 226 44
20 89 20
53 200 44
82 136 74
71 228 62
19 181 8
14 166 14
99 175 92
154 188 146
1 85 1
188 195 188
188 219 188
198 208 188
72 199 62
14 105 14
188 229 188
139 183 128
220 240 212
70 73 62
68 233 68
47 254 38
11 171 2
16 169 8
24 206 14
38 40 32
188 223 188
170 177 170
102 205 92
49 155 38
93 156 86
21 57 14
67 125 56
77 143 68
189 228 182
32 245 32
80 85 74
134 180 134
84 247 74
248 252 242
231 242 224
119 244 110
65 228 56
29 218 20
176 205 176
155 195 146
116 194 116
156 244 146
28 115 20
75 144 68
199 221 188
46 58 38
80 229 80
142 145 134
60 199 50
168 194 158
72 104 62
176 201 176
127 191 116
9 190 2
59 60 50
26 122 26
122 229 122
78 230 68
131 148 122
50 188 50
82 93 74
13 32 2
104 109 98
159 217 152
81 209 74
133 254 122
115 225 104
59 225 50
14 24 14
26 51 26
134 211 134
3 249 1
63 141 56
160 164 152
111 128 104
241 246 230
237 241 230
3 5 1
135 188 128
36 69 26
37 199 26
132 155 122
34 74 26
68 80 68
170 213 170
189 247 182
69 151 62
216 254 206
104 147 104
180 218 170
21 29 14
26 37 26
88 201 80
13 24 2
15 179 8
139 163 128
14 188 14
12 16 2
32 154 32
152 241 152
155 156 146
14 106 14
127 150 116
227 240 218
52 246 44
235 243 224
155 175 146
128 237 128
200 215 200
1 226 1
81 230 74
16 62 8
63 210 56
125 250 116
250 254 242
8 45 8
121 172 110
25 228 14
102 222 92
98 182 98
54 126 44
60 240 50
77 205 68
8 16 8
44 246 44
141 154 134
32 143 32
33 247 26
232 244 224
2 154 2
121 144 110
180 237 170
229 238 218
39 84 32
19 85 8
201 205 194
1 18 1
29 140 20
156 201 146
91 254 80
119 120 110
60 87 50
32 40 32
122 139 122
192 226 182
145 241 134
20 119 20
187 232 176
26 53 26
104 215 104
63 67 56
82 185 74
117 154 110
91 189 80
20 45 20
193 227 182
5 206 1
14 222 14
188 192 182
155 172 146
17 178 8
140 142 134
163 166 152
97 143 86
225 230 218
49 232 38
189 193 182
112 207 104
14 18 8
132 239 122
104 149 104
41 187 32
147 158 140
88 166 80
175 186 164
83 182 74
27 106 20
227 237 218
121 191 110
120 122 110
56 64 56
146 185 146
190 244 182
70 177 62
98 113 98
13 98 2
8 153 8
19 62 8
182 234 182
177 222 170
66 243 56
58 119 50
110 112 104
6 167 1
125 235 116
60 227 50
19 157 8
10 13 2
207 226 200
29 234 20
183 195 176
27 176 20
136 243 128
1 157 1
166 167 158
83 85 74
92 158 92
110 170 110
113 142 104
164 198 164
26 76 26
213 222 206
198 242 188
26 140 26
29 244 20
150 189 140
48 97 38
40 41 32
61 142 50
32 68 32
132 199 122
221 254 212
116 221 116
194 199 188
236 239 230
223 247 212
1 21 1
13 200 2
2 103 2
32 121 32
83 115 74
140 199 140
200 203 194
103 172 92
173 251 164
62 137 62
70 133 62
199 212 188
219 254 212
200 202 194
161 210 152
241 252 230
122 153 122
12 129 2
74 90 74
208 215 200
18 203 8
80 113 80
134 193 134
1 19 1
224 252 224
118 216 110
2 30 2
69 228 62
38 94 38
50 115 50
44 49 38
77 167 68
2 131 2
91 213 80
193 224 182
2 207 2
120 251 110
111 244 104
38 151 38
95 127 86
52 95 44
1 34 1
9 246 2
163 219 152
2 24 2
17 245 8
140 226 140
48 49 38
143 230 134
35 140 26
106 254 98
228 241 218
103 124 92
144 145 134
70 155 62
253 256 242
14 236 14
212 215 206
73 151 62
112 198 104
24 224 14
31 199 20
44 245 44
84 171 74
73 79 62
35 92 26
57 176 50
21 229 14
50 170 50
76 113 68
47 60 38
213 214 206
7 158 1
14 41 14
119 188 110
40 77 32
84 248 74
14 163 14
32 74 32
41 238 32
113 237 104
29 44 20
102 141 92
206 227 206
28 127 20
8 113 8
166 226 158
99 177 92
176 231 176
122 206 122
94 138 86
21 22 14
147 175 140
112 167 104
55 90 44
55 118 44
1 172 1
48 118 38
65 175 56
44 87 44
240 254 230
73 245 62
56 167 56
72 98 62
88 158 80
44 152 44
142 227 134
30 44 20
113 126 104
23 158 14
132 202 122
50 189 50
83 229 74
14 176 14
1 79 1
41 81 32
92 138 92
144 248 134
165 168 158
7 12 1
172 229 164
148 164 140
199 223 188
132 254 122
14 135 14
227 248 218
48 233 38
20 70 20
119 181 110
80 83 74
44 88 44
156 171 146
132 247 122
175 182 164
17 116 8
210 211 200
152 194 152
92 195 92
50 139 50
1 99 1
15 127 8
213 227 206
155 233 146
54 243 44
124 229 116
173 187 164
81 179 74
30 160 20
146 195 146
16 193 8
48 80 38
217 226 206
152 254 152
189 233 182
28 222 20
134 166 134
155 223 146
42 72 32
236 238 230
84 186 74
199 240 188
50 90 50
80 207 80
51 144 44
20 232 20
235 244 224
30 132 20
92 149 92
89 241 80
40 83 32
16 237 8
215 220 206
44 154 44
49 149 38
226 254 218
62 166 62
136 225 128
56 193 56
126 198 116
88 256 80
121 218 110
72 240 62
86 222 86
196 252 188
224 229 218
44 253 44
210 223 200
223 233 212
44 194 44
199 236 188
112 253 104
158 190 158
109 147 98
44 128 44
26 50 26
32 86 32
124 254 116
8 188 8
12 253 2
196 197 188
45 49 38
2 5 1
202 246 194
24 252 14
1 48 1
160 163 152
8 85 8
27 28 20
150 178 140
218 242 218
91 102 80
148 236 140
187 206 176
99 181 92
115 147 104
92 144 92
74 76 68
20 58 20
155 187 146
200 241 200
68 128 68
1 77 1
26 98 26
179 233 170
65 184 56
8 37 8
192 246 182
221 229 212
107 199 98
116 227 116
196 256 188
214 217 206
103 175 92
203 236 194
237 239 230
119 207 110
62 142 62
225 227 218
17 75 8
160 197 152
134 159 134
219 225 212
32 97 32
131 215 122
92 96 86
74 222 74
20 187 20
20 228 20
66 226 56
208 213 200
76 95 68
111 143 104
1 138 1
62 127 62
93 139 86
20 35 20
145 216 134
11 60 2
52 208 44
44 58 44
241 253 230
126 174 116
47 153 38
134 249 134
8 83 8
20 249 20
252 254 242
89 205 80
162 254 152
72 81 62
197 243 188
122 146 122
41 232 32
167 174 158
83 123 74
56 60 50
143 238 134
233 234 224
158 185 158
34 82 26
103 106 92
51 177 44
14 229 14
148 235 140
15 93 8
7 42 1
239 240 230
2 178 2
3 4 1
44 48 38
145 242 134
32 63 32
47 83 38
41 132 32
70 135 62
183 253 176
122 213 122
33 79 26
8 159 8
108 153 98
19 143 8
92 165 92
17 62 8
35 187 26
192 230 182
95 118 86
134 198 134
37 79 26
94 122 86
100 166 92
110 225 110
151 220 140
86 91 80
26 190 26
57 153 50
14 134 14
176 240 176
89 95 80
190 245 182
15 174 8
232 251 224
44 165 44
13 174 2
38 108 38
32 161 32
50 59 50
56 68 56
14 85 14
212 235 212
77 134 68
43 193 32
107 244 98
94 95 86
115 187 104
98 188 98
22 202 14
180 236 170
192 210 182
156 249 146
50 58 50
56 170 56
114 190 104
56 120 56
134 188 134
145 225 134
220 230 212
220 233 212
117 149 110
211 242 200
8 89 8
20 244 20
147 157 140
6 114 1
68 162 68
102 217 92
128 190 128
9 145 2
96 112 86
38 235 38
130 254 122
201 242 194
25 233 14
8 132 8
44 66 44
107 176 98
206 247 206
146 155 146
36 182 26
46 221 38
20 186 20
59 151 50
63 90 56
14 169 14
32 190 32
82 139 74
4 240 1
132 248 122
92 161 92
84 217 74
38 208 38
159 166 152
155 193 146
62 105 62
40 229 32
108 188 98
215 235 206
34 103 26
46 247 38
176 178 170
182 254 182
87 222 80
120 225 110
156 254 146
23 105 14
63 202 56
217 243 206
126 142 116
98 192 98
14 118 14
58 68 50
154 239 146
212 222 212
50 56 50
10 151 2
86 94 86
46 156 38
36 211 26
100 131 92
211 236 200
139 193 128
69 184 62
10 190 2
21 182 14
141 152 134
20 158 20
249 252 242
32 64 32
212 214 206
176 228 176
242 256 242
60 194 50
180 214 170
132 223 122
8 169 8
35 147 26
248 251 242
109 239 98
25 105 14
68 90 68
148 199 140
66 236 56
86 120 86
19 51 8
51 235 44
6 226 1
227 246 218
1 112 1
76 107 68
36 106 26
29 96 20
157 225 146
166 229 158
152 197 152
61 125 50
20 170 20
196 215 188
219 249 212
28 131 20
166 175 158
89 125 80
86 119 86
13 241 2
74 118 74
183 186 176
111 212 104
39 149 32
200 230 200
6 11 1
237 238 230
103 115 92
115 153 104
158 174 158
2 50 2
127 163 116
145 222 134
191 243 182
50 114 50
72 83 62
27 197 20
39 221 32
167 178 158
167 232 158
82 171 74
70 253 62
120 126 110
59 158 50
178 232 170
198 239 188
50 197 50
30 91 20
148 226 140
133 172 122
157 167 146
176 179 170
44 141 44
9 73 2
15 63 8
68 107 68
2 163 2
90 243 80
56 227 56
210 255 200
38 106 38
147 206 140
2 20 2
12 20 2
102 221 92
50 80 50
200 206 200
8 43 8
7 52 1
242 244 236
197 202 188
62 146 62
32 204 32
170 175 164
14 194 14
35 125 26
122 211 122
40 218 32
21 25 14
86 90 80
132 189 122
227 254 218
20 181 20
199 238 188
8 53 8
25 213 14
242 246 236
71 231 62
80 154 80
22 156 14
14 128 14
40 179 32
7 59 1
155 166 146
1 108 1
89 156 80
32 192 32
80 90 80
83 90 74
75 120 68
146 151 140
2 85 2
52 112 44
50 55 44
96 166 86
54 99 44
186 230 176
157 198 146
7 16 1
66 193 56
58 190 50
1 84 1
188 225 188
89 128 80
152 155 146
27 255 20
20 137 20
7 150 1
136 180 128
168 198 158
113 202 104
82 192 74
1 74 1
9 161 2
2 200 2
66 240 56
38 44 38
20 131 20
152 233 152
250 253 242
68 86 68
56 96 56
152 157 146
198 210 188
22 107 14
32 175 32
62 164 62
62 89 62
64 94 56
5 107 1
143 247 134
194 230 194
23 113 14
45 63 38
173 222 164
43 208 32
163 228 152
167 190 158
33 163 26
126 135 116
101 255 92
21 114 14
10 90 2
20 30 20
182 186 176
198 218 188
168 235 158
66 150 56
174 213 164
5 119 1
216 250 206
18 32 8
165 235 158
134 171 134
203 233 194
61 136 50
32 33 26
36 111 26
200 201 194
24 47 14
90 145 80
35 91 26
17 65 8
227 228 218
38 89 38
38 53 38
20 191 20
161 219 152
34 222 26
76 130 68
86 203 86
128 154 128
33 60 26
47 95 38
98 142 98
71 192 62
60 95 50
13 229 2
94 143 86
86 188 86
20 248 20
204 216 194
2 113 2
38 190 38
30 163 20
173 235 164
46 77 38
128 210 128
2 126 2
218 255 218
103 112 92
184 212 176
111 152 104
1 24 1
97 163 86
215 240 206
43 98 32
22 51 14
55 164 44
20 69 20
200 205 194
168 218 158
2 17 2
170 207 170
21 107 14
10 155 2
32 187 32
38 160 38
170 171 164
18 217 8
102 228 92
1 246 1
200 239 200
58 61 50
17 70 8
32 109 32
156 256 146
215 250 206
164 197 164
56 143 56
93 210 86
92 108 92
8 47 8
49 116 38
217 236 206
68 115 68
44 124 44
77 79 68
2 256 2
51 187 44
22 24 14
19 115 8
221 242 212
177 205 170
112 256 104
3 131 1
32 230 32
44 54 44
122 192 122
116 236 116
98 191 98
122 154 122
2 47 2
155 217 146
216 256 206
38 132 38
36 248 26
179 256 170
212 240 212
166 228 158
35 97 26
8 100 8
210 243 200
215 222 206
70 72 62
176 180 170
56 196 56
69 144 62
168 214 158
182 200 182
128 132 122
68 180 68
163 240 152
119 125 110
86 192 86
8 98 8
142 248 134
124 162 116
134 164 134
8 144 8
45 124 38
161 196 152
50 120 50
43 111 32
120 197 110
92 151 92
34 246 26
10 113 2
88 250 80
214 254 206
117 176 110
173 254 164
71 105 62
104 141 104
42 222 32
49 256 38
198 222 188
33 78 26
128 239 128
74 240 74
73 143 62
128 142 128
26 29 20
41 231 32
222 254 212
70 103 62
104 246 104
146 209 146
86 219 86
45 52 38
155 240 146
203 207 194
200 229 200
114 151 104
60 166 50
66 190 56
182 206 182
4 165 1
186 229 176
18 247 8
176 256 176
200 253 200
164 184 164
140 162 140
9 38 2
16 252 8
162 196 152
152 244 152
47 218 38
182 228 182
10 135 2
50 105 50
92 133 92
2 21 2
122 184 122
232 246 224
4 176 1
20 23 14
35 86 26
56 90 56
8 178 8
104 168 104
1 227 1
38 223 38
62 114 62
147 151 140
201 208 194
8 106 8
137 254 128
126 139 116
83 158 74
194 242 194
132 136 122
23 78 14
14 250 14
114 231 104
27 238 20
44 70 44
132 178 122
2 11 2
26 54 26
9 242 2
86 190 86
76 256 68
26 78 26
56 88 56
135 214 128
68 87 68
71 161 62
3 148 1
20 104 20
3 45 1
181 202 170
167 188 158
2 34 2
204 245 194
81 162 74
39 188 32
12 65 2
194 203 194
32 66 32
34 79 26
208 253 200
1 190 1
93 186 86
106 122 98
56 197 56
135 143 128
94 101 86
171 181 164
211 226 200
137 222 128
104 150 104
82 83 74
62 110 62
119 124 110
23 25 14
246 248 236
43 140 32
31 214 20
108 120 98
26 188 26
64 199 56
41 157 32
86 95 86
172 250 164
149 175 140
86 143 86
119 208 110
71 166 62
198 226 188
162 182 152
39 124 32
30 77 20
121 253 110
207 221 200
88 210 80
74 95 74
170 212 170
46 169 38
107 233 98
70 83 62
123 171 116
100 156 92
96 97 86
68 97 68
18 155 8
232 245 224
39 72 32
190 208 182
104 220 104
133 236 122
134 213 134
224 253 224
114 145 104
181 203 170
180 217 170
20 26 20
176 232 176
109 173 98
8 82 8
110 180 110
123 242 116
152 248 152
120 184 110
76 218 68
149 177 140
134 157 134
98 140 98
42 171 32
51 136 44
34 63 26
20 92 20
120 240 110
122 254 122
69 219 62
204 251 194
15 110 8
50 78 50
158 222 158
7 41 1
120 176 110
149 169 140
67 88 56
224 239 224
185 234 176
26 201 26
177 181 170
7 91 1
194 233 194
63 179 56
56 105 56
170 218 170
14 150 14
38 45 38
140 235 140
211 251 200
215 229 206
90 209 80
20 178 20
26 100 26
164 214 164
113 167 104
72 209 62
136 233 128
2 31 2
190 205 182
1 10 1
43 225 32
204 241 194
30 115 20
135 167 128
38 126 38
12 248 2
204 254 194
140 221 140
119 235 110
32 201 32
208 245 200
49 127 38
158 197 158
161 205 152
118 122 110
75 141 68
38 209 38
72 182 62
217 248 206
38 39 32
114 115 104
139 210 128
62 233 62
87 200 80
18 178 8
46 235 38
72 192 62
199 209 188
6 175 1
80 214 80
50 63 50
50 95 50
14 238 14
71 86 62
31 117 20
9 243 2
64 67 56
42 123 32
28 160 20
16 226 8
181 196 170
17 138 8
61 123 50
239 241 230
87 254 80
117 254 110
229 256 218
195 243 188
213 247 206
116 144 116
61 249 50
214 242 206
55 179 44
74 138 74
64 78 56
26 147 26
226 237 218
26 192 26
9 20 2
150 151 140
198 244 188
76 246 68
152 228 152
128 181 128
33 72 26
66 111 56
80 153 80
29 30 20
121 196 110
1 8 1
224 225 218
124 127 116
54 164 44
92 182 92
224 230 224
229 230 218
158 209 158
20 49 20
79 85 68
225 226 218
80 183 80
156 232 146
188 191 182
2 28 2
136 164 128
44 213 44
1 255 1
34 200 26
217 232 206
18 109 8
253 254 242
214 221 206
190 242 182
220 228 212
29 59 20
26 91 26
184 194 176
149 174 140
162 247 152
178 234 170
1 46 1
12 180 2
26 45 26
123 173 116
146 204 146
104 226 104
171 204 164
13 84 2
60 185 50
170 172 164
234 254 224
26 196 26
38 176 38
1 83 1
143 243 134
53 55 44
121 231 110
28 102 20
34 97 26
79 159 68
141 219 134
1 150 1
77 124 68
62 153 62
163 174 152
11 234 2
157 253 146
8 13 2
105 235 98
195 198 188
60 149 50
51 204 44
56 219 56
72 254 62
32 56 32
68 137 68
170 235 170
97 190 86
120 212 110
11 228 2
100 202 92
62 192 62
12 231 2
110 125 110
113 136 104
113 226 104
12 208 2
245 254 236
2 209 2
123 182 116
115 219 104
44 116 44
193 233 182
36 37 26
43 210 32
1 23 1
15 18 8
188 189 182
30 194 20
26 48 26
62 204 62
180 198 170
197 241 188
83 256 74
21 213 14
33 107 26
185 246 176
48 204 38
12 54 2
55 93 44
86 100 86
207 253 200
75 225 68
16 201 8
182 220 182
35 120 26
195 235 188
66 105 56
10 166 2
140 194 140
128 198 128
108 169 98
193 208 182
88 112 80
108 203 98
135 159 128
14 73 14
189 227 182
62 67 56
2 142 2
104 223 104
45 171 38
77 184 68
135 137 128
5 37 1
56 198 56
62 104 62
32 48 32
37 201 26
111 118 104
37 249 26
74 165 74
125 186 116
75 76 68
234 239 224
171 239 164
27 125 20
102 182 92
95 130 86
251 253 242
102 188 92
93 162 86
14 22 14
20 56 20
8 33 8
19 88 8
91 144 80
20 161 20
27 153 20
37 42 26
99 255 92
30 173 20
122 233 122
51 85 44
184 204 176
163 256 152
1 72 1
108 109 98
14 165 14
91 179 80
151 211 140
8 23 8
176 222 176
80 244 80
174 251 164
1 142 1
98 210 98
10 215 2
44 204 44
190 192 182
25 38 14
222 249 212
13 58 2
41 137 32
60 159 50
101 233 92
154 218 146
5 221 1
186 218 176
209 254 200
183 230 176
36 147 26
168 244 158
48 251 38
144 177 134
115 138 104
218 251 218
98 147 98
126 137 116
234 256 224
192 214 182
33 185 26
58 227 50
68 99 68
60 63 50
159 218 152
79 254 68
116 207 116
65 196 56
44 136 44
23 82 14
113 182 104
218 221 212
122 144 122
68 252 68
160 161 152
119 239 110
62 73 62
14 23 14
61 161 50
30 131 20
8 200 8
86 169 86
68 201 68
217 252 206
23 94 14
158 181 158
44 95 44
121 236 110
111 115 104
88 184 80
228 253 218
32 61 32
51 228 44
108 221 98
79 234 68
143 235 134
193 231 182
167 209 158
110 173 110
1 86 1
8 231 8
42 255 32
17 114 8
52 140 44
146 249 146
138 143 128
45 168 38
77 204 68
93 247 86
96 255 86
127 174 116
231 238 224
137 182 128
136 145 128
188 237 188
16 27 8
241 254 230
81 105 74
71 144 62
169 236 158
24 194 14
118 123 110
180 187 170
115 242 104
164 254 164
196 198 188
60 123 50
14 103 14
38 138 38
75 78 68
2 135 2
184 197 176
181 255 170
45 252 38
35 179 26
95 175 86
41 204 32
64 140 56
62 124 62
74 173 74
107 217 98
2 45 2
195 244 188
218 244 218
54 254 44
97 152 86
155 227 146
225 231 218
155 197 146
110 232 110
124 125 116
149 254 140
135 196 128
178 244 170
109 142 98
62 188 62
78 145 68
153 186 146
118 133 110
207 233 200
55 201 44
175 225 164
60 254 50
158 199 158
154 177 146
80 146 80
110 172 110
66 186 56
209 255 200
23 35 14
115 162 104
1 53 1
19 254 8
135 155 128
2 71 2
73 148 62
164 190 164
239 247 230
20 110 20
138 174 128
40 58 32
172 175 164
32 106 32
49 82 38
121 237 110
17 54 8
162 212 152
186 212 176
213 228 206
61 85 50
21 120 14
8 212 8
173 203 164
64 101 56
153 255 146
144 253 134
11 24 2
33 159 26
55 139 44
8 176 8
148 187 140
173 237 164
59 114 50
240 256 230
112 197 104
20 254 20
67 119 56
114 200 104
217 250 206
22 130 14
116 134 116
56 71 56
195 196 188
114 223 104
10 120 2
68 159 68
67 184 56
249 255 242
196 213 188
7 84 1
29 219 20
102 254 92
95 105 86
109 114 98
101 237 92
50 62 50
32 141 32
64 205 56
121 130 110
177 251 170
1 62 1
69 247 62
137 193 128
42 240 32
78 169 68
124 219 116
54 154 44
105 129 98
97 254 86
103 176 92
26 28 20
44 216 44
33 233 26
197 240 188
200 222 200
99 222 92
38 42 32
109 121 98
104 131 104
30 147 20
113 245 104
1 195 1
7 146 1
116 121 110
14 60 14
109 240 98
63 250 56
164 181 164
177 233 170
199 247 188
220 227 212
32 76 32
129 133 122
95 132 86
68 164 68
146 163 146
127 179 116
161 214 152
176 241 176
37 97 26
83 248 74
62 97 62
26 121 26
56 233 56
59 72 50
12 89 2
47 59 38
148 172 140
203 214 194
61 183 50
165 246 158
48 56 38
6 255 1
119 216 110
103 227 92
33 88 26
35 117 26
190 199 182
160 208 152
122 157 122
101 247 92
188 228 188
112 172 104
234 237 224
92 244 92
147 245 140
16 34 8
125 149 116
246 247 236
92 122 92
158 248 158
206 252 206
49 141 38
12 239 2
143 145 134
98 144 98
100 111 92
68 78 68
38 80 38
38 52 38
194 196 188
63 66 56
213 245 206
232 248 224
38 215 38
201 246 194
130 133 122
22 177 14
83 92 74
87 210 80
27 123 20
1 17 1
72 92 62
213 238 206
26 126 26
72 159 62
15 167 8
60 209 50
58 200 50
84 131 74
2 70 2
56 161 56
203 205 194
199 208 188
232 235 224
19 49 8
170 197 170
32 65 32
74 199 74
83 186 74
6 218 1
36 139 26
183 214 176
38 148 38
140 243 140
92 125 92
74 85 74
1 57 1
14 58 14
22 254 14
74 86 74
32 44 32
229 233 218
21 127 14
20 57 20
54 82 44
210 233 200
7 171 1
44 76 44
97 239 86
11 254 2
129 169 122
7 213 1
50 127 50
93 221 86
50 221 50
138 228 128
124 197 116
75 256 68
147 149 140
80 188 80
60 225 50
185 207 176
4 232 1
83 117 74
39 171 32
180 188 170
29 137 20
9 33 2
163 215 152
142 150 134
134 185 134
170 194 170
32 120 32
74 195 74
20 94 20
188 190 182
38 107 38
14 98 14
77 197 68
26 105 26
78 160 68
38 115 38
166 169 158
4 47 1
43 192 32
25 43 14
128 176 128
131 254 122
50 53 44
20 149 20
3 80 1
19 200 8
74 238 74
209 250 200
29 31 20
65 247 56
87 238 80
117 221 110
23 81 14
58 225 50
122 182 122
170 221 170
166 202 158
131 133 122
12 224 2
27 120 20
229 236 218
26 176 26
180 207 170
26 41 26
35 155 26
114 213 104
149 226 140
138 160 128
50 76 50
15 224 8
187 192 176
144 214 134
240 246 230
50 157 50
138 188 128
72 233 62
212 213 206
195 205 188
158 186 158
145 223 134
137 169 128
91 162 80
47 123 38
203 223 194
104 128 104
3 256 1
27 98 20
8 217 8
77 209 68
107 153 98
34 41 26
188 235 188
101 142 92
47 72 38
103 129 92
89 170 80
19 74 8
184 254 176
223 240 212
184 227 176
20 43 20
175 222 164
215 239 206
140 230 140
129 165 122
89 220 80
238 246 230
32 82 32
71 254 62
129 209 122
145 247 134
146 156 146
168 169 158
10 43 2
8 99 8
26 135 26
148 183 140
203 225 194
237 246 230
51 91 44
169 188 158
103 223 92
185 254 176
142 143 134
35 99 26
185 223 176
1 180 1
195 237 188
219 255 212
29 40 20
94 199 86
107 203 98
32 177 32
141 142 134
230 232 224
40 202 32
85 210 74
63 238 56
86 99 86
66 170 56
2 49 2
32 39 32
32 254 32
129 130 122
209 248 200
94 235 86
9 12 2
80 166 80
11 92 2
168 176 158
165 249 158
43 131 32
89 129 80
16 223 8
13 133 2
211 254 200
206 230 206
158 246 158
4 184 1
97 229 86
67 225 56
50 154 50
51 158 44
182 247 182
87 189 80
140 151 140
92 106 92
79 201 68
91 173 80
40 91 32
104 176 104
200 208 200
92 129 92
42 231 32
84 192 74
148 153 140
98 118 98
151 236 140
205 221 194
88 227 80
46 109 38
179 248 170
45 67 38
31 114 20
220 222 212
8 34 8
248 253 242
42 170 32
62 189 62
33 156 26
8 139 8
159 162 152
222 235 212
92 203 92
38 122 38
114 205 104
94 178 86
81 210 74
105 141 98
30 159 20
57 152 50
62 246 62
171 214 164
253 255 242
128 199 128
229 254 218
8 180 8
40 42 32
182 204 182
2 29 2
178 238 170
216 244 206
1 213 1
116 159 116
68 69 62
29 250 20
17 164 8
114 226 104
8 18 8
115 135 104
83 243 74
35 209 26
19 184 8
77 112 68
11 13 2
36 102 26
71 229 62
125 200 116
135 195 128
32 197 32
40 181 32
42 229 32
190 246 182
204 214 194
63 243 56
62 65 56
69 73 62
40 55 32
56 206 56
190 241 182
64 66 56
234 246 224
122 173 122
165 167 158
118 120 110
2 160 2
93 175 86
8 131 8
168 247 158
123 124 116
100 132 92
57 234 50
65 167 56
218 254 218
45 169 38
2 187 2
30 100 20
207 210 200
1 177 1
14 193 14
122 221 122
23 93 14
26 95 26
6 229 1
99 142 92
206 254 206
139 232 128
14 239 14
46 240 38
182 238 182
231 234 224
161 200 152
49 72 38
120 226 110
116 165 116
177 179 170
63 65 56
110 151 110
2 43 2
25 131 14
144 193 134
62 100 62
164 224 164
80 243 80
104 160 104
205 237 194
157 173 146
125 146 116
147 150 140
64 110 56
30 107 20
55 156 44
93 202 86
170 253 170
128 241 128
101 154 92
99 102 92
136 246 128
164 213 164
171 193 164
153 210 146
95 179 86
167 233 158
228 238 218
134 250 134
2 92 2
217 231 206
181 188 170
32 75 32
49 114 38
158 226 158
93 243 86
33 35 26
189 190 182
60 88 50
239 244 230
142 255 134
180 254 170
47 151 38
68 92 68
26 216 26
127 129 116
175 215 164
26 30 20
128 153 128
64 194 56
81 141 74
26 103 26
50 203 50
83 204 74
62 227 62
21 24 14
107 202 98
143 175 134
98 101 92
81 108 74
103 148 92
36 247 26
139 234 128
36 224 26
86 159 86
188 224 188
164 192 164
86 181 86
235 240 224
26 209 26
74 83 74
243 256 236
1 155 1
65 165 56
4 174 1
22 152 14
117 123 110
53 231 44
6 102 1
24 256 14
161 225 152
161 188 152
159 175 152
147 183 140
156 188 146
100 250 92
134 151 134
137 192 128
161 221 152
74 135 74
44 99 44
38 156 38
116 150 116
78 109 68
31 136 20
88 90 80
50 84 50
142 216 134
134 160 134
49 131 38
169 208 158
6 209 1
29 60 20
47 49 38
187 194 176
172 228 164
64 87 56
27 173 20
67 120 56
154 193 146
1 54 1
168 230 158
78 231 68
26 87 26
125 209 116
168 254 158
186 240 176
205 245 194
85 153 74
166 246 158
207 219 200
58 133 50
134 138 128
103 146 92
110 177 110
137 138 128
6 185 1
77 251 68
141 202 134
23 254 14
105 247 98
8 93 8
113 147 104
14 36 14
38 47 38
188 233 188
56 77 56
174 203 164
1 65 1
10 180 2
8 50 8
14 164 14
20 114 20
146 208 146
181 219 170
135 136 128
12 221 2
199 237 188
41 179 32
151 170 140
128 137 128
16 209 8
22 76 14
189 214 182
103 111 92
32 62 32
69 252 62
41 143 32
140 249 140
14 30 14
110 166 110
26 71 26
23 28 14
21 23 14
74 249 74
177 254 170
49 89 38
85 251 74
26 86 26
246 254 236
90 168 80
134 189 134
47 53 38
92 131 92
27 135 20
1 60 1
137 157 128
32 200 32
122 204 122
240 250 230
240 248 230
143 155 134
2 117 2
99 164 92
157 234 146
32 169 32
23 154 14
14 173 14
80 84 74
136 141 128
53 177 44
1 92 1
168 182 158
179 188 170
32 199 32
82 124 74
81 83 74
127 188 116
114 194 104
233 253 224
32 136 32
79 92 68
134 201 134
186 246 176
123 168 116
70 71 62
135 198 128
238 250 230
33 34 26
2 255 2
14 66 14
86 92 86
58 176 50
234 251 224
157 191 146
177 223 170
84 223 74
174 177 164
169 190 158
37 254 26
8 248 8
23 198 14
162 235 152
56 117 56
202 230 194
134 215 134
22 55 14
100 136 92
109 163 98
204 249 194
179 207 170
8 175 8
103 170 92
154 155 146
170 193 170
75 154 68
202 205 194
223 245 212
29 182 20
137 183 128
166 218 158
26 99 26
222 230 212
44 50 44
49 148 38
14 46 14
118 188 110
89 226 80
201 202 194
87 89 80
112 115 104
104 165 104
84 122 74
92 98 92
110 234 110
132 146 122
48 63 38
112 156 104
29 67 20
172 174 164
223 227 212
109 225 98
154 197 146
61 144 50
13 228 2
186 254 176
66 69 56
13 119 2
26 102 26
112 114 104
225 246 218
86 161 86
176 197 176
115 141 104
202 210 194
14 83 14
171 224 164
12 83 2
147 239 140
26 136 26
74 217 74
9 232 2
117 220 110
113 217 104
143 197 134
139 201 128
28 210 20
15 44 8
98 235 98
56 58 50
227 256 218
218 252 218
91 127 80
44 190 44
73 124 62
158 163 152
120 210 110
5 112 1
116 164 116
82 153 74
233 250 224
166 192 158
56 201 56
44 108 44
117 143 110
227 253 218
63 71 56
32 71 32
185 199 176
22 158 14
178 240 170
147 255 140
124 225 116
186 226 176
11 27 2
108 141 98
120 170 110
14 92 14
181 236 170
128 166 128
3 140 1
2 73 2
20 207 20
95 140 86
169 226 158
109 155 98
49 186 38
38 103 38
49 208 38
96 193 86
17 44 8
107 108 98
149 190 140
125 150 116
100 110 92
221 251 212
37 62 26
14 51 14
154 254 146
14 122 14
166 230 158
211 233 200
121 239 110
26 82 26
36 225 26
242 254 242
37 110 26
79 143 68
56 223 56
213 219 206
83 237 74
75 244 68
130 195 122
73 231 62
67 154 56
187 231 176
82 168 74
5 53 1
134 200 134
77 186 68
110 192 110
87 233 80
97 200 86
159 249 152
73 210 62
9 17 2
226 229 218
44 121 44
204 236 194
182 226 182
55 254 44
162 218 152
48 246 38
32 236 32
80 190 80
206 255 206
20 32 20
181 209 170
86 87 80
202 204 194
227 255 218
118 256 110
128 192 128
146 172 146
209 244 200
140 176 140
23 177 14
2 55 2
107 141 98
85 111 74
165 170 158
18 168 8
33 41 26
32 91 32
32 249 32
121 226 110
17 74 8
53 254 44
78 152 68
86 130 86
20 54 20
109 213 98
112 113 104
126 254 116
39 67 32
225 255 218
45 180 38
82 254 74
244 247 236
2 59 2
16 254 8
124 246 116
7 221 1
199 249 188
14 116 14
122 218 122
193 219 182
1 124 1
100 118 92
54 67 44
125 126 116
34 66 26
6 223 1
58 88 50
49 68 38
111 158 104
81 84 74
87 88 80
45 121 38
207 254 200
46 146 38
42 196 32
135 231 128
15 193 8
238 248 230
86 111 86
76 229 68
82 208 74
176 192 176
199 202 188
193 225 182
101 166 92
209 239 200
2 27 2
17 171 8
76 238 68
61 170 50
99 248 92
26 89 26
198 228 188
176 227 176
78 254 68
48 73 38
217 221 206
27 210 20
74 219 74
32 148 32
134 187 134
59 238 50
75 230 68
82 91 74
134 186 134
152 188 152
81 111 74
151 176 140
94 232 86
62 197 62
92 136 92
68 210 68
233 237 224
67 98 56
220 248 212
37 211 26
208 251 200
174 204 164
193 230 182
84 191 74
125 172 116
37 47 26
116 175 116
48 200 38
48 230 38
205 252 194
188 230 188
132 244 122
45 248 38
62 254 62
148 198 140
100 101 92
106 198 98
10 254 2
26 179 26
49 209 38
19 89 8
48 252 38
125 197 116
172 192 164
42 144 32
89 204 80
50 193 50
169 212 158
42 152 32
122 251 122
59 126 50
12 149 2
10 12 2
2 90 2
74 256 74
215 242 206
17 142 8
86 101 86
12 113 2
14 114 14
2 46 2
206 214 206
34 147 26
43 212 32
75 208 68
29 153 20
190 211 182
30 164 20
15 187 8
107 188 98
127 186 116
90 136 80
191 254 182
194 214 194
62 99 62
154 208 146
63 128 56
104 133 104
155 206 146
51 164 44
106 136 98
4 105 1
62 63 56
176 254 176
37 160 26
238 256 230
94 188 86
21 186 14
102 151 92
146 173 146
110 231 110
245 250 236
122 160 122
200 227 200
97 176 86
158 187 158
13 93 2
86 132 86
222 252 212
164 212 164
96 210 86
216 255 206
18 145 8
1 106 1
14 59 14
40 43 32
135 178 128
215 254 206
3 7 1
103 251 92
23 142 14
5 8 1
114 165 104
38 113 38
66 136 56
14 111 14
14 246 14
111 254 104
123 211 116
109 148 98
26 247 26
122 242 122
118 121 110
151 255 140
160 162 152
182 187 176
135 251 128
122 244 122
95 114 86
140 149 140
130 160 122
50 122 50
225 250 218
45 157 38
6 199 1
59 195 50
20 103 20
72 100 62
107 250 98
44 223 44
107 146 98
80 191 80
25 108 14
174 240 164
128 174 128
92 191 92
70 198 62
1 38 1
68 188 68
40 87 32
144 168 134
26 141 26
64 214 56
222 255 212
122 247 122
50 126 50
16 176 8
18 181 8
106 108 98
224 254 224
2 78 2
27 241 20
140 144 134
91 178 80
148 254 140
14 205 14
60 107 50
94 203 86
14 196 14
74 239 74
14 113 14
111 174 104
85 248 74
20 51 20
92 97 86
98 170 98
29 160 20
58 166 50
198 205 188
113 255 104
196 238 188
73 98 62
187 198 176
216 218 206
45 48 38
105 164 98
102 163 92
77 159 68
14 35 14
21 117 14
39 214 32
144 222 134
74 177 74
49 195 38
51 215 44
38 72 38
12 56 2
83 131 74
18 166 8
77 126 68
48 119 38
26 233 26
15 106 8
38 112 38
25 148 14
82 85 74
55 67 44
7 162 1
27 76 20
178 194 170
80 206 80
166 254 158
103 137 92
88 91 80
1 29 1
44 170 44
58 111 50
96 177 86
41 166 32
110 244 110
157 187 146
36 116 26
32 182 32
81 156 74
129 196 122
13 56 2
96 102 86
53 165 44
144 175 134
156 206 146
56 157 56
154 202 146
47 68 38
32 159 32
127 176 116
155 157 146
121 133 110
15 255 8
149 184 140
6 58 1
28 30 20
18 234 8
20 147 20
86 211 86
7 109 1
28 162 20
239 245 230
41 167 32
193 198 182
2 39 2
61 68 50
55 145 44
51 52 44
211 235 200
111 184 104
77 246 68
229 253 218
86 106 86
44 186 44
123 254 116
24 173 14
178 200 170
166 171 158
152 187 152
30 79 20
62 219 62
77 91 68
104 129 104
195 225 188
169 245 158
58 132 50
34 99 26
79 102 68
140 169 140
116 133 116
75 129 68
10 141 2
41 225 32
123 207 116
73 209 62
104 192 104
201 226 194
54 77 44
26 162 26
56 84 56
8 38 8
165 244 158
13 154 2
245 246 236
140 228 140
8 25 8
2 97 2
130 131 122
145 159 134
43 177 32
184 186 176
8 121 8
19 133 8
66 239 56
77 173 68
158 176 158
143 194 134
108 110 98
40 95 32
192 239 182
43 64 32
28 171 20
82 159 74
14 25 14
201 248 194
219 222 212
179 254 170
215 253 206
68 95 68
27 239 20
53 82 44
98 201 98
63 72 56
223 232 212
173 210 164
76 215 68
15 188 8
38 221 38
131 145 122
129 244 122
100 102 92
32 41 32
80 123 80
152 185 152
52 53 44
55 208 44
36 54 26
78 225 68
38 218 38
12 212 2
126 235 116
98 132 98
32 37 26
104 216 104
181 252 170
44 112 44
152 213 152
99 251 92
64 65 56
54 85 44
32 85 32
38 171 38
102 245 92
14 33 14
61 232 50
49 64 38
84 228 74
140 195 140
1 159 1
6 158 1
44 51 44
24 228 14
107 254 98
77 114 68
40 249 32
52 174 44
246 253 236
17 223 8
86 225 86
116 190 116
16 113 8
71 72 62
159 193 152
9 46 2
67 222 56
104 157 104
98 148 98
46 108 38
32 122 32
191 202 182
69 232 62
74 78 68
26 189 26
14 90 14
75 187 68
21 70 14
28 125 20
36 183 26
233 244 224
131 163 122
166 237 158
68 136 68
49 254 38
2 8 2
80 106 80
41 43 32
3 15 1
74 172 74
208 211 200
194 252 194
136 165 128
141 233 134
35 93 26
191 205 182
141 174 134
104 203 104
158 177 158
142 197 134
152 154 146
33 186 26
8 114 8
243 246 236
71 73 62
202 254 194
65 233 56
110 149 110
143 223 134
186 232 176
164 203 164
41 252 32
53 232 44
10 35 2
50 179 50
38 61 38
74 127 74
91 187 80
83 105 74
62 98 62
110 216 110
83 156 74
152 231 152
187 254 176
159 163 152
216 230 206
174 193 164
160 224 152
116 158 116
42 107 32
195 214 188
140 164 140
67 159 56
151 222 140
102 216 92
68 168 68
188 252 188
70 197 62
50 208 50
141 167 134
91 216 80
67 103 56
103 199 92
94 254 86
159 254 152
20 86 20
39 178 32
38 189 38
63 178 56
137 153 128
118 119 110
8 163 8
71 197 62
119 167 110
96 139 86
134 145 134
80 249 80
26 213 26
102 145 92
38 164 38
198 254 188
111 182 104
145 245 134
180 213 170
29 47 20
62 240 62
200 245 200
185 227 176
89 179 80
22 167 14
243 254 236
127 254 116
48 103 38
149 167 140
26 35 26
48 217 38
10 226 2
142 162 134
78 191 68
6 98 1
171 174 164
74 144 74
116 217 116
122 131 122
94 238 86
70 89 62
33 126 26
5 140 1
149 217 140
20 60 20
6 234 1
26 33 26
13 61 2
245 253 236
173 198 164
190 194 182
62 102 62
114 253 104
8 244 8
32 233 32
38 41 32
212 217 206
74 178 74
37 43 26
28 200 20
100 229 92
128 225 128
60 218 50
36 254 26
149 150 140
40 48 32
70 137 62
50 198 50
44 185 44
243 249 236
50 209 50
6 224 1
135 171 128
32 160 32
10 64 2
10 121 2
34 129 26
93 229 86
134 230 134
86 238 86
178 187 170
26 256 26
238 254 230
56 173 56
186 210 176
18 228 8
162 206 152
84 238 74
2 146 2
26 55 26
97 101 86
160 166 152
30 182 20
17 225 8
18 62 8
92 179 92
65 156 56
148 218 140
179 249 170
68 167 68
204 238 194
163 179 152
181 245 170
62 143 62
172 214 164
40 44 32
163 231 152
240 244 230
154 192 146
141 235 134
206 217 206
50 92 50
112 254 104
178 220 170
43 150 32
96 145 86
129 155 122
44 150 44
40 80 32
197 213 188
11 197 2
13 66 2
73 155 62
214 230 206
188 245 188
164 233 164
8 59 8
52 90 44
159 173 152
29 101 20
208 217 200
14 31 14
90 137 80
134 168 134
164 255 164
64 162 56
52 76 44
23 239 14
1 133 1
118 194 110
140 147 140
51 96 44
62 80 62
134 177 134
211 214 200
120 195 110
56 92 56
98 222 98
213 250 206
56 140 56
43 120 32
14 214 14
178 179 170
181 244 170
150 218 140
115 150 104
86 89 80
44 77 44
2 225 2
113 247 104
214 234 206
51 112 44
172 186 164
9 94 2
214 222 206
66 188 56
44 63 44
40 110 32
50 169 50
186 247 176
45 83 38
157 159 146
28 176 20
118 125 110
25 41 14
112 171 104
151 195 140
141 225 134
120 166 110
92 121 92
169 183 158
157 204 146
59 220 50
171 197 164
17 124 8
137 211 128
46 164 38
79 182 68
77 207 68
140 189 140
215 249 206
26 187 26
76 168 68
8 39 8
111 194 104
32 81 32
155 185 146
124 252 116
159 200 152
175 229 164
50 51 44
26 142 26
169 254 158
216 229 206
80 89 80
103 235 92
75 147 68
99 246 92
107 109 98
189 204 182
101 102 92
68 71 62
97 169 86
38 185 38
208 233 200
94 190 86
14 104 14
62 81 62
11 85 2
19 153 8
106 111 98
39 40 32
145 203 134
105 106 98
38 227 38
84 130 74
51 82 44
26 224 26
222 226 212
19 35 8
66 175 56
236 247 236
87 250 80
61 150 50
63 229 56
44 250 44
2 196 2
180 203 170
8 84 8
44 98 44
134 155 134
8 68 8
191 242 182
62 176 62
54 55 44
38 123 38
244 256 236
103 252 92
229 234 218
136 137 128
44 200 44
211 237 200
66 252 56
2 220 2
95 238 86
79 113 68
6 103 1
45 73 38
50 97 50
68 199 68
110 230 110
85 254 74
211 245 200
209 233 200
153 184 146
18 205 8
228 246 218
47 209 38
25 136 14
74 179 74
208 218 200
202 255 194
32 179 32
88 229 80
35 85 26
134 238 134
68 245 68
20 74 20
73 213 62
105 218 98
155 159 146
11 218 2
68 190 68
56 207 56
46 103 38
206 221 206
80 182 80
95 254 86
88 128 80
18 245 8
86 113 86
27 240 20
159 256 152
28 95 20
73 208 62
73 241 62
80 196 80
18 19 8
102 236 92
10 167 2
28 124 20
75 92 68
21 89 14
133 151 122
64 74 56
18 212 8
121 150 110
26 227 26
14 15 8
157 254 146
158 172 158
201 204 194
64 131 56
69 210 62
222 244 212
1 102 1
103 216 92
32 209 32
44 173 44
87 146 80
137 159 128
112 145 104
171 211 164
14 78 14
35 94 26
2 48 2
9 239 2
94 242 86
119 229 110
56 254 56
70 244 62
20 169 20
14 123 14
158 244 158
194 251 194
26 193 26
4 169 1
140 191 140
26 168 26
84 232 74
116 187 116
14 64 14
38 245 38
18 105 8
20 27 20
153 235 146
62 168 62
13 21 2
173 174 164
80 205 80
211 228 200
25 115 14
1 14 1
120 139 110
25 155 14
50 68 50
19 39 8
106 130 98
33 112 26
139 206 128
105 156 98
46 151 38
164 174 164
28 134 20
21 50 14
174 254 164
26 144 26
225 245 218
2 119 2
123 244 116
158 254 158
64 138 56
200 232 200
172 209 164
43 124 32
14 119 14
141 203 134
60 256 50
80 124 80
52 200 44
128 152 128
159 171 152
125 151 116
223 252 212
85 242 74
41 111 32
34 154 26
206 233 206
15 214 8
105 241 98
52 77 44
45 235 38
83 100 74
44 60 44
44 148 44
2 250 2
198 253 188
244 252 236
99 218 92
104 151 104
106 167 98
171 256 164
156 196 146
121 157 110
86 115 86
31 146 20
163 175 152
35 162 26
183 251 176
36 60 26
220 234 212
110 218 110
116 157 116
32 49 32
244 254 236
74 227 74
158 211 158
106 134 98
88 228 80
6 200 1
95 129 86
26 27 20
44 129 44
26 254 26
40 112 32
48 218 38
67 183 56
1 208 1
204 211 194
223 243 212
24 233 14
26 116 26
22 238 14
79 162 68
74 187 74
138 238 128
146 175 146
35 146 26
8 254 8
97 168 86
140 209 140
49 80 38
152 203 152
22 223 14
185 202 176
170 200 170
95 217 86
6 107 1
46 67 38
205 211 194
79 120 68
59 229 50
83 143 74
84 240 74
220 251 212
14 237 14
222 237 212
33 196 26
128 130 122
24 85 14
43 53 32
62 169 62
101 238 92
38 220 38
18 56 8
26 38 26
13 244 2
123 162 116
32 43 32
242 247 236
160 204 152
38 159 38
38 54 38
142 209 134
34 185 26
240 242 230
175 253 164
75 140 68
77 254 68
201 203 194
164 169 158
180 220 170
8 117 8
74 115 74
43 254 32
8 9 2
246 250 236
62 195 62
162 210 152
6 73 1
62 90 62
32 224 32
217 246 206
241 242 230
25 239 14
100 236 92
158 249 158
25 110 14
80 236 80
38 111 38
1 27 1
46 128 38
56 80 56
218 250 218
63 254 56
88 239 80
85 198 74
80 192 80
187 207 176
104 121 104
14 32 14
195 226 188
176 177 170
14 117 14
16 241 8
143 182 134
68 100 68
136 152 128
125 238 116
36 249 26
88 102 80
174 191 164
168 207 158
23 203 14
14 143 14
46 75 38
2 217 2
47 208 38
26 34 26
84 98 74
64 195 56
19 211 8
116 229 116
203 220 194
131 235 122
137 181 128
111 193 104
231 235 224
36 157 26
56 67 56
44 83 44
173 175 164
119 189 110
51 197 44
90 91 80
47 48 38
19 161 8
177 178 170
199 254 188
6 47 1
110 175 110
193 240 182
122 208 122
63 162 56
102 195 92
58 76 50
14 45 14
73 199 62
25 197 14
110 116 110
17 200 8
189 222 182
75 106 68
117 122 110
161 228 152
102 192 92
123 159 116
99 252 92
11 227 2
19 196 8
4 6 1
86 158 86
153 158 146
50 65 50
16 151 8
39 158 32
101 157 92
30 177 20
231 250 224
146 148 140
2 251 2
66 107 56
98 203 98
46 84 38
146 202 146
220 235 212
8 133 8
98 152 98
136 239 128
141 145 134
56 112 56
8 28 8
66 74 56
183 252 176
87 95 80
50 125 50
122 230 122
23 24 14
31 105 20
165 185 158
44 62 44
225 234 218
38 240 38
3 214 1
201 225 194
68 189 68
23 176 14
73 216 62
205 235 194
141 144 134
18 22 8
46 252 38
78 177 68
32 113 32
97 177 86
222 251 212
51 224 44
176 187 176
73 229 62
1 82 1
56 110 56
14 101 14
70 117 62
174 234 164
68 238 68
212 248 212
192 229 182
50 124 50
155 254 146
1 131 1
98 155 98
38 195 38
203 204 194
159 241 152
45 245 38
218 236 218
128 134 128
2 208 2
121 235 110
79 213 68
69 146 62
119 133 110
79 150 68
55 91 44
88 89 80
223 250 212
202 253 194
74 253 74
150 183 140
175 212 164
162 249 152
249 250 242
50 129 50
2 58 2
98 254 98
150 246 140
50 69 50
220 241 212
248 249 242
75 236 68
146 147 140
26 255 26
117 119 110
207 218 200
44 198 44
128 232 128
1 148 1
32 79 32
62 159 62
108 231 98
32 45 32
152 156 146
112 209 104
187 247 176
194 216 194
104 175 104
23 210 14
116 136 116
148 210 140
2 54 2
116 117 110
84 202 74
24 196 14
20 183 20
62 91 62
26 62 26
122 128 122
206 209 200
162 188 152
58 78 50
56 57 50
9 26 2
83 208 74
152 211 152
70 256 62
98 134 98
168 233 158
19 208 8
104 211 104
184 236 176
162 239 152
52 126 44
164 242 164
32 126 32
63 233 56
98 156 98
45 192 38
26 218 26
145 256 134
162 193 152
109 170 98
80 216 80
157 227 146
45 85 38
108 148 98
93 153 86
145 149 134
8 24 8
241 247 230
123 203 116
92 243 92
229 244 218
12 152 2
124 142 116
34 109 26
223 256 212
90 164 80
37 146 26
1 12 1
62 121 62
2 38 2
152 161 152
32 189 32
25 122 14
111 256 104
27 244 20
43 69 32
140 241 140
108 134 98
80 202 80
149 176 140
31 72 20
206 218 206
32 142 32
52 243 44
4 249 1
58 169 50
16 248 8
245 255 236
3 18 1
165 254 158
23 246 14
154 175 146
1 13 1
92 141 92
18 138 8
14 115 14
48 160 38
85 103 74
36 255 26
24 236 14
5 158 1
216 242 206
27 254 20
98 106 98
9 11 2
90 173 80
26 69 26
237 242 230
124 132 116
83 141 74
83 232 74
105 254 98
146 214 146
96 146 86
86 186 86
154 173 146
84 215 74
225 235 218
35 251 26
175 202 164
114 201 104
202 213 194
104 218 104
2 122 2
54 149 44
74 91 74
125 201 116
86 237 86
24 146 14
218 222 212
49 169 38
164 252 164
20 157 20
2 19 2
177 242 170
139 248 128
92 175 92
128 189 128
172 254 164
17 226 8
109 223 98
58 103 50
69 209 62
74 79 68
165 187 158
49 210 38
28 236 20
28 216 20
201 220 194
9 107 2
132 252 122
71 173 62
128 218 128
149 151 140
77 110 68
108 158 98
116 145 116
81 98 74
91 194 80
54 209 44
38 149 38
205 219 194
149 172 140
76 83 68
140 251 140
16 229 8
14 172 14
8 124 8
117 214 110
83 244 74
20 253 20
94 210 86
18 46 8
104 229 104
7 232 1
66 177 56
128 203 128
130 181 122
11 160 2
25 73 14
96 152 86
24 95 14
8 22 8
95 157 86
70 90 62
51 115 44
216 228 206
37 70 26
216 217 206
69 211 62
199 205 188
8 109 8
72 73 62
246 249 236
14 154 14
16 197 8
158 162 152
73 164 62
111 240 104
94 198 86
52 104 44
8 32 8
41 129 32
173 229 164
161 231 152
12 133 2
8 198 8
9 128 2
41 106 32
107 201 98
3 117 1
79 214 68
171 202 164
20 78 20
190 193 182
142 184 134
195 254 188
127 154 116
113 172 104
164 251 164
150 255 140
154 178 146
3 254 1
114 251 104
102 148 92
1 30 1
93 157 86
197 226 188
189 248 182
126 181 116
110 213 110
45 223 38
143 254 134
245 256 236
8 241 8
26 75 26
54 115 44
38 81 38
77 78 68
166 233 158
171 254 164
146 255 146
126 232 116
115 253 104
1 197 1
208 238 200
243 255 236
238 252 230
68 139 68
75 219 68
68 227 68
20 48 20
204 207 194
122 159 122
105 108 98
157 168 146
17 18 8
38 137 38
170 205 170
5 129 1
105 172 98
114 215 104
1 232 1
89 235 80
38 163 38
146 238 146
131 142 122
235 238 224
95 167 86
49 57 38
20 123 20
10 38 2
172 225 164
3 74 1
32 100 32
122 197 122
57 154 50
193 199 182
17 216 8
137 256 128
47 96 38
162 201 152
35 81 26
82 164 74
121 176 110
14 38 14
14 232 14
165 174 158
20 77 20
184 192 176
196 200 188
158 182 158
126 200 116
197 199 188
8 95 8
193 254 182
213 220 206
142 148 134
51 55 44
11 248 2
116 196 116
1 71 1
102 103 92
68 177 68
69 135 62
95 96 86
48 231 38
20 139 20
182 251 182
62 119 62
50 180 50
104 232 104
82 151 74
225 252 218
44 67 44
13 55 2
38 154 38
89 221 80
6 214 1
68 88 68
123 213 116
163 254 152
62 113 62
136 234 128
55 199 44
20 193 20
207 229 200
5 139 1
159 243 152
91 136 80
226 251 218
116 246 116
223 237 212
85 216 74
160 226 152
1 49 1
120 155 110
120 234 110
56 141 56
16 235 8
32 83 32
248 254 248
6 168 1
146 149 140
68 203 68
52 94 44
14 109 14
42 186 32
81 222 74
68 216 68
14 180 14
104 194 104
152 193 152
203 226 194
56 166 56
107 157 98
22 255 14
54 147 44
21 53 14
221 231 212
20 164 20
124 251 116
44 46 38
8 70 8
207 220 200
194 198 188
27 30 20
21 34 14
84 109 74
178 183 170
186 213 176
32 170 32
13 37 2
121 247 110
188 227 188
123 224 116
37 163 26
228 234 218
115 254 104
98 185 98
92 109 92
135 215 128
80 235 80
68 149 68
37 38 26
183 185 176
163 177 152
50 70 50
146 242 146
41 42 32
188 194 188
200 220 200
18 73 8
1 22 1
157 202 146
131 206 122
80 239 80
127 184 116
78 235 68
129 239 122
80 103 80
38 57 38
100 194 92
183 187 176
250 252 242
24 166 14
102 238 92
87 179 80
122 209 122
192 234 182
12 132 2
119 230 110
80 161 80
49 222 38
180 195 170
81 247 74
46 181 38
66 254 56
122 147 122
105 159 98
19 107 8
54 175 44
187 190 176
243 247 236
154 185 146
120 178 110
185 230 176
182 211 182
26 112 26
67 97 56
18 226 8
12 72 2
6 187 1
164 165 158
118 211 110
25 221 14
44 176 44
110 159 110
29 35 20
185 240 176
74 147 74
123 155 116
22 237 14
249 251 242
187 211 176
176 255 176
71 188 62
148 184 140
127 189 116
103 168 92
236 237 230
32 46 32
80 218 80
11 183 2
235 247 224
13 160 2
230 254 230
1 7 1
14 65 14
252 256 242
94 97 86
50 185 50
22 174 14
52 185 44
100 249 92
24 46 14
182 191 182
145 153 134
147 192 140
4 153 1
116 180 116
53 109 44
119 187 110
20 173 20
194 241 194
51 256 44
68 144 68
44 110 44
190 214 182
46 83 38
9 15 2
53 221 44
134 170 134
1 104 1
171 175 164
76 117 68
104 196 104
1 189 1
132 142 122
72 82 62
189 220 182
57 254 50
1 128 1
119 148 110
122 166 122
131 195 122
14 209 14
121 240 110
30 150 20
55 113 44
22 136 14
129 254 122
185 228 176
51 122 44
34 123 26
155 226 146
26 101 26
2 13 2
139 155 128
213 216 206
214 238 206
8 104 8
156 223 146
167 230 158
80 181 80
120 208 110
7 141 1
146 253 146
84 90 74
95 196 86
5 59 1
166 220 158
2 244 2
32 52 32
2 16 2
11 20 2
15 83 8
19 242 8
68 226 68
10 184 2
71 204 62
89 176 80
23 208 14
92 176 92
109 233 98
153 234 146
1 16 1
7 178 1
63 188 56
8 10 2
187 222 176
99 254 92
44 107 44
98 100 92
67 254 56
172 211 164
137 208 128
156 176 146
26 236 26
67 126 56
95 174 86
12 142 2
17 132 8
44 243 44
235 248 224
177 180 170
161 255 152
92 164 92
55 235 44
221 232 212
165 208 158
14 137 14
6 7 1
79 105 68
99 144 92
30 31 20
125 140 116
104 106 98
108 136 98
50 210 50
7 140 1
146 180 146
100 185 92
172 243 164
121 254 110
92 146 92
144 192 134
2 12 2
4 7 1
138 142 128
178 181 170
92 94 86
50 230 50
110 132 110
2 80 2
101 140 92
180 252 170
24 76 14
115 178 104
146 165 146
79 171 68
162 224 152
68 160 68
228 254 218
105 128 98
104 181 104
238 239 230
124 177 116
128 164 128
130 201 122
75 77 68
58 232 50
78 175 68
184 220 176
197 250 188
100 159 92
80 135 80
53 243 44
74 117 74
170 217 170
25 200 14
2 87 2
42 195 32
182 185 176
88 245 80
170 231 170
70 199 62
53 161 44
9 201 2
123 197 116
3 176 1
27 211 20
79 125 68
29 74 20
195 251 188
14 69 14
155 181 146
59 169 50
75 82 68
6 178 1
44 155 44
109 193 98
93 256 86
118 189 110
138 164 128
104 254 104
104 152 104
103 211 92
84 85 74
45 187 38
2 145 2
161 226 152
65 254 56
97 208 86
208 219 200
124 202 116
50 146 50
92 105 92
189 253 182
114 180 104
32 58 32
208 243 200
80 248 80
123 152 116
5 79 1
133 194 122
146 215 146
46 187 38
128 234 128
9 139 2
140 154 140
94 245 86
104 108 98
45 88 38
125 227 116
189 230 182
129 131 122
50 64 50
158 216 158
46 123 38
53 125 44
155 169 146
50 200 50
14 87 14
48 102 38
108 159 98
187 202 176
196 229 188
128 197 128
64 237 56
167 254 158
83 201 74
28 123 20
153 238 146
62 66 56
30 219 20
26 113 26
181 222 170
158 159 152
204 221 194
128 180 128
11 237 2
1 160 1
244 245 236
127 205 116
70 158 62
92 226 92
8 58 8
15 64 8
42 212 32
158 170 158
174 223 164
44 115 44
93 228 86
123 136 116
72 102 62
21 52 14
43 183 32
44 147 44
57 74 50
1 3 1
178 195 170
16 118 8
188 202 188
50 248 50
17 145 8
39 200 32
149 204 140
52 54 44
52 234 44
14 99 14
62 72 62
169 250 158
121 169 110
20 101 20
150 201 140
68 175 68
106 231 98
158 234 158
34 254 26
163 203 152
155 183 146
219 226 212
91 215 80
211 234 200
191 234 182
221 227 212
153 189 146
29 32 20
114 242 104
229 232 218
162 168 152
136 143 128
148 181 140
4 49 1
197 221 188
70 230 62
32 118 32
237 253 230
181 232 170
227 231 218
180 223 170
98 184 98
7 85 1
52 154 44
183 204 176
116 127 116
78 108 68
215 216 206
119 121 110
56 247 56
241 244 230
129 243 122
38 63 38
1 4 1
89 222 80
86 221 86
116 138 116
45 105 38
157 236 146
224 251 224
110 201 110
33 38 26
123 167 116
2 162 2
29 204 20
194 234 194
11 75 2
20 80 20
102 214 92
4 5 1
176 253 176
232 241 224
182 192 182
4 220 1
151 241 140
168 174 158
128 220 128
64 242 56
87 90 80
26 153 26
236 241 230
68 102 68
8 90 8
2 25 2
251 252 242
40 234 32
227 235 218
9 217 2
4 62 1
132 217 122
219 231 212
62 133 62
149 228 140
2 36 2
249 256 242
15 210 8
28 207 20
174 200 164
45 89 38
42 254 32
168 211 158
82 247 74
27 179 20
247 254 236
106 221 98
147 219 140
69 254 62
34 192 26
103 189 92
74 215 74
179 251 170
71 185 62
68 224 68
203 229 194
218 227 218
206 216 206
168 187 158
11 239 2
39 120 32
126 149 116
39 57 32
51 240 44
20 24 14
85 179 74
24 29 14
34 204 26
225 256 218
98 197 98
116 239 116
231 253 224
14 55 14
74 126 74
115 144 104
89 90 80
220 225 212
14 138 14
243 253 236
12 106 2
113 150 104
38 211 38
85 112 74
131 132 122
124 146 116
149 215 140
92 188 92
21 157 14
24 32 14
85 200 74
131 134 122
31 142 20
156 164 146
108 178 98
170 174 164
157 241 146
122 158 122
243 245 236
109 178 98
97 98 86
79 219 68
214 233 206
81 173 74
223 254 212
1 125 1
50 54 44
151 163 140
45 112 38
12 48 2
115 192 104
20 25 14
64 224 56
50 182 50
116 169 116
56 108 56
68 157 68
123 252 116
104 244 104
128 178 128
123 128 116
41 219 32
1 55 1
84 118 74
20 76 20
184 250 176
45 116 38
7 83 1
14 79 14
15 209 8
190 231 182
135 138 128
170 209 170
62 134 62
16 19 8
134 136 128
225 243 218
117 200 110
180 238 170
2 134 2
24 115 14
189 205 182
18 232 8
225 228 218
132 208 122
247 251 236
128 216 128
86 138 86
1 165 1
128 254 128
195 253 188
24 111 14
50 253 50
144 194 134
109 254 98
75 134 68
145 187 134
83 188 74
77 180 68
170 238 170
98 103 92
234 244 224
87 239 80
164 166 158
10 118 2
52 65 44
125 127 116
116 162 116
26 163 26
165 178 158
12 236 2
181 224 170
9 72 2
27 214 20
86 189 86
118 218 110
140 234 140
182 240 182
57 104 50
56 89 56
51 64 44
139 254 128
233 238 224
143 158 134
104 138 104
186 235 176
97 214 86
92 171 92
85 203 74
44 61 44
147 223 140
23 43 14
53 169 44
92 207 92
94 183 86
92 167 92
16 173 8
175 220 164
68 81 68
154 156 146
22 111 14
90 117 80
16 187 8
44 71 44
2 10 2
173 252 164
143 253 134
153 156 146
32 203 32
249 254 242
8 140 8
98 234 98
251 255 242
115 121 104
59 222 50
60 74 50
92 118 92
26 46 26
87 183 80
206 210 200
14 204 14
140 216 140
26 68 26
115 177 104
8 11 2
37 76 26
89 190 80
2 112 2
189 202 182
71 171 62
50 216 50
244 251 236
64 185 56
8 208 8
61 215 50
23 76 14
2 41 2
6 217 1
7 81 1
78 122 68
97 155 86
35 240 26
77 252 68
130 182 122
18 199 8
169 180 158
38 90 38
8 79 8
34 35 26
90 94 80
6 19 1
41 220 32
87 176 80
2 26 2
151 177 140
238 243 230
85 113 74
35 198 26
164 217 164
9 85 2
122 203 122
128 208 128
139 153 128
50 133 50
79 202 68
1 178 1
150 194 140
49 197 38
144 174 134
251 254 242
225 247 218
211 240 200
41 206 32
87 97 80
60 202 50
122 225 122
160 250 152
69 159 62
34 118 26
78 218 68
57 181 50
160 211 152
39 55 32
233 256 224
44 244 44
20 36 20
58 129 50
35 57 26
110 124 110
14 61 14
166 173 158
104 145 104
74 194 74
113 232 104
47 119 38
107 187 98
74 124 74
122 177 122
2 194 2
55 174 44
19 99 8
106 109 98
2 57 2
119 214 110
179 204 170
4 56 1
20 241 20
239 256 230
117 118 110
72 224 62
104 235 104
25 44 14
43 156 32
57 177 50
86 148 86
20 134 20
110 191 110
95 188 86
157 251 146
59 215 50
231 237 224
37 144 26
146 171 146
87 203 80
72 113 62
138 139 128
15 26 8
178 254 170
179 240 170
45 53 38
190 252 182
100 221 92
221 243 212
152 204 152
66 88 56
14 49 14
140 204 140
124 221 116
116 210 116
14 197 14
123 126 116
46 254 38
44 149 44
2 3 1
94 116 86
127 237 116
196 253 188
119 185 110
122 148 122
207 247 200
14 217 14
56 86 56
53 54 44
12 158 2
164 202 164
59 208 50
74 109 74
207 228 200
213 235 206
127 139 116
8 67 8
53 85 44
31 119 20
119 158 110
81 85 74
181 218 170
64 254 56
56 130 56
230 235 224
174 242 164
212 228 212
160 193 152
2 213 2
41 134 32
26 79 26
115 206 104
48 153 38
241 245 230
66 110 56
157 188 146
220 226 212
51 74 44
8 88 8
32 60 32
183 254 176
118 233 110
34 165 26
64 168 56
101 254 92
26 107 26
57 97 50
180 210 170
122 190 122
134 139 128
226 255 218
68 124 68
203 239 194
1 15 1
52 223 44
151 234 140
69 153 62
77 215 68
59 155 50
32 183 32
34 58 26
216 241 206
178 245 170
75 162 68
82 125 74
73 200 62
38 175 38
231 243 224
7 119 1
219 246 212
85 106 74
14 40 14
160 238 152
247 256 236
107 122 98
92 101 92
220 253 212
74 185 74
158 253 158
45 242 38
15 16 8
32 110 32
207 239 200
2 157 2
171 186 164
19 40 8
1 130 1
32 239 32
41 161 32
146 230 146
21 38 14
32 103 32
214 216 206
176 239 176
48 183 38
110 184 110
124 247 116
106 162 98
31 176 20
110 214 110
1 43 1
18 242 8
123 163 116
110 219 110
211 230 200
18 70 8
187 205 176
154 195 146
78 255 68
161 168 152
36 133 26
24 126 14
207 213 200
33 121 26
78 240 68
122 137 122
81 256 74
144 221 134
93 114 86
62 96 62
238 240 230
127 149 116
164 199 164
196 224 188
109 222 98
80 93 80
95 199 86
14 39 14
56 131 56
14 89 14
63 245 56
47 67 38
110 126 110
104 250 104
4 229 1
93 179 86
41 51 32
75 199 68
74 175 74
1 44 1
93 242 86
104 140 104
23 162 14
18 163 8
50 211 50
112 204 104
145 254 134
209 237 200
33 55 26
163 235 152
8 136 8
11 201 2
172 210 164
151 235 140
234 235 224
87 168 80
38 200 38
86 218 86
92 184 92
59 154 50
220 254 212
111 248 104
246 252 236
113 213 104
42 58 32
171 209 164
26 246 26
106 107 98
26 174 26
94 225 86
160 225 152
55 231 44
148 151 140
129 159 122
11 137 2
8 223 8
165 236 158
30 254 20
32 72 32
23 65 14
47 78 38
228 252 218
20 21 14
165 232 158
20 62 20
15 152 8
245 251 236
75 215 68
14 50 14
19 138 8
112 250 104
62 217 62
226 228 218
117 121 110
122 170 122
182 241 182
220 256 212
69 70 62
227 250 218
36 129 26
25 48 14
15 99 8
125 187 116
27 52 20
53 100 44
13 236 2
111 159 104
198 199 188
92 116 92
140 155 140
41 183 32
61 137 50
155 204 146
150 153 140
131 179 122
31 246 20
226 256 218
28 249 20
133 247 122
152 202 152
104 159 104
19 28 8
78 248 68
68 113 68
9 219 2
142 251 134
18 43 8
82 249 74
44 207 44
224 227 218
121 245 110
1 40 1
74 202 74
122 125 116
89 108 80
38 43 32
197 205 188
20 113 20
8 12 2
116 122 116
77 128 68
107 207 98
105 206 98
43 203 32
80 168 80
105 138 98
211 216 200
174 175 164
74 221 74
152 196 152
169 174 158
50 89 50
112 184 104
111 191 104
13 235 2
11 12 2
164 236 164
104 122 104
186 217 176
108 254 98
134 135 128
53 121 44
72 127 62
57 61 50
45 74 38
31 109 20
29 191 20
135 197 128
116 178 116
63 99 56
158 255 158
46 64 38
244 246 236
126 243 116
43 96 32
120 217 110
28 29 20
178 248 170
90 109 80
59 65 50
162 194 152
14 161 14
68 93 68
28 93 20
102 111 92
32 87 32
96 135 86
7 76 1
1 81 1
75 203 68
103 141 92
153 256 146
145 176 134
206 208 200
44 53 44
38 55 38
46 49 38
177 235 170
152 205 152
38 136 38
2 247 2
171 232 164
142 151 134
195 223 188
33 229 26
23 256 14
134 226 134
110 193 110
37 179 26
4 234 1
40 152 32
206 207 200
212 239 212
7 134 1
3 20 1
48 94 38
73 244 62
26 31 20
152 189 152
96 163 86
92 147 92
170 187 170
190 251 182
175 176 164
29 214 20
27 245 20
134 173 134
78 221 68
122 123 116
231 232 224
62 82 62
57 231 50
164 196 164
179 196 170
99 108 92
6 136 1
2 94 2
103 200 92
39 41 32
1 58 1
143 191 134
56 132 56
14 141 14
21 234 14
160 201 152
35 212 26
60 130 50
190 191 182
25 256 14
50 173 50
1 244 1
133 197 122
237 240 230
175 184 164
80 143 80
25 255 14
2 238 2
3 241 1
252 253 242
181 207 170
152 209 152
110 115 104
110 185 110
152 229 152
207 208 200
94 96 86
65 241 56
34 181 26
38 181 38
58 249 50
56 104 56
135 150 128
58 252 50
51 125 44
225 248 218
1 96 1
110 215 110
156 179 146
146 186 146
168 251 158
14 147 14
165 240 158
6 25 1
231 245 224
68 121 68
26 158 26
224 228 218
33 69 26
174 214 164
48 93 38
14 96 14
32 134 32
155 255 146
23 199 14
9 49 2
165 247 158
8 87 8
2 109 2
113 158 104
89 123 80
68 207 68
170 181 170
225 241 218
107 125 98
70 144 62
103 219 92
81 194 74
219 248 212
9 10 2
101 137 92
227 244 218
76 239 68
136 139 128
98 117 98
103 206 92
220 223 212
219 237 212
41 212 32
175 254 164
82 222 74
110 224 110
26 56 26
50 143 50
152 186 152
189 239 182
189 212 182
223 241 212
2 91 2
56 75 56
8 127 8
2 182 2
104 243 104
212 216 206
34 128 26
63 184 56
44 156 44
53 178 44
20 155 20
254 256 248
98 151 98
4 117 1
52 220 44
96 120 86
153 155 146
53 205 44
20 127 20
48 141 38
49 126 38
74 111 74
202 203 194
59 119 50
101 183 92
11 141 2
64 183 56
203 244 194
44 131 44
2 23 2
18 254 8
160 240 152
20 171 20
62 199 62
74 116 74
119 161 110
116 185 116
181 254 170
29 170 20
30 198 20
228 244 218
155 182 146
73 215 62
127 211 116
2 52 2
72 124 62
21 222 14
77 109 68
92 93 86
132 133 122
99 100 92
20 143 20
8 86 8
8 249 8
147 254 140
52 146 44
24 243 14
167 169 158
38 51 38
2 60 2
45 241 38
215 231 206
9 42 2
151 256 140
110 217 110
215 247 206
83 225 74
8 35 8
6 201 1
47 76 38
8 134 8
189 216 182
226 241 218
12 247 2
63 183 56
155 188 146
56 209 56
5 63 1
1 88 1
210 231 200
84 190 74
97 171 86
87 133 80
140 186 140
64 84 56
44 85 44
162 199 152
161 190 152
1 120 1
1 193 1
193 236 182
134 203 134
50 256 50
134 204 134
48 82 38
157 224 146
125 254 116
1 228 1
26 104 26
111 127 104
158 166 158
56 212 56
8 150 8
1 39 1
147 172 140
26 118 26
113 177 104
4 167 1
50 52 44
154 247 146
240 251 230
95 99 86
152 242 152
200 231 200
32 194 32
164 218 164
68 82 68
33 100 26
127 232 116
129 193 122
3 49 1
74 137 74
74 235 74
40 51 32
70 250 62
7 254 1
80 142 80
65 66 56
203 213 194
77 106 68
33 202 26
230 233 224
194 222 194
10 177 2
211 246 200
158 224 158
76 152 68
206 250 206
1 26 1
128 229 128
2 7 1
88 190 80
38 58 38
142 241 134
81 143 74
68 129 68
243 250 236
201 254 194
156 252 146
195 202 188
104 217 104
126 150 116
20 217 20
102 226 92
37 104 26
44 68 44
113 115 104
210 245 200
151 159 140
36 217 26
92 163 92
99 125 92
82 142 74
89 162 80
71 102 62
143 144 134
182 190 182
138 179 128
14 167 14
133 191 122
150 197 140
63 190 56
202 224 194
164 247 164
96 254 86
98 107 98
67 188 56
16 144 8
20 84 20
31 217 20
73 254 62
68 105 68
141 143 134
88 242 80
160 200 152
98 250 98
99 138 92
134 137 128
140 247 140
52 162 44
44 252 44
138 233 128
2 152 2
116 181 116
44 143 44
129 249 122
38 46 38
194 224 194
95 189 86
62 64 56
203 234 194
14 142 14
57 59 50
36 192 26
171 244 164
212 256 212
92 103 92
25 209 14
177 228 170
194 213 194
139 156 128
128 191 128
40 159 32
86 245 86
159 227 152
2 35 2
190 196 182
173 200 164
63 249 56
140 254 140
44 97 44
26 42 26
137 201 128
80 184 80
51 229 44
56 175 56
87 197 80
104 116 104
74 158 74
110 152 110
8 65 8
75 104 68
90 142 80
2 127 2
32 188 32
163 199 152
139 238 128
169 184 158
40 132 32
3 196 1
82 104 74
41 246 32
56 127 56
122 199 122
64 165 56
74 184 74
92 162 92
14 129 14
149 200 140
50 77 50
177 241 170
51 54 44
146 200 146
158 165 158
9 254 2
234 245 224
109 203 98
178 223 170
26 66 26
183 206 176
8 168 8
8 181 8
164 256 164
91 239 80
126 250 116
196 245 188
58 254 50
8 36 8
101 110 92
1 243 1
2 83 2
53 144 44
27 256 20
140 160 140
30 56 20
84 142 74
122 126 116
139 198 128
13 68 2
118 142 110
98 211 98
237 254 230
130 255 122
81 82 74
12 144 2
44 65 44
127 147 116
188 253 188
207 244 200
170 186 170
144 149 134
1 192 1
81 157 74
110 164 110
95 161 86
49 250 38
74 81 74
123 150 116
17 19 8
56 128 56
61 69 50
13 168 2
55 138 44
211 221 200
62 172 62
35 37 26
113 133 104
235 242 224
141 200 134
128 182 128
140 163 140
63 224 56
8 55 8
146 237 146
137 172 128
91 101 80
17 168 8
81 229 74
5 90 1
207 236 200
135 183 128
212 229 212
14 208 14
40 161 32
131 153 122
134 182 134
73 116 62
216 245 206
49 91 38
32 38 32
32 50 32
60 142 50
87 154 80
24 142 14
62 112 62
83 95 74
49 221 38
162 163 152
223 239 212
122 187 122
2 67 2
111 146 104
74 122 74
27 29 20
53 237 44
93 147 86
163 195 152
50 81 50
237 247 230
188 249 188
113 134 104
12 233 2
189 192 182
12 75 2
134 172 134
49 77 38
142 243 134
102 179 92
161 184 152
57 179 50
208 242 200
103 133 92
84 185 74
107 168 98
14 21 14
86 123 86
44 69 44
164 201 164
229 237 218
242 243 236
111 150 104
95 201 86
23 245 14
129 183 122
240 241 230
32 54 32
244 250 236
75 79 68
27 119 20
165 191 158
167 231 158
6 186 1
128 209 128
8 120 8
114 232 104
165 255 158
24 30 14
1 61 1
74 88 74
111 188 104
86 135 86
38 224 38
62 222 62
16 160 8
3 107 1
77 122 68
135 226 128
104 219 104
198 200 188
125 223 116
2 138 2
85 140 74
10 63 2
140 242 140
50 205 50
34 61 26
10 181 2
45 254 38
22 132 14
151 226 140
195 215 188
175 221 164
202 236 194
3 175 1
56 169 56
233 235 224
46 48 38
49 216 38
167 213 158
8 105 8
32 217 32
60 219 50
50 207 50
129 252 122
1 56 1
71 244 62
14 48 14
98 173 98
13 251 2
158 202 158
231 233 224
115 199 104
136 148 128
86 191 86
14 86 14
122 132 122
76 254 68
92 169 92
34 45 26
70 77 62
55 234 44
218 219 212
54 150 44
8 20 8
74 143 74
73 170 62
105 210 98
140 153 140
2 81 2
73 114 62
69 124 62
111 247 104
79 149 68
13 41 2
177 190 170
88 219 80
79 242 68
30 130 20
1 5 1
57 62 50
140 237 140
106 229 98
239 254 230
125 233 116
233 243 224
124 185 116
238 249 230
62 249 62
6 222 1
165 172 158
109 127 98
50 108 50
11 206 2
103 202 92
242 255 242
5 106 1
191 245 182
39 212 32
69 225 62
71 172 62
38 79 38
95 145 86
50 82 50
33 53 26
100 169 92
164 173 164
59 61 50
15 43 8
125 242 116
166 195 158
60 226 50
159 160 152
15 141 8
233 254 224
240 252 230
121 200 110
70 94 62
189 195 182
44 78 44
105 111 98
24 123 14
93 136 86
176 199 176
202 218 194
83 160 74
56 73 56
26 248 26
235 250 224
78 239 68
22 209 14
56 85 56
56 100 56
205 255 194
137 207 128
183 215 176
84 201 74
93 182 86
144 159 134
44 209 44
168 201 158
86 183 86
124 188 116
159 161 152
135 166 128
174 229 164
195 220 188
54 174 44
37 180 26
17 82 8
235 252 224
105 107 98
108 220 98
56 187 56
134 191 134
54 233 44
37 61 26
170 229 170
129 198 122
162 173 152
58 178 50
32 96 32
216 240 206
38 166 38
82 224 74
95 253 86
73 166 62
14 170 14
195 199 188
48 149 38
55 147 44
89 91 80
125 204 116
96 137 86
86 133 86
205 230 194
143 154 134
14 254 14
56 217 56
78 126 68
52 119 44
164 250 164
28 107 20
200 223 200
14 28 14
237 255 230
64 249 56
83 110 74
86 134 86
119 241 110
69 89 62
61 66 50
113 156 104
75 139 68
56 111 56
92 254 92
33 36 26
194 200 194
68 223 68
158 194 158
124 149 116
38 82 38
231 244 224
61 134 50
142 238 134
14 37 14
2 124 2
4 139 1
100 107 92
25 234 14
152 230 152
94 202 86
22 153 14
203 255 194
86 243 86
129 132 122
102 142 92
110 208 110
77 161 68
50 223 50
91 146 80
142 144 134
57 142 50
98 218 98
45 114 38
2 69 2
54 148 44
56 255 56
101 103 92
46 210 38
165 181 158
2 15 2
32 128 32
152 180 152
78 79 68
16 41 8
156 192 146
197 230 188
186 245 176
187 230 176
106 126 98
33 77 26
38 144 38
38 256 38
38 120 38
49 230 38
118 236 110
6 8 1
238 244 230
14 81 14
148 149 140
214 215 206
98 133 98
20 22 14
214 245 206
146 243 146
210 224 200
5 38 1
2 99 2
165 200 158
100 126 92
38 152 38
74 167 74
130 132 122
2 130 2
114 191 104
2 141 2
76 79 68
76 217 68
6 149 1
3 134 1
176 198 176
1 151 1
186 249 176
155 158 146
68 110 68
174 185 164
92 99 92
117 174 110
2 128 2
125 251 116
86 229 86
209 218 200
204 219 194
8 216 8
53 255 44
98 225 98
26 134 26
210 248 200
72 166 62
105 127 98
26 123 26
32 225 32
135 139 128
83 165 74
26 73 26
116 135 116
22 27 14
123 212 116
164 229 164
106 156 98
240 245 230
161 208 152
121 123 110
148 240 140
215 217 206
5 175 1
63 94 56
134 236 134
20 72 20
172 218 164
110 158 110
35 183 26
164 253 164
185 209 176
30 72 20
14 245 14
223 249 212
146 170 146
112 140 104
91 222 80
150 162 140
58 218 50
225 229 218
74 77 68
1 59 1
156 194 146
98 245 98
85 161 74
85 104 74
2 40 2
87 137 80
8 236 8
8 128 8
25 152 14
78 143 68
103 128 92
130 199 122
46 170 38
93 184 86
102 246 92
8 162 8
11 127 2
69 179 62
95 134 86
232 247 224
122 186 122
57 248 50
136 177 128
164 248 164
108 181 98
189 221 182
3 6 1
8 42 8
135 213 128
229 251 218
207 216 200
112 159 104
165 166 158
192 221 182
158 201 158
198 234 188
21 123 14
68 141 68
12 13 2
17 119 8
168 208 158
15 19 8
120 207 110
54 199 44
167 222 158
233 242 224
219 256 212
26 111 26
189 255 182
70 224 62
164 228 164
58 60 50
128 131 122
180 191 170
57 140 50
20 150 20
137 176 128
100 241 92
38 110 38
43 159 32
119 202 110
102 185 92
21 242 14
91 246 80
132 188 122
35 52 26
44 254 44
172 242 164
158 161 152
63 164 56
221 233 212
101 218 92
62 136 62
80 145 80
20 112 20
37 220 26
135 154 128
36 238 26
50 60 50
74 80 74
136 195 128
25 62 14
173 204 164
191 233 182
39 154 32
40 78 32
54 75 44
38 100 38
31 99 20
26 124 26
160 254 152
33 177 26
117 231 110
20 79 20
82 157 74
151 192 140
146 189 146
144 240 134
1 70 1
236 256 236
8 190 8
11 139 2
146 192 146
55 172 44
74 196 74
44 73 44
165 169 158
114 235 104
86 216 86
120 141 110
24 175 14
198 241 188
171 192 164
31 155 20
154 221 146
232 239 224
2 56 2
164 205 164
148 212 140
20 205 20
112 131 104
56 210 56
1 154 1
8 17 8
137 139 128
12 155 2
200 226 200
228 245 218
156 255 146
197 220 188
241 250 230
236 254 236
181 198 170
52 184 44
26 43 26
38 145 38
11 200 2
68 84 68
123 127 116
24 87 14
173 188 164
81 148 74
58 192 50
122 124 116
128 212 128
30 152 20
57 130 50
113 206 104
113 149 104
61 118 50
194 207 194
120 140 110
98 136 98
27 78 20
36 92 26
19 175 8
43 109 32
161 254 152
10 223 2
10 93 2
50 140 50
111 228 104
102 255 92
169 242 158
106 196 98
221 239 212
153 199 146
60 184 50
165 241 158
25 139 14
206 215 206
180 181 170
182 253 182
64 155 56
1 69 1
118 221 110
163 225 152
67 95 56
77 231 68
55 159 44
32 47 32
35 254 26
42 188 32
8 51 8
154 157 146
221 222 212
95 216 86
115 201 104
33 101 26
1 183 1
1 239 1
243 248 236
26 139 26
134 228 134
140 166 140
115 159 104
94 108 86
57 175 50
103 118 92
70 254 62
122 219 122
142 224 134
245 252 236
38 201 38
68 142 68
40 106 32
110 123 110
29 173 20
103 119 92
42 88 32
126 255 116
128 133 122
103 254 92
44 179 44
5 235 1
95 230 86
80 100 80
23 192 14
192 254 182
164 167 158
148 238 140
116 140 116
82 144 74
68 96 68
203 242 194
206 211 200
41 249 32
106 119 98
95 100 86
65 114 56
88 178 80
75 241 68
44 111 44
70 246 62
49 217 38
210 251 200
23 200 14
131 239 122
56 81 56
88 170 80
22 128 14
85 245 74
104 224 104
40 120 32
134 162 134
149 171 140
204 206 194
147 159 140
44 225 44
132 196 122
19 212 8
192 218 182
20 47 20
182 205 182
88 106 80
33 70 26
103 193 92
200 254 200
110 171 110
146 176 146
2 143 2
56 242 56
20 87 20
112 116 104
101 175 92
134 227 134
217 240 206
109 202 98
133 205 122
62 132 62
15 113 8
162 245 152
238 241 230
38 236 38
2 74 2
33 193 26
170 180 170
1 11 1
63 64 56
74 161 74
125 168 116
246 256 236
116 255 116
18 211 8
119 248 110
128 171 128
125 245 116
143 237 134
37 182 26
5 7 1
26 131 26
120 254 110
69 221 62
9 86 2
104 201 104
32 94 32
18 215 8
35 127 26
37 255 26
131 230 122
174 211 164
42 160 32
185 188 176
217 220 206
124 200 116
105 167 98
245 247 236
88 93 80
138 252 128
164 219 164
39 157 32
18 75 8
198 212 188
33 256 26
47 121 38
187 195 176
194 201 194
155 210 146
91 123 80
14 68 14
154 216 146
37 231 26
124 151 116
152 237 152
79 229 68
15 39 8
21 103 14
22 245 14
19 64 8
53 81 44
189 209 182
56 79 56
25 153 14
157 245 146
156 185 146
49 153 38
41 194 32
90 134 80
123 188 116
175 185 164
20 97 20
191 193 182
134 206 134
109 172 98
56 177 56
43 148 32
11 185 2
94 163 86
69 72 62
115 193 104
99 101 92
63 216 56
96 133 86
50 233 50
134 192 134
185 187 176
20 239 20
69 231 62
2 68 2
47 154 38
38 85 38
20 88 20
23 191 14
23 27 14
113 220 104
84 194 74
148 249 140
40 90 32
72 93 62
224 241 224
72 253 62
36 194 26
148 245 140
115 161 104
32 34 26
87 245 80
51 127 44
101 256 92
107 185 98
16 72 8
28 61 20
66 67 56
132 191 122
127 238 116
93 113 86
214 229 206
104 156 104
67 187 56
27 195 20
86 206 86
57 207 50
62 151 62
43 134 32
44 256 44
172 207 164
110 165 110
203 216 194
194 209 194
236 246 236
206 212 206
38 184 38
178 180 170
243 252 236
149 223 140
56 236 56
243 251 236
183 228 176
97 217 86
192 240 182
122 207 122
88 123 80
11 196 2
143 196 134
216 234 206
63 144 56
72 168 62
250 251 242
14 102 14
66 82 56
115 130 104
44 203 44
14 120 14
153 157 146
86 108 86
146 164 146
57 235 50
163 208 152
81 145 74
137 151 128
26 203 26
3 160 1
38 125 38
10 11 2
12 254 2
109 168 98
44 215 44
2 123 2
74 101 74
80 140 80
108 210 98
18 169 8
164 230 164
56 70 56
64 225 56
100 178 92
67 204 56
38 254 38
54 193 44
11 226 2
100 103 92
134 176 134
170 254 170
39 69 32
193 250 182
171 190 164
191 247 182
214 246 206
38 213 38
146 226 146
44 103 44
83 114 74
169 253 158
193 226 182
2 236 2
32 127 32
113 191 104
58 177 50
44 55 44
9 198 2
2 137 2
181 242 170
227 229 218
42 100 32
70 237 62
16 136 8
32 36 26
147 178 140
38 48 38
108 198 98
122 217 122
92 123 92
139 204 128
122 224 122
2 185 2
82 205 74
25 45 14
82 109 74
20 148 20
192 203 182
20 140 20
34 85 26
54 156 44
94 99 86
208 212 200
8 185 8
214 232 206
9 21 2
28 37 20
248 250 242
1 6 1
69 71 62
170 236 170
194 218 194
12 95 2
37 200 26
86 141 86
42 247 32
110 141 110
48 243 38
18 197 8
94 141 86
50 104 50
1 25 1
157 171 146
29 99 20
6 61 1
31 165 20
92 170 92
196 199 188
63 76 56
2 140 2
49 66 38
80 219 80
126 203 116
61 186 50
115 232 104
225 242 218
34 92 26
20 67 20
1 51 1
28 208 20
151 152 140
10 87 2
187 212 176
122 165 122
24 247 14
138 237 128
38 92 38
80 81 74
20 190 20
120 121 110
130 168 122
170 241 170
192 243 182
86 184 86
182 183 176
50 136 50
173 176 164
1 188 1
130 153 122
152 174 152
71 201 62
130 196 122
59 251 50
140 146 140
202 211 194
76 94 68
218 220 212
37 238 26
14 27 14
4 254 1
107 128 98
161 163 152
33 37 26
68 197 68
172 197 164
14 228 14
50 161 50
110 227 110
179 181 170
57 229 50
104 209 104
55 230 44
47 183 38
50 240 50
85 100 74
1 33 1
133 165 122
140 244 140
1 254 1
37 93 26
90 152 80
136 254 128
162 241 152
134 141 134
61 227 50
124 198 116
79 210 68
199 204 188
39 43 32
123 236 116
39 44 32
223 244 212
95 97 86
74 112 74
86 224 86
121 198 110
157 193 146
66 153 56
192 248 182
174 225 164
5 134 1
170 210 170
80 121 80
83 155 74
49 138 38
99 158 92
116 118 110
1 41 1
62 167 62
144 241 134
118 184 110
8 154 8
58 246 50
173 221 164
26 182 26
227 241 218
160 229 152
119 226 110
190 224 182
112 240 104
20 152 20
94 169 86
121 135 110
38 56 38
80 139 80
150 252 140
170 249 170
148 255 140
171 194 164
119 123 110
5 41 1
38 105 38
26 84 26
11 102 2
106 239 98
14 225 14
50 156 50
14 244 14
18 220 8
67 141 56
199 220 188
30 88 20
22 29 14
75 150 68
216 225 206
116 186 116
172 212 164
8 182 8
167 214 158
31 58 20
170 184 170
74 131 74
15 98 8
45 47 38
129 142 122
254 255 248
72 165 62
45 249 38
176 216 176
92 139 92
32 101 32
25 238 14
90 210 80
1 200 1
68 186 68
171 213 164
69 126 62
123 228 116
239 242 230
172 239 164
68 155 68
121 248 110
4 76 1
11 238 2
115 149 104
58 147 50
89 247 80
184 228 176
52 137 44
152 214 152
20 236 20
215 237 206
212 252 212
181 182 170
109 228 98
220 221 212
20 99 20
93 95 86
138 186 128
83 139 74
153 245 146
224 255 224
200 251 200
107 227 98
201 240 194
157 210 146
232 252 224
36 99 26
132 134 122
55 69 44
2 149 2
222 223 212
84 133 74
80 189 80
40 182 32
50 137 50
66 233 56
40 144 32
147 166 140
62 69 62
8 137 8
77 223 68
150 206 140
75 192 68
2 107 2
82 84 74
120 247 110
44 212 44
106 171 98
55 104 44
10 191 2
229 252 218
56 137 56
158 203 158
39 48 32
8 62 8
50 102 50
90 170 80
7 50 1
109 149 98
32 102 32
86 254 86
203 232 194
182 184 176
42 43 32
255 256 248
185 226 176
204 205 194
231 254 224
145 195 134
19 68 8
122 167 122
206 245 206
150 208 140
107 148 98
2 114 2
166 168 158
25 194 14
81 163 74
88 254 80
114 254 104
2 89 2
135 182 128
46 196 38
8 72 8
81 109 74
107 195 98
10 183 2
132 169 122
172 199 164
150 254 140
134 212 134
170 222 170
69 174 62
65 67 56
43 87 32
235 241 224
163 255 152
14 62 14
26 36 26
169 176 158
67 101 56
21 173 14
140 150 140
13 254 2
98 213 98
137 216 128
74 163 74
77 108 68
176 220 176
163 205 152
96 118 86
50 250 50
170 179 170
41 113 32
41 203 32
95 214 86
93 94 86
46 201 38
128 165 128
38 70 38
189 199 182
60 91 50
99 219 92
125 190 116
140 192 140
57 78 50
104 199 104
76 214 68
8 210 8
61 128 50
212 236 212
86 107 86
127 244 116
46 87 38
121 210 110
201 252 194
110 169 110
75 200 68
38 62 38
143 174 134
16 156 8
24 177 14
60 78 50
206 249 206
38 104 38
235 239 224
31 230 20
7 253 1
214 252 206
103 210 92
70 186 62
144 215 134
50 135 50
112 225 104
23 100 14
235 253 224
49 170 38
164 171 164
164 226 164
5 254 1
20 63 20
14 127 14
65 230 56
81 88 74
231 249 224
12 85 2
122 133 122
206 219 206
154 164 146
96 121 86
62 162 62
126 216 116
35 36 26
228 235 218
55 111 44
182 215 182
170 178 170
63 82 56
168 206 158
185 186 176
50 132 50
2 104 2
122 235 122
51 255 44
8 57 8
41 82 32
20 141 20
190 209 182
68 181 68
86 117 86
87 251 80
67 220 56
35 55 26
52 195 44
80 112 80
92 253 92
65 159 56
32 251 32
141 199 134
122 151 122
149 241 140
98 161 98
40 118 32
177 202 170
62 209 62
118 228 110
68 73 62
7 10 1
201 212 194
33 132 26
8 228 8
110 128 110
33 137 26
23 214 14
26 44 26
22 25 14
215 227 206
139 158 128
92 119 92
80 213 80
103 181 92
147 148 140
39 254 32
152 179 152
222 242 212
69 162 62
53 106 44
233 249 224
167 170 158
75 254 68
122 243 122
68 77 68
56 181 56
119 201 110
26 243 26
15 254 8
26 40 26
14 16 8
80 240 80
221 225 212
66 126 56
28 31 20
202 220 194
77 245 68
189 254 182
201 245 194
150 237 140
26 151 26
216 233 206
142 155 134
231 246 224
201 207 194
96 248 86
196 202 188
45 221 38
88 134 80
131 210 122
26 47 26
53 159 44
173 199 164
59 163 50
137 166 128
66 225 56
30 209 20
64 139 56
170 243 170
87 91 80
60 155 50
20 201 20
58 224 50
112 154 104
73 221 62
1 9 1
104 126 104
80 245 80
47 94 38
52 169 44
33 58 26
34 213 26
101 197 92
56 109 56
155 219 146
38 248 38
38 199 38
44 101 44
89 216 80
140 170 140
22 144 14
114 149 104
34 68 26
104 222 104
75 214 68
74 150 74
25 157 14
203 219 194
19 189 8
91 166 80
40 50 32
192 201 182
125 214 116
81 159 74
8 189 8
85 182 74
33 235 26
137 148 128
16 228 8
26 160 26
216 235 206
26 94 26
195 213 188
46 244 38
56 102 56
123 231 116
206 223 206
31 205 20
49 181 38
110 114 104
75 190 68
209 228 200
16 191 8
163 201 152
68 72 62
143 147 134
36 45 26
95 233 86
179 211 170
61 102 50
187 228 176
56 99 56
122 143 122
208 227 200
97 160 86
227 238 218
191 230 182
56 62 56
44 100 44
14 29 14
214 255 206
38 133 38
166 248 158
209 221 200
74 243 74
143 168 134
116 213 116
1 121 1
27 213 20
21 137 14
32 99 32
33 155 26
200 256 200
170 173 164
4 116 1
108 228 98
14 20 14
56 234 56
124 250 116
105 244 98
30 113 20
113 114 104
8 56 8
219 220 212
32 57 32
29 122 20
207 235 200
49 71 38
50 75 50
56 151 56
11 166 2
46 63 38
61 138 50
173 205 164
162 166 152
45 59 38
75 249 68
74 102 74
113 253 104
148 150 140
96 219 86
114 202 104
50 100 50
231 240 224
214 220 206
152 153 146
2 175 2
216 232 206
75 216 68
147 213 140
1 28 1
74 162 74
83 116 74
2 199 2
55 175 44
109 244 98
24 130 14
125 182 116
176 182 176
128 169 128
2 186 2
1 223 1
9 207 2
26 58 26
192 222 182
98 99 92
119 162 110
20 53 20
209 242 200
78 158 68
128 159 128
50 235 50
149 227 140
1 214 1
123 189 116
166 203 158
51 53 44
34 230 26
138 162 128
66 135 56
133 225 122
19 80 8
218 223 212
20 28 20
104 107 98
77 181 68
30 39 20
197 256 188
74 119 74
239 250 230
43 138 32
85 141 74
196 212 188
8 149 8
76 174 68
237 256 230
32 135 32
104 205 104
158 184 158
191 214 182
164 168 158
166 176 158
42 243 32
57 86 50
118 124 110
49 205 38
45 46 38
80 254 80
25 246 14
141 234 134
188 215 188
201 243 194
118 227 110
80 256 80
151 238 140
27 109 20
188 244 188
152 158 152
20 82 20
48 108 38
205 246 194
98 121 98
17 117 8
236 242 236
205 240 194
16 141 8
62 116 62
156 177 146
14 72 14
8 15 8
37 64 26
222 234 212
21 48 14
141 168 134
8 91 8
140 179 140
16 189 8
45 207 38
68 176 68
204 252 194
123 149 116
213 217 206
92 120 92
182 201 182
120 252 110
248 256 248
75 124 68
1 224 1
98 127 98
217 254 206
75 89 68
139 227 128
128 205 128
84 254 74
8 199 8
70 159 62
6 240 1
23 241 14
190 239 182
74 182 74
102 183 92
221 234 212
187 253 176
124 245 116
2 4 1
10 199 2
38 84 38
44 64 44
90 254 80
34 37 26
47 92 38
156 209 146
68 116 68
48 206 38
26 244 26
50 158 50
68 247 68
32 35 26
58 100 50
92 107 92
190 200 182
232 243 224
116 211 116
147 169 140
31 60 20
116 218 116
122 183 122
58 92 50
182 197 182
29 102 20
131 213 122
3 182 1
24 54 14
83 200 74
235 246 224
30 240 20
36 124 26
142 249 134
14 223 14
60 168 50
52 124 44
8 27 8
83 254 74
90 219 80
22 118 14
100 230 92
225 238 218
91 176 80
161 162 152
140 250 140
183 205 176
197 223 188
151 244 140
14 67 14
40 254 32
179 189 170
20 130 20
142 166 134
15 27 8
65 255 56
198 224 188
19 130 8
59 82 50
67 166 56
38 249 38
155 179 146
21 67 14
168 216 158
103 239 92
48 74 38
90 163 80
56 97 56
115 186 104
153 241 146
86 88 80
15 205 8
12 44 2
7 236 1
1 63 1
144 255 134
14 34 14
32 153 32
58 195 50
3 105 1
2 177 2
131 160 122
13 220 2
3 51 1
80 82 74
97 140 86
6 252 1
123 233 116
180 253 170
79 104 68
113 193 104
130 203 122
143 245 134
118 141 110
38 180 38
29 175 20
152 236 152
228 229 218
194 204 194
50 251 50
5 20 1
38 243 38
36 185 26
176 181 170
117 170 110
5 69 1
76 231 68
233 245 224
134 167 134
16 18 8
166 252 158
13 249 2
44 127 44
43 127 32
152 178 152
139 186 128
212 227 212
122 142 122
46 155 38
43 83 32
33 175 26
63 196 56
12 214 2
61 254 50
176 226 176
52 181 44
14 112 14
125 249 116
68 234 68
156 227 146
110 111 104
70 170 62
129 152 122
113 180 104
36 202 26
104 119 104
83 228 74
58 65 50
20 245 20
181 234 170
42 253 32
20 95 20
110 160 110
117 120 110
54 161 44
26 70 26
35 158 26
66 142 56
90 227 80
74 156 74
71 187 62
188 222 188
23 161 14
8 54 8
104 124 104
75 156 68
80 118 80
64 107 56
121 158 110
19 230 8
92 110 92
10 133 2
114 224 104
2 174 2
103 218 92
24 254 14
119 157 110
57 81 50
97 192 86
65 106 56
41 199 32
117 213 110
12 150 2
198 237 188
111 245 104
208 210 200
66 198 56
140 202 140
52 202 44
24 69 14
57 111 50
151 254 140
111 197 104
8 44 8
20 185 20
65 97 56
65 194 56
46 152 38
22 23 14
105 109 98
20 209 20
220 252 212
76 77 68
14 121 14
188 193 182
92 230 92
49 107 38
237 250 230
127 172 116
57 160 50
221 223 212
178 236 170
27 31 20
71 121 62
145 179 134
182 210 182
197 198 188
56 59 50
50 184 50
58 59 50
168 202 158
155 253 146
214 244 206
40 197 32
190 254 182
80 108 80
1 101 1
22 137 14
138 167 128
187 219 176
8 118 8
63 101 56
118 217 110
8 14 8
38 49 38
191 192 182
28 227 20
3 165 1
108 128 98
110 138 110
171 228 164
136 179 128
112 205 104
43 231 32
136 169 128
104 207 104
116 137 116
178 214 170
189 219 182
8 191 8
90 104 80
189 197 182
102 200 92
45 166 38
128 238 128
13 162 2
250 255 242
92 168 92
96 180 86
29 254 20
191 195 182
222 225 212
26 64 26
56 94 56
51 59 44
3 63 1
44 45 38
160 218 152
14 189 14
68 214 68
51 167 44
152 212 152
140 214 140
56 188 56
194 245 194
1 123 1
143 165 134
83 169 74
124 228 116
41 221 32
149 178 140
57 58 50
81 177 74
117 238 110
74 191 74
32 222 32
98 206 98
194 227 194
102 198 92
17 21 8
41 195 32
20 40 20
134 229 134
62 117 62
14 77 14
112 127 104
179 214 170
67 168 56
29 127 20
123 225 116
195 240 188
35 185 26
58 67 50
109 158 98
149 159 140
109 219 98
136 144 128
161 193 152
122 136 122
8 164 8
62 155 62
14 19 8
1 67 1
21 81 14
93 254 86
62 232 62
197 222 188
98 125 98
5 78 1
66 122 56
98 216 98
8 207 8
24 220 14
15 217 8
86 163 86
8 81 8
183 247 176
51 186 44
185 256 176
68 94 68
1 219 1
220 245 212
83 128 74
33 205 26
149 180 140
87 148 80
135 247 128
152 245 152
101 210 92
43 181 32
50 131 50
25 250 14
86 139 86
37 129 26
215 246 206
208 209 200
104 105 98
213 237 206
230 231 224
7 250 1
196 251 188
32 117 32
63 176 56
50 159 50
234 252 224
165 225 158
167 172 158
110 190 110
150 220 140
56 106 56
79 99 68
165 189 158
42 157 32
147 177 140
116 177 116
146 174 146
135 238 128
53 251 44
27 236 20
120 242 110
73 101 62
198 225 188
166 186 158
114 218 104
83 84 74
252 255 242
9 237 2
41 254 32
8 211 8
125 203 116
32 70 32
80 201 80
175 236 164
25 254 14
12 134 2
98 233 98
221 241 212
185 191 176
80 212 80
150 244 140
36 235 26
141 162 134
68 219 68
156 251 146
51 254 44
2 86 2
134 197 134
111 113 104
40 235 32
38 177 38
141 254 134
161 176 152
2 66 2
62 206 62
167 168 158
37 107 26
60 152 50
78 200 68
146 153 146
195 197 188
2 84 2
15 222 8
133 187 122
101 116 92
167 204 158
188 199 188
98 198 98
90 95 80
36 127 26
96 256 86
155 250 146
134 232 134
220 232 212
172 188 164
19 60 8
110 144 110
123 192 116
39 204 32
57 60 50
62 230 62
112 136 104
115 255 104
26 32 26
130 228 122
59 254 50
146 150 140
56 78 56
68 254 68
169 185 158
89 149 80
114 244 104
32 69 32
226 249 218
71 212 62
10 119 2
7 184 1
153 219 146
2 249 2
77 165 68
68 156 68
112 128 104
102 230 92
74 168 74
214 241 206
157 166 146
18 206 8
110 134 110
163 207 152
8 250 8
61 190 50
140 143 134
115 244 104
80 149 80
52 55 44
64 126 56
150 234 140
81 152 74
178 250 170
39 191 32
29 147 20
168 231 158
24 104 14
2 18 2
96 242 86
17 190 8
83 118 74
144 256 134
191 256 182
13 28 2
3 138 1
63 195 56
1 73 1
171 230 164
2 193 2
123 196 116
20 46 20
10 149 2
80 187 80
1 240 1
135 246 128
169 205 158
138 254 128
131 156 122
135 209 128
67 228 56
62 109 62
107 241 98
132 166 122
32 111 32
27 185 20
19 125 8
92 140 92
126 156 116
30 234 20
219 221 212
79 114 68
52 83 44
146 254 146
205 223 194
78 183 68
209 211 200
44 91 44
81 254 74
5 241 1
151 239 140
74 128 74
98 190 98
12 64 2
138 208 128
95 234 86
95 171 86
38 187 38
110 113 104
75 177 68
62 158 62
68 79 68
159 198 152
38 251 38
140 220 140
2 133 2
60 99 50
82 223 74
69 173 62
16 131 8
49 157 38
153 249 146
94 131 86
74 220 74
120 211 110
104 171 104
25 111 14
180 243 170
96 151 86
169 171 158
13 94 2
167 186 158
43 153 32
7 198 1
51 243 44
182 189 182
55 214 44
8 49 8
110 168 110
75 195 68
99 132 92
146 161 146
20 29 20
210 254 200
1 164 1
179 183 170
197 245 188
68 70 62
181 200 170
117 135 110
213 229 206
124 179 116
64 217 56
155 241 146
123 161 116
20 120 20
69 103 62
1 149 1
31 186 20
172 173 164
153 169 146
130 191 122
163 198 152
34 194 26
91 202 80
127 193 116
1 76 1
147 217 140
24 53 14
26 149 26
17 254 8
139 194 128
121 256 110
226 250 218
50 232 50
247 253 236
34 36 26
118 205 110
132 234 122
28 228 20
201 249 194
202 214 194
125 165 116
62 148 62
13 226 2
136 224 128
60 106 50
2 6 1
195 255 188
93 97 86
140 205 140
8 60 8
73 135 62
134 150 134
127 195 116
84 104 74
18 120 8
54 211 44
128 200 128
20 55 20
98 163 98
155 162 146
180 216 170
103 212 92
226 246 218
116 193 116
104 167 104
168 217 158
240 253 230
14 53 14
17 104 8
98 111 98
146 152 146
140 232 140
1 37 1
38 69 38
61 189 50
26 132 26
183 244 176
208 240 200
155 235 146
172 176 164
158 160 152
87 106 80
104 114 104
249 253 242
169 211 158
159 231 152
111 189 104
209 210 200
140 141 134
206 235 206
26 161 26
117 138 110
2 42 2
159 178 152
13 114 2
141 212 134
2 64 2
70 114 62
243 244 236
126 152 116
17 209 8
1 87 1
95 158 86
133 245 122
4 69 1
171 245 164
210 244 200
69 171 62
2 192 2
12 67 2
187 220 176
18 95 8
214 253 206
183 184 176
134 223 134
44 105 44
68 131 68
54 141 44
87 237 80
72 223 62
2 93 2
97 253 86
73 158 62
8 41 8
11 116 2
160 249 152
26 242 26
143 153 134
78 208 68
39 56 32
138 171 128
35 256 26
104 200 104
14 52 14
51 205 44
232 254 224
14 213 14
18 52 8
109 210 98
2 9 2
122 245 122
232 234 224
60 205 50
133 155 122
16 17 8
84 120 74
8 233 8
14 17 8
74 247 74
83 227 74
80 91 80
236 255 236
48 154 38
205 206 194
20 144 20
203 209 194
148 189 140
158 223 158
20 91 20
130 242 122
65 81 56
225 254 218
175 211 164
104 136 104
149 231 140
128 129 122
11 245 2
176 194 176
64 248 56
85 217 74
2 82 2
2 125 2
179 223 170
143 248 134
95 177 86
145 215 134
194 197 188
90 178 80
10 238 2
10 212 2
1 117 1
35 111 26
112 162 104
237 251 230
23 172 14
124 126 116
156 222 146
118 254 110
9 168 2
74 254 74
95 207 86
32 78 32
188 206 188
197 254 188
77 243 68
251 256 242
98 205 98
187 215 176
7 256 1
99 104 92
33 152 26
68 152 68
31 50 20
13 245 2
223 228 212
69 157 62
102 129 92
99 172 92
8 26 8
147 244 140
75 224 68
62 87 62
215 218 206
62 140 62
92 153 92
181 186 170
86 114 86
61 231 50
179 213 170
2 106 2
39 181 32
213 233 206
11 167 2
56 121 56
55 103 44
89 207 80
28 175 20
92 155 92
12 195 2
140 172 140
47 81 38
233 251 224
148 220 140
149 206 140
26 65 26
234 236 224
50 103 50
80 86 80
46 114 38
120 164 110
232 233 224
39 116 32
136 170 128
224 226 218
182 202 182
28 254 20
134 248 134
54 232 44
2 14 2
152 223 152
56 76 56
74 89 74
195 217 188
69 163 62
26 229 26
92 112 92
74 255 74
119 254 110
109 134 98
1 122 1
144 196 134
210 240 200
1 166 1
59 171 50
131 199 122
87 219 80
51 247 44
180 189 170
75 107 68
19 91 8
44 52 44
21 78 14
20 52 20
104 113 104
4 92 1
3 135 1
48 157 38
175 223 164
155 236 146
40 114 32
168 191 158
74 75 68
44 84 44
101 176 92
153 252 146
12 79 2
108 195 98
33 242 26
96 218 86
239 248 230
144 254 134
4 15 1
213 232 206
129 236 122
15 17 8
203 254 194
113 254 104
93 163 86
112 148 104
63 148 56
124 166 116
90 224 80
128 250 128
222 246 212
15 247 8
21 95 14
114 212 104
94 136 86
108 133 98
92 130 92
148 222 140
50 112 50
56 83 56
52 204 44
137 224 128
183 221 176
35 171 26
88 176 80
39 228 32
51 173 44
207 256 200
90 179 80
14 144 14
140 200 140
17 91 8
131 185 122
102 108 92
130 138 122
13 118 2
218 230 218
24 25 14
28 77 20
8 31 8
97 137 86
239 252 230
213 254 206
111 155 104
212 254 212
228 230 218
104 153 104
71 223 62
3 179 1
228 247 218
57 89 50
79 166 68
46 104 38
86 127 86
98 180 98
44 132 44
176 184 176
137 185 128
66 246 56
205 236 194
92 233 92
136 182 128
8 66 8
59 192 50
1 35 1
107 137 98
119 200 110
39 50 32
182 252 182
144 176 134
151 204 140
26 63 26
123 256 116
59 86 50
148 217 140
36 158 26
4 90 1
221 230 212
105 123 98
116 197 116
130 215 122
31 212 20
184 185 176
2 102 2
44 80 44
29 251 20
50 79 50
21 113 14
31 106 20
93 192 86
183 213 176
83 240 74
55 66 44
184 187 176
98 102 92
176 193 176
103 154 92
72 175 62
16 101 8
110 136 110
14 47 14
184 202 176
74 134 74
207 238 200
123 125 116
32 171 32
56 66 56
135 228 128
37 162 26
166 193 158
56 245 56
62 152 62
235 237 224
72 247 62
109 171 98
143 156 134
31 40 20
8 19 8
68 85 68
72 178 62
69 147 62
80 138 80
1 176 1
39 71 32
223 224 212
14 178 14
76 177 68
10 125 2
196 254 188
205 241 194
56 163 56
44 94 44
72 245 62
201 231 194
23 68 14
131 194 122
129 168 122
8 75 8
62 78 62
50 186 50
48 254 38
122 127 116
40 107 32
231 255 224
14 75 14
116 130 116
1 32 1
92 95 86
20 42 20
43 126 32
104 169 104
13 134 2
130 149 122
110 246 110
21 167 14
78 111 68
112 219 104
190 204 182
108 149 98
9 221 2
211 239 200
72 155 62
60 61 50
189 250 182
31 55 20
56 184 56
41 95 32
30 64 20
71 75 62
169 175 158
69 113 62
56 248 56
173 178 164
140 165 140
43 158 32
62 120 62
82 96 74
92 142 92
197 206 188
100 137 92
98 217 98
14 80 14
225 237 218
79 217 68
9 13 2
149 196 140
24 152 14
38 147 38
18 237 8
188 236 188
156 225 146
2 22 2
56 214 56
73 238 62
201 216 194
219 223 212
50 174 50
31 254 20
