64 1595
14 62 28
16 44 1
23 35 21
18 37 18
18 55 21
10 21 21
43 60 28
25 35 1
30 61 21
9 64 39
26 41 1
13 53 1
2 5 1
6 18 58
27 28 39
8 64 39
47 63 1
5 49 21
48 63 28
35 45 58
38 39 1
37 41 1
12 33 1
8 16 8
3 14 28
28 48 28
32 41 39
33 40 57
17 23 57
6 9 1
16 18 1
10 17 21
38 61 21
16 17 1
28 62 28
18 35 18
13 24 57
34 54 1
11 35 1
30 36 1
37 60 1
48 57 1
9 50 8
7 16 1
29 43 39
4 42 20
6 63 1
28 58 1
1 33 1
7 56 21
15 26 21
20 41 20
42 46 20
14 35 1
42 50 8
10 64 1
12 61 1
23 24 57
14 41 39
19 31 1
24 36 1
22 62 1
27 50 25
1 2 1
40 47 21
3 44 1
30 58 58
52 62 1
21 49 21
25 57 1
14 21 1
2 44 1
19 25 39
30 52 58
7 46 1
5 31 21
12 64 28
20 26 1
35 36 1
46 63 39
46 64 39
32 42 39
19 36 60
31 48 1
33 64 1
16 41 8
12 38 1
8 19 39
21 34 21
32 58 1
21 28 1
4 29 20
21 38 21
10 22 21
23 25 1
2 9 8
53 64 39
17 53 1
5 12 1
7 36 1
33 53 1
16 37 1
30 55 21
16 62 39
9 36 39
10 44 21
8 61 1
48 53 39
14 19 28
17 58 21
12 53 39
4 32 39
10 63 1
30 31 21
3 45 1
9 49 1
9 62 39
20 30 1
1 22 1
5 10 52
13 40 57
36 44 1
4 51 8
11 15 1
37 42 1
31 43 1
27 40 1
2 24 1
12 56 1
24 59 57
33 46 1
14 23 1
4 12 39
11 54 14
14 28 28
42 48 39
2 26 1
7 11 1
51 55 1
13 35 21
18 48 1
33 49 49
40 43 1
1 51 1
33 35 21
23 58 21
2 60 39
22 33 49
12 58 1
20 29 20
13 29 1
11 53 39
3 50 39
16 24 1
4 27 8
49 61 57
37 49 21
14 42 39
5 15 21
5 17 21
10 43 1
28 64 28
26 61 21
54 58 1
1 62 1
47 55 21
20 25 8
9 31 1
27 42 8
42 44 1
55 57 57
46 59 1
12 39 39
3 24 1
50 56 1
20 31 1
13 49 49
21 40 21
43 49 1
3 10 1
21 51 1
39 64 39
6 35 58
6 13 21
27 60 39
6 34 58
20 44 1
21 58 21
13 32 1
5 19 1
8 43 39
52 57 21
25 41 8
42 49 1
13 41 1
11 60 28
3 58 1
16 46 8
33 56 49
43 52 1
45 51 1
4 6 1
10 57 21
2 30 1
26 32 1
14 18 1
2 35 1
1 60 1
3 55 1
38 43 1
52 54 1
39 46 39
52 60 1
1 48 1
10 30 58
23 30 21
5 20 1
1 34 1
59 61 57
7 32 1
2 62 39
15 33 57
11 27 39
6 19 1
31 36 1
28 63 28
49 56 49
1 39 1
21 44 21
25 54 39
13 46 1
2 21 1
1 8 1
13 63 1
22 24 57
58 60 1
18 22 21
20 55 1
12 60 60
6 16 1
10 54 1
18 61 21
13 59 49
11 57 1
22 42 1
17 30 21
9 27 8
6 57 21
2 64 39
41 62 39
35 58 58
45 50 1
15 18 21
54 60 28
26 52 58
12 57 1
4 16 8
3 22 1
20 49 1
13 64 1
1 40 1
13 26 21
17 19 1
9 51 8
9 63 39
61 62 1
29 31 1
8 38 1
39 54 39
35 60 1
51 52 1
19 38 1
32 45 1
29 63 39
38 58 58
35 41 1
24 61 40
53 58 1
5 32 1
10 61 21
22 50 1
51 57 1
6 21 21
27 45 1
5 55 21
23 62 1
27 63 39
2 29 8
1 10 1
10 58 58
22 46 1
9 10 1
25 29 8
49 57 57
26 57 21
55 61 40
1 64 1
9 44 1
3 5 1
1 53 1
10 20 1
15 51 1
13 39 1
32 51 39
11 51 39
21 56 21
53 60 39
8 53 8
1 54 1
28 54 28
45 60 1
27 49 1
13 33 23
34 38 18
26 31 21
42 55 1
14 37 1
23 61 57
5 11 1
42 43 39
31 44 40
1 57 1
8 28 39
31 59 57
60 64 28
24 41 1
10 18 58
25 38 1
8 39 39
8 25 8
22 51 1
42 61 1
4 55 1
2 55 1
38 41 1
13 31 57
7 40 21
14 54 14
20 28 39
49 63 1
49 50 1
52 56 21
16 45 1
34 64 1
1 37 1
30 63 1
3 4 39
7 51 1
8 51 8
35 57 21
9 16 8
28 59 1
18 45 58
17 57 57
16 23 1
4 49 1
7 25 1
31 53 1
11 58 1
14 47 1
30 57 21
23 59 49
21 60 1
19 24 1
23 41 1
2 58 1
26 45 58
21 57 21
1 44 1
8 37 1
1 61 1
8 35 1
15 39 1
5 25 1
35 61 21
35 56 21
4 36 39
2 33 1
21 46 1
49 53 1
21 47 21
30 34 30
34 35 18
44 63 1
44 60 1
9 19 39
17 50 1
13 48 1
12 48 60
22 47 21
1 17 1
4 19 39
13 57 57
9 59 1
1 31 1
7 63 1
42 56 1
5 46 1
20 39 39
43 59 1
24 40 40
39 57 1
24 28 1
27 46 8
9 32 39
19 35 1
34 56 21
54 63 14
46 49 1
20 61 1
37 43 1
40 54 1
51 53 25
14 44 1
46 57 1
20 40 1
44 55 24
16 48 39
3 34 1
6 41 1
12 62 60
4 44 1
10 25 1
6 30 58
6 58 58
39 63 39
37 57 21
4 17 1
8 13 1
7 26 58
15 57 57
31 60 1
28 55 1
12 30 1
9 58 1
38 57 21
8 9 8
15 44 40
1 36 1
28 41 39
5 62 1
4 46 46
5 18 58
34 61 21
53 59 1
24 55 24
8 49 1
36 53 39
22 44 57
28 37 1
45 64 1
23 50 1
7 55 21
1 30 1
22 35 21
47 51 1
1 13 1
11 21 1
16 36 39
11 50 39
30 42 1
32 49 1
18 20 1
23 31 57
19 43 28
43 48 28
39 58 1
47 61 21
41 60 39
22 63 1
11 32 14
21 52 21
20 38 1
50 57 1
18 23 21
29 62 39
36 43 28
7 53 1
12 20 39
17 47 21
15 23 57
34 49 21
3 63 28
15 30 21
52 55 21
14 64 14
32 59 1
21 22 21
1 15 1
23 44 57
3 19 60
18 54 1
13 55 57
23 32 1
39 53 39
41 59 1
12 43 28
32 53 39
28 56 1
16 20 8
14 31 1
48 54 28
3 7 1
19 58 1
7 44 21
1 26 1
4 41 20
30 53 1
18 46 1
7 37 58
4 22 1
2 15 1
10 19 1
7 60 1
45 53 1
44 58 21
7 42 1
44 51 1
16 54 39
2 61 1
12 49 1
13 47 21
23 33 23
54 59 1
55 58 21
30 37 30
22 27 1
11 16 39
11 48 28
6 20 1
25 46 8
36 61 1
22 39 1
31 62 1
13 38 21
6 52 47
49 52 21
7 52 47
56 63 1
5 39 1
13 37 21
15 59 57
8 63 39
30 44 21
16 32 39
6 51 1
3 48 60
35 64 1
42 62 39
36 40 1
2 7 1
34 45 58
35 55 21
2 20 8
38 56 21
25 50 25
51 64 39
20 62 39
15 24 40
10 26 58
27 31 1
22 52 21
31 49 57
28 43 28
16 64 39
30 62 1
13 22 49
48 62 62
46 52 1
33 43 1
27 44 1
2 22 1
17 55 24
43 54 32
32 54 32
45 49 21
47 60 1
10 46 1
29 58 1
16 19 39
18 26 18
2 50 50
34 58 58
21 55 21
14 24 1
7 34 58
32 55 1
7 19 1
5 8 1
41 51 8
47 58 58
21 53 1
2 47 1
6 17 21
13 17 57
43 50 39
26 55 21
43 57 1
15 35 21
10 35 58
5 14 1
29 36 39
5 22 21
47 52 47
42 51 8
17 42 1
21 31 21
10 15 21
57 61 57
8 24 1
54 56 1
11 34 1
19 27 39
4 50 8
9 54 39
5 50 1
8 14 39
13 61 57
33 34 21
38 64 1
30 50 1
3 54 28
7 30 58
56 59 56
41 43 39
19 62 62
16 35 1
13 56 49
8 17 1
20 24 1
21 45 21
33 57 57
8 41 8
25 27 25
11 63 63
16 61 1
3 29 39
17 39 1
35 46 1
45 52 47
43 62 28
22 30 21
23 40 57
1 50 1
7 54 1
26 63 1
31 57 57
57 60 1
29 38 1
9 11 39
36 38 1
47 54 1
11 38 1
53 62 39
8 62 39
29 40 1
29 48 39
1 9 1
40 44 40
8 11 39
26 39 1
1 4 1
44 53 1
4 7 1
9 29 20
2 6 1
28 31 1
2 18 1
44 45 21
3 16 39
34 57 21
1 20 1
55 63 1
16 50 25
14 51 39
32 63 14
29 30 1
17 59 57
10 45 47
14 32 14
63 64 63
37 40 21
26 42 1
40 41 1
5 59 21
16 33 1
26 49 21
39 51 39
28 36 28
39 62 39
19 29 39
28 51 39
1 45 1
1 25 1
38 42 1
6 7 6
39 60 39
34 36 1
14 36 28
20 42 20
11 36 28
17 35 21
29 50 8
48 50 39
47 62 1
11 52 1
35 40 21
22 57 57
21 43 1
18 50 1
23 60 1
45 61 21
8 12 39
58 62 1
9 20 20
39 48 39
24 33 57
21 25 1
6 59 21
30 39 1
48 56 1
4 9 46
40 62 1
1 3 1
13 18 21
40 52 21
40 58 21
17 49 57
44 64 1
14 16 39
21 63 1
23 45 21
37 45 58
11 49 1
39 50 39
26 27 1
3 47 1
38 40 21
24 45 21
21 33 21
6 61 21
29 56 1
18 34 18
1 58 1
7 62 1
1 38 1
33 63 1
9 46 46
11 45 1
11 28 28
17 51 1
44 57 57
1 47 1
19 40 1
30 64 1
29 53 8
24 63 1
39 42 39
31 52 21
31 63 1
9 38 1
26 34 18
50 63 39
28 49 1
23 52 21
52 64 1
2 16 25
20 54 39
12 54 28
22 53 1
14 43 14
37 46 1
27 38 1
26 30 18
12 28 28
6 45 6
43 46 39
18 57 21
27 64 39
25 53 25
14 49 1
59 63 1
27 57 1
48 49 1
12 63 28
6 12 1
48 60 60
35 62 1
14 22 1
44 61 40
46 50 8
50 60 39
4 56 1
25 52 1
1 24 1
2 4 8
3 56 1
7 47 47
27 51 51
28 61 1
32 40 1
28 33 1
46 62 39
4 28 39
4 43 39
19 63 28
32 43 32
16 56 1
1 11 1
46 61 1
31 37 21
10 52 52
37 47 58
12 14 28
4 26 1
9 43 39
27 55 1
34 50 1
3 49 1
1 28 1
5 61 21
15 46 1
17 44 17
2 3 39
2 37 1
30 49 21
29 54 39
6 62 1
5 30 58
16 25 25
42 58 1
43 61 1
6 36 1
43 45 1
3 46 39
1 43 1
5 16 1
1 23 1
11 59 1
23 46 1
23 42 1
10 50 1
7 17 21
6 55 21
37 59 21
40 57 57
41 58 1
4 25 8
38 59 21
23 56 49
26 37 18
8 42 8
34 43 1
24 58 21
34 37 30
26 51 1
3 64 28
21 48 1
23 53 1
21 62 1
37 55 21
20 46 20
15 29 1
56 57 57
10 37 58
2 8 8
6 15 21
2 42 8
39 55 1
33 45 21
30 45 58
37 62 1
21 50 1
24 37 21
27 33 1
39 44 1
21 37 21
10 14 1
27 59 1
19 54 28
27 36 39
30 46 1
24 64 1
43 63 14
10 48 1
10 34 58
13 45 21
33 38 21
15 58 21
7 23 21
29 41 29
54 64 14
15 17 40
41 61 1
4 52 1
33 54 1
13 25 1
5 27 1
6 25 1
55 59 57
4 11 39
32 64 14
29 59 1
10 29 1
31 40 40
3 12 36
4 35 1
11 17 1
13 42 1
7 31 21
11 56 1
58 59 21
17 60 1
35 48 1
43 64 14
7 43 1
35 44 21
6 54 1
3 43 28
59 64 1
19 20 39
15 45 21
21 32 1
7 21 21
25 37 1
16 47 1
40 53 1
2 23 1
30 38 18
35 37 18
24 30 21
41 63 39
25 62 39
3 37 1
7 29 1
25 55 1
16 53 25
20 59 1
35 47 58
34 48 1
16 42 8
26 62 1
2 28 39
5 37 58
35 53 1
12 47 1
12 23 1
6 64 1
8 45 1
17 21 21
28 46 39
25 31 1
5 41 1
24 27 1
19 32 28
9 23 1
46 56 1
18 25 1
5 23 21
33 41 1
7 15 21
5 33 21
34 44 21
8 15 1
11 12 28
35 54 1
28 45 1
41 50 8
34 60 1
31 33 57
24 57 57
29 60 39
44 56 57
27 34 1
32 50 39
27 52 1
52 58 58
19 21 1
14 34 1
29 32 39
5 51 1
52 63 1
31 54 1
4 64 39
18 41 1
44 49 57
23 43 1
9 39 39
52 53 1
3 39 39
3 31 1
13 52 21
24 56 57
16 49 1
21 23 21
27 29 8
3 26 1
40 55 40
9 52 1
40 59 57
41 55 1
11 30 1
56 62 1
31 32 1
15 22 57
35 51 1
3 25 39
45 57 21
24 60 1
34 53 1
24 49 57
15 28 1
12 51 39
4 24 1
16 29 8
49 59 49
8 20 8
6 22 21
28 47 1
28 52 1
37 61 21
26 48 1
21 41 1
5 36 1
9 13 1
19 37 1
10 41 1
11 20 39
14 53 39
27 41 8
2 46 8
3 9 39
50 51 25
62 64 28
1 5 1
38 47 58
44 47 21
17 61 40
6 24 21
31 56 57
40 42 1
6 37 58
18 21 21
40 45 21
31 61 15
29 33 1
34 62 1
23 26 21
10 28 1
7 24 21
26 56 21
24 34 21
30 56 21
5 58 58
33 58 21
40 50 1
32 39 39
37 58 58
10 47 47
36 46 39
26 54 1
26 36 1
3 17 1
50 53 50
46 60 39
18 38 18
57 58 21
5 21 21
26 38 38
55 60 1
3 53 39
16 27 51
31 47 21
11 55 1
6 56 21
4 20 20
26 60 1
15 31 15
7 33 21
1 32 1
19 41 39
12 50 39
46 58 1
23 64 1
17 29 1
7 61 21
25 39 39
35 39 1
2 63 39
19 51 39
5 24 21
35 42 1
12 52 1
4 18 1
29 49 1
43 58 1
45 47 47
56 61 57
20 51 8
28 50 39
6 8 1
7 49 21
36 63 28
4 59 1
9 24 1
10 39 1
35 43 1
16 51 51
7 18 58
3 51 39
12 19 60
18 40 21
12 26 1
9 28 39
24 51 1
24 53 1
10 59 21
22 55 57
51 62 39
18 27 1
16 21 1
2 41 8
15 34 21
20 52 1
5 54 1
18 43 1
17 27 1
48 52 1
9 60 39
14 60 28
30 33 21
15 21 21
2 54 39
25 28 39
36 64 28
16 22 1
53 63 39
8 29 8
18 52 58
13 34 21
18 24 21
1 56 1
34 46 1
33 60 1
19 64 28
21 35 21
20 43 39
28 42 39
9 33 1
22 45 21
32 46 39
30 47 58
13 44 57
8 23 1
19 59 1
47 48 1
19 39 39
13 51 1
59 62 1
34 42 1
15 49 57
20 22 1
38 52 58
51 56 1
29 39 39
19 22 1
14 17 1
47 64 1
8 46 8
54 61 1
17 64 1
10 31 21
8 57 1
34 63 1
18 53 1
32 62 28
20 56 1
23 48 1
13 16 1
28 44 1
15 32 1
23 29 1
2 43 39
14 20 39
36 49 1
17 26 21
7 22 21
20 53 8
2 14 39
6 14 1
29 42 29
1 14 1
3 59 1
22 23 49
6 38 58
43 51 39
43 56 1
16 34 1
10 38 58
28 32 28
41 46 20
18 44 21
1 42 1
31 35 21
10 36 1
1 29 1
6 60 1
8 60 39
17 52 21
20 36 39
4 34 1
17 48 1
20 63 39
24 29 1
9 22 1
2 25 25
42 52 1
5 42 1
26 35 38
18 51 1
33 36 1
29 46 20
48 51 39
8 54 39
26 47 58
10 27 1
21 30 21
6 39 1
17 31 40
42 53 8
11 29 39
30 59 21
3 28 28
3 11 28
19 53 39
44 62 1
29 64 39
11 47 1
48 59 1
4 30 1
25 43 39
60 63 28
36 56 1
37 53 1
7 14 1
7 50 1
4 14 39
5 64 1
33 59 49
1 52 1
2 51 25
9 34 1
8 34 1
5 7 47
25 60 39
13 60 1
1 41 1
3 62 60
25 61 1
19 48 62
36 52 1
27 39 39
62 63 28
35 52 58
14 39 39
33 51 1
10 55 21
1 7 1
1 46 1
20 35 1
45 46 1
16 58 1
57 59 57
39 52 1
17 38 21
47 59 21
28 38 1
12 29 39
18 49 21
17 56 57
26 64 1
25 48 39
59 60 1
11 33 1
46 48 39
37 48 1
11 61 1
23 34 21
11 13 1
8 26 1
35 38 38
12 24 1
15 43 1
2 12 39
60 62 60
11 39 39
27 53 25
2 10 1
8 47 1
35 49 21
54 55 1
15 60 1
1 19 1
4 63 39
8 44 1
12 16 39
29 35 1
34 55 21
23 36 1
5 47 47
7 10 47
42 54 39
15 40 40
34 47 58
1 16 1
7 28 1
3 36 36
14 15 1
5 63 1
13 54 1
21 54 1
37 54 1
22 54 1
5 9 1
35 59 21
7 64 1
8 30 1
29 44 1
4 54 39
25 26 1
21 26 21
1 49 1
33 61 57
4 58 1
13 62 1
5 52 52
30 51 1
2 31 1
61 64 1
8 22 1
19 28 28
32 33 1
14 46 39
36 50 39
19 34 1
14 52 1
25 64 39
33 62 1
24 31 40
18 36 1
1 12 1
9 40 1
22 59 56
22 38 21
26 50 1
26 29 1
24 32 1
5 13 21
14 40 1
6 10 47
22 40 57
51 61 1
13 15 57
24 26 21
31 39 1
4 53 8
8 27 8
32 47 1
17 22 57
56 64 1
26 44 21
5 45 47
52 61 21
4 39 39
19 23 1
36 60 60
25 51 25
52 59 21
32 48 28
8 50 8
27 48 39
36 54 28
1 63 1
27 58 1
15 37 21
23 57 57
11 40 1
56 60 1
27 35 1
3 13 1
38 44 21
1 21 1
24 48 1
26 58 58
9 61 1
8 36 39
11 43 14
14 29 39
46 51 8
17 25 1
23 51 1
25 59 1
26 53 1
7 45 6
25 63 39
15 41 1
37 56 21
34 41 1
12 55 1
11 19 28
17 40 40
21 42 1
6 26 58
35 50 1
21 59 21
5 34 58
15 53 1
10 16 1
37 38 18
39 43 39
4 5 1
23 49 49
3 20 39
9 26 1
53 61 1
19 55 1
34 59 21
41 48 39
11 62 28
7 58 58
22 60 1
9 53 8
12 35 1
6 50 1
28 53 39
47 56 21
7 38 58
19 60 60
11 64 63
5 38 58
36 48 60
1 59 1
30 60 1
22 37 21
36 41 39
7 57 21
22 61 57
4 13 1
22 48 1
1 6 1
44 52 21
23 39 1
4 8 8
38 48 1
7 35 58
29 51 8
16 39 39
20 60 39
25 58 1
32 38 1
17 20 1
1 27 1
37 52 58
33 50 1
35 63 1
37 63 1
9 18 1
23 55 57
9 25 8
18 31 21
18 29 1
33 44 57
40 56 57
3 41 39
24 44 24
16 59 1
36 51 39
20 27 8
1 18 1
13 14 1
17 18 21
9 14 39
22 41 1
48 64 28
21 24 21
12 36 36
5 60 1
9 41 20
24 43 1
55 56 57
15 56 57
2 27 25
15 55 40
12 32 28
42 63 39
26 46 1
53 57 1
17 34 21
9 12 39
45 56 21
31 58 21
23 28 1
56 58 21
27 62 39
9 37 1
17 62 1
47 57 21
31 55 40
4 40 1
15 61 15
13 21 21
5 44 21
21 61 21
32 36 28
19 56 1
42 64 39
28 39 39
18 30 18
30 32 1
41 53 8
18 58 58
5 35 58
17 24 24
22 49 49
49 55 57
25 36 39
15 36 1
41 52 1
19 46 39
48 58 1
18 28 1
24 46 1
41 45 1
3 32 28
41 57 1
4 31 1
9 45 1
28 60 28
34 52 58
9 42 20
23 37 21
9 55 1
24 62 1
4 23 1
12 42 39
2 39 39
41 54 39
3 60 60
54 62 28
40 61 40
5 6 47
36 62 60
51 63 39
11 37 1
15 47 21
18 47 58
14 48 28
32 60 28
22 56 56
5 26 58
6 47 47
26 59 21
30 35 18
3 8 39
16 52 1
7 59 21
2 11 39
3 15 1
36 39 39
11 14 14
12 34 1
22 34 21
10 32 1
38 55 21
2 53 50
25 33 1
41 42 29
27 30 1
39 56 1
14 50 39
6 43 1
13 23 23
39 59 1
1 55 1
33 47 21
45 58 58
16 63 39
12 40 1
20 50 8
38 45 58
11 18 1
13 30 21
4 62 39
2 59 1
18 62 1
