128 4031
98 100 100
71 106 106
46 82 46
12 92 12
36 118 17
13 108 108
64 101 17
71 81 81
24 124 124
112 120 112
91 113 17
37 99 99
11 65 17
49 100 100
25 43 43
32 96 17
28 54 54
60 73 17
79 85 85
23 26 26
41 73 17
19 94 17
7 11 7
25 39 25
47 119 119
40 115 115
90 100 100
21 97 21
19 60 17
72 91 72
98 123 123
65 86 17
35 57 35
41 113 17
67 90 67
86 109 109
41 101 17
15 16 16
11 94 17
9 41 9
72 106 106
26 40 40
31 36 17
60 86 17
92 116 116
17 76 76
5 96 5
106 116 106
31 96 17
59 111 17
61 118 61
12 80 12
21 56 21
26 125 125
48 97 48
6 33 33
18 58 17
16 33 33
19 98 17
3 6 6
113 128 128
49 87 87
33 60 33
10 113 10
50 83 50
41 126 17
89 98 89
35 37 37
110 120 110
8 42 8
119 123 119
73 125 125
64 120 17
51 114 114
22 112 112
10 21 21
36 49 49
32 71 71
86 105 105
12 126 12
47 113 47
47 53 47
28 110 110
1 125 1
1 90 1
27 68 27
36 39 17
14 113 14
89 125 125
89 93 89
34 128 128
87 121 121
43 71 43
58 124 124
36 101 17
2 80 80
115 128 115
42 72 72
18 73 17
20 30 20
56 91 17
57 82 17
32 75 17
61 123 123
45 63 63
56 73 17
7 88 7
98 125 125
23 46 46
11 86 17
26 54 54
29 33 33
36 111 17
74 75 17
37 76 37
72 80 80
31 93 93
27 55 27
75 92 17
17 125 125
82 126 17
48 83 83
112 117 117
43 128 43
58 96 17
97 118 17
66 112 112
28 98 17
1 68 1
64 71 71
111 126 17
20 95 20
30 109 109
9 103 9
5 71 5
62 104 62
63 68 63
28 56 17
96 123 123
97 101 17
7 91 7
30 102 102
63 77 63
89 114 114
28 113 17
65 98 17
91 97 17
3 120 17
100 106 100
3 79 17
98 127 17
89 95 89
44 90 90
30 92 17
30 57 17
53 106 106
14 121 121
31 92 17
33 115 115
22 55 22
12 76 12
45 56 45
84 104 104
8 65 8
15 87 87
67 124 67
75 98 17
19 34 34
58 79 17
46 56 46
41 121 121
15 27 27
60 122 122
7 97 7
25 121 25
11 29 29
97 112 112
15 101 17
74 128 128
50 63 50
15 24 24
95 124 124
30 86 17
4 18 4
39 74 17
15 44 44
29 106 106
83 85 85
25 30 25
34 50 50
31 63 63
28 89 89
7 115 7
44 61 61
13 74 17
55 101 55
48 118 48
39 79 17
83 109 109
16 119 119
3 31 17
3 65 17
42 122 122
33 95 33
117 126 117
76 104 104
3 44 44
61 72 61
12 65 12
31 89 89
11 58 17
56 77 17
70 77 70
28 79 17
55 63 63
8 113 8
39 96 17
10 39 10
21 51 21
50 88 50
67 83 67
2 49 49
36 96 17
66 98 66
28 32 17
37 41 37
24 26 24
58 105 105
30 124 124
12 25 12
23 73 23
67 85 67
48 85 85
76 96 76
23 86 23
10 111 10
50 73 50
72 113 72
39 124 124
74 106 106
65 104 104
50 119 119
1 121 1
78 121 121
12 119 12
39 86 17
2 78 78
3 54 54
80 115 115
10 54 54
21 112 21
1 30 1
12 70 12
57 74 17
27 69 69
92 107 107
36 112 112
18 127 17
87 97 87
84 127 84
58 65 17
103 111 103
15 74 17
30 53 53
42 79 42
52 81 81
8 105 105
11 120 17
22 38 38
40 45 40
6 94 6
16 54 54
4 62 62
3 58 17
32 86 17
38 104 104
54 121 54
91 98 17
16 59 16
62 91 62
18 32 17
39 91 17
31 91 17
82 113 17
94 95 17
38 73 38
89 90 90
22 76 76
36 93 93
11 117 117
42 121 121
11 12 12
27 123 123
15 29 29
57 75 17
82 118 17
19 42 42
86 97 17
17 66 66
62 99 99
112 122 122
54 112 54
84 98 84
2 101 17
91 99 99
13 89 89
49 95 49
19 111 17
4 81 81
23 48 48
92 94 17
106 124 124
26 44 26
2 125 125
34 56 34
111 113 17
1 16 1
29 109 109
64 67 67
47 70 47
74 79 17
17 40 40
20 117 117
31 67 67
58 64 17
22 45 22
30 104 104
10 13 10
90 96 90
11 127 17
67 111 67
22 44 44
11 30 17
90 99 99
70 74 70
60 68 17
60 79 17
30 51 51
41 86 17
39 116 116
77 98 17
20 32 20
48 89 89
12 104 12
93 111 93
2 14 14
40 109 109
12 128 12
109 113 109
19 121 121
24 43 43
23 105 105
76 114 114
78 109 109
74 100 100
124 128 124
39 50 50
16 17 16
99 128 99
17 41 17
78 115 115
66 74 66
5 124 124
30 118 17
73 77 17
51 112 112
3 27 27
29 71 29
96 103 103
107 122 122
13 28 17
20 54 54
26 119 119
47 75 47
82 86 17
10 84 10
10 20 20
60 96 17
3 68 17
59 81 81
113 120 17
96 98 17
107 119 119
10 41 10
45 109 109
102 104 104
60 124 124
39 92 17
58 98 17
70 110 70
9 93 9
45 110 110
28 94 17
18 43 43
2 3 17
25 27 25
3 94 17
30 47 47
54 119 119
17 111 17
88 91 88
61 127 61
65 82 17
44 71 44
82 97 17
44 73 44
20 50 50
38 58 38
33 67 67
82 111 17
63 123 123
99 118 99
11 111 17
31 40 40
16 30 16
13 45 45
59 98 17
54 94 54
56 110 110
82 94 17
97 119 119
11 18 17
37 60 37
78 100 100
48 70 70
25 86 25
19 30 17
27 103 27
5 46 5
5 114 5
105 107 105
7 81 7
31 124 124
31 98 17
18 116 116
78 86 78
67 105 105
60 94 17
16 126 16
57 79 17
47 86 47
26 116 26
53 69 69
73 114 114
37 42 37
3 34 34
40 121 40
36 48 48
87 117 117
30 119 119
15 91 17
103 128 128
28 74 17
1 24 1
16 39 16
9 128 128
19 31 17
11 118 17
2 111 17
9 48 9
23 100 100
94 101 17
12 49 12
20 74 20
46 117 117
8 126 8
8 21 21
56 58 17
34 100 100
47 89 47
43 81 81
81 97 81
29 116 116
76 85 85
95 120 17
60 104 104
1 37 1
40 122 122
40 46 40
50 94 50
32 54 54
31 53 53
44 105 105
51 86 51
16 53 16
25 53 25
30 114 114
82 87 87
22 69 69
6 128 128
29 115 115
28 58 17
67 80 67
22 103 22
56 104 104
105 125 105
19 25 25
6 57 6
39 45 45
30 122 122
7 34 7
46 118 46
62 125 62
25 97 25
59 123 123
6 63 63
28 96 17
49 108 49
66 124 124
61 125 125
41 92 17
27 56 27
47 90 90
121 124 124
58 120 17
13 67 67
42 80 80
18 22 22
90 103 90
13 124 124
53 98 53
3 127 17
15 36 17
127 128 128
60 74 17
30 105 105
4 52 52
80 85 85
22 39 22
14 38 38
14 96 14
50 100 100
41 68 17
25 100 100
114 126 114
54 76 54
26 37 37
88 94 88
19 56 17
85 101 85
68 112 112
31 126 17
16 88 16
23 103 103
55 126 55
56 59 17
69 112 69
43 79 43
60 126 17
2 11 17
40 125 40
20 104 104
44 104 104
20 26 20
53 122 122
8 106 106
3 93 93
45 116 116
65 79 17
80 89 89
104 123 123
25 67 67
87 90 90
30 78 78
45 115 115
14 114 114
2 89 89
5 14 5
85 96 85
6 120 6
51 115 115
112 128 128
32 110 110
91 111 17
43 122 122
2 82 17
6 74 6
33 56 33
73 79 17
80 100 100
93 112 112
9 116 116
59 70 70
24 106 106
94 120 17
9 85 85
10 95 10
39 73 17
56 82 17
89 121 121
30 110 110
53 105 105
20 108 20
18 41 17
1 122 1
60 64 17
64 86 17
71 98 71
6 25 25
63 84 63
28 120 17
52 103 52
12 33 12
58 111 17
21 58 21
39 71 71
73 108 108
18 107 107
13 73 17
11 75 17
9 56 9
62 127 62
3 92 17
32 94 17
2 102 102
50 96 50
14 37 37
7 26 7
94 127 17
30 58 17
30 128 128
4 16 16
55 88 88
64 117 117
107 121 121
15 77 17
10 14 10
105 108 105
66 114 114
60 76 76
11 36 17
64 113 17
9 30 9
9 98 9
1 112 1
42 60 42
50 108 50
53 83 83
35 86 35
91 128 128
39 60 17
7 36 7
64 122 122
39 41 17
69 92 69
32 91 17
19 120 17
14 100 100
8 32 8
75 91 17
32 43 43
15 118 17
17 100 100
76 108 76
103 116 116
8 39 8
3 96 17
74 108 108
13 41 17
3 114 114
92 96 17
68 95 17
25 95 25
105 112 105
88 115 115
69 100 100
24 115 115
85 124 124
27 92 27
15 40 40
8 119 119
7 114 7
80 81 81
28 86 17
25 78 25
2 100 100
57 78 78
41 94 17
15 68 17
83 119 119
30 127 17
28 97 17
15 90 90
41 117 117
19 108 108
5 44 5
30 82 17
125 128 128
21 117 21
63 83 63
45 126 45
88 117 117
40 64 40
2 26 26
72 107 107
29 112 112
25 85 25
86 120 17
1 8 1
12 111 12
25 114 25
8 72 8
58 87 87
24 69 69
27 35 27
80 110 80
73 92 17
15 30 17
65 77 17
80 126 80
47 115 115
7 99 99
36 71 71
21 35 21
59 86 17
10 88 10
29 73 29
81 109 109
65 113 17
11 71 71
30 87 87
60 105 105
64 75 17
5 21 5
61 99 99
57 106 106
19 126 17
55 123 123
72 97 72
96 124 124
111 119 119
28 81 81
5 103 5
9 121 121
21 69 69
80 112 112
60 101 17
16 113 16
44 83 83
2 13 17
116 120 116
16 114 114
27 44 27
57 128 128
4 100 100
30 55 55
13 32 17
13 36 17
54 107 54
38 117 117
61 121 121
104 121 104
73 96 17
24 67 67
4 125 125
51 87 87
83 102 83
64 97 17
82 123 123
6 47 47
72 125 125
30 69 69
23 91 23
98 104 104
88 124 124
30 41 17
30 66 66
47 87 87
60 92 17
93 121 121
47 125 125
27 73 27
68 90 90
3 98 17
10 89 89
53 67 67
79 95 17
76 88 76
7 8 7
11 55 55
21 126 21
2 30 17
71 109 109
24 91 24
107 108 107
55 69 69
7 12 7
74 110 110
24 57 24
20 72 20
86 96 17
73 113 17
75 82 17
41 71 71
52 128 128
14 30 14
93 128 128
12 45 12
19 79 17
33 127 33
11 73 17
92 120 17
72 94 72
51 95 51
38 100 100
36 120 17
15 50 50
78 90 90
71 127 71
20 62 62
37 98 37
1 104 1
45 93 45
66 126 66
86 112 112
24 95 24
12 26 12
69 76 69
25 112 25
68 88 88
2 72 72
16 50 50
54 104 54
16 65 16
31 74 17
79 126 17
18 79 17
35 40 40
100 115 100
65 111 17
5 19 5
93 120 93
84 124 124
81 119 81
95 104 104
57 101 17
92 98 17
85 122 122
65 114 114
14 69 69
26 96 26
115 120 115
67 99 99
57 80 80
10 30 10
41 80 80
66 116 66
31 97 17
12 75 12
6 52 6
5 63 5
78 105 105
28 107 107
25 90 90
30 121 121
44 74 44
37 112 37
34 119 119
76 123 123
28 112 112
1 100 1
52 117 117
100 114 100
29 45 29
23 125 125
45 97 45
95 103 103
18 23 23
114 122 122
57 65 17
78 125 78
94 125 125
18 101 17
47 105 105
22 113 22
17 71 71
41 65 17
58 84 84
26 112 112
23 101 23
10 27 27
79 120 17
73 93 93
30 108 108
61 116 61
38 118 38
7 30 7
1 78 1
34 97 34
52 69 69
6 121 121
75 97 17
2 79 17
70 86 70
78 128 128
21 45 21
14 54 54
76 80 76
30 120 17
113 121 121
28 63 63
42 105 105
5 52 5
4 31 4
19 114 114
57 102 102
103 120 103
60 70 70
98 111 17
84 113 84
32 101 17
16 56 16
49 62 62
91 127 17
15 57 17
50 54 54
53 96 53
37 86 37
96 115 115
53 121 121
42 118 42
23 30 23
50 67 67
10 32 10
11 74 17
27 58 27
96 113 17
24 122 122
86 115 115
11 82 17
66 72 66
83 84 83
41 98 17
12 28 12
18 108 108
16 121 121
28 43 43
40 126 40
7 57 7
76 128 128
85 113 85
4 110 4
43 82 43
38 78 78
1 101 1
83 126 83
30 107 107
65 127 17
71 75 71
35 65 35
55 76 76
43 100 100
39 59 17
65 92 17
13 120 17
27 59 27
10 67 67
31 62 62
76 99 99
32 119 119
103 108 108
56 121 121
58 123 123
88 95 88
93 124 124
17 36 17
21 101 21
48 101 48
82 96 17
37 51 37
43 97 43
46 79 46
79 113 17
31 39 17
51 75 51
45 89 89
71 88 88
44 112 112
46 73 46
53 66 66
121 127 121
10 17 10
2 39 17
18 74 17
118 119 119
100 105 100
61 122 122
9 58 9
91 107 107
18 117 117
79 107 107
68 74 17
75 101 17
22 29 29
107 116 107
14 102 102
41 74 17
68 92 17
12 115 12
43 117 43
15 127 17
69 88 69
35 51 35
41 67 67
12 79 12
47 67 67
4 99 99
41 99 99
44 111 44
54 117 54
37 87 37
62 124 62
28 75 17
8 13 8
39 101 17
49 77 49
37 110 37
11 119 119
46 53 53
17 68 17
28 31 17
12 105 12
69 108 69
107 124 124
10 83 83
30 67 67
60 116 116
23 36 23
71 111 71
17 27 27
97 98 17
49 82 49
66 80 80
43 54 43
27 108 27
33 62 62
13 75 17
99 119 99
18 75 17
72 102 72
36 81 81
74 84 84
7 60 7
30 101 17
13 118 17
87 125 87
10 34 34
14 77 14
98 116 116
91 93 93
15 59 17
19 123 123
43 99 99
98 120 17
3 57 17
14 19 14
117 128 128
39 117 117
75 90 90
119 127 119
14 116 116
43 47 43
22 34 34
8 11 8
92 99 99
23 44 44
9 33 33
49 94 49
1 118 1
4 97 4
39 44 44
25 38 25
59 101 17
37 67 67
81 103 81
22 41 22
39 64 17
72 119 119
59 93 93
45 94 45
32 106 106
64 65 17
50 104 104
5 79 5
56 57 17
99 109 99
85 118 85
89 107 89
31 95 17
18 105 105
32 42 42
8 27 27
65 126 17
17 79 17
29 82 29
31 110 110
12 113 12
18 59 17
13 127 17
13 56 17
74 122 122
76 111 76
41 82 17
5 69 5
7 56 7
44 99 99
65 95 17
67 122 67
50 53 50
81 121 81
46 98 46
29 89 89
22 89 89
44 117 117
9 110 110
21 28 21
62 98 62
33 51 33
4 26 26
9 105 105
89 110 89
8 102 8
115 126 115
12 42 12
54 128 128
106 108 106
43 123 43
11 40 40
74 126 17
36 98 17
27 87 27
9 83 83
15 18 17
19 57 17
13 125 125
2 121 121
5 120 5
32 82 17
37 70 37
51 80 80
38 83 83
58 74 17
51 96 51
83 113 83
18 94 17
56 113 17
58 116 116
76 115 115
43 80 43
112 115 115
56 94 17
58 59 17
45 114 114
28 127 17
85 105 105
1 47 1
15 21 21
111 128 128
51 56 51
11 67 67
2 97 17
11 20 20
30 63 63
32 56 17
3 18 17
33 61 33
15 128 128
83 94 83
9 31 9
8 12 12
104 124 124
19 103 103
15 19 17
114 124 124
3 29 29
41 127 17
18 78 78
30 98 17
53 100 100
26 104 104
24 114 24
85 90 90
81 107 81
49 122 122
10 66 66
31 87 87
3 32 17
20 121 121
18 111 17
36 66 66
15 56 17
20 98 20
54 124 124
68 98 17
62 100 100
9 49 49
7 105 7
29 108 108
23 37 37
12 59 12
82 127 17
32 55 55
86 124 124
23 115 115
28 59 17
59 92 17
43 91 43
8 109 109
6 86 6
59 79 17
59 64 17
60 103 103
32 58 17
30 90 90
3 28 17
53 57 53
12 122 12
74 91 17
81 124 81
117 124 124
28 78 78
3 87 87
46 77 46
27 63 63
70 118 70
2 24 24
12 85 12
23 123 123
12 30 12
35 89 89
6 12 12
5 102 5
25 128 128
16 123 123
32 68 17
95 107 107
5 30 5
80 94 80
102 118 102
122 124 122
36 91 17
62 70 62
104 112 104
112 123 123
18 121 121
6 67 67
24 65 24
65 94 17
73 120 17
8 71 8
2 65 17
5 94 5
12 98 12
37 69 37
10 44 10
25 108 25
51 76 76
57 96 17
81 96 81
79 97 17
30 111 17
32 126 17
12 87 12
55 104 104
26 45 26
34 125 34
5 122 122
59 118 17
97 117 117
10 53 53
59 113 17
2 21 21
55 67 67
5 37 37
108 127 108
48 63 63
13 64 17
43 53 43
32 89 89
41 58 17
45 90 90
17 52 52
104 109 109
91 126 17
37 62 62
53 113 53
8 103 8
35 126 35
103 109 109
73 99 99
88 122 122
66 103 66
15 61 61
22 87 87
117 118 117
50 91 50
37 118 37
12 54 12
18 106 106
32 120 17
40 113 40
58 91 17
42 88 88
68 70 70
42 107 107
77 96 17
16 31 16
96 104 104
18 91 17
36 79 17
1 12 1
45 55 45
33 83 33
35 92 35
20 69 69
21 89 21
89 123 123
65 91 17
62 83 62
8 81 81
31 127 17
67 121 67
1 109 1
20 24 24
3 24 24
6 107 6
100 119 100
64 127 17
62 102 62
33 78 33
119 121 119
28 53 53
70 126 70
77 114 114
83 91 83
68 109 109
3 25 25
21 48 21
24 125 24
51 102 51
18 30 17
54 66 54
2 95 17
56 95 17
102 123 123
73 110 110
2 58 17
3 99 99
12 90 12
72 74 72
43 78 43
7 69 7
15 98 17
9 124 124
63 65 63
17 38 38
40 49 40
79 92 17
33 39 33
56 118 17
1 80 1
20 61 20
37 115 115
27 102 27
115 125 115
2 57 17
119 122 122
71 90 90
90 114 90
90 126 90
71 95 71
95 118 17
53 101 53
26 128 128
28 92 17
45 96 45
35 66 35
50 52 50
27 107 27
36 92 17
5 54 5
47 126 47
28 82 17
28 117 117
33 119 119
91 118 17
17 114 114
81 120 81
9 16 16
74 111 17
27 67 67
30 115 115
57 68 17
79 86 17
42 71 42
21 74 21
18 54 54
41 79 17
55 73 55
18 120 17
77 99 99
21 85 85
7 123 7
33 64 33
92 111 17
88 123 123
27 79 27
65 122 122
53 75 53
78 94 78
24 89 24
6 117 117
2 96 17
97 113 17
27 71 27
54 123 123
81 108 81
63 124 124
16 116 16
2 4 4
109 128 109
9 14 14
92 127 17
10 52 10
94 102 102
67 115 67
118 125 125
4 64 4
95 127 17
31 94 17
63 73 63
1 25 1
30 91 17
86 102 102
76 92 76
23 61 61
50 92 50
19 75 17
55 110 110
3 43 43
33 68 33
15 82 17
50 121 121
47 79 47
33 114 33
68 117 117
115 122 115
43 104 43
30 35 35
5 98 5
13 126 17
47 98 47
67 100 100
3 101 17
79 102 102
19 77 17
47 51 47
53 59 53
99 127 99
4 101 4
53 112 112
7 84 7
31 120 17
92 118 17
25 115 115
21 124 124
11 28 17
11 85 85
41 88 88
23 24 24
7 67 7
35 97 35
1 63 1
28 125 125
2 126 17
18 28 17
56 74 17
34 64 34
33 105 105
6 9 6
23 27 27
8 49 8
53 128 128
39 65 17
109 112 109
60 106 106
58 110 110
35 48 35
64 118 17
56 79 17
5 33 5
60 98 17
58 94 17
8 60 8
100 122 100
23 53 53
29 121 121
13 58 17
51 89 89
58 114 114
114 128 128
35 80 35
15 63 63
65 73 17
42 64 42
116 126 116
28 48 48
80 121 121
31 73 17
115 124 115
5 90 90
12 109 109
63 85 63
40 99 99
75 112 112
45 101 45
46 90 90
19 32 17
46 59 46
104 116 104
51 121 121
32 105 105
49 90 90
10 76 76
106 125 106
92 114 114
34 44 34
4 8 8
3 118 17
26 120 26
103 118 103
3 10 10
4 5 5
8 118 8
1 119 1
66 123 123
28 111 17
44 93 44
64 74 17
101 121 121
2 31 17
8 17 8
59 106 106
37 53 37
45 71 45
49 98 49
47 112 112
74 88 88
57 97 17
14 95 14
18 47 47
37 90 90
12 63 12
39 97 17
38 76 76
21 25 25
7 112 7
29 46 29
66 89 89
45 49 49
90 94 90
37 65 37
43 55 43
18 98 17
13 35 35
40 51 40
52 89 89
95 96 17
93 113 93
22 30 22
28 30 17
6 116 6
58 97 17
42 123 123
12 112 12
41 44 44
19 21 21
28 71 71
43 90 90
116 119 119
7 126 7
14 64 14
43 114 43
6 58 6
20 85 85
30 112 112
77 90 90
51 126 51
34 42 34
20 38 20
101 119 119
22 126 22
62 120 62
77 120 17
54 81 81
47 91 47
36 56 17
13 63 63
3 119 119
112 114 114
66 115 115
26 28 26
47 102 47
72 100 100
71 123 123
34 52 34
18 39 17
25 54 54
35 118 35
50 76 50
63 69 69
50 103 50
11 15 17
78 116 78
14 76 76
34 127 34
81 84 81
90 108 90
102 106 106
35 68 35
50 115 115
9 13 9
108 110 110
64 95 17
20 92 20
49 65 49
24 98 24
13 101 17
16 84 16
42 67 67
39 119 119
7 85 7
49 84 49
19 64 17
46 58 46
74 127 17
44 53 53
31 76 76
92 97 17
3 60 17
47 77 47
3 13 17
4 115 115
35 44 35
25 116 25
41 75 17
73 98 17
43 76 43
57 90 90
85 121 121
91 102 102
67 98 67
2 63 63
106 107 106
57 91 17
9 11 9
13 123 123
8 56 8
42 89 89
18 122 122
84 117 117
75 93 93
18 21 21
27 121 121
19 65 17
67 93 67
39 77 17
37 57 37
54 120 54
12 121 12
48 69 69
5 85 5
16 35 16
34 87 87
74 95 17
59 77 17
8 92 8
68 75 17
15 31 17
80 109 109
16 68 16
59 94 17
118 126 17
46 119 119
50 84 50
62 88 62
21 88 21
2 56 17
13 15 17
38 53 38
3 64 17
64 77 17
72 115 115
59 102 102
37 58 37
8 120 8
58 82 17
106 119 119
30 99 99
25 72 25
31 56 17
21 70 21
19 110 110
30 94 17
41 45 45
45 65 45
44 92 44
37 119 119
6 51 6
63 76 63
110 128 128
60 110 110
33 128 128
37 109 109
97 128 128
22 49 49
51 88 88
45 87 87
32 59 17
24 44 24
7 47 7
33 99 99
36 64 17
81 93 81
63 104 104
68 96 17
41 89 89
39 102 102
52 121 121
67 123 67
48 99 99
19 50 50
24 52 24
68 71 71
81 105 105
88 106 106
69 115 115
84 102 84
118 128 128
31 54 54
28 33 33
21 24 24
17 81 81
73 101 17
3 111 17
57 92 17
77 124 124
12 103 12
27 42 27
43 67 67
3 4 4
24 85 85
23 117 117
32 57 17
57 109 109
83 121 121
50 117 50
94 106 106
60 78 78
21 79 21
45 113 45
21 125 21
49 66 66
110 116 116
11 59 17
81 106 81
56 86 17
34 99 99
39 52 52
36 86 17
82 95 17
25 52 25
9 34 34
26 107 107
67 113 67
74 98 17
19 96 17
51 64 51
18 109 109
39 58 17
8 110 8
8 98 8
36 82 17
3 95 17
8 52 8
15 97 17
68 113 17
56 126 17
53 71 53
1 28 1
28 118 17
23 34 34
67 88 67
85 126 85
57 104 104
6 10 6
30 100 100
64 84 84
71 113 71
56 67 67
64 125 125
24 100 100
60 61 61
11 96 17
55 78 78
18 19 17
67 119 67
97 120 17
6 95 6
42 55 42
2 110 110
37 123 37
6 104 104
82 121 121
4 120 4
7 66 7
99 121 99
16 29 16
31 51 51
74 99 99
38 54 54
5 50 5
42 119 119
120 124 124
37 124 37
87 104 104
80 96 80
2 37 37
30 43 43
62 89 62
7 18 7
52 94 52
50 107 50
13 39 17
4 104 104
78 83 83
17 90 90
24 121 121
2 124 124
56 80 80
32 74 17
68 91 17
37 55 37
13 52 52
30 75 17
13 98 17
35 112 112
8 86 8
1 102 1
26 87 87
81 122 81
24 70 24
12 50 12
90 123 90
77 94 17
8 62 62
28 73 17
9 25 25
73 126 17
82 100 100
38 115 115
37 59 37
100 126 100
26 127 26
14 53 53
58 72 72
5 26 5
9 84 84
95 101 17
13 80 80
17 99 99
117 121 121
52 125 125
68 94 17
30 93 93
10 109 109
62 119 62
7 42 7
51 65 51
82 101 17
2 36 17
41 46 46
27 105 105
95 122 122
68 123 123
54 77 54
49 128 128
6 55 6
89 119 119
30 38 38
11 39 17
36 57 17
34 40 40
49 97 49
59 95 17
41 95 17
19 127 17
19 27 27
18 56 17
88 128 128
72 104 104
23 98 23
19 118 17
101 114 114
1 58 1
98 113 17
16 34 16
20 123 123
9 65 9
37 68 37
19 20 20
2 12 12
7 35 7
3 36 17
79 83 83
55 95 55
63 112 63
7 108 7
118 127 17
7 93 7
88 126 88
80 93 80
26 126 26
36 38 38
39 112 112
11 95 17
75 80 80
82 115 115
44 65 44
31 101 17
41 64 17
14 40 40
1 92 1
59 73 17
5 18 5
8 9 8
101 120 17
80 118 80
68 111 17
13 97 17
61 89 89
26 98 26
98 108 108
43 103 43
61 68 61
11 105 105
1 23 1
105 109 109
91 121 121
81 116 81
2 43 43
64 94 17
57 98 17
123 127 123
30 96 17
61 95 61
41 115 115
49 52 49
19 122 122
122 125 122
42 69 69
23 67 67
46 92 46
25 109 109
126 127 17
47 120 47
8 70 8
90 122 90
11 126 17
27 54 54
14 63 63
67 104 67
21 128 128
9 122 122
5 106 5
21 68 21
21 53 21
51 90 90
64 111 17
9 21 21
14 90 90
22 82 22
26 78 78
108 128 128
2 45 45
56 96 17
29 74 29
10 105 105
95 97 17
22 79 22
23 79 23
7 44 7
59 63 63
91 122 122
78 106 106
77 88 88
14 125 125
104 119 119
30 56 17
13 92 17
1 62 1
65 69 69
19 119 119
63 113 63
95 112 112
55 94 55
78 114 114
71 104 104
17 58 17
93 94 93
50 71 50
39 125 125
57 60 17
42 77 42
125 126 125
68 120 17
55 70 70
41 57 17
76 79 76
63 127 63
16 32 16
38 87 87
18 126 17
77 113 17
11 34 34
56 65 17
18 60 17
39 100 100
48 88 88
73 127 17
86 113 17
61 86 61
13 25 25
29 80 80
15 65 17
23 35 35
36 42 42
30 37 37
13 100 100
25 60 25
41 90 90
63 66 63
3 70 70
79 81 81
61 124 124
94 98 17
18 97 17
102 109 109
48 122 122
2 60 17
3 38 38
107 120 107
43 125 43
30 89 89
70 111 70
57 118 17
16 120 16
76 84 76
120 127 17
6 19 6
35 62 62
54 115 115
99 108 99
94 128 128
111 115 115
77 95 17
14 80 80
11 64 17
36 70 70
37 105 105
86 117 117
12 38 12
106 128 128
25 40 40
106 126 106
45 77 45
41 110 110
52 115 115
58 76 76
30 45 45
39 95 17
15 79 17
72 112 112
69 90 90
31 38 38
20 21 21
2 17 17
7 87 7
31 41 17
67 102 67
11 80 80
21 122 122
11 17 17
20 114 114
30 106 106
16 18 16
17 70 70
35 75 35
50 102 50
2 73 17
61 78 78
6 92 6
88 111 88
11 13 17
58 127 17
50 80 50
6 44 6
108 118 108
66 125 125
97 127 17
60 84 84
37 104 37
82 128 128
86 94 17
71 76 76
81 113 81
31 86 17
23 50 50
19 24 24
3 74 17
100 109 109
21 29 21
62 114 62
82 91 17
22 57 22
114 121 121
61 111 61
17 30 17
64 109 109
108 113 108
94 105 105
5 109 109
33 108 33
3 11 17
37 45 37
15 73 17
8 111 8
31 100 100
60 95 17
12 13 12
96 112 112
5 10 5
23 106 106
8 40 40
26 111 26
64 91 17
22 106 106
53 61 61
1 61 1
62 128 62
5 47 5
13 46 46
2 74 17
58 126 17
14 27 27
68 118 17
36 52 52
17 124 124
17 123 123
53 124 124
2 15 17
10 15 10
17 103 103
12 15 12
31 118 17
42 78 78
50 59 50
55 105 105
29 58 29
29 81 81
25 127 25
15 64 17
109 125 109
105 122 105
84 86 84
5 99 99
12 94 12
39 88 88
44 56 44
16 20 16
8 18 8
5 53 5
36 60 17
40 95 40
10 122 122
11 32 17
68 121 121
86 98 17
31 82 17
21 123 123
35 93 35
34 71 34
26 63 63
7 109 7
33 123 123
105 110 105
75 89 89
24 123 123
22 109 109
59 91 17
51 118 51
23 55 55
3 75 17
97 123 123
54 69 69
1 67 1
25 61 25
31 58 17
41 96 17
79 116 116
50 97 50
5 116 5
9 114 114
107 112 112
4 85 85
56 117 117
58 68 17
53 92 53
50 81 81
29 30 29
107 109 109
20 113 20
12 100 100
18 124 124
52 124 124
53 77 53
59 97 17
110 111 110
19 107 107
77 127 17
25 57 25
43 121 43
16 83 83
28 60 17
39 103 103
10 115 115
88 107 88
40 123 40
77 101 17
52 63 63
75 110 110
47 121 121
29 125 125
87 95 87
45 108 108
5 55 5
55 56 55
34 113 34
87 128 128
96 111 17
46 64 46
21 115 115
59 82 17
100 124 100
8 80 8
26 105 105
13 119 119
85 117 85
41 128 128
59 74 17
23 120 23
63 67 67
7 128 7
28 64 17
47 104 104
66 109 109
30 46 46
63 91 63
13 14 14
32 95 17
21 32 21
15 126 17
28 95 17
34 88 34
79 84 84
7 104 7
85 114 85
86 125 125
12 21 12
56 69 69
1 51 1
86 87 87
4 63 63
24 54 54
31 68 17
16 46 16
22 101 22
94 109 109
2 68 17
63 89 63
75 113 17
64 110 110
60 117 117
59 75 17
16 63 63
6 82 6
32 125 125
46 51 51
6 71 6
117 123 123
70 97 70
3 33 33
11 68 17
64 68 17
33 38 33
33 44 33
65 118 17
30 68 17
55 82 55
19 86 17
42 114 114
68 127 17
47 106 106
95 100 100
31 34 34
30 117 117
5 81 81
20 122 122
15 22 22
11 60 17
4 30 4
63 90 90
1 53 1
13 48 48
52 85 85
8 93 8
40 87 40
53 70 53
49 114 114
79 99 99
33 74 33
30 81 81
72 127 72
24 36 24
96 126 17
110 126 110
62 108 62
7 83 7
39 75 17
17 53 53
25 81 81
30 72 72
4 27 27
11 62 62
102 114 114
80 106 106
11 101 17
36 77 17
59 120 17
52 110 52
3 46 46
15 95 17
39 56 17
15 41 17
34 118 34
3 39 17
103 117 117
21 60 21
32 77 17
51 85 85
72 78 78
18 36 17
79 121 121
104 105 105
20 43 43
47 49 47
5 12 12
9 23 9
59 127 17
2 98 17
58 106 106
90 109 109
50 69 69
99 100 99
4 77 4
85 120 85
50 95 50
13 18 17
21 62 62
22 114 114
82 109 109
85 123 123
73 111 17
75 77 17
62 109 109
20 40 40
1 7 1
24 33 33
48 119 119
59 112 112
34 46 34
35 82 35
17 98 17
13 96 17
2 41 17
12 20 12
26 30 26
30 32 17
46 106 106
29 95 29
5 104 5
22 107 107
10 75 10
49 120 49
61 66 61
31 32 17
29 110 110
40 80 40
21 103 21
3 91 17
109 117 109
32 127 17
90 106 90
105 128 105
22 33 33
27 28 27
76 86 76
14 42 42
5 48 5
64 126 17
6 32 6
44 121 121
27 47 27
59 80 80
32 36 17
70 115 115
69 104 69
101 113 17
109 119 109
11 70 70
14 61 61
1 21 1
63 111 63
3 128 128
79 94 17
7 9 7
79 118 17
21 90 90
15 113 17
13 31 17
2 20 20
56 68 17
94 119 119
102 128 128
48 91 48
29 103 29
56 90 90
91 94 17
107 128 128
78 80 78
62 66 62
96 101 17
74 82 17
100 121 100
59 109 109
111 127 17
2 75 17
24 32 24
43 119 119
38 81 81
51 106 106
67 89 67
54 114 54
12 127 12
17 84 84
64 78 78
84 103 84
42 52 52
52 116 52
39 113 17
37 128 37
33 72 33
16 21 21
41 91 17
89 124 124
1 59 1
74 116 116
25 111 25
77 121 121
109 123 109
81 90 90
68 126 17
77 86 17
54 93 54
60 118 17
57 59 17
34 122 122
17 89 89
6 30 6
55 86 55
52 122 122
11 91 17
58 92 17
55 59 55
32 92 17
44 114 114
83 95 83
111 124 124
39 82 17
59 108 108
57 94 17
56 127 17
1 123 1
88 103 88
47 100 100
59 96 17
109 116 109
26 32 26
22 51 51
56 64 17
75 88 88
51 99 99
51 108 51
13 49 49
2 62 62
54 62 62
71 91 71
64 124 124
15 60 17
74 97 17
3 113 17
103 104 104
17 101 17
5 105 105
103 110 110
24 25 25
34 111 34
61 96 61
65 123 123
62 76 62
64 82 17
65 120 17
60 71 71
90 127 90
6 37 37
39 94 17
70 88 88
63 120 63
32 118 17
12 116 12
95 111 17
38 106 106
77 82 17
68 101 17
73 94 17
8 10 8
47 57 47
20 37 37
32 98 17
31 72 72
27 34 27
58 113 17
43 62 62
20 71 20
36 47 47
121 122 122
69 128 128
11 98 17
21 80 21
31 33 33
1 87 1
66 71 66
8 83 83
31 109 109
24 30 24
12 74 12
75 122 122
77 81 81
1 115 1
20 35 20
91 117 117
71 92 71
54 88 54
85 111 85
4 82 4
75 96 17
13 110 110
47 83 83
7 15 7
73 74 17
46 83 83
67 108 67
36 76 76
19 102 102
62 67 67
33 104 104
59 65 17
50 87 50
41 59 17
28 101 17
86 127 17
26 95 26
49 64 49
14 85 85
8 87 87
29 53 53
66 94 66
45 117 117
99 115 99
36 44 44
7 43 7
7 119 7
35 73 35
22 93 22
38 80 80
59 85 85
28 62 62
31 70 70
9 119 119
13 22 22
66 127 66
11 31 17
96 120 17
75 111 17
55 72 72
43 105 105
86 118 17
19 41 17
33 121 33
40 67 67
67 92 67
12 41 12
13 65 17
27 66 27
83 100 100
98 117 117
62 96 62
41 62 62
63 125 63
76 113 76
27 111 27
71 72 72
27 40 40
103 126 103
24 83 24
77 126 17
87 122 122
7 82 7
4 61 61
30 71 71
104 117 104
3 77 17
10 42 10
37 38 37
92 126 17
7 113 7
32 88 88
74 115 115
48 113 48
22 40 40
103 114 114
9 118 9
30 60 17
94 116 116
41 83 83
1 128 1
41 123 123
71 78 78
16 67 67
97 126 17
76 106 106
39 126 17
14 25 25
2 122 122
10 45 10
8 16 16
21 49 21
18 114 114
14 78 78
2 92 17
13 82 17
11 125 125
58 109 109
6 34 34
64 119 119
35 91 35
60 83 83
39 120 17
71 116 116
102 125 125
69 75 69
29 104 104
39 121 121
34 70 34
111 125 125
3 56 17
40 103 40
56 83 83
56 122 122
81 83 81
12 86 12
36 75 17
18 25 25
65 74 17
12 43 12
90 93 90
74 120 17
20 42 20
115 121 115
46 81 81
41 56 17
45 76 76
9 94 9
53 89 89
6 24 24
12 61 12
52 86 52
4 67 67
25 76 25
79 90 90
30 76 76
36 95 17
11 35 35
2 118 17
15 58 17
99 126 99
20 101 20
35 122 122
48 93 93
4 118 4
53 111 53
76 116 76
22 119 119
45 46 45
31 123 123
78 85 85
2 18 17
32 60 17
51 81 81
101 103 103
40 82 40
15 93 93
31 113 17
36 74 17
50 78 50
32 39 17
12 40 12
11 76 76
61 101 61
1 114 1
90 115 90
11 16 16
58 101 17
91 120 17
54 83 54
30 125 125
37 95 37
20 118 20
95 113 17
40 62 62
100 103 100
5 70 5
8 128 128
81 82 81
42 102 42
46 91 46
20 25 25
74 92 17
17 22 22
68 79 17
21 81 81
45 95 45
2 94 17
81 115 81
73 86 17
27 76 27
18 38 38
32 65 17
22 116 116
63 115 115
47 48 47
31 57 17
37 113 37
45 58 45
29 122 122
29 37 37
10 69 69
63 107 63
9 92 9
91 110 110
73 78 78
29 123 123
42 65 42
75 95 17
33 118 33
34 57 34
15 120 17
56 111 17
82 92 17
70 124 124
68 107 107
36 53 53
11 23 23
16 74 16
32 122 122
30 113 17
100 112 100
65 96 17
94 96 17
15 111 17
34 86 34
4 38 38
82 112 112
45 72 72
40 78 40
5 64 5
6 66 66
21 27 21
39 53 53
2 19 17
18 71 71
13 102 102
9 82 9
10 37 37
39 87 87
2 44 44
74 96 17
34 112 34
35 102 35
51 63 63
15 94 17
15 86 17
88 104 104
23 29 29
60 123 123
13 72 72
30 50 50
40 98 40
9 51 51
88 127 88
2 27 27
19 52 52
2 32 17
40 81 81
54 67 67
30 83 83
68 86 17
89 99 99
34 66 34
13 19 17
42 51 51
44 51 51
18 86 17
17 62 62
59 121 121
25 77 25
24 50 50
54 82 54
104 108 104
24 35 24
98 126 17
30 65 17
102 103 102
40 68 40
2 50 50
30 97 17
25 56 25
24 94 24
30 34 34
26 48 26
82 110 110
36 65 17
86 92 17
33 77 33
47 63 63
70 101 70
47 127 47
66 76 76
58 67 67
86 121 121
53 54 54
69 105 105
73 118 17
121 123 123
87 114 114
7 122 7
64 73 17
49 123 123
30 54 54
2 85 85
25 80 25
113 123 123
75 127 17
68 83 83
39 72 72
40 52 40
64 123 123
8 99 99
1 105 1
30 42 42
31 119 119
8 76 8
28 126 17
6 85 85
89 92 89
87 99 99
2 59 17
26 71 26
4 71 4
62 101 62
17 107 107
18 48 48
74 118 17
66 84 66
41 72 72
100 108 100
91 103 103
2 10 10
18 96 17
65 66 66
14 28 14
30 44 44
57 66 66
54 106 54
55 107 107
94 126 17
46 120 46
60 65 17
86 95 17
56 123 123
78 87 78
70 85 85
82 120 17
11 41 17
25 102 25
62 118 62
89 106 106
109 126 109
50 85 50
45 57 45
34 98 34
25 62 62
54 87 54
33 54 54
33 43 43
20 119 119
70 72 70
70 120 70
73 91 17
25 91 25
8 85 85
17 77 17
15 102 102
16 75 16
62 78 62
55 79 55
84 110 84
31 83 83
89 128 128
115 123 115
34 59 34
43 101 43
86 110 110
93 97 93
15 89 89
123 124 124
36 125 125
12 60 12
16 102 16
5 68 5
54 90 90
27 78 78
79 96 17
77 106 106
20 96 20
122 123 122
37 122 122
39 40 40
27 88 27
3 80 80
57 67 67
96 97 17
75 79 17
43 86 43
74 77 17
81 100 100
2 77 17
26 81 81
22 68 22
75 100 100
11 72 72
50 114 50
88 121 121
57 126 17
88 97 88
84 114 114
15 110 110
73 97 17
34 49 34
36 126 17
118 120 17
34 81 81
8 116 8
31 121 121
51 119 119
40 83 40
57 86 17
113 118 17
62 81 62
2 86 17
12 123 12
75 86 17
7 52 7
84 96 84
22 59 22
25 82 25
62 74 62
26 86 26
35 49 35
27 114 114
97 104 104
62 85 62
63 99 99
89 101 89
18 68 17
94 123 123
38 101 38
32 113 17
41 47 47
91 105 105
62 105 105
13 94 17
68 73 17
81 89 81
85 104 104
39 47 47
65 101 17
4 44 4
15 55 55
36 85 85
65 97 17
74 105 105
101 110 110
75 94 17
1 45 1
93 127 93
19 92 17
12 67 12
66 105 105
73 102 102
62 71 62
62 95 62
39 68 17
4 70 70
54 100 100
49 69 69
99 116 99
32 83 83
21 43 43
36 117 117
57 127 17
62 115 62
41 120 17
60 77 17
96 127 17
77 111 17
30 33 33
14 82 14
56 60 17
5 28 5
35 79 35
51 123 123
63 128 128
52 108 52
77 110 110
18 77 17
50 68 50
3 30 17
18 46 46
75 76 76
6 53 53
7 90 7
19 71 71
20 115 115
91 112 112
11 83 83
50 124 124
100 125 100
14 66 66
58 81 81
81 99 99
38 88 38
79 127 17
1 39 1
1 35 1
21 113 21
57 120 17
11 92 17
13 40 40
60 89 89
67 81 67
103 122 122
6 40 40
65 75 17
39 107 107
50 106 106
3 69 69
43 66 43
77 83 83
33 110 33
30 59 17
29 83 83
80 87 87
52 101 52
36 69 69
35 45 35
37 100 100
1 99 1
44 86 44
32 115 115
30 52 52
41 125 125
45 86 45
42 95 42
14 23 14
60 82 17
4 75 4
46 109 109
3 102 102
26 27 27
77 118 17
30 49 49
13 68 17
67 120 67
49 88 88
48 66 66
22 66 66
54 122 122
15 45 45
67 114 67
10 24 24
75 126 17
65 71 71
12 99 99
37 83 37
107 123 123
33 59 33
8 82 8
26 61 61
91 95 17
10 93 10
40 90 90
38 111 38
25 123 123
1 43 1
98 119 119
17 59 17
26 51 51
27 51 27
52 87 87
44 60 44
30 116 116
7 70 7
41 93 93
8 38 8
5 113 5
76 95 76
34 106 106
24 39 24
26 76 76
72 122 122
57 95 17
2 120 17
70 93 70
32 112 112
13 57 17
29 39 29
48 64 48
13 79 17
66 107 66
17 46 46
4 33 33
39 104 104
32 76 76
48 50 50
36 59 17
45 74 45
68 80 80
11 19 17
31 65 17
83 105 105
96 118 17
37 63 37
18 113 17
19 88 88
35 70 35
27 117 27
19 46 46
27 50 50
16 47 16
10 124 124
57 81 81
22 71 22
69 102 69
14 83 83
13 114 114
81 114 81
97 100 100
2 64 17
5 62 62
17 23 23
69 81 81
30 64 17
104 115 115
9 123 123
5 59 5
69 122 122
39 98 17
30 70 70
30 62 62
94 111 17
125 127 125
68 108 108
39 89 89
48 80 80
28 41 17
29 44 44
22 73 22
109 115 109
44 103 44
43 109 109
45 78 78
6 122 122
67 74 67
19 36 17
17 73 17
60 113 17
90 95 90
62 94 62
59 60 17
19 59 17
51 109 109
21 78 21
126 128 128
13 23 23
1 19 1
50 125 50
7 51 7
18 92 17
48 115 115
20 77 20
6 7 7
1 20 1
31 79 17
39 99 99
12 81 12
86 106 106
5 16 5
38 41 38
16 124 124
46 67 67
5 89 5
85 127 85
75 102 102
2 53 53
98 107 107
7 68 7
26 35 35
64 98 17
11 57 17
23 109 109
5 77 5
25 46 25
3 86 17
14 51 51
24 37 37
57 99 99
71 94 71
51 125 125
65 117 117
44 98 44
51 78 78
70 90 90
8 41 8
102 120 102
43 87 43
52 72 52
36 94 17
1 70 1
12 106 12
30 39 17
3 73 17
9 81 81
43 49 43
43 89 43
90 128 90
73 112 112
62 122 62
41 107 107
42 49 49
42 113 42
32 73 17
101 111 17
24 81 81
57 64 17
9 50 50
3 117 117
5 121 5
83 104 104
55 80 80
31 59 17
43 116 43
2 28 17
80 117 117
13 95 17
61 98 61
29 70 70
58 95 17
60 75 17
3 23 23
69 99 99
88 99 99
13 30 17
16 60 16
19 45 45
11 56 17
18 72 72
31 77 17
58 89 89
40 116 40
15 112 112
35 63 63
20 110 20
17 78 78
92 101 17
64 79 17
28 128 128
23 81 81
86 101 17
56 97 17
84 118 84
27 124 124
1 36 1
45 68 45
2 113 17
10 74 10
18 50 50
98 99 99
45 102 102
31 45 45
12 125 12
7 92 7
26 55 26
15 39 17
24 78 24
21 105 105
30 77 17
65 68 17
40 88 40
39 118 17
64 106 106
4 116 116
39 85 85
71 96 71
83 90 90
27 89 27
110 121 121
65 105 105
100 118 100
44 62 62
94 97 17
20 73 20
53 84 53
15 92 17
8 67 67
30 84 84
39 111 17
28 61 61
11 24 24
30 103 103
63 126 63
40 85 40
45 118 45
1 126 1
47 110 47
10 64 10
4 96 4
13 128 128
79 111 17
9 74 9
48 123 123
62 69 62
42 70 70
36 68 17
36 115 115
40 101 40
32 111 17
19 63 63
31 60 17
58 70 70
114 123 123
78 96 78
72 76 76
107 110 107
34 60 34
5 32 5
100 101 100
59 116 116
43 83 43
105 117 105
36 97 17
55 111 55
25 42 25
76 122 122
79 98 17
16 37 37
9 18 9
34 43 43
6 90 90
19 28 17
6 103 6
73 95 17
31 111 17
1 9 1
36 127 17
11 21 21
31 114 114
20 126 20
37 85 37
101 118 17
80 103 80
11 79 17
52 112 112
1 49 1
16 62 62
68 97 17
1 55 1
39 122 122
62 63 62
5 92 5
87 124 124
28 91 17
95 116 116
44 75 44
109 124 109
60 111 17
89 103 89
74 86 17
15 48 48
20 29 20
113 125 125
18 82 17
12 77 12
19 95 17
86 111 17
2 127 17
74 87 87
1 96 1
83 86 83
26 97 26
7 73 7
33 106 106
19 87 87
67 75 67
57 124 124
38 55 38
87 116 87
30 61 61
10 116 10
89 105 105
31 66 66
30 123 123
84 99 99
15 85 85
43 45 43
87 100 100
19 97 17
39 84 84
100 111 100
58 102 102
15 28 17
32 69 69
3 97 17
102 113 102
58 117 117
19 74 17
34 54 54
33 81 81
104 122 122
32 79 17
15 54 54
85 99 99
15 124 124
77 79 17
99 105 99
1 6 1
13 86 17
104 127 104
80 102 80
68 78 78
23 43 43
106 118 106
88 102 88
30 36 17
32 50 50
3 15 17
81 125 81
2 91 17
20 68 20
63 102 63
54 102 54
52 55 52
7 39 7
105 124 105
80 99 99
47 128 128
1 54 1
12 34 12
33 47 33
27 30 27
74 94 17
57 73 17
5 7 7
3 82 17
111 118 17
18 65 17
30 80 80
37 50 37
20 99 99
29 101 29
30 95 17
6 43 43
84 109 109
27 52 27
2 114 114
31 75 17
40 54 40
6 16 16
20 57 20
70 128 128
64 112 112
25 73 25
44 128 128
28 68 17
23 65 23
60 127 17
13 60 17
10 110 10
29 124 124
52 58 52
17 20 20
8 14 8
5 67 67
113 127 17
22 80 80
43 92 43
45 105 105
19 68 17
1 66 1
11 38 38
15 69 69
27 104 104
92 95 17
56 103 103
105 114 105
61 84 61
83 99 99
46 61 61
37 107 37
55 93 55
24 102 24
78 102 78
92 113 17
103 107 107
5 72 5
54 125 54
15 76 76
21 107 21
9 45 45
8 122 122
30 40 40
46 116 116
34 114 114
58 60 17
73 89 89
75 118 17
41 103 103
44 123 123
42 126 42
90 124 90
18 24 24
5 22 5
107 115 115
65 116 116
72 83 83
51 107 107
38 75 38
61 71 61
4 46 4
68 105 105
2 106 106
90 119 90
25 49 25
3 89 89
105 119 105
6 98 6
28 36 17
27 62 62
15 121 121
67 106 67
114 125 114
18 95 17
5 87 5
13 77 17
58 73 17
36 102 102
74 101 17
33 93 33
19 91 17
16 100 100
15 96 17
15 32 17
99 106 99
41 43 43
17 49 49
73 122 122
74 123 123
8 30 8
28 85 85
1 27 1
47 64 47
70 91 70
59 117 117
56 87 87
19 82 17
49 86 49
38 59 38
41 119 119
35 71 35
41 60 17
110 114 114
10 38 38
22 92 22
23 38 38
85 110 85
14 20 20
74 81 81
40 124 124
56 98 17
21 75 21
111 120 17
38 112 112
65 107 107
62 87 62
64 96 17
81 112 81
19 73 17
45 100 100
24 48 24
57 70 70
91 125 125
18 31 17
13 59 17
93 108 108
94 118 17
30 126 17
79 124 124
12 62 12
38 126 38
21 72 21
20 53 20
8 125 125
61 90 90
1 56 1
11 113 17
16 128 128
50 51 50
32 41 17
10 94 10
89 127 89
59 68 17
49 111 49
26 121 121
28 65 17
61 115 115
9 111 9
86 126 17
95 98 17
105 115 105
106 117 106
33 107 33
20 124 124
108 126 108
67 72 67
63 106 106
41 69 69
64 99 99
2 51 51
77 91 17
59 126 17
23 99 99
10 72 10
57 113 17
12 35 12
13 104 104
119 125 119
30 48 48
85 88 85
63 81 81
8 121 121
20 75 20
38 44 38
78 84 78
60 120 17
8 36 8
52 75 52
13 111 17
28 57 17
45 69 69
27 96 27
33 84 33
70 109 109
42 81 81
20 88 20
79 87 87
1 14 1
37 40 37
69 89 69
14 109 109
52 82 52
28 77 17
11 50 50
77 92 17
32 49 49
13 107 107
70 105 105
84 128 128
29 85 85
34 89 34
1 108 1
80 97 80
3 100 100
43 77 43
38 68 38
22 54 54
19 101 17
57 111 17
122 126 122
70 100 100
14 101 14
61 80 61
13 105 105
93 105 105
51 58 51
23 108 108
44 54 54
6 61 61
73 82 17
81 85 81
73 75 17
27 109 109
7 100 7
60 97 17
32 81 81
55 66 66
27 32 27
58 118 17
18 57 17
94 99 99
1 5 1
119 124 119
77 93 93
5 76 5
5 112 5
59 115 115
20 105 105
46 89 89
71 128 128
91 92 17
60 91 17
17 104 104
100 107 100
32 97 17
96 106 106
120 126 17
56 120 17
41 97 17
35 77 35
39 57 17
48 112 112
78 88 78
86 91 17
45 98 45
57 77 17
15 75 17
37 54 37
38 85 85
30 73 17
33 35 33
101 126 17
79 91 17
5 60 5
47 103 47
19 58 17
73 107 107
95 126 17
15 103 103
52 62 62
19 76 76
22 81 81
54 59 54
16 28 16
50 110 50
57 58 17
42 109 109
31 64 17
36 51 51
43 85 43
58 75 17
51 59 51
20 56 20
24 41 24
56 101 17
54 72 54
43 124 43
29 117 117
36 41 17
32 47 47
4 113 4
45 111 45
47 52 47
44 122 122
59 122 122
12 124 12
56 93 93
12 31 12
54 80 54
59 67 67
98 118 17
58 86 17
18 61 61
69 98 69
2 76 76
41 124 124
91 96 17
17 110 110
69 119 119
3 66 66
13 103 103
49 70 70
97 122 122
16 51 16
24 76 24
64 92 17
18 81 81
21 30 21
102 122 122
3 21 21
81 123 81
26 67 67
96 109 109
17 87 87
3 41 17
52 102 52
37 84 37
39 127 17
59 103 103
40 97 40
36 128 128
101 127 17
81 128 81
16 38 16
78 104 104
68 115 115
27 125 27
3 55 55
5 65 5
51 117 117
46 48 46
44 87 87
55 124 124
68 77 17
58 77 17
49 80 80
14 104 104
4 50 50
1 124 1
36 73 17
65 78 78
40 53 40
40 43 43
26 122 122
87 105 105
29 76 76
71 115 115
49 93 49
9 22 22
36 54 54
89 112 112
83 93 83
35 127 35
95 99 99
48 90 90
30 31 17
67 82 67
4 79 4
76 112 112
82 98 17
13 26 26
75 119 119
72 118 72
56 75 17
11 90 90
18 70 70
23 110 110
29 99 99
33 37 37
71 125 125
109 122 109
38 63 63
41 77 17
30 85 85
45 60 45
82 90 90
3 14 14
21 46 21
85 92 85
91 101 17
4 76 76
86 99 99
19 113 17
90 105 105
31 46 46
83 123 123
32 117 117
24 34 24
73 106 106
104 107 104
26 42 26
53 68 53
1 71 1
44 72 72
62 90 90
1 107 1
27 127 27
79 101 17
3 19 17
37 81 81
4 112 112
60 109 109
36 113 17
41 111 17
3 51 51
20 78 78
17 112 112
83 115 115
10 23 10
75 120 17
30 79 17
47 123 123
26 93 26
28 99 99
35 54 54
74 113 17
94 113 17
18 64 17
27 115 115
77 100 100
56 70 70
9 52 52
70 75 70
94 117 117
11 97 17
24 31 24
3 12 12
1 81 1
26 114 114
26 90 90
29 67 67
10 63 63
77 97 17
3 59 17
76 124 124
33 76 33
67 71 67
40 106 40
58 122 122
45 123 123
7 96 7
56 92 17
83 128 128
36 58 17
79 82 17
7 124 7
80 113 80
2 61 61
14 120 14
23 128 128
42 59 42
47 92 47
2 67 67
3 126 17
11 77 17
13 113 17
1 50 1
29 59 29
35 123 123
106 109 109
8 63 63
48 84 84
98 101 17
102 119 119
30 88 88
41 118 17
39 61 61
48 74 48
12 48 12
40 61 40
19 39 17
100 120 100
88 101 88
47 117 117
54 85 54
13 91 17
29 68 29
47 76 47
68 82 17
9 95 9
28 39 17
97 111 17
32 64 17
69 114 69
83 107 83
18 118 17
113 126 17
10 99 99
65 115 115
50 61 50
110 123 123
18 112 112
30 74 17
