64 1571
26 59 1
44 63 25
58 59 1
37 44 1
24 49 26
13 55 26
30 57 1
1 40 1
19 32 13
32 45 52
28 29 26
17 39 1
3 16 12
10 11 26
3 32 26
38 45 26
1 59 1
9 25 25
33 40 26
35 36 54
38 53 1
22 62 62
49 50 26
24 63 54
26 47 26
3 9 12
52 56 26
40 48 14
12 31 1
43 53 1
2 47 1
29 63 26
12 57 1
33 38 26
10 61 54
52 59 1
13 28 26
35 51 1
55 60 26
17 46 1
5 50 12
9 59 1
23 42 12
16 36 54
7 21 1
38 62 26
36 50 54
41 61 1
18 39 1
21 43 1
35 56 25
29 30 4
22 28 62
53 57 1
5 43 12
5 17 1
13 26 26
50 62 12
14 47 26
3 34 12
15 17 15
14 48 14
31 59 1
32 34 26
21 34 1
57 64 1
10 64 54
32 47 26
13 47 26
29 47 47
45 54 26
1 56 1
21 57 1
4 52 26
12 29 26
5 48 25
16 31 1
12 36 54
3 60 26
3 12 12
43 58 1
7 32 26
4 30 4
16 60 26
30 61 26
15 50 1
5 21 1
3 10 54
5 11 26
5 37 1
20 41 1
41 54 1
3 37 1
10 48 54
35 40 25
11 16 26
5 61 12
41 52 1
18 23 26
15 23 1
9 53 1
22 59 1
10 24 54
22 47 26
13 50 26
4 34 26
24 30 26
35 49 26
21 32 1
31 56 1
28 35 62
48 57 1
17 28 1
15 27 1
37 52 1
22 41 1
16 45 26
10 37 1
21 31 1
1 23 1
25 62 25
38 51 1
31 51 1
10 31 1
10 35 54
5 28 12
4 27 1
29 39 1
20 21 1
61 62 62
15 60 1
5 9 12
28 38 26
39 62 1
25 32 26
19 26 26
38 56 26
49 60 26
58 63 1
52 62 26
38 57 1
48 60 26
36 62 54
8 16 1
24 60 26
14 33 26
7 42 25
2 51 1
26 51 1
16 47 26
18 58 1
41 56 1
34 58 1
23 60 26
25 60 26
6 61 1
9 61 12
3 38 26
8 22 1
41 53 1
16 52 26
40 44 25
29 51 1
7 26 26
24 42 54
19 52 52
28 52 26
33 36 26
8 54 1
13 19 13
43 44 25
9 19 26
7 55 14
12 63 12
43 56 25
23 44 25
1 10 1
27 38 1
19 41 1
1 62 1
42 44 25
28 62 62
7 53 1
8 31 1
22 42 12
24 28 54
19 58 1
18 52 52
44 51 1
47 59 1
6 27 1
33 51 1
1 52 1
23 37 1
51 53 1
14 21 1
42 64 25
2 12 1
28 42 12
3 5 12
3 64 25
2 58 1
7 25 25
26 48 26
23 59 1
11 13 52
21 28 1
53 56 1
8 15 1
53 62 1
40 47 26
39 56 1
20 53 1
27 50 1
17 57 1
33 42 26
9 38 26
16 59 1
9 14 25
3 41 1
36 38 26
37 38 1
14 49 26
3 51 1
10 30 26
49 58 1
23 43 12
15 57 1
8 11 1
43 45 26
33 60 26
23 61 22
28 43 12
25 63 25
16 27 1
11 38 26
30 53 1
6 59 6
22 26 26
29 37 1
29 36 26
19 48 26
39 58 27
25 30 26
12 22 12
50 60 26
36 57 1
17 43 1
2 38 1
29 42 26
8 45 1
40 52 26
50 55 25
45 51 1
6 34 1
26 37 1
8 59 1
44 49 26
14 59 1
38 40 26
2 7 1
48 56 14
31 54 1
19 24 26
33 58 1
27 57 1
3 8 1
25 49 26
58 62 1
13 64 26
27 31 1
34 37 1
11 60 26
10 40 54
40 54 54
20 27 1
19 47 26
2 35 1
26 60 26
10 43 54
17 36 1
8 21 27
13 62 26
17 49 1
19 61 26
44 50 25
34 43 34
23 35 23
2 40 1
34 36 54
24 51 1
20 57 20
38 42 26
20 51 1
11 30 26
25 61 25
8 32 1
44 62 25
24 52 26
46 49 26
7 63 25
47 56 26
11 52 52
9 33 26
4 25 26
42 57 1
28 54 54
23 24 54
31 64 1
18 54 26
15 37 1
38 61 26
13 34 26
43 46 25
55 59 1
27 28 1
30 47 4
6 35 1
41 58 1
9 56 25
14 43 25
14 58 1
56 58 1
29 55 26
42 61 12
45 64 26
39 42 1
45 63 26
11 55 26
44 64 25
32 42 26
43 60 26
26 33 26
18 37 1
22 60 26
39 61 1
56 63 25
27 41 1
12 48 25
24 29 26
4 5 26
21 36 1
36 47 26
15 55 1
2 15 1
43 59 1
40 43 25
40 56 14
29 35 26
23 48 25
33 53 1
42 63 12
4 6 1
49 53 1
18 34 26
10 46 54
55 56 14
18 55 26
24 61 54
24 56 54
55 61 25
21 26 1
17 33 1
9 10 54
46 50 25
15 18 1
15 47 1
28 44 25
5 54 54
11 61 26
11 14 26
19 64 26
56 61 25
25 44 25
1 7 1
3 42 12
6 58 1
9 28 12
13 58 1
25 57 1
13 16 26
15 31 1
34 50 34
2 60 1
29 38 26
26 53 1
49 62 26
35 42 12
2 19 1
52 58 1
20 25 1
3 58 1
8 28 1
24 25 54
3 48 25
4 12 26
20 49 1
14 18 26
44 60 26
15 45 1
12 26 26
13 46 26
19 45 52
12 61 12
28 61 62
7 9 25
22 25 25
11 41 1
10 27 1
19 27 1
39 59 1
35 60 26
54 60 26
41 60 1
23 31 1
9 63 12
36 59 1
43 55 25
23 53 1
9 62 12
6 54 1
46 51 1
40 64 40
8 51 27
18 41 1
6 17 6
25 64 25
26 41 1
12 33 26
17 23 1
7 15 1
51 52 1
38 64 26
46 61 25
18 19 13
25 43 25
30 43 26
45 61 26
18 47 26
1 50 1
19 56 26
29 31 1
1 64 1
22 51 1
29 61 26
2 42 1
35 47 26
38 50 26
23 38 26
9 47 26
25 55 25
42 56 25
25 27 1
3 55 25
28 40 25
5 49 26
19 22 26
21 46 1
51 62 1
53 61 1
25 50 25
17 32 1
21 37 1
8 20 1
18 26 26
37 61 1
16 58 1
59 64 1
2 50 1
20 26 1
25 26 26
38 39 1
3 29 26
9 22 12
9 45 26
9 12 12
36 54 54
23 34 12
36 46 54
23 56 25
14 60 26
5 63 12
5 30 26
24 27 1
10 60 26
19 30 26
39 60 1
30 52 26
1 31 1
33 41 1
42 45 26
29 56 26
44 56 25
31 55 1
31 32 1
12 40 25
18 60 26
5 12 12
20 63 1
26 31 1
6 14 1
41 42 1
5 45 26
50 63 12
13 38 26
2 63 1
8 58 27
35 46 25
1 15 1
4 24 26
7 27 1
61 64 25
38 47 26
43 64 25
42 50 9
48 55 14
44 61 25
34 60 26
31 60 1
36 56 54
9 13 26
31 43 1
19 57 1
33 62 26
21 25 1
4 29 4
8 27 27
24 34 54
13 33 26
47 51 1
52 53 1
23 32 26
12 38 26
13 56 26
28 41 1
10 45 26
1 33 1
42 52 26
18 63 26
19 60 26
3 28 12
17 40 1
30 55 26
2 59 1
15 62 1
24 58 1
24 59 1
4 53 1
36 42 54
35 59 1
47 49 26
30 49 26
2 6 1
6 40 1
32 63 26
6 22 1
27 59 1
9 48 25
26 54 26
11 23 26
17 24 1
38 52 26
8 17 1
30 44 26
46 57 1
39 53 1
15 52 1
36 63 54
27 53 1
1 47 1
11 50 26
30 59 1
36 45 26
11 34 26
3 36 54
12 59 1
51 60 1
5 36 54
23 25 25
1 25 1
24 44 54
21 49 1
24 41 1
2 4 1
15 58 1
10 21 1
36 53 1
22 23 22
3 26 26
48 62 25
5 14 25
16 64 25
22 45 26
1 61 1
7 28 25
51 58 27
1 26 1
37 54 1
2 55 1
31 34 1
11 53 1
6 10 1
9 15 1
24 57 1
13 44 26
2 53 1
47 57 1
60 62 26
8 40 1
16 56 25
13 22 26
5 39 1
15 53 1
8 29 1
22 34 12
14 41 1
39 51 51
44 55 25
54 61 54
4 16 26
25 29 26
1 34 1
15 39 1
57 58 1
40 63 25
26 50 26
17 59 59
27 54 1
32 51 1
34 54 54
48 51 1
7 56 14
39 55 1
13 51 1
43 50 43
26 45 26
15 54 1
18 29 26
25 34 25
7 52 26
11 63 26
21 41 1
31 35 1
14 35 25
42 47 26
12 62 12
12 20 1
11 35 26
10 59 1
35 58 1
7 10 54
2 49 1
2 56 1
4 23 26
9 42 9
30 31 1
8 19 1
1 2 1
29 64 26
16 20 1
16 17 1
13 17 1
27 58 27
11 37 1
15 59 15
49 61 26
18 33 26
14 32 26
24 54 54
22 52 26
25 56 25
33 52 26
11 36 26
26 39 1
1 21 1
10 52 26
10 22 54
45 49 52
39 57 1
34 35 12
42 46 25
22 29 26
28 30 26
32 59 1
22 30 26
10 17 1
12 27 1
18 42 26
27 55 1
3 40 25
14 55 14
31 57 1
13 60 26
3 7 25
22 53 1
6 46 1
24 48 54
28 48 25
20 50 1
10 39 1
1 32 1
35 62 62
24 50 54
46 54 54
10 38 26
1 38 1
50 56 25
16 25 25
23 28 62
4 42 26
4 11 26
38 55 26
22 27 1
37 39 1
3 54 54
29 49 26
26 55 26
4 26 26
16 37 1
31 47 1
46 47 26
24 40 54
48 54 54
7 43 25
15 46 1
1 42 1
3 46 25
3 50 12
21 22 1
46 58 1
12 43 12
12 58 1
22 36 54
14 23 25
3 6 1
41 44 1
11 48 26
15 35 1
14 16 25
37 59 1
35 39 1
22 49 26
39 64 1
7 14 14
15 20 1
16 29 26
10 14 54
9 39 1
6 12 1
20 32 1
1 51 1
14 63 25
44 46 44
16 44 25
26 64 26
2 32 1
12 54 54
4 35 26
18 62 26
22 58 1
3 44 25
1 39 1
1 60 1
40 46 25
34 51 1
9 36 54
9 23 12
12 50 12
42 62 12
12 60 26
1 63 1
26 36 26
26 42 26
7 17 1
39 46 1
32 58 1
4 61 26
7 40 14
41 62 1
37 51 1
11 18 52
52 60 26
14 42 25
24 31 1
1 12 1
11 22 26
3 61 12
4 33 4
22 56 25
8 39 27
6 28 1
1 22 1
25 59 1
35 48 25
20 38 1
6 33 1
4 41 1
6 36 1
36 49 26
34 42 9
30 38 26
10 12 54
40 61 25
31 52 1
16 54 54
11 57 1
13 61 26
48 52 26
28 31 1
5 44 25
13 54 26
37 42 1
10 33 26
46 56 25
3 4 26
4 19 26
8 35 1
23 54 54
27 52 1
42 43 9
11 43 26
56 62 25
45 60 26
8 41 1
13 49 13
31 45 1
11 56 26
13 40 26
2 24 1
17 51 1
33 47 4
19 23 26
14 29 26
23 46 25
31 41 31
30 34 26
13 41 1
13 43 26
55 62 25
31 53 1
11 27 1
3 57 1
48 61 25
28 59 1
44 58 1
18 24 26
4 14 26
12 17 1
6 39 1
37 58 1
5 20 1
50 51 1
35 43 12
23 63 12
22 44 25
25 53 1
15 34 1
16 21 1
30 35 26
10 44 54
18 61 26
24 39 1
19 49 13
20 47 1
20 31 1
33 35 26
4 54 26
58 61 1
13 39 1
32 52 52
46 60 26
14 26 26
25 47 26
16 50 12
5 35 12
19 59 1
13 18 13
16 28 62
33 54 26
49 52 52
8 49 1
17 21 1
9 30 26
2 13 1
8 38 1
32 60 26
30 46 26
20 42 1
11 26 26
56 59 1
35 37 1
12 51 1
6 20 1
21 58 27
2 34 1
54 62 54
43 54 54
26 56 26
14 15 1
10 34 54
32 35 26
40 62 25
30 45 26
2 20 1
53 54 1
5 24 54
4 55 26
2 26 1
9 11 26
4 43 26
7 12 25
32 62 26
42 54 54
22 24 54
10 25 54
26 63 26
28 32 26
13 45 52
21 51 27
28 56 25
38 54 26
15 63 1
1 20 1
23 57 1
16 61 22
32 55 26
32 56 26
9 43 9
34 40 25
36 52 26
7 54 54
54 56 54
27 61 1
10 23 54
9 60 26
4 60 26
46 62 25
27 60 1
7 34 25
45 62 26
1 53 1
29 40 26
42 49 26
13 20 1
10 16 54
5 34 12
32 40 26
16 63 12
31 48 1
4 56 26
2 18 1
2 41 31
27 64 1
2 30 1
32 50 26
13 42 26
15 28 1
1 57 1
47 54 26
6 15 6
32 37 1
39 63 1
9 52 26
12 24 54
24 55 54
12 15 1
51 55 1
13 37 1
41 55 1
26 49 26
8 23 1
19 38 26
14 36 54
34 44 25
1 18 1
53 59 1
41 46 1
3 47 26
19 35 26
42 48 25
11 49 52
19 33 26
5 10 54
18 31 1
35 54 54
37 46 1
18 30 26
50 53 1
52 54 26
6 11 1
1 43 1
54 59 1
50 58 1
59 60 1
10 29 26
5 27 1
34 52 26
11 32 52
15 38 1
30 32 26
29 44 26
45 58 1
14 56 14
8 50 1
11 47 26
20 37 20
2 64 1
16 24 54
19 37 1
13 15 1
37 45 1
39 54 1
35 55 25
28 55 25
9 32 26
16 40 25
10 42 54
11 42 26
13 48 26
2 33 1
17 18 1
14 54 54
18 32 13
26 28 26
1 9 1
14 39 1
48 63 25
46 64 25
5 16 12
57 63 1
19 54 26
42 58 1
20 23 1
7 48 48
28 37 1
51 64 1
16 48 25
47 52 26
3 14 25
12 53 1
26 29 26
1 30 1
11 19 52
25 38 26
50 64 25
32 53 1
1 29 1
54 55 54
6 13 1
2 28 1
30 50 26
9 29 26
40 59 1
36 64 54
4 38 26
15 56 1
18 36 26
24 46 54
24 26 26
4 44 26
19 51 1
33 50 26
32 36 26
10 56 54
3 56 25
6 53 1
26 32 26
26 35 26
8 62 1
1 28 1
2 31 31
3 11 26
5 42 12
2 8 1
35 50 12
18 44 26
8 46 1
41 49 1
8 52 1
27 56 1
18 49 13
50 61 12
12 64 25
39 41 1
41 47 1
43 49 26
9 46 25
38 60 38
7 16 25
7 30 26
16 42 12
7 49 26
12 55 25
29 33 4
6 16 1
34 64 25
16 19 26
2 14 1
14 28 25
32 38 26
1 55 1
22 32 26
50 52 26
17 42 1
16 33 26
40 57 1
20 61 1
21 55 1
24 53 1
23 62 62
26 44 26
9 50 9
51 59 1
12 56 25
52 55 26
17 38 1
25 28 25
1 4 1
16 46 25
22 63 12
47 63 26
11 29 26
24 43 54
61 63 12
3 49 26
44 47 26
1 58 1
55 64 14
21 35 1
25 42 25
25 40 25
47 48 26
13 35 26
8 55 1
27 51 27
7 11 26
12 34 12
8 43 1
3 25 25
25 35 25
5 62 12
53 58 1
9 41 1
5 46 25
8 61 1
20 60 1
44 48 25
5 56 25
26 57 1
1 35 1
35 52 26
3 22 12
23 49 26
33 56 26
21 52 1
5 32 26
39 47 1
11 24 26
22 38 26
37 57 37
2 3 1
46 48 25
20 34 1
8 12 1
13 30 26
8 26 1
63 64 25
14 38 26
21 40 1
19 53 1
38 63 26
34 63 12
55 58 1
25 51 1
56 64 14
4 45 26
30 51 1
18 53 1
9 57 1
20 22 1
30 33 4
10 41 1
1 6 1
2 45 1
47 61 26
54 64 54
31 33 1
41 48 1
32 61 26
38 48 26
47 60 26
26 61 26
1 41 1
22 35 22
1 36 1
20 30 1
47 53 1
14 25 25
29 58 1
25 36 54
21 53 1
6 45 1
15 51 1
25 46 25
3 43 12
8 34 1
8 48 1
46 63 25
3 20 1
21 30 1
1 17 1
41 51 1
19 34 26
33 61 26
39 48 1
2 11 1
39 52 1
1 37 1
32 64 26
24 62 54
3 18 26
15 41 1
9 26 26
9 34 9
62 63 12
18 50 26
49 54 26
20 56 1
26 43 26
34 53 1
26 40 26
28 46 25
21 62 1
30 60 26
7 24 54
39 40 1
12 23 12
27 46 1
1 49 1
22 61 22
10 50 54
59 62 1
49 63 26
10 63 54
12 35 12
23 36 54
27 37 1
40 45 26
8 10 1
17 60 1
10 55 54
4 18 26
15 29 1
23 45 26
1 48 1
3 13 26
10 36 36
13 32 13
27 44 1
16 22 22
31 58 1
32 33 26
1 19 1
56 60 26
34 46 25
4 8 1
2 54 1
25 31 1
27 42 1
13 27 1
37 41 1
33 48 26
12 14 25
23 50 12
25 48 25
18 35 26
1 3 1
21 29 1
14 44 25
21 38 1
40 51 1
5 23 12
28 36 54
11 45 45
1 13 1
43 63 12
24 35 54
35 64 25
49 64 26
36 61 54
11 21 1
48 64 14
16 62 62
1 8 1
17 53 1
6 25 1
5 52 26
16 55 25
27 45 1
18 64 26
41 57 1
12 52 26
5 7 25
25 52 26
9 24 54
10 57 1
27 39 27
14 64 14
32 57 1
25 54 54
37 55 1
8 57 1
30 37 1
45 46 26
4 10 26
17 19 1
35 53 1
36 43 54
48 49 26
3 35 12
7 36 54
24 33 26
6 49 1
7 64 14
4 9 26
11 33 26
2 21 1
9 64 25
18 21 1
37 53 1
6 44 1
1 44 1
16 26 26
5 33 26
38 49 26
49 59 1
9 54 54
7 45 26
5 25 25
10 26 26
4 58 1
45 52 52
16 30 26
9 44 25
31 61 1
34 47 26
9 49 26
60 64 26
1 24 1
26 38 26
26 46 26
2 37 1
14 46 25
34 56 25
22 43 12
28 60 26
55 57 1
23 55 25
14 24 54
26 52 26
35 63 12
17 27 1
6 63 1
5 26 26
40 42 25
42 55 25
12 25 25
8 25 1
12 46 25
51 57 1
35 57 1
7 41 1
35 38 26
14 52 26
9 21 1
44 54 54
12 16 12
4 47 4
1 16 1
17 64 1
17 44 1
36 41 1
18 59 1
30 58 1
51 54 1
3 45 26
33 57 1
30 36 26
6 24 1
3 23 12
22 54 54
45 47 26
57 59 1
15 25 1
14 61 25
29 52 26
14 53 1
37 50 1
20 40 1
29 60 26
2 36 1
14 34 25
17 55 1
21 44 1
47 50 26
18 45 52
2 46 1
12 42 12
1 5 1
29 59 1
2 57 1
3 63 3
6 41 1
15 40 1
19 21 1
28 51 1
8 37 1
34 62 12
12 32 26
17 25 1
31 39 1
35 61 22
42 60 26
36 40 54
7 35 25
44 45 26
43 61 12
8 36 1
31 37 1
14 50 25
10 32 26
26 34 26
36 44 54
29 45 26
60 63 26
34 38 26
7 38 26
23 64 25
51 61 1
20 44 1
13 52 52
29 32 26
32 43 26
2 25 1
25 41 1
36 39 1
22 48 25
35 45 26
10 28 54
14 57 1
24 64 54
21 64 1
12 44 25
53 55 1
20 36 1
45 55 26
17 41 1
29 34 26
6 51 1
4 37 1
7 51 1
15 22 1
2 5 1
3 24 54
5 22 12
54 63 54
32 39 1
17 29 1
7 39 1
16 23 22
33 49 26
37 43 1
21 60 1
18 57 1
2 43 1
38 46 26
28 63 12
26 62 26
21 27 27
6 52 1
16 43 12
8 30 1
12 18 26
48 53 1
18 38 26
55 63 25
17 54 1
6 57 1
13 21 1
43 48 25
31 49 1
6 37 1
5 29 26
13 29 26
4 59 1
40 55 14
10 54 54
38 59 1
2 17 1
12 30 26
46 55 25
12 45 26
7 46 25
7 23 25
19 46 26
10 53 1
21 59 1
11 15 1
1 45 1
16 34 12
1 46 1
26 30 26
1 27 1
14 22 25
20 58 1
39 49 1
7 44 25
10 15 1
14 40 14
17 58 1
47 64 26
24 47 26
8 53 1
23 40 25
6 31 1
20 45 1
12 41 1
4 32 26
24 36 54
3 62 12
41 63 1
5 15 1
21 39 27
30 56 26
5 60 26
7 61 25
52 63 26
23 26 26
30 39 1
22 50 12
7 58 1
20 59 1
58 60 1
7 33 26
41 59 1
1 11 1
45 53 1
17 30 1
32 49 13
37 40 1
1 14 1
41 45 1
46 52 26
21 56 1
33 63 26
12 28 12
37 48 1
50 57 1
22 46 25
50 54 54
17 37 1
1 54 1
49 57 1
23 30 26
34 55 25
10 13 26
10 62 54
36 55 54
20 29 1
2 29 1
16 35 22
