128 4091
86 87 85
86 88 85
86 89 85
86 90 85
86 91 85
86 92 85
86 93 85
86 94 85
86 95 85
86 96 85
86 97 85
86 98 85
86 99 85
86 100 85
86 101 85
86 102 85
86 103 85
86 104 85
86 105 85
86 106 85
86 107 85
86 108 85
86 109 85
86 110 85
86 111 85
86 112 85
86 113 85
86 114 85
86 115 85
86 116 85
86 117 85
86 118 85
86 119 85
86 120 85
86 121 85
86 122 85
86 123 85
86 124 85
86 125 85
86 126 85
86 127 85
86 128 85
87 88 85
87 89 85
87 90 85
87 91 85
87 92 85
87 93 85
87 94 85
87 95 85
87 96 85
87 97 85
87 98 85
87 99 85
87 100 85
87 101 85
87 102 85
87 103 85
87 104 85
87 105 85
87 106 85
87 107 85
87 108 85
87 109 85
87 110 85
87 111 85
87 112 85
87 113 85
87 114 85
87 115 85
87 116 85
87 117 85
87 118 85
87 119 85
87 120 85
87 121 85
87 122 85
87 123 85
87 124 85
87 125 85
87 126 85
87 127 85
87 128 85
88 89 85
88 90 85
88 91 85
88 92 85
88 93 85
88 94 85
88 95 85
88 96 85
88 97 85
88 98 85
88 99 85
88 100 85
88 101 85
88 102 85
88 103 85
88 104 85
88 105 85
88 106 85
88 107 85
88 108 85
88 109 85
88 110 85
88 111 85
88 112 85
88 113 85
88 114 85
88 115 85
88 116 85
88 117 85
88 118 85
88 119 85
88 120 85
88 121 85
88 122 85
88 123 85
88 124 85
88 125 85
88 126 85
88 127 85
88 128 85
89 90 85
89 91 85
89 92 85
89 93 85
89 94 85
89 95 85
89 96 85
89 97 85
89 98 85
89 99 85
89 100 85
89 101 85
89 102 85
89 103 85
89 104 85
89 105 85
89 106 85
89 107 85
89 108 85
89 109 85
89 110 85
89 111 85
89 112 85
89 113 85
89 114 85
89 115 85
89 116 85
89 117 85
89 118 85
89 119 85
89 120 85
89 121 85
89 122 85
89 123 85
89 124 85
89 125 85
89 126 85
89 127 85
89 128 85
90 91 85
90 92 85
90 93 85
90 94 85
90 95 85
90 96 85
90 97 85
90 98 85
90 99 85
90 100 85
90 101 85
90 102 85
90 103 85
90 104 85
90 105 85
90 106 85
90 107 85
90 108 85
90 109 85
90 110 85
90 111 85
90 112 85
90 113 85
90 114 85
90 115 85
90 116 85
90 117 85
90 118 85
90 119 85
90 120 85
90 121 85
90 122 85
90 123 85
90 124 85
90 125 85
90 126 85
90 127 85
90 128 85
91 92 85
91 93 85
91 94 85
91 95 85
91 96 85
91 97 85
91 98 85
91 99 85
91 100 85
91 101 85
91 102 85
91 103 85
91 104 85
91 105 85
91 106 85
91 107 85
91 108 85
91 109 85
91 110 85
91 111 85
91 112 85
91 113 85
91 114 85
91 115 85
91 116 85
91 117 85
91 118 85
91 119 85
91 120 85
91 121 85
91 122 85
91 123 85
91 124 85
91 125 85
91 126 85
91 127 85
91 128 85
92 93 85
92 94 85
92 95 85
92 96 85
92 97 85
92 98 85
92 99 85
92 100 85
92 101 85
92 102 85
92 103 85
92 104 85
92 105 85
92 106 85
92 107 85
92 108 85
92 109 85
92 110 85
92 111 85
92 112 85
92 113 85
92 114 85
92 115 85
92 116 85
92 117 85
92 118 85
92 119 85
92 120 85
92 121 85
92 122 85
92 123 85
92 124 85
92 125 85
92 126 85
92 127 85
92 128 85
93 94 85
93 95 85
93 96 85
93 97 85
93 98 85
93 99 85
93 100 85
93 101 85
93 102 85
93 103 85
93 104 85
93 105 85
93 106 85
93 107 85
93 108 85
93 109 85
93 110 85
93 111 85
93 112 85
93 113 85
93 114 85
93 115 85
93 116 85
93 117 85
93 118 85
93 119 85
93 120 85
93 121 85
93 122 85
93 123 85
93 124 85
93 125 85
93 126 85
93 127 85
93 128 85
94 95 85
94 96 85
94 97 85
94 98 85
94 99 85
94 100 85
94 101 85
94 102 85
94 103 85
94 104 85
94 105 85
94 106 85
94 107 85
94 108 85
94 109 85
94 110 85
94 111 85
94 112 85
94 113 85
94 114 85
94 115 85
94 116 85
94 117 85
94 118 85
94 119 85
94 120 85
94 121 85
94 122 85
94 123 85
94 124 85
94 125 85
94 126 85
94 127 85
94 128 85
95 96 85
95 97 85
95 98 85
95 99 85
95 100 85
95 101 85
95 102 85
95 103 85
95 104 85
95 105 85
95 106 85
95 107 85
95 108 85
95 109 85
95 110 85
95 111 85
95 112 85
95 113 85
95 114 85
95 115 85
95 116 85
95 117 85
95 118 85
95 119 85
95 120 85
95 121 85
95 122 85
95 123 85
95 124 85
95 125 85
95 126 85
95 127 85
95 128 85
96 97 85
96 98 85
96 99 85
96 100 85
96 101 85
96 102 85
96 103 85
96 104 85
96 105 85
96 106 85
96 107 85
96 108 85
96 109 85
96 110 85
96 111 85
96 112 85
96 113 85
96 114 85
96 115 85
96 116 85
96 117 85
96 118 85
96 119 85
96 120 85
96 121 85
96 122 85
96 123 85
96 124 85
96 125 85
96 126 85
96 127 85
96 128 85
97 98 85
97 99 85
97 100 85
97 101 85
97 102 85
97 103 85
97 104 85
97 105 85
97 106 85
97 107 85
97 108 85
97 109 85
97 110 85
97 111 85
97 112 85
97 113 85
97 114 85
97 115 85
97 116 85
97 117 85
97 118 85
97 119 85
97 120 85
97 121 85
97 122 85
97 123 85
97 124 85
97 125 85
97 126 85
97 127 85
97 128 85
98 99 85
98 100 85
98 101 85
98 102 85
98 103 85
98 104 85
98 105 85
98 106 85
98 107 85
98 108 85
98 109 85
98 110 85
98 111 85
98 112 85
98 113 85
98 114 85
98 115 85
98 116 85
98 117 85
98 118 85
98 119 85
98 120 85
98 121 85
98 122 85
98 123 85
98 124 85
98 125 85
98 126 85
98 127 85
98 128 85
99 100 85
99 101 85
99 102 85
99 103 85
99 104 85
99 105 85
99 106 85
99 107 85
99 108 85
99 109 85
99 110 85
99 111 85
99 112 85
99 113 85
99 114 85
99 115 85
99 116 85
99 117 85
99 118 85
99 119 85
99 120 85
99 121 85
99 122 85
99 123 85
99 124 85
99 125 85
99 126 85
99 127 85
99 128 85
100 101 85
100 102 85
100 103 85
100 104 85
100 105 85
100 106 85
100 107 85
100 108 85
100 109 85
100 110 85
100 111 85
100 112 85
100 113 85
100 114 85
100 115 85
100 116 85
100 117 85
100 118 85
100 119 85
100 120 85
100 121 85
100 122 85
100 123 85
100 124 85
100 125 85
100 126 85
100 127 85
100 128 85
101 102 85
101 103 85
101 104 85
101 105 85
101 106 85
101 107 85
101 108 85
101 109 85
101 110 85
101 111 85
101 112 85
101 113 85
101 114 85
101 115 85
101 116 85
101 117 85
101 118 85
101 119 85
101 120 85
101 121 85
101 122 85
101 123 85
101 124 85
101 125 85
101 126 85
101 127 85
101 128 85
102 103 85
102 104 85
102 105 85
102 106 85
102 107 85
102 108 85
102 109 85
102 110 85
102 111 85
102 112 85
102 113 85
102 114 85
102 115 85
102 116 85
102 117 85
102 118 85
102 119 85
102 120 85
102 121 85
102 122 85
102 123 85
102 124 85
102 125 85
102 126 85
102 127 85
102 128 85
103 104 85
103 105 85
103 106 85
103 107 85
103 108 85
103 109 85
103 110 85
103 111 85
103 112 85
103 113 85
103 114 85
103 115 85
103 116 85
103 117 85
103 118 85
103 119 85
103 120 85
103 121 85
103 122 85
103 123 85
103 124 85
103 125 85
103 126 85
103 127 85
103 128 85
104 105 85
104 106 85
104 107 85
104 108 85
104 109 85
104 110 85
104 111 85
104 112 85
104 113 85
104 114 85
104 115 85
104 116 85
104 117 85
104 118 85
104 119 85
104 120 85
104 121 85
104 122 85
104 123 85
104 124 85
104 125 85
104 126 85
104 127 85
104 128 85
105 106 85
105 107 85
105 108 85
105 109 85
105 110 85
105 111 85
105 112 85
105 113 85
105 114 85
105 115 85
105 116 85
105 117 85
105 118 85
105 119 85
105 120 85
105 121 85
105 122 85
105 123 85
105 124 85
105 125 85
105 126 85
105 127 85
105 128 85
106 107 85
106 108 85
106 109 85
106 110 85
106 111 85
106 112 85
106 113 85
106 114 85
106 115 85
106 116 85
106 117 85
106 118 85
106 119 85
106 120 85
106 121 85
106 122 85
106 123 85
106 124 85
106 125 85
106 126 85
106 127 85
106 128 85
107 108 85
107 109 85
107 110 85
107 111 85
107 112 85
107 113 85
107 114 85
107 115 85
107 116 85
107 117 85
107 118 85
107 119 85
107 120 85
107 121 85
107 122 85
107 123 85
107 124 85
107 125 85
107 126 85
107 127 85
107 128 85
108 109 85
108 110 85
108 111 85
108 112 85
108 113 85
108 114 85
108 115 85
108 116 85
108 117 85
108 118 85
108 119 85
108 120 85
108 121 85
108 122 85
108 123 85
108 124 85
108 125 85
108 126 85
108 127 85
108 128 85
109 110 85
109 111 85
109 112 85
109 113 85
109 114 85
109 115 85
109 116 85
109 117 85
109 118 85
109 119 85
109 120 85
109 121 85
109 122 85
109 123 85
109 124 85
109 125 85
109 126 85
109 127 85
109 128 85
110 111 85
110 112 85
110 113 85
110 114 85
110 115 85
110 116 85
110 117 85
110 118 85
110 119 85
110 120 85
110 121 85
110 122 85
110 123 85
110 124 85
110 125 85
110 126 85
110 127 85
110 128 85
111 112 85
111 113 85
111 114 85
111 115 85
111 116 85
111 117 85
111 118 85
111 119 85
111 120 85
111 121 85
111 122 85
111 123 85
111 124 85
111 125 85
111 126 85
111 127 85
111 128 85
112 113 85
112 114 85
112 115 85
112 116 85
112 117 85
112 118 85
112 119 85
112 120 85
112 121 85
112 122 85
112 123 85
112 124 85
112 125 85
112 126 85
112 127 85
112 128 85
113 114 85
113 115 85
113 116 85
113 117 85
113 118 85
113 119 85
113 120 85
113 121 85
113 122 85
113 123 85
113 124 85
113 125 85
113 126 85
113 127 85
113 128 85
114 115 85
114 116 85
114 117 85
114 118 85
114 119 85
114 120 85
114 121 85
114 122 85
114 123 85
114 124 85
114 125 85
114 126 85
114 127 85
114 128 85
115 116 85
115 117 85
115 118 85
115 119 85
115 120 85
115 121 85
115 122 85
115 123 85
115 124 85
115 125 85
115 126 85
115 127 85
115 128 85
116 117 85
116 118 85
116 119 85
116 120 85
116 121 85
116 122 85
116 123 85
116 124 85
116 125 85
116 126 85
116 127 85
116 128 85
117 118 85
117 119 85
117 120 85
117 121 85
117 122 85
117 123 85
117 124 85
117 125 85
117 126 85
117 127 85
117 128 85
118 119 85
118 120 85
118 121 85
118 122 85
118 123 85
118 124 85
118 125 85
118 126 85
118 127 85
118 128 85
119 120 85
119 121 85
119 122 85
119 123 85
119 124 85
119 125 85
119 126 85
119 127 85
119 128 85
120 121 85
120 122 85
120 123 85
120 124 85
120 125 85
120 126 85
120 127 85
120 128 85
121 122 85
121 123 85
121 124 85
121 125 85
121 126 85
121 127 85
121 128 85
122 123 85
122 124 85
122 125 85
122 126 85
122 127 85
122 128 85
123 124 85
123 125 85
123 126 85
123 127 85
123 128 85
124 125 85
124 126 85
124 127 85
124 128 85
125 126 85
125 127 85
125 128 85
126 127 85
126 128 85
127 128 85
1 86 1
2 86 2
3 86 3
4 86 4
5 86 5
6 86 6
7 86 7
8 86 8
9 86 9
10 86 10
11 86 11
12 86 12
13 86 13
14 86 14
15 86 15
16 86 16
17 86 17
18 86 18
19 86 19
20 86 20
21 86 21
22 86 22
23 86 23
24 86 24
25 86 25
26 86 26
27 86 27
28 86 28
29 86 29
30 86 30
31 86 31
32 86 32
33 86 33
34 86 34
35 86 35
36 86 36
37 86 37
38 86 38
39 86 39
40 86 40
41 86 41
42 86 42
43 86 43
44 86 44
45 86 45
46 86 46
47 86 47
48 86 48
49 86 49
50 86 50
51 86 51
52 86 52
53 86 53
54 86 54
55 86 55
56 86 56
57 86 57
58 86 58
59 86 59
60 86 60
61 86 61
62 86 62
63 86 63
64 86 64
65 86 65
66 86 66
67 86 67
68 86 68
69 86 69
70 86 70
71 86 71
72 86 72
73 86 73
74 86 74
75 86 75
76 86 76
77 86 77
78 86 78
79 86 79
80 86 80
81 86 81
82 86 82
83 86 83
84 86 84
85 86 85
30 48 30
72 107 72
34 66 34
50 80 50
23 84 23
13 20 13
29 116 29
45 48 45
24 48 24
25 113 25
54 109 54
44 76 44
11 27 11
13 128 13
56 69 56
24 61 24
28 53 28
22 117 22
18 114 18
60 122 60
24 121 24
16 78 16
36 68 36
39 80 39
26 118 26
34 74 34
63 117 63
57 69 57
26 41 26
61 126 61
17 41 17
45 126 45
5 125 5
24 80 24
48 63 48
5 63 5
7 10 7
18 77 18
18 22 18
45 74 45
31 85 31
21 94 21
15 94 15
39 50 39
5 78 5
22 40 22
48 116 48
28 49 28
40 117 40
1 104 1
24 102 24
39 45 39
27 81 27
81 91 81
8 69 8
21 91 21
3 9 3
30 92 30
67 84 67
36 42 36
24 43 24
53 121 53
3 115 3
5 16 5
20 46 20
7 47 7
32 35 32
39 82 39
8 100 8
42 44 42
7 8 7
15 68 15
22 87 22
20 48 20
81 109 81
4 6 4
6 55 6
42 101 42
18 126 18
17 125 17
14 17 14
41 51 41
1 8 1
39 46 39
49 99 49
78 98 78
74 107 74
45 51 45
14 69 14
15 19 15
71 81 71
1 2 1
66 125 66
11 70 11
20 26 20
1 46 1
11 14 11
38 126 38
24 111 24
33 115 33
20 125 20
2 31 2
31 120 31
50 96 50
68 103 68
5 46 5
12 89 12
77 87 77
1 10 1
17 24 17
20 43 20
28 35 28
4 8 4
43 48 43
22 38 22
28 107 28
23 56 23
28 44 28
10 36 10
25 44 25
70 92 70
8 26 8
19 79 19
6 22 6
42 94 42
49 126 49
43 44 43
27 87 27
67 75 67
47 72 47
27 44 27
78 128 78
3 19 3
2 15 2
10 20 10
47 67 47
6 35 6
26 61 26
6 14 6
71 105 71
32 100 32
29 62 29
10 78 10
4 39 4
67 99 67
18 98 18
73 81 73
53 115 53
5 10 5
5 39 5
10 22 10
7 13 7
6 15 6
2 106 2
43 45 43
30 41 30
7 28 7
13 44 13
24 45 24
30 61 30
15 80 15
13 70 13
85 103 85
17 93 17
7 84 7
26 62 26
83 126 83
40 68 40
54 76 54
35 118 35
19 55 19
57 127 57
61 122 61
16 46 16
18 52 18
6 93 6
36 60 36
57 99 57
5 52 5
75 112 75
3 10 3
24 96 24
6 18 6
3 22 3
8 128 8
33 126 33
53 122 53
42 113 42
45 110 45
44 108 44
72 90 72
28 82 28
64 87 64
84 116 84
39 92 39
60 97 60
31 80 31
61 80 61
1 99 1
14 18 14
21 57 21
80 90 80
43 60 43
30 65 30
16 39 16
13 83 13
68 102 68
6 57 6
66 83 66
28 42 28
26 109 26
18 35 18
41 57 41
67 87 67
67 106 67
15 101 15
22 53 22
1 3 1
13 39 13
19 81 19
20 81 20
55 63 55
15 55 15
32 41 32
6 43 6
46 74 46
31 42 31
34 60 34
1 4 1
15 66 15
41 47 41
85 108 85
17 73 17
16 76 16
59 97 59
26 116 26
82 126 82
46 48 46
59 82 59
1 18 1
23 101 23
16 65 16
83 102 83
13 119 13
78 92 78
2 3 2
5 8 5
18 76 18
23 111 23
10 43 10
15 76 15
48 50 48
75 94 75
9 78 9
6 98 6
75 105 75
2 11 2
20 99 20
36 51 36
62 126 62
32 102 32
14 118 14
4 59 4
14 15 14
1 33 1
13 46 13
61 85 61
31 58 31
27 83 27
14 70 14
24 33 24
29 55 29
2 20 2
2 29 2
81 120 81
43 65 43
8 84 8
46 91 46
36 119 36
44 68 44
45 99 45
26 90 26
7 30 7
16 30 16
51 80 51
24 51 24
14 68 14
6 96 6
2 16 2
49 81 49
50 52 50
29 50 29
1 30 1
5 49 5
39 120 39
83 125 83
81 121 81
24 25 24
16 21 16
68 124 68
2 58 2
52 114 52
23 38 23
17 56 17
28 113 28
17 98 17
32 116 32
52 117 52
27 90 27
13 84 13
12 28 12
22 27 22
15 20 15
76 115 76
45 127 45
52 55 52
17 65 17
20 59 20
24 74 24
3 33 3
26 87 26
31 40 31
72 101 72
21 105 21
26 55 26
52 75 52
79 84 79
31 45 31
24 77 24
73 95 73
33 57 33
73 124 73
71 73 71
33 71 33
11 46 11
22 35 22
44 61 44
9 70 9
25 27 25
2 34 2
7 97 7
38 83 38
19 66 19
36 67 36
78 117 78
5 24 5
44 56 44
67 114 67
9 13 9
20 67 20
7 22 7
19 20 19
4 33 4
33 101 33
71 102 71
37 103 37
69 125 69
62 76 62
39 109 39
77 116 77
55 64 55
5 22 5
80 125 80
40 51 40
72 83 72
8 93 8
15 98 15
17 18 17
14 124 14
2 10 2
49 82 49
48 64 48
7 16 7
1 60 1
51 54 51
14 110 14
32 33 32
42 50 42
5 66 5
8 56 8
10 60 10
27 82 27
2 4 2
28 72 28
12 19 12
4 13 4
30 126 30
42 120 42
74 110 74
43 58 43
37 43 37
14 97 14
3 38 3
10 41 10
4 5 4
6 125 6
82 127 82
64 72 64
67 68 67
2 101 2
5 14 5
82 83 82
32 73 32
2 6 2
6 7 6
37 78 37
1 113 1
62 94 62
79 113 79
27 121 27
7 37 7
20 52 20
5 90 5
28 118 28
2 27 2
70 78 70
78 119 78
26 68 26
28 101 28
7 88 7
29 34 29
49 104 49
77 127 77
2 5 2
19 23 19
23 26 23
45 109 45
6 92 6
13 105 13
47 111 47
29 71 29
34 116 34
8 60 8
43 87 43
76 114 76
25 57 25
46 82 46
33 53 33
11 17 11
49 70 49
29 52 29
43 82 43
73 99 73
3 27 3
8 25 8
27 61 27
82 123 82
39 83 39
2 14 2
3 5 3
10 56 10
14 24 14
10 128 10
41 74 41
41 48 41
7 52 7
32 87 32
6 11 6
44 57 44
2 93 2
64 126 64
23 102 23
33 39 33
2 23 2
63 107 63
40 71 40
25 94 25
42 112 42
41 102 41
83 91 83
34 55 34
64 98 64
24 36 24
20 35 20
61 99 61
26 64 26
21 32 21
39 85 39
25 29 25
11 45 11
13 100 13
12 35 12
29 118 29
17 40 17
17 27 17
16 29 16
36 92 36
51 72 51
3 12 3
8 16 8
49 122 49
71 95 71
16 37 16
50 68 50
13 38 13
46 93 46
6 23 6
3 80 3
52 101 52
14 59 14
13 21 13
13 98 13
32 67 32
55 99 55
12 119 12
71 99 71
6 75 6
12 38 12
17 103 17
54 84 54
21 110 21
69 85 69
16 41 16
33 49 33
16 106 16
14 26 14
25 37 25
16 121 16
3 23 3
39 124 39
15 44 15
59 64 59
30 96 30
54 101 54
22 42 22
4 110 4
20 33 20
52 73 52
50 92 50
82 89 82
20 32 20
69 88 69
47 55 47
74 115 74
62 115 62
19 75 19
44 119 44
14 62 14
10 46 10
55 73 55
58 63 58
7 89 7
73 119 73
11 95 11
24 29 24
18 121 18
37 40 37
61 116 61
27 93 27
10 23 10
27 69 27
40 69 40
61 97 61
18 20 18
68 120 68
8 11 8
48 80 48
12 110 12
35 40 35
7 12 7
13 14 13
83 120 83
64 85 64
35 84 35
25 115 25
1 41 1
70 73 70
23 50 23
3 40 3
26 105 26
21 28 21
47 118 47
79 111 79
5 11 5
25 123 25
65 96 65
5 29 5
1 5 1
27 67 27
5 47 5
31 102 31
26 63 26
43 62 43
42 107 42
22 63 22
23 117 23
16 58 16
7 49 7
26 125 26
2 123 2
29 126 29
57 92 57
48 84 48
41 49 41
2 7 2
3 70 3
55 95 55
82 99 82
6 8 6
35 109 35
23 128 23
15 18 15
19 115 19
67 80 67
82 94 82
2 111 2
41 116 41
3 100 3
11 33 11
72 110 72
16 115 16
54 119 54
37 82 37
26 42 26
27 31 27
23 110 23
17 25 17
25 35 25
26 126 26
20 83 20
4 14 4
25 32 25
76 85 76
4 12 4
37 41 37
4 48 4
28 81 28
47 56 47
55 70 55
7 59 7
5 38 5
16 61 16
70 77 70
74 103 74
44 100 44
58 107 58
64 115 64
24 47 24
67 122 67
27 38 27
16 42 16
4 28 4
22 37 22
60 128 60
46 111 46
70 127 70
50 120 50
5 114 5
8 87 8
48 97 48
77 94 77
9 11 9
11 113 11
47 54 47
36 41 36
10 25 10
11 42 11
4 25 4
59 123 59
72 89 72
54 71 54
5 26 5
27 120 27
13 103 13
14 39 14
31 84 31
53 89 53
25 52 25
18 25 18
79 96 79
5 40 5
67 98 67
2 68 2
19 83 19
25 61 25
82 119 82
23 69 23
62 67 62
63 105 63
14 56 14
31 50 31
67 82 67
41 59 41
24 28 24
28 84 28
42 52 42
32 107 32
48 70 48
52 68 52
32 39 32
14 100 14
71 77 71
11 26 11
57 97 57
11 50 11
10 90 10
83 119 83
26 110 26
24 44 24
5 120 5
4 41 4
4 37 4
67 97 67
18 23 18
35 47 35
21 52 21
34 38 34
24 110 24
3 65 3
7 27 7
57 120 57
5 12 5
22 114 22
47 64 47
11 28 11
32 52 32
56 100 56
81 110 81
74 100 74
29 125 29
15 17 15
57 58 57
23 85 23
37 85 37
41 50 41
18 85 18
11 85 11
32 91 32
26 30 26
85 96 85
7 36 7
49 50 49
80 117 80
78 110 78
24 79 24
22 84 22
78 103 78
7 74 7
71 82 71
77 90 77
53 118 53
31 38 31
67 69 67
80 81 80
72 115 72
32 46 32
31 46 31
51 90 51
27 103 27
62 91 62
36 65 36
26 124 26
47 105 47
43 72 43
28 94 28
50 123 50
16 63 16
70 81 70
4 88 4
10 91 10
65 108 65
15 43 15
20 24 20
6 50 6
4 9 4
31 47 31
43 69 43
23 126 23
73 120 73
58 110 58
14 19 14
16 38 16
70 72 70
61 76 61
36 93 36
76 81 76
79 109 79
6 33 6
45 52 45
6 81 6
16 81 16
16 127 16
8 110 8
9 92 9
6 20 6
3 24 3
65 77 65
18 102 18
23 58 23
17 94 17
9 126 9
5 7 5
42 126 42
42 55 42
39 91 39
11 69 11
65 98 65
23 65 23
8 53 8
81 103 81
83 93 83
7 114 7
62 98 62
31 68 31
3 128 3
23 90 23
21 22 21
38 46 38
78 109 78
27 71 27
20 28 20
40 103 40
29 113 29
8 46 8
15 38 15
55 109 55
4 16 4
50 112 50
22 65 22
16 27 16
41 55 41
35 78 35
72 105 72
4 101 4
3 4 3
76 101 76
53 93 53
35 110 35
64 65 64
11 24 11
13 17 13
14 106 14
78 120 78
18 32 18
31 67 31
15 61 15
9 24 9
23 108 23
23 114 23
7 14 7
53 73 53
34 93 34
40 126 40
43 81 43
21 71 21
49 74 49
69 118 69
58 113 58
1 48 1
21 69 21
34 44 34
31 112 31
44 73 44
8 10 8
29 45 29
44 109 44
10 71 10
28 73 28
55 65 55
5 116 5
6 104 6
19 114 19
28 104 28
47 63 47
47 59 47
23 59 23
52 66 52
13 30 13
22 39 22
6 64 6
36 78 36
42 62 42
17 54 17
15 96 15
3 6 3
66 118 66
23 34 23
1 100 1
25 48 25
85 93 85
32 47 32
30 68 30
8 59 8
14 77 14
68 97 68
10 110 10
60 127 60
12 70 12
24 119 24
60 70 60
11 41 11
77 124 77
56 108 56
46 79 46
27 96 27
8 115 8
51 57 51
7 72 7
42 127 42
61 63 61
32 104 32
37 60 37
57 81 57
69 96 69
13 51 13
5 33 5
6 29 6
63 104 63
3 88 3
45 54 45
40 116 40
18 123 18
64 83 64
14 28 14
56 101 56
47 88 47
17 23 17
25 31 25
49 121 49
31 124 31
75 124 75
61 71 61
24 68 24
32 45 32
33 63 33
3 114 3
16 49 16
43 67 43
55 72 55
53 90 53
42 95 42
5 20 5
54 104 54
51 122 51
22 23 22
13 95 13
10 83 10
13 45 13
13 18 13
71 107 71
1 6 1
5 51 5
58 79 58
5 82 5
4 7 4
20 29 20
45 87 45
18 95 18
53 79 53
8 71 8
16 126 16
57 66 57
7 57 7
27 75 27
25 60 25
36 110 36
17 87 17
22 90 22
35 81 35
5 128 5
83 121 83
48 68 48
36 106 36
2 8 2
19 119 19
1 11 1
49 102 49
42 43 42
75 118 75
13 23 13
12 15 12
39 43 39
11 99 11
66 75 66
19 44 19
13 88 13
76 98 76
13 49 13
10 38 10
20 44 20
58 96 58
12 13 12
68 116 68
8 51 8
55 82 55
29 72 29
39 49 39
7 19 7
11 12 11
48 69 48
27 49 27
12 114 12
35 102 35
29 30 29
9 29 9
34 62 34
45 95 45
30 44 30
18 19 18
15 31 15
79 106 79
21 34 21
6 16 6
11 118 11
56 57 56
11 34 11
15 74 15
51 59 51
52 78 52
58 104 58
23 62 23
55 117 55
12 39 12
6 34 6
13 102 13
71 91 71
82 114 82
12 59 12
38 111 38
30 89 30
26 50 26
50 67 50
2 49 2
63 109 63
57 115 57
8 24 8
56 93 56
58 90 58
6 53 6
77 119 77
21 23 21
59 90 59
41 72 41
11 66 11
10 11 10
30 91 30
3 34 3
45 108 45
82 122 82
66 99 66
53 55 53
66 128 66
22 110 22
48 110 48
49 75 49
39 103 39
19 32 19
44 121 44
33 116 33
22 25 22
35 91 35
23 49 23
65 78 65
28 122 28
65 119 65
45 64 45
20 85 20
32 98 32
30 52 30
52 122 52
7 20 7
49 71 49
53 123 53
42 114 42
80 84 80
70 112 70
46 103 46
21 64 21
48 108 48
17 39 17
32 97 32
8 95 8
14 104 14
48 51 48
59 107 59
59 61 59
51 52 51
40 75 40
26 40 26
62 117 62
15 99 15
31 116 31
12 24 12
19 87 19
58 116 58
48 113 48
12 54 12
31 59 31
2 13 2
1 114 1
7 127 7
20 37 20
3 21 3
56 107 56
52 62 52
29 111 29
74 126 74
10 119 10
84 98 84
73 97 73
8 89 8
1 44 1
80 105 80
29 68 29
27 104 27
26 28 26
14 49 14
17 42 17
1 29 1
57 84 57
30 62 30
67 113 67
15 67 15
68 77 68
19 58 19
11 119 11
28 54 28
54 115 54
40 108 40
49 107 49
18 39 18
32 63 32
65 69 65
8 9 8
49 65 49
13 124 13
24 37 24
53 56 53
15 79 15
77 112 77
41 63 41
85 89 85
66 95 66
44 70 44
80 118 80
55 74 55
8 44 8
15 71 15
30 95 30
35 49 35
24 52 24
8 18 8
72 125 72
53 68 53
22 111 22
2 127 2
19 62 19
39 126 39
75 115 75
9 51 9
69 73 69
36 50 36
35 54 35
24 88 24
41 62 41
21 44 21
35 38 35
19 126 19
23 74 23
59 105 59
48 95 48
43 59 43
35 65 35
58 74 58
28 33 28
50 118 50
3 31 3
58 70 58
30 78 30
8 82 8
7 78 7
19 31 19
6 32 6
41 110 41
75 123 75
8 22 8
72 88 72
9 23 9
63 102 63
36 84 36
30 36 30
64 97 64
8 14 8
40 57 40
1 62 1
19 27 19
46 77 46
42 58 42
3 59 3
55 79 55
32 90 32
54 124 54
47 68 47
47 58 47
14 45 14
9 22 9
5 23 5
62 88 62
35 74 35
65 123 65
2 32 2
3 41 3
37 123 37
2 75 2
71 125 71
42 69 42
45 57 45
9 31 9
83 90 83
39 47 39
12 29 12
17 34 17
74 84 74
1 12 1
14 30 14
34 53 34
48 118 48
74 79 74
43 47 43
78 121 78
50 87 50
61 115 61
6 51 6
39 89 39
40 83 40
27 112 27
32 62 32
38 69 38
4 94 4
17 30 17
52 112 52
20 30 20
6 94 6
45 119 45
29 60 29
57 89 57
5 123 5
21 59 21
21 60 21
62 93 62
45 47 45
7 42 7
11 122 11
48 111 48
55 92 55
24 105 24
20 23 20
62 73 62
73 88 73
6 122 6
21 43 21
28 116 28
82 111 82
10 30 10
17 20 17
66 120 66
74 77 74
35 50 35
5 44 5
26 85 26
30 45 30
47 108 47
5 80 5
43 53 43
20 93 20
63 92 63
78 93 78
65 106 65
33 109 33
10 31 10
41 100 41
18 29 18
82 113 82
10 127 10
40 80 40
14 44 14
53 77 53
52 121 52
70 103 70
80 99 80
4 58 4
3 60 3
10 16 10
16 69 16
13 43 13
41 43 41
10 15 10
58 125 58
1 35 1
24 123 24
21 73 21
84 114 84
18 96 18
38 82 38
19 67 19
30 106 30
12 94 12
7 9 7
76 82 76
61 112 61
2 64 2
1 26 1
18 112 18
19 103 19
5 58 5
14 33 14
8 21 8
24 71 24
29 75 29
41 127 41
15 82 15
38 55 38
83 123 83
28 45 28
27 41 27
22 122 22
13 15 13
52 60 52
41 120 41
40 76 40
7 17 7
64 117 64
13 122 13
22 68 22
24 106 24
38 93 38
31 52 31
6 73 6
13 68 13
57 98 57
43 51 43
64 120 64
5 93 5
72 108 72
81 89 81
57 106 57
78 94 78
12 41 12
1 119 1
43 75 43
16 114 16
72 123 72
55 122 55
15 122 15
52 127 52
32 34 32
60 105 60
8 43 8
38 85 38
41 123 41
39 128 39
23 37 23
40 67 40
43 61 43
31 89 31
31 76 31
8 41 8
81 122 81
37 57 37
57 111 57
84 108 84
73 109 73
25 33 25
49 112 49
52 120 52
14 48 14
1 7 1
63 70 63
68 100 68
57 76 57
65 68 65
60 117 60
39 65 39
56 113 56
21 103 21
74 80 74
54 125 54
11 91 11
48 82 48
9 37 9
18 69 18
66 89 66
27 57 27
46 72 46
4 66 4
17 52 17
11 54 11
29 80 29
35 72 35
40 101 40
5 57 5
35 89 35
57 108 57
27 28 27
27 68 27
76 125 76
52 80 52
23 52 23
67 110 67
51 60 51
11 75 11
11 31 11
16 112 16
8 20 8
58 67 58
36 89 36
54 75 54
19 65 19
35 88 35
63 78 63
78 102 78
60 74 60
62 123 62
45 85 45
3 7 3
79 112 79
4 119 4
48 93 48
59 78 59
12 52 12
16 77 16
22 103 22
41 98 41
29 31 29
70 95 70
41 93 41
7 95 7
83 110 83
10 54 10
12 60 12
5 54 5
77 105 77
33 64 33
49 105 49
15 103 15
18 67 18
14 76 14
70 116 70
7 62 7
82 96 82
8 50 8
50 81 50
3 8 3
62 65 62
12 91 12
39 67 39
45 49 45
62 72 62
66 70 66
83 106 83
48 77 48
32 75 32
53 92 53
59 76 59
56 66 56
44 58 44
35 39 35
74 93 74
60 83 60
10 12 10
37 118 37
51 56 51
10 21 10
10 99 10
4 11 4
16 105 16
32 121 32
34 96 34
35 114 35
33 114 33
84 103 84
5 6 5
53 60 53
83 115 83
70 101 70
53 62 53
17 84 17
44 75 44
19 111 19
4 32 4
50 126 50
32 84 32
31 128 31
23 61 23
9 62 9
5 74 5
68 113 68
10 95 10
30 66 30
80 127 80
29 39 29
27 43 27
14 112 14
28 50 28
22 99 22
79 94 79
61 82 61
43 111 43
32 85 32
62 63 62
76 107 76
7 43 7
34 82 34
60 61 60
48 62 48
85 118 85
12 77 12
43 66 43
49 57 49
9 93 9
45 46 45
51 114 51
72 104 72
60 69 60
22 120 22
42 73 42
44 45 44
68 99 68
52 106 52
1 107 1
23 46 23
22 32 22
67 116 67
56 99 56
47 81 47
9 100 9
19 105 19
14 125 14
7 79 7
36 111 36
7 112 7
17 82 17
42 102 42
65 72 65
10 124 10
9 55 9
50 53 50
14 103 14
1 55 1
70 110 70
32 65 32
35 70 35
4 118 4
38 114 38
41 117 41
31 107 31
31 55 31
47 96 47
30 70 30
38 48 38
4 19 4
62 78 62
9 116 9
57 78 57
5 108 5
29 66 29
9 96 9
25 69 25
72 99 72
61 62 61
34 115 34
23 25 23
20 77 20
20 102 20
37 100 37
66 116 66
68 89 68
66 102 66
24 59 24
45 84 45
23 24 23
30 59 30
9 99 9
69 102 69
42 89 42
52 102 52
13 120 13
33 36 33
18 42 18
31 69 31
9 91 9
58 111 58
65 100 65
44 110 44
18 21 18
24 127 24
21 40 21
44 62 44
47 122 47
26 107 26
55 115 55
71 72 71
31 74 31
60 115 60
35 36 35
16 43 16
15 16 15
67 78 67
56 84 56
1 67 1
35 97 35
37 50 37
5 30 5
14 21 14
1 14 1
61 74 61
51 63 51
46 106 46
54 63 54
29 79 29
44 114 44
48 85 48
41 44 41
32 113 32
42 81 42
2 113 2
14 72 14
16 96 16
25 124 25
9 83 9
12 103 12
45 114 45
24 101 24
64 76 64
83 103 83
59 69 59
1 76 1
76 77 76
33 120 33
36 124 36
37 56 37
32 89 32
16 40 16
36 62 36
42 71 42
29 65 29
9 36 9
35 104 35
19 33 19
52 72 52
11 65 11
36 45 36
22 51 22
15 28 15
7 76 7
2 9 2
4 26 4
55 125 55
11 123 11
42 90 42
5 61 5
33 77 33
6 40 6
14 128 14
38 123 38
25 106 25
9 106 9
18 116 18
78 101 78
55 93 55
34 118 34
14 81 14
52 85 52
7 109 7
26 32 26
9 124 9
33 54 33
1 125 1
35 90 35
34 43 34
38 108 38
76 110 76
8 80 8
8 81 8
54 59 54
33 61 33
64 100 64
13 26 13
18 70 18
64 90 64
31 35 31
11 44 11
2 107 2
9 64 9
1 9 1
32 66 32
10 44 10
58 88 58
36 85 36
24 32 24
1 54 1
54 112 54
19 56 19
7 119 7
19 47 19
12 17 12
22 64 22
1 111 1
26 66 26
19 97 19
40 66 40
4 128 4
63 128 63
37 44 37
30 53 30
11 38 11
63 69 63
33 41 33
23 104 23
17 32 17
22 78 22
63 73 63
38 74 38
48 121 48
58 72 58
14 64 14
59 125 59
5 31 5
27 66 27
11 57 11
28 99 28
28 111 28
41 75 41
61 104 61
85 117 85
42 54 42
19 41 19
53 109 53
65 76 65
17 90 17
85 110 85
16 32 16
34 49 34
2 126 2
80 107 80
31 82 31
30 109 30
65 87 65
37 116 37
57 103 57
1 16 1
5 32 5
2 99 2
47 117 47
53 112 53
46 107 46
40 53 40
51 95 51
42 117 42
12 112 12
33 37 33
26 108 26
72 95 72
7 21 7
29 69 29
5 68 5
34 91 34
37 71 37
8 30 8
56 87 56
44 84 44
47 75 47
56 79 56
46 122 46
50 94 50
7 102 7
57 59 57
13 36 13
48 75 48
79 83 79
27 53 27
66 82 66
3 61 3
55 66 55
46 112 46
3 56 3
11 23 11
45 112 45
59 120 59
32 54 32
4 18 4
15 111 15
15 24 15
68 123 68
56 88 56
47 52 47
70 82 70
8 15 8
2 61 2
26 120 26
33 42 33
8 98 8
15 22 15
62 69 62
51 113 51
37 113 37
17 128 17
36 43 36
3 15 3
13 42 13
25 66 25
72 113 72
61 94 61
9 57 9
31 88 31
4 107 4
14 115 14
44 66 44
1 13 1
38 42 38
11 83 11
56 74 56
72 81 72
23 88 23
36 112 36
21 90 21
26 88 26
59 68 59
54 57 54
14 89 14
79 117 79
8 99 8
36 39 36
17 33 17
5 55 5
66 92 66
6 114 6
17 21 17
40 49 40
57 104 57
51 81 51
26 70 26
27 46 27
22 52 22
4 35 4
45 124 45
76 78 76
70 89 70
10 49 10
10 40 10
54 106 54
11 62 11
18 24 18
67 83 67
47 92 47
17 122 17
78 84 78
52 76 52
46 117 46
7 91 7
64 104 64
64 67 64
23 109 23
21 120 21
12 55 12
37 124 37
65 116 65
64 128 64
56 118 56
18 47 18
13 76 13
32 37 32
24 57 24
40 77 40
28 59 28
75 81 75
16 55 16
50 62 50
19 82 19
40 94 40
77 103 77
9 87 9
6 9 6
11 47 11
19 91 19
11 37 11
2 55 2
12 31 12
17 119 17
33 34 33
46 98 46
36 103 36
39 77 39
18 59 18
80 109 80
38 101 38
27 58 27
20 115 20
70 126 70
21 128 21
57 79 57
7 40 7
48 114 48
1 110 1
9 63 9
52 53 52
72 85 72
3 105 3
24 114 24
30 114 30
22 80 22
4 20 4
74 89 74
9 113 9
16 113 16
14 85 14
42 46 42
40 127 40
6 45 6
1 43 1
81 106 81
28 78 28
9 17 9
13 52 13
27 128 27
74 114 74
40 120 40
6 61 6
12 74 12
50 103 50
40 104 40
49 115 49
44 71 44
25 84 25
2 28 2
28 105 28
39 110 39
17 111 17
52 54 52
8 54 8
73 105 73
13 89 13
39 112 39
25 41 25
16 35 16
1 17 1
12 97 12
2 60 2
70 106 70
43 98 43
21 127 21
53 72 53
58 124 58
17 26 17
2 105 2
23 53 23
59 71 59
11 100 11
40 42 40
73 76 73
80 96 80
69 103 69
11 15 11
82 104 82
12 113 12
67 74 67
14 65 14
10 52 10
28 48 28
24 53 24
34 105 34
3 52 3
34 124 34
39 73 39
5 96 5
62 124 62
25 92 25
27 109 27
37 74 37
60 93 60
4 30 4
40 85 40
5 95 5
28 56 28
33 52 33
5 64 5
12 44 12
55 88 55
41 85 41
21 114 21
40 121 40
53 99 53
74 105 74
85 113 85
36 53 36
17 45 17
9 42 9
3 118 3
17 19 17
27 108 27
39 93 39
2 87 2
15 116 15
7 24 7
22 104 22
50 63 50
16 118 16
75 113 75
63 65 63
5 25 5
15 51 15
6 10 6
84 92 84
59 98 59
46 52 46
47 104 47
73 101 73
56 127 56
14 127 14
65 82 65
8 119 8
85 112 85
9 74 9
79 99 79
13 16 13
27 30 27
26 46 26
79 114 79
58 84 58
49 52 49
35 80 35
39 76 39
16 109 16
34 57 34
19 21 19
65 90 65
32 120 32
56 119 56
74 121 74
4 77 4
20 61 20
6 17 6
59 99 59
41 60 41
41 68 41
78 96 78
12 36 12
71 92 71
30 128 30
11 121 11
25 99 25
37 127 37
65 89 65
65 104 65
27 70 27
10 13 10
2 79 2
57 87 57
9 102 9
10 26 10
28 110 28
13 22 13
44 104 44
68 125 68
23 47 23
8 61 8
69 70 69
36 99 36
6 116 6
53 103 53
1 40 1
14 123 14
16 89 16
81 98 81
35 48 35
41 119 41
76 117 76
47 125 47
11 68 11
16 92 16
8 12 8
50 60 50
83 87 83
58 100 58
22 113 22
61 107 61
12 27 12
39 84 39
9 38 9
1 112 1
27 62 27
30 107 30
3 126 3
79 90 79
8 92 8
30 46 30
21 54 21
22 46 22
12 53 12
46 76 46
9 18 9
2 25 2
13 116 13
3 82 3
21 56 21
70 109 70
30 105 30
11 19 11
31 114 31
4 75 4
18 105 18
81 108 81
75 102 75
46 127 46
37 39 37
62 114 62
71 114 71
40 107 40
18 106 18
84 115 84
40 48 40
52 94 52
2 12 2
80 101 80
25 122 25
42 51 42
20 104 20
26 100 26
21 46 21
24 93 24
59 70 59
56 67 56
41 103 41
36 52 36
68 118 68
31 36 31
29 47 29
4 114 4
10 125 10
59 113 59
77 109 77
10 32 10
18 68 18
16 70 16
11 51 11
39 51 39
79 85 79
55 114 55
57 70 57
59 124 59
24 39 24
4 38 4
71 98 71
74 124 74
3 112 3
78 85 78
68 110 68
15 32 15
4 29 4
20 92 20
49 110 49
6 66 6
69 72 69
22 48 22
29 58 29
30 112 30
50 122 50
58 112 58
45 56 45
8 29 8
31 44 31
61 78 61
26 35 26
11 105 11
74 111 74
23 70 23
26 39 26
76 97 76
69 114 69
66 119 66
62 104 62
63 113 63
27 50 27
7 53 7
30 69 30
75 90 75
57 64 57
16 50 16
41 112 41
17 105 17
30 33 30
69 80 69
42 88 42
26 80 26
22 85 22
83 84 83
83 97 83
47 127 47
53 96 53
11 93 11
66 98 66
33 103 33
1 124 1
41 70 41
64 99 64
52 99 52
47 120 47
38 41 38
7 94 7
12 30 12
1 128 1
4 103 4
15 72 15
5 15 5
60 62 60
62 116 62
33 76 33
10 48 10
67 127 67
28 106 28
36 44 36
55 106 55
24 69 24
35 116 35
31 99 31
26 48 26
19 107 19
51 83 51
15 63 15
44 124 44
3 26 3
28 74 28
21 102 21
51 110 51
18 48 18
80 119 80
32 55 32
1 34 1
42 125 42
20 107 20
13 19 13
44 52 44
28 126 28
7 61 7
21 93 21
53 95 53
34 107 34
18 111 18
24 95 24
40 52 40
5 59 5
20 47 20
9 90 9
23 106 23
58 69 58
26 44 26
11 73 11
7 104 7
65 74 65
28 30 28
74 92 74
75 122 75
53 104 53
85 124 85
47 94 47
41 89 41
32 44 32
79 91 79
34 63 34
19 128 19
44 102 44
70 91 70
49 73 49
69 75 69
15 35 15
6 13 6
82 90 82
14 22 14
50 74 50
13 107 13
26 119 26
56 121 56
56 105 56
4 15 4
4 65 4
71 110 71
11 59 11
22 118 22
40 92 40
33 121 33
15 26 15
21 106 21
36 123 36
9 61 9
62 127 62
13 117 13
65 93 65
35 57 35
16 107 16
18 84 18
81 102 81
2 77 2
18 26 18
65 83 65
12 72 12
16 71 16
24 83 24
61 98 61
20 40 20
24 26 24
23 122 23
66 69 66
38 87 38
4 112 4
21 72 21
22 50 22
19 51 19
47 93 47
20 69 20
3 55 3
20 60 20
4 31 4
40 45 40
18 89 18
59 92 59
5 83 5
6 26 6
3 18 3
8 67 8
83 89 83
17 127 17
35 83 35
40 73 40
35 37 35
63 111 63
5 37 5
4 91 4
38 62 38
25 108 25
47 126 47
13 27 13
11 60 11
30 57 30
16 31 16
47 97 47
37 65 37
45 128 45
44 95 44
14 50 14
24 75 24
14 58 14
18 45 18
25 101 25
3 46 3
26 98 26
75 95 75
36 75 36
63 68 63
52 74 52
63 77 63
11 117 11
23 81 23
58 76 58
42 59 42
32 114 32
13 60 13
9 79 9
64 71 64
72 76 72
5 100 5
20 127 20
34 58 34
28 31 28
11 16 11
20 21 20
50 97 50
16 59 16
28 75 28
55 68 55
30 42 30
62 83 62
47 90 47
34 39 34
29 90 29
81 93 81
17 63 17
26 47 26
73 100 73
66 91 66
73 122 73
48 94 48
6 12 6
27 99 27
12 71 12
33 75 33
2 97 2
46 54 46
4 124 4
63 91 63
33 65 33
14 38 14
4 62 4
15 90 15
40 125 40
7 51 7
10 76 10
2 63 2
68 128 68
83 111 83
24 40 24
46 97 46
57 85 57
35 98 35
7 25 7
70 80 70
5 124 5
63 115 63
35 61 35
48 127 48
20 72 20
84 88 84
20 87 20
78 104 78
67 104 67
21 33 21
22 102 22
11 112 11
27 39 27
9 32 9
42 83 42
37 98 37
9 111 9
85 104 85
29 105 29
19 78 19
66 104 66
17 28 17
53 67 53
12 107 12
28 125 28
64 116 64
25 58 25
25 76 25
32 59 32
45 69 45
64 78 64
16 60 16
23 41 23
42 93 42
4 84 4
19 108 19
76 124 76
34 80 34
37 45 37
66 107 66
12 32 12
10 70 10
84 97 84
5 21 5
25 30 25
11 18 11
20 76 20
12 108 12
2 33 2
48 73 48
13 65 13
43 78 43
79 128 79
10 114 10
37 107 37
3 44 3
73 92 73
6 102 6
25 59 25
8 83 8
64 89 64
75 104 75
11 72 11
62 109 62
45 92 45
27 94 27
51 75 51
36 87 36
42 76 42
39 115 39
66 109 66
61 121 61
28 32 28
8 123 8
47 110 47
11 78 11
3 64 3
71 113 71
20 95 20
50 77 50
5 9 5
22 96 22
24 76 24
54 105 54
65 117 65
21 84 21
4 104 4
59 112 59
24 72 24
32 36 32
41 121 41
27 125 27
38 84 38
52 64 52
18 90 18
18 93 18
2 52 2
33 62 33
38 59 38
2 44 2
20 65 20
64 107 64
17 101 17
15 23 15
23 28 23
2 121 2
67 73 67
4 100 4
34 109 34
33 78 33
31 34 31
32 71 32
4 113 4
85 119 85
40 44 40
40 63 40
75 91 75
7 23 7
1 79 1
45 70 45
18 49 18
60 106 60
7 31 7
40 70 40
38 102 38
63 101 63
21 48 21
32 118 32
14 16 14
13 99 13
26 38 26
22 49 22
6 38 6
10 72 10
36 115 36
44 97 44
9 34 9
12 21 12
80 93 80
56 73 56
22 55 22
52 128 52
21 29 21
66 85 66
7 77 7
32 110 32
2 19 2
60 119 60
57 118 57
76 111 76
59 65 59
9 47 9
12 37 12
29 120 29
14 46 14
78 107 78
11 84 11
51 65 51
18 53 18
25 40 25
38 61 38
35 75 35
42 99 42
12 34 12
2 22 2
1 21 1
79 108 79
3 62 3
81 92 81
6 46 6
43 57 43
52 95 52
34 48 34
6 47 6
13 28 13
22 112 22
43 73 43
17 120 17
47 76 47
16 74 16
71 126 71
76 83 76
43 109 43
79 116 79
3 51 3
33 73 33
20 80 20
4 49 4
30 47 30
6 30 6
32 115 32
51 70 51
48 91 48
3 36 3
3 78 3
2 102 2
19 45 19
13 118 13
28 95 28
44 116 44
58 108 58
45 89 45
78 105 78
22 62 22
60 81 60
13 111 13
35 42 35
7 48 7
52 107 52
41 73 41
1 126 1
10 67 10
39 53 39
85 105 85
85 91 85
55 87 55
7 54 7
20 34 20
16 25 16
23 39 23
29 33 29
25 47 25
78 126 78
16 20 16
9 10 9
19 93 19
22 59 22
18 87 18
24 31 24
21 51 21
60 109 60
36 109 36
21 27 21
23 98 23
31 56 31
2 35 2
67 117 67
71 78 71
10 47 10
34 59 34
9 35 9
1 24 1
22 109 22
56 95 56
28 40 28
13 125 13
70 121 70
14 35 14
32 82 32
29 32 29
9 80 9
85 94 85
12 76 12
8 66 8
21 36 21
28 108 28
10 28 10
47 107 47
51 123 51
5 91 5
12 128 12
56 75 56
41 84 41
7 68 7
58 120 58
19 59 19
56 112 56
30 121 30
40 61 40
55 59 55
4 44 4
84 127 84
56 92 56
10 84 10
11 20 11
19 30 19
1 78 1
58 66 58
16 82 16
64 118 64
19 61 19
80 120 80
33 83 33
1 20 1
75 83 75
26 54 26
19 42 19
66 113 66
9 69 9
56 62 56
83 128 83
54 116 54
35 95 35
78 118 78
44 112 44
26 49 26
42 123 42
61 90 61
59 128 59
76 120 76
26 37 26
16 119 16
32 50 32
18 118 18
11 94 11
29 97 29
9 26 9
8 90 8
15 126 15
66 79 66
65 105 65
5 60 5
9 16 9
54 107 54
64 95 64
70 105 70
21 77 21
25 105 25
21 50 21
20 56 20
49 111 49
20 54 20
57 114 57
58 73 58
83 113 83
14 116 14
11 52 11
69 108 69
11 124 11
33 56 33
66 101 66
64 77 64
52 79 52
27 45 27
17 48 17
37 55 37
10 37 10
14 105 14
7 33 7
69 71 69
11 76 11
63 99 63
68 127 68
34 117 34
49 94 49
18 33 18
42 53 42
46 64 46
18 44 18
4 60 4
13 58 13
5 45 5
13 104 13
36 69 36
8 64 8
45 50 45
10 18 10
24 90 24
46 60 46
84 102 84
44 69 44
35 53 35
82 121 82
10 97 10
40 102 40
1 15 1
4 43 4
6 19 6
54 85 54
69 113 69
84 109 84
14 119 14
59 106 59
29 41 29
44 48 44
79 118 79
3 50 3
2 103 2
64 74 64
38 70 38
34 72 34
38 107 38
78 106 78
59 116 59
76 89 76
20 45 20
16 101 16
63 81 63
16 24 16
46 101 46
46 84 46
23 116 23
17 75 17
84 124 84
4 70 4
4 22 4
50 121 50
6 28 6
63 120 63
67 77 67
34 83 34
51 82 51
14 82 14
3 83 3
15 112 15
30 87 30
1 90 1
32 88 32
45 117 45
9 12 9
48 67 48
38 47 38
22 106 22
49 55 49
63 93 63
56 63 56
24 66 24
8 37 8
1 123 1
57 95 57
5 126 5
15 109 15
32 123 32
46 58 46
28 64 28
4 123 4
64 70 64
44 83 44
8 122 8
75 103 75
31 71 31
76 90 76
72 128 72
20 62 20
53 125 53
65 88 65
2 118 2
51 117 51
30 58 30
12 62 12
6 25 6
79 89 79
67 107 67
58 106 58
43 114 43
30 85 30
76 128 76
59 110 59
4 23 4
64 84 64
58 94 58
77 85 77
2 84 2
46 66 46
5 73 5
13 53 13
26 101 26
35 68 35
7 46 7
14 84 14
33 91 33
27 110 27
33 66 33
45 61 45
1 63 1
55 61 55
21 24 21
37 92 37
56 59 56
18 56 18
17 58 17
21 49 21
41 109 41
23 107 23
35 76 35
8 36 8
68 121 68
9 59 9
14 40 14
73 104 73
33 124 33
15 21 15
59 87 59
58 109 58
10 19 10
64 111 64
49 84 49
47 79 47
12 121 12
2 72 2
18 120 18
68 90 68
23 63 23
13 24 13
22 66 22
46 71 46
28 83 28
67 118 67
25 45 25
54 69 54
69 109 69
65 126 65
1 47 1
48 52 48
50 72 50
11 71 11
48 124 48
31 61 31
20 124 20
20 63 20
37 80 37
84 117 84
21 104 21
32 79 32
11 126 11
39 64 39
85 90 85
24 38 24
54 61 54
85 97 85
35 120 35
9 82 9
42 96 42
62 96 62
1 49 1
26 121 26
37 77 37
12 73 12
47 91 47
80 122 80
39 117 39
6 79 6
71 121 71
21 92 21
9 81 9
19 36 19
46 50 46
29 82 29
36 96 36
52 56 52
61 64 61
56 122 56
37 122 37
17 77 17
18 31 18
61 75 61
30 43 30
5 18 5
17 46 17
49 78 49
15 114 15
51 97 51
19 29 19
74 91 74
28 85 28
40 105 40
11 61 11
20 82 20
35 69 35
29 56 29
30 56 30
43 74 43
69 81 69
41 56 41
15 97 15
72 100 72
55 107 55
7 29 7
4 96 4
12 98 12
59 75 59
4 116 4
49 54 49
10 39 10
54 87 54
24 27 24
80 128 80
67 101 67
8 65 8
47 95 47
56 116 56
53 124 53
31 126 31
84 95 84
26 123 26
41 101 41
2 57 2
24 84 24
33 59 33
80 126 80
52 88 52
25 103 25
2 42 2
12 63 12
42 74 42
59 96 59
17 49 17
16 104 16
48 104 48
22 123 22
10 117 10
17 22 17
57 72 57
57 94 57
7 15 7
21 38 21
33 38 33
46 87 46
82 120 82
7 65 7
35 73 35
75 93 75
51 105 51
20 38 20
3 28 3
7 106 7
60 104 60
59 74 59
3 11 3
6 52 6
48 72 48
48 66 48
61 66 61
8 121 8
37 94 37
56 85 56
9 45 9
59 118 59
23 27 23
29 49 29
27 36 27
6 21 6
40 54 40
80 92 80
49 64 49
62 103 62
29 42 29
49 87 49
42 110 42
10 42 10
35 119 35
56 102 56
13 55 13
12 43 12
66 94 66
29 63 29
14 34 14
13 37 13
40 46 40
59 80 59
64 121 64
1 53 1
5 107 5
82 109 82
43 76 43
73 111 73
20 71 20
62 125 62
3 39 3
5 89 5
69 89 69
38 64 38
38 100 38
9 75 9
78 125 78
11 82 11
6 24 6
17 61 17
16 56 16
74 97 74
6 65 6
16 125 16
30 88 30
9 48 9
11 109 11
48 54 48
62 68 62
26 81 26
37 111 37
15 77 15
31 115 31
59 93 59
56 98 56
80 95 80
54 79 54
9 68 9
27 115 27
47 116 47
51 98 51
50 70 50
23 48 23
53 74 53
54 126 54
4 51 4
3 102 3
68 115 68
18 38 18
57 119 57
