256 6125
184 186 39
131 144 44
1 93 1
182 223 147
110 155 160
87 180 1
41 180 117
10 87 1
131 165 44
3 255 160
82 242 242
182 254 1
106 111 117
95 182 1
122 126 147
84 116 238
187 246 194
33 92 228
15 233 117
74 147 147
114 179 1
38 169 160
95 240 1
122 163 1
157 245 1
145 171 117
52 115 117
175 210 224
27 219 44
122 256 117
32 105 1
57 75 147
102 192 117
176 226 36
49 95 1
29 67 29
182 233 147
148 239 44
85 160 1
92 240 1
89 155 1
50 202 117
22 48 1
67 72 147
158 233 233
16 115 1
9 19 1
19 247 1
38 197 1
216 225 117
1 162 1
30 120 236
134 176 36
9 41 1
23 196 1
102 188 117
59 205 117
65 123 28
74 192 147
119 214 28
29 97 147
110 158 117
205 244 2
167 206 44
5 37 1
52 96 1
35 105 1
87 102 1
191 221 1
96 228 1
78 106 1
23 142 147
80 229 147
141 222 1
137 161 147
113 247 1
22 193 1
92 163 1
17 138 1
150 172 1
147 229 147
14 204 1
15 245 106
81 107 147
25 119 1
171 182 117
16 189 36
188 250 1
1 57 1
97 169 117
208 235 147
25 26 25
59 171 139
44 213 44
94 103 1
122 211 48
1 13 1
112 147 147
145 233 233
109 208 109
51 92 1
155 159 160
114 183 36
14 173 1
126 251 1
23 236 1
1 218 1
58 164 1
96 247 1
19 202 34
13 48 147
30 53 1
206 226 36
43 53 233
64 227 147
30 195 1
85 118 1
122 182 182
61 117 117
115 137 147
155 229 117
1 67 1
68 187 1
56 221 117
152 202 1
206 232 1
113 138 117
65 126 28
95 120 1
178 193 1
62 229 229
1 145 1
170 233 1
82 108 36
86 180 1
83 167 44
1 135 1
195 217 1
62 176 1
26 100 207
128 226 36
219 255 1
196 207 1
208 256 117
45 63 1
59 102 117
4 62 1
6 252 117
129 153 1
22 130 1
78 216 1
159 243 1
14 66 1
2 231 1
118 135 1
198 234 185
5 136 1
1 164 1
156 167 36
72 90 147
11 243 250
163 170 1
69 81 43
117 133 117
135 216 160
97 129 147
1 48 1
139 245 160
18 223 147
3 139 139
44 236 1
2 155 117
74 233 233
51 218 162
15 117 117
173 233 1
111 192 28
54 88 117
28 161 28
142 249 147
176 216 1
31 198 1
81 191 1
109 234 1
89 141 228
147 194 147
181 242 1
83 237 1
3 99 117
43 173 1
9 196 9
151 248 1
16 173 1
28 61 28
39 110 1
23 107 192
12 173 1
71 197 197
110 255 160
100 151 207
142 194 147
206 225 1
27 82 36
25 139 1
208 244 192
14 44 44
28 52 117
50 205 147
119 233 147
11 73 1
68 118 1
123 227 28
49 161 1
29 155 117
79 109 147
8 44 44
104 130 1
25 251 1
208 215 1
28 157 1
117 252 117
1 187 1
30 68 1
1 188 1
79 191 1
97 192 28
92 121 1
46 58 46
102 245 117
178 185 1
136 253 43
15 38 106
88 117 117
63 163 1
134 187 1
58 248 1
160 216 160
84 158 1
2 194 147
194 247 1
40 148 44
90 103 1
151 207 207
88 223 147
13 219 1
47 55 47
8 143 143
76 130 1
146 149 185
116 217 238
165 187 1
139 160 160
9 83 44
1 169 1
183 250 1
43 233 233
17 33 1
148 191 44
1 16 1
195 220 1
15 216 106
162 237 1
184 214 1
44 121 36
57 213 1
146 223 1
57 167 1
7 210 1
5 13 1
218 229 1
124 255 1
200 254 1
62 208 147
50 115 48
103 230 1
19 243 1
62 211 48
158 175 147
81 169 117
90 146 1
36 134 36
26 151 26
49 170 185
1 112 1
1 189 1
144 191 44
34 181 34
1 177 1
54 221 52
104 242 70
59 129 117
120 225 1
72 229 147
81 250 1
87 149 1
1 25 1
23 40 1
144 221 1
160 256 160
20 73 1
158 227 147
79 177 1
172 204 117
54 94 117
38 187 117
65 136 147
13 18 28
15 198 1
76 150 1
66 149 1
147 227 147
91 114 44
45 164 215
59 225 117
3 59 139
85 172 1
131 196 9
41 169 139
125 230 1
117 211 117
88 214 28
32 242 1
104 226 36
1 226 1
24 177 1
164 255 1
34 63 106
1 28 1
5 130 1
115 117 117
2 75 147
170 181 1
166 254 254
28 193 1
31 228 1
186 203 39
43 70 1
108 110 1
26 93 1
4 86 1
123 244 28
202 242 1
95 135 1
7 82 70
9 148 44
117 159 117
36 82 36
83 150 44
134 165 44
52 167 1
64 236 1
1 243 1
25 55 25
22 205 1
73 215 1
80 207 1
198 200 1
95 127 228
45 74 1
117 147 117
60 224 117
100 252 1
67 175 147
25 217 25
41 135 139
1 201 1
84 124 207
96 159 1
28 178 1
93 119 224
178 212 1
127 234 1
160 221 117
81 157 1
2 137 147
98 104 1
166 183 31
18 76 76
210 241 224
164 240 1
16 125 1
49 256 1
157 185 1
29 117 117
86 231 250
133 153 1
128 191 44
2 204 28
64 192 147
15 97 117
15 40 1
100 230 1
27 200 1
116 176 1
51 110 1
99 249 147
29 138 117
1 148 1
47 237 1
27 167 9
48 144 1
163 206 1
224 241 224
14 223 1
46 197 1
18 203 1
37 215 185
19 90 117
63 83 1
18 192 192
41 199 160
104 105 1
29 72 147
1 185 1
152 236 1
76 174 1
63 108 1
23 46 147
56 140 160
64 158 80
6 57 194
82 134 36
151 238 238
2 108 1
158 237 117
91 104 36
69 183 1
81 120 1
76 105 192
72 242 1
54 111 117
164 214 1
1 176 1
178 192 1
67 145 80
112 224 224
112 194 147
188 220 1
158 214 147
16 178 36
70 211 1
90 224 224
99 199 117
44 83 44
45 68 185
87 128 36
80 107 147
74 113 147
4 170 185
114 123 1
113 223 147
150 166 36
244 252 117
73 230 132
252 255 106
70 111 1
38 140 160
29 64 29
189 251 36
197 209 197
92 212 1
181 241 117
90 134 1
70 121 36
28 109 28
59 117 117
104 161 1
83 142 1
101 113 101
145 166 1
51 185 1
2 147 147
44 104 36
60 133 160
219 230 1
133 252 160
1 82 1
168 204 1
126 169 117
94 109 28
15 96 1
107 246 147
79 99 147
160 233 117
10 172 1
151 243 1
5 95 5
18 65 2
19 140 160
101 178 1
136 194 147
29 53 233
132 176 1
17 240 238
153 200 1
6 211 48
86 224 1
26 241 1
78 233 1
67 197 1
185 229 1
110 216 160
180 212 1
34 80 117
18 78 1
112 188 188
72 182 147
127 130 1
47 132 1
119 164 1
233 253 233
134 183 36
58 117 117
35 95 228
76 199 117
19 131 1
1 92 1
21 207 207
1 228 1
159 216 106
165 227 1
1 17 1
1 150 1
135 252 160
106 252 106
16 229 1
128 142 1
73 193 132
36 206 36
132 221 1
81 145 43
27 61 1
32 231 1
161 194 147
64 214 147
10 152 1
60 110 160
161 181 117
134 171 1
119 171 117
20 215 1
83 116 1
19 218 1
119 147 147
232 249 2
63 91 1
63 94 117
85 156 36
210 223 147
3 77 1
119 192 28
20 81 1
13 147 147
95 109 1
108 196 44
59 155 139
46 75 75
1 246 1
133 184 1
15 30 1
171 249 117
3 106 160
78 187 1
123 125 1
51 144 44
189 226 226
18 88 2
18 23 2
121 168 36
49 153 1
132 193 132
13 111 224
27 176 36
28 126 28
51 93 1
186 189 1
173 190 1
59 158 117
91 170 1
120 184 1
36 137 1
65 223 147
32 203 1
117 161 117
98 224 224
127 243 1
163 245 1
10 22 1
47 107 1
90 99 147
64 234 1
6 17 1
1 207 1
121 223 1
91 166 36
3 159 160
27 149 1
83 250 1
89 164 1
108 178 239
11 50 1
131 225 1
31 213 36
1 79 1
72 125 1
123 249 28
222 253 1
200 223 147
19 160 160
147 205 147
80 81 43
78 254 36
61 110 117
84 96 1
104 189 36
158 246 147
55 215 1
191 248 1
181 216 106
11 189 1
11 163 250
29 74 29
42 195 174
91 128 44
174 185 1
57 185 1
162 191 162
104 217 1
146 170 146
231 243 231
164 185 185
139 171 139
95 191 1
99 103 1
206 213 44
82 219 36
39 176 1
43 67 43
132 207 1
129 187 147
36 148 36
82 176 176
81 195 1
194 252 117
91 150 44
36 39 1
138 172 160
2 192 192
15 63 106
181 200 117
1 35 1
34 208 117
30 153 236
149 210 1
138 184 1
15 102 117
46 107 147
1 214 1
13 89 1
114 174 1
75 227 147
76 192 192
10 95 1
83 85 83
1 222 1
20 248 228
28 29 147
36 167 36
7 36 36
49 247 185
161 244 192
26 101 1
72 200 72
1 73 1
3 245 160
76 147 147
62 108 1
41 42 1
115 229 48
44 85 44
56 196 1
26 228 1
46 150 1
132 162 1
7 55 1
28 90 28
127 128 1
74 256 117
166 252 1
38 121 1
29 183 1
3 155 3
198 255 1
26 127 1
42 75 1
188 227 224
44 84 1
61 89 1
225 235 117
103 233 1
60 63 106
117 126 117
76 96 1
103 131 44
188 251 1
93 117 117
119 249 28
100 241 1
111 237 117
121 189 121
4 215 215
1 171 1
199 205 117
61 241 224
87 137 1
36 239 36
228 246 1
22 126 1
206 219 219
222 255 1
43 242 1
20 179 20
223 246 147
8 189 36
157 187 1
8 73 1
11 108 1
200 229 147
81 217 1
108 169 1
17 152 1
45 203 1
142 222 1
183 189 36
71 176 36
81 202 117
4 59 1
184 237 1
9 178 44
32 186 1
104 190 70
18 99 147
45 241 1
147 221 117
1 232 1
178 228 1
90 227 224
100 119 1
130 151 1
44 246 1
6 72 147
146 198 146
184 250 1
139 241 117
7 141 1
53 151 1
46 147 147
9 88 1
66 161 192
216 255 106
15 106 106
168 231 1
78 156 70
62 70 1
38 88 117
62 139 117
100 124 207
36 69 1
89 228 228
24 239 1
75 101 147
74 158 80
204 210 224
161 223 147
183 192 1
26 238 238
43 164 1
31 183 31
158 177 1
72 161 147
56 242 1
110 172 160
75 199 117
65 253 147
1 34 1
56 235 117
87 108 36
103 235 1
65 214 28
55 106 1
63 234 1
1 183 1
210 235 147
128 219 44
1 110 1
183 195 1
19 153 1
25 124 25
97 113 147
126 222 1
10 156 1
111 147 147
195 214 1
129 256 117
46 249 147
187 240 1
77 247 185
52 70 1
29 212 1
27 99 1
15 48 117
1 195 1
24 183 1
17 99 1
84 177 1
44 71 44
149 185 185
38 252 34
2 210 28
126 205 28
167 228 1
163 231 231
43 180 43
86 222 1
107 235 147
36 220 36
88 110 117
156 252 1
131 167 167
11 118 1
15 43 117
204 221 117
153 217 207
1 163 1
79 215 1
52 225 52
183 203 1
57 189 1
64 135 117
16 206 36
50 225 117
139 181 160
9 51 44
55 243 1
105 146 1
22 26 1
86 141 1
30 47 236
126 159 117
106 159 106
3 102 117
102 118 1
102 221 102
78 157 157
124 184 1
14 148 44
90 179 1
120 249 1
1 43 1
39 42 1
145 201 1
148 213 44
117 154 117
25 207 25
30 246 1
170 212 185
4 186 1
24 163 250
33 75 1
16 242 16
84 100 100
25 161 1
189 254 36
171 225 117
12 249 1
183 216 1
123 130 1
117 210 117
92 249 1
101 103 1
81 176 1
105 163 1
67 129 80
31 144 36
153 245 1
18 128 1
49 251 1
26 47 207
9 27 9
16 168 16
73 236 1
179 189 1
94 248 1
167 240 1
33 192 1
1 204 1
9 230 1
31 90 1
121 124 1
113 172 117
117 255 117
132 206 1
29 77 1
49 234 185
37 196 1
69 141 1
29 103 1
79 197 1
3 123 117
163 221 1
80 233 233
123 126 28
71 255 1
121 157 36
15 178 1
47 63 1
60 141 1
46 200 46
162 186 1
2 216 117
214 217 1
178 182 1
27 228 1
114 235 1
135 197 1
17 30 238
80 245 117
106 110 160
121 144 36
4 250 1
47 62 1
34 69 117
213 250 1
181 220 1
162 209 44
17 248 1
6 233 147
17 26 238
106 117 117
14 100 1
63 237 106
135 237 160
97 227 224
90 192 28
72 149 1
108 187 1
15 234 1
43 237 117
3 19 160
140 188 117
203 228 1
104 246 1
40 252 1
125 215 215
72 213 1
175 198 1
34 202 34
20 21 1
69 145 80
90 117 117
157 237 1
147 219 1
4 89 1
17 124 238
174 248 228
62 233 147
117 249 117
50 72 147
189 232 1
144 159 1
143 197 239
31 87 36
82 231 1
117 194 117
137 214 147
56 182 117
68 82 1
21 147 1
83 183 36
60 174 1
95 224 1
31 121 36
154 229 194
79 211 147
100 168 1
74 181 117
24 181 1
82 189 36
12 165 1
180 255 117
145 198 1
17 217 238
116 179 1
111 244 28
123 204 28
27 31 36
1 196 1
147 161 147
185 188 1
23 126 28
192 238 1
234 251 1
199 215 1
117 237 117
61 172 117
94 97 224
71 161 1
17 47 238
41 143 1
63 88 117
52 157 1
47 231 1
59 175 117
191 202 1
127 201 228
62 71 1
20 243 1
17 230 1
66 102 117
18 136 147
111 202 117
160 189 1
57 181 117
50 249 147
1 165 1
62 117 117
32 37 32
154 246 194
16 95 1
219 235 1
153 216 1
138 245 38
1 5 1
144 187 1
44 220 44
177 228 228
32 64 1
118 246 1
147 175 147
21 210 1
56 136 117
9 256 1
138 160 160
117 145 117
1 194 1
117 244 117
1 167 1
132 157 1
38 152 1
45 147 1
59 216 160
151 160 1
167 197 44
36 191 36
121 136 1
64 106 117
46 102 117
171 185 1
41 220 1
82 207 1
148 150 148
22 166 36
167 223 1
18 26 1
214 235 147
44 103 44
250 252 1
32 173 32
64 253 43
196 232 1
88 161 192
183 230 1
214 221 117
6 50 48
46 124 1
91 147 1
1 198 1
100 222 207
127 133 1
8 197 239
105 227 28
168 242 70
44 147 1
43 110 117
121 192 1
75 204 147
119 209 1
8 118 1
108 254 36
122 221 117
41 103 1
209 220 239
149 231 1
198 212 185
134 167 44
105 252 117
48 158 147
146 164 185
152 156 36
62 132 1
90 251 1
6 147 147
1 250 1
203 244 1
11 158 1
162 226 36
78 82 70
72 187 147
77 185 185
37 144 1
241 249 28
33 184 1
159 220 1
22 54 1
32 49 185
130 183 1
81 100 1
30 249 1
65 147 147
134 152 36
154 236 1
21 211 1
200 255 117
183 254 31
184 234 1
178 197 239
162 256 1
103 137 1
117 190 1
96 230 132
125 247 185
15 200 117
63 160 160
1 58 1
75 131 1
147 249 147
22 31 36
223 228 1
45 213 1
151 163 1
99 160 117
101 200 147
124 238 238
64 182 147
103 175 1
28 112 28
5 231 1
38 96 1
70 119 1
143 192 1
88 162 1
92 255 1
44 177 1
201 228 228
54 129 117
178 194 1
46 136 147
152 213 36
25 148 1
134 209 44
216 256 106
61 174 1
52 242 1
54 181 117
47 76 1
2 28 28
174 247 1
117 169 117
180 221 117
127 167 1
30 111 1
129 157 1
67 71 1
63 225 117
43 74 43
72 99 147
50 240 1
79 168 1
87 168 70
197 216 1
168 251 70
167 209 44
64 119 147
212 219 1
89 174 228
103 144 144
200 202 117
36 87 36
116 137 1
112 208 28
152 190 36
30 236 236
120 227 1
39 127 1
240 256 1
8 167 44
139 249 117
18 158 147
79 142 79
13 158 147
138 202 202
60 168 1
100 109 1
225 249 117
1 225 1
78 121 36
177 236 1
84 153 207
23 50 147
215 217 1
44 167 44
1 249 1
61 77 1
40 238 1
51 175 1
38 181 34
132 150 1
134 178 44
48 50 48
1 191 1
92 141 141
1 208 1
9 177 1
73 162 1
1 19 1
31 36 36
18 173 1
36 139 1
135 169 169
133 135 160
124 242 1
50 62 62
9 254 36
1 123 1
1 151 1
29 136 29
205 231 1
43 64 43
146 173 185
15 72 117
1 141 1
108 153 1
34 106 106
45 183 1
98 99 147
16 190 16
79 149 1
76 249 249
39 43 1
21 25 25
14 232 1
61 138 117
173 198 185
152 251 36
21 123 1
77 149 185
1 174 1
47 120 207
41 102 117
2 50 147
36 128 36
73 190 1
116 207 238
54 56 117
23 176 1
185 210 1
54 175 117
1 159 1
91 206 162
62 101 147
122 230 1
115 234 1
87 185 1
156 242 176
157 243 1
10 41 1
75 222 1
179 201 228
61 213 1
73 244 1
133 140 133
180 248 1
46 83 1
17 84 238
18 61 28
47 143 1
37 139 1
49 195 1
84 256 1
53 141 1
217 252 1
59 250 1
1 54 1
55 153 47
28 224 28
70 182 1
86 250 250
66 107 192
24 150 1
105 109 192
36 91 36
213 248 1
55 177 1
16 59 1
115 124 1
127 141 141
44 219 44
100 150 1
74 117 117
95 174 174
105 244 192
76 220 1
58 247 1
33 187 1
49 173 185
138 183 1
75 109 147
131 151 1
49 147 1
143 239 239
51 205 1
22 197 36
100 130 1
93 207 1
229 246 229
1 107 1
198 238 1
159 171 160
122 251 1
9 224 1
115 246 48
176 190 70
165 190 36
84 222 207
66 214 28
47 137 1
76 203 1
61 175 224
68 170 185
20 118 228
33 190 1
68 179 1
183 197 36
77 193 1
24 172 1
86 243 250
159 237 106
157 197 36
48 56 117
25 47 25
35 184 1
95 160 1
188 224 224
31 84 1
139 218 1
25 238 238
165 167 44
207 246 1
44 197 44
112 241 224
14 74 1
171 256 160
214 241 28
79 227 147
91 218 162
57 132 1
105 180 147
70 71 36
6 153 1
37 135 1
141 228 228
35 127 228
163 240 1
157 160 1
90 170 1
148 204 1
25 51 1
79 116 1
106 202 106
25 186 1
140 209 1
123 214 123
100 240 207
59 78 1
111 246 147
107 152 1
34 225 117
217 236 236
32 77 185
218 242 36
202 230 1
14 201 1
52 111 117
97 187 147
171 218 1
73 207 1
59 194 117
56 213 1
43 126 147
5 42 174
154 169 117
114 170 1
98 112 188
14 169 1
13 132 1
49 105 1
62 167 1
61 210 13
170 208 1
143 244 1
177 248 248
41 172 139
207 252 1
207 243 1
198 203 1
40 41 1
137 228 1
10 89 1
237 247 1
57 214 147
1 74 1
156 203 1
102 130 1
59 121 1
58 150 1
41 140 160
47 200 1
61 92 1
173 185 185
1 21 1
211 224 147
178 209 239
55 151 207
34 49 1
204 230 1
156 165 36
97 229 147
61 129 147
103 256 1
4 15 1
9 85 44
105 123 28
42 145 1
15 114 1
172 231 1
183 246 1
199 217 1
203 214 1
34 190 1
192 231 1
209 239 239
33 245 1
33 202 1
155 187 117
131 185 1
6 182 48
33 248 248
171 200 117
188 189 1
71 175 1
36 197 36
85 216 1
152 198 1
33 155 1
183 206 36
53 100 1
39 132 132
53 114 1
221 224 117
61 76 28
142 189 1
1 130 1
1 96 1
36 78 36
96 141 1
23 117 117
67 78 1
138 256 256
28 238 1
116 222 238
205 215 1
217 240 207
4 74 1
86 115 1
16 241 1
69 186 1
28 95 1
56 155 56
51 224 1
213 222 1
104 176 70
3 135 3
147 188 147
15 199 106
186 200 1
29 180 29
27 44 44
1 91 1
109 223 147
144 186 1
57 84 1
122 147 147
50 145 147
112 204 224
239 253 1
94 179 1
1 193 1
19 168 1
47 121 1
81 132 1
36 209 36
1 199 1
104 227 1
79 123 147
70 161 1
140 199 160
85 102 1
68 134 1
31 130 1
79 214 147
69 137 147
154 195 1
195 228 228
47 212 1
98 225 117
139 155 139
36 199 1
11 99 1
118 177 228
116 249 1
130 212 130
222 232 1
46 62 147
192 233 147
2 232 2
3 24 1
93 214 28
1 170 1
82 127 1
19 107 117
161 208 192
111 176 1
41 175 117
49 149 185
22 88 1
57 207 1
79 222 1
1 26 1
137 218 1
30 123 1
109 167 1
25 227 1
95 214 1
125 185 185
192 211 147
32 145 1
66 211 147
138 141 1
13 102 117
104 151 1
52 205 117
100 232 1
65 98 28
14 131 44
117 127 1
1 235 1
88 232 232
100 217 207
122 194 194
175 216 117
28 132 1
11 126 1
224 250 1
96 146 1
89 166 1
4 247 185
78 245 1
1 29 1
107 161 192
27 138 1
112 246 147
167 219 44
44 178 44
109 189 1
101 148 1
160 172 160
97 148 1
136 247 1
79 237 117
88 193 1
102 161 117
8 123 1
69 225 117
75 223 147
149 243 1
99 244 147
54 248 1
2 107 192
3 149 1
142 165 1
82 251 70
14 196 44
75 117 117
47 84 207
68 232 1
80 235 80
68 98 1
105 126 28
120 185 1
64 196 1
65 170 1
42 217 1
61 90 224
117 232 117
51 199 1
105 175 28
49 211 1
85 247 1
192 216 117
69 120 1
2 80 147
157 254 36
72 211 147
199 237 237
114 144 44
16 87 16
69 74 29
64 67 29
12 195 228
19 159 106
74 121 1
14 176 36
7 226 36
158 191 1
233 235 233
1 116 1
137 246 147
138 210 117
68 186 1
12 211 1
52 68 1
17 25 238
29 80 80
136 233 233
124 183 1
147 224 147
175 221 117
1 100 1
133 209 1
142 192 147
242 254 36
115 123 147
110 117 117
186 253 1
122 186 1
141 142 1
178 239 239
53 233 233
111 119 224
132 242 1
1 224 1
48 62 48
24 71 1
6 250 1
106 181 106
157 194 1
107 140 117
82 183 36
91 165 162
164 193 1
21 22 1
94 190 1
1 219 1
5 147 1
112 149 1
201 219 1
1 60 1
12 89 228
1 234 1
20 133 1
110 161 117
107 159 117
75 81 147
214 253 147
26 153 207
82 84 1
148 241 1
60 180 117
122 203 1
118 190 1
45 134 1
158 253 43
233 251 1
8 70 36
50 167 1
140 181 160
77 130 185
46 99 147
36 57 1
19 105 117
53 182 147
86 209 1
86 148 1
25 158 1
68 125 185
23 88 88
206 235 1
18 145 147
7 48 1
117 137 117
20 79 1
9 218 44
87 176 176
97 214 28
96 232 1
142 205 147
1 180 1
38 255 106
194 211 194
82 190 70
99 147 147
37 134 1
1 12 1
198 250 1
46 142 46
109 172 117
31 148 36
1 137 1
2 56 117
1 77 1
56 191 1
211 225 117
74 136 29
97 105 28
1 8 1
13 99 147
53 240 1
49 198 185
124 207 207
50 128 1
182 187 194
216 245 106
176 221 1
125 198 185
130 219 1
43 135 117
147 163 1
85 214 1
158 211 147
49 57 1
9 16 36
1 94 1
53 253 233
149 234 185
121 166 36
127 177 228
9 213 44
71 209 197
36 234 1
80 142 147
25 218 1
143 183 36
98 142 147
167 212 1
9 35 1
142 147 147
123 162 1
128 131 44
154 206 1
109 126 28
47 51 1
105 147 147
82 104 70
40 74 1
165 175 1
97 206 1
36 186 1
70 251 70
94 214 28
21 55 55
155 242 1
67 235 80
39 184 39
1 186 1
4 22 1
87 250 1
113 137 137
174 227 1
138 219 1
27 190 36
35 149 1
130 215 215
81 163 1
112 227 224
69 170 1
48 246 48
37 216 1
141 180 1
97 167 1
40 66 1
30 207 236
102 193 1
5 195 174
212 245 1
20 32 1
37 173 32
224 255 117
141 201 228
9 193 1
60 72 117
189 220 36
87 143 36
137 247 1
86 174 1
105 134 1
2 249 2
172 232 117
78 237 1
50 69 147
99 100 1
90 206 1
28 210 28
64 173 1
189 236 1
24 231 250
32 45 185
4 132 1
105 118 1
9 159 1
91 226 36
66 115 147
52 90 117
132 172 1
83 148 44
3 219 1
24 109 1
142 169 117
50 147 147
213 228 1
99 188 147
196 206 44
18 126 28
28 93 28
95 228 228
93 111 224
71 166 36
11 75 1
75 115 147
61 66 28
51 219 162
56 225 117
42 72 1
154 181 117
12 95 228
195 219 1
110 160 160
118 194 1
116 240 238
180 253 43
10 177 1
38 139 160
22 152 36
212 215 215
81 230 1
160 225 117
66 123 28
156 249 1
135 168 1
150 159 1
109 111 28
89 116 1
119 201 1
41 111 117
5 51 1
43 235 43
48 197 1
1 160 1
28 228 1
28 232 28
31 214 1
156 163 1
165 197 44
162 233 1
40 178 40
135 155 155
11 41 1
97 124 1
2 76 2
142 220 1
21 240 55
212 243 1
185 235 1
27 156 36
157 168 70
147 255 117
53 129 233
9 44 44
60 126 117
111 158 147
44 150 44
149 198 185
228 238 1
33 149 1
97 241 241
101 199 117
76 207 1
36 114 36
63 235 117
80 199 117
65 192 192
48 211 48
132 229 1
113 126 147
33 129 1
129 234 1
125 130 125
167 196 9
1 103 1
39 111 1
84 233 1
112 217 1
71 76 1
25 116 238
113 142 147
11 104 1
59 242 1
142 164 1
152 180 1
1 104 1
94 252 117
56 65 117
137 225 117
34 159 106
39 156 1
25 173 1
171 210 117
181 256 34
119 185 1
154 168 1
94 146 1
46 56 117
149 195 1
180 235 80
122 200 147
82 226 36
173 256 1
193 229 1
84 151 207
1 144 1
32 255 1
1 36 1
117 136 117
83 188 1
21 161 1
34 155 160
23 247 1
13 98 224
20 201 228
1 197 1
33 95 228
231 250 250
72 83 1
121 208 1
220 226 36
71 73 1
160 180 117
97 208 28
153 240 47
21 198 1
169 177 1
47 192 1
73 216 1
160 199 160
225 254 1
132 197 1
54 237 117
36 166 36
80 145 80
43 191 1
76 215 1
188 205 28
21 136 1
49 200 1
138 216 106
102 211 117
95 158 1
105 132 1
5 8 1
120 201 1
123 157 1
79 144 1
117 192 117
125 212 125
93 223 147
113 132 1
32 108 1
1 62 1
74 131 1
34 174 1
73 82 1
118 248 228
62 187 194
5 122 1
12 24 1
62 78 1
10 83 1
98 105 28
158 185 1
160 219 1
83 117 1
180 237 117
178 250 1
8 16 36
67 91 1
179 228 228
8 178 239
12 105 1
127 138 1
44 48 1
150 212 1
36 156 36
95 195 174
222 237 1
163 243 231
56 60 160
150 219 44
4 130 130
69 158 80
23 65 23
151 212 1
129 253 43
172 253 117
98 168 1
1 81 1
187 204 147
158 223 147
59 84 1
201 247 1
93 252 117
147 200 147
111 175 224
193 222 1
49 207 1
78 200 1
108 144 44
59 143 1
6 188 147
37 233 1
12 112 1
135 195 1
163 217 1
74 116 1
29 133 117
4 149 185
63 124 1
105 117 117
88 169 117
60 254 1
9 206 44
96 118 1
35 118 228
132 185 1
31 254 31
107 205 192
119 213 1
190 212 1
155 169 169
252 256 34
96 179 1
55 143 1
58 153 1
30 146 1
87 157 70
1 39 1
29 61 147
31 239 36
180 182 147
1 146 1
122 137 147
53 117 117
129 154 147
2 88 2
47 124 47
26 195 1
39 186 39
3 112 117
143 150 44
13 117 117
48 217 1
84 236 236
79 188 147
22 147 1
203 233 1
146 169 1
139 223 117
5 124 1
94 209 1
120 175 1
42 220 1
30 41 1
124 254 1
58 64 147
124 153 47
168 222 1
49 154 1
102 129 117
172 203 1
174 222 1
28 123 28
45 110 1
17 29 1
96 133 1
147 195 1
157 231 1
14 252 1
223 241 147
55 100 207
8 105 1
109 161 192
23 244 232
58 246 147
86 186 1
19 256 34
168 194 1
147 151 1
72 107 147
171 172 169
17 120 238
147 201 1
110 124 1
43 93 147
118 220 1
1 158 1
160 206 1
75 147 147
245 255 106
109 155 117
1 253 1
19 245 34
132 153 1
87 235 1
66 202 117
27 128 44
26 223 1
35 177 228
65 88 88
2 81 147
173 178 1
55 249 1
1 111 1
61 215 1
33 228 228
80 100 1
132 167 1
34 249 117
53 120 1
161 227 28
13 199 117
113 133 117
138 252 34
166 217 1
23 216 117
23 56 117
221 229 117
27 118 1
143 191 44
141 233 1
94 175 224
139 153 1
14 31 36
34 152 1
96 106 1
20 256 1
186 225 1
193 224 1
143 213 44
29 209 1
38 227 117
27 205 1
65 222 1
72 146 1
22 252 1
181 212 1
1 86 1
32 232 1
148 207 1
200 247 1
168 212 1
90 197 1
130 149 185
74 180 29
70 176 70
88 101 147
159 255 106
44 51 44
21 84 207
155 181 160
78 242 70
28 244 28
41 171 139
68 146 185
177 201 201
223 224 147
67 136 69
23 61 28
25 45 1
70 112 1
38 245 38
65 178 1
76 205 205
41 54 117
32 165 1
91 168 36
87 184 1
63 110 160
147 192 147
29 58 147
76 118 1
62 69 147
110 237 160
1 254 1
169 223 117
36 254 36
123 205 28
117 229 117
43 129 43
1 190 1
77 91 1
193 228 1
171 250 1
100 116 238
24 144 1
168 176 70
175 223 147
30 104 1
139 197 1
93 241 224
74 244 147
20 212 1
8 226 36
203 211 1
116 123 1
21 124 47
36 104 36
192 208 192
63 133 160
94 165 1
78 217 1
27 67 1
181 199 106
62 147 147
179 224 1
183 241 1
55 236 236
41 107 117
116 151 238
26 137 1
44 188 1
247 256 1
42 140 1
88 105 192
149 165 1
63 216 63
27 126 1
72 189 1
145 147 147
8 101 1
180 252 117
51 197 44
89 221 1
9 167 9
177 231 1
9 187 1
108 141 1
103 178 44
87 92 1
24 234 1
62 157 1
97 112 224
39 222 1
117 123 117
114 131 9
91 130 1
39 138 1
84 141 1
28 204 28
66 192 192
139 251 1
40 155 1
16 22 16
189 218 36
90 139 117
28 119 28
88 245 117
84 150 1
119 211 147
34 150 1
90 219 1
143 178 239
53 98 147
66 255 117
114 163 1
95 114 1
1 97 1
6 173 1
155 201 1
155 160 160
135 146 1
61 111 224
72 147 147
163 203 1
59 160 160
90 169 117
7 91 36
32 207 1
1 87 1
29 233 233
150 247 1
66 95 1
52 256 117
51 228 1
65 117 117
81 182 147
56 145 117
122 236 1
55 217 207
63 145 117
9 114 9
180 245 117
94 119 224
26 236 236
127 195 228
84 137 1
110 169 160
59 172 139
13 181 117
144 154 1
74 176 1
183 213 36
119 126 28
17 151 238
98 130 1
20 174 228
38 117 117
194 229 194
25 174 1
23 202 117
25 230 1
44 91 44
94 200 147
3 213 1
98 126 28
159 200 117
80 163 1
35 86 1
88 126 28
202 216 106
1 114 1
89 236 1
45 128 1
113 237 117
53 147 147
83 187 1
43 193 1
64 69 29
134 148 134
94 98 224
34 161 117
210 227 210
62 143 1
4 167 1
242 249 1
95 179 228
13 160 117
16 109 1
151 245 1
19 209 1
143 209 239
165 226 36
1 203 1
18 28 28
1 230 1
50 124 1
58 245 117
59 169 139
44 128 44
134 162 44
44 239 44
9 40 44
132 199 1
180 181 117
94 147 147
66 217 1
91 121 36
24 190 1
91 203 1
94 129 147
86 212 1
21 116 238
212 234 215
47 148 1
181 206 1
85 142 1
67 233 233
56 167 1
56 68 1
1 142 1
4 120 1
2 233 147
58 203 1
41 218 1
51 150 44
84 172 1
74 137 147
79 147 147
107 126 28
5 225 1
4 18 1
71 83 44
146 235 1
177 198 1
73 186 186
114 200 1
1 95 1
44 209 44
65 66 192
19 21 1
245 256 256
41 133 160
95 159 1
90 112 224
191 201 1
124 149 1
218 255 1
66 135 117
98 152 1
133 159 160
55 120 207
63 252 106
185 212 185
53 127 1
185 234 185
155 248 1
21 100 207
51 64 1
11 33 1
145 235 80
71 143 239
118 144 1
102 224 117
97 168 1
39 251 1
204 255 117
171 199 160
81 180 43
133 181 160
1 70 1
69 80 80
76 126 28
60 249 117
159 161 117
83 126 1
67 180 69
8 64 1
29 69 29
78 153 1
9 14 44
1 140 1
66 218 1
4 6 1
34 60 106
64 125 1
81 114 1
225 244 117
117 202 117
74 179 1
36 40 36
23 192 192
2 74 147
137 201 1
35 240 1
41 156 1
154 194 194
77 215 185
144 175 1
38 215 1
115 187 194
166 209 36
13 61 13
7 173 1
106 134 1
29 81 43
3 169 169
218 225 1
43 94 147
179 190 1
9 102 1
87 162 36
152 249 1
29 129 80
20 35 228
30 124 236
4 45 215
129 210 147
139 201 1
69 94 147
63 106 106
9 104 36
171 214 117
14 108 44
190 237 1
71 150 44
64 145 80
238 240 238
133 196 1
67 219 1
11 83 1
81 130 1
94 224 224
22 215 1
44 120 1
223 238 1
38 147 117
1 69 1
110 133 133
140 163 1
1 18 1
49 124 1
14 94 1
9 42 1
60 95 1
93 240 1
149 230 1
6 194 194
18 97 28
139 256 160
138 173 1
150 241 1
93 255 117
203 230 132
147 204 147
19 54 117
120 196 1
14 200 1
161 180 147
205 232 2
2 3 117
62 122 62
82 152 36
44 143 44
23 254 1
52 58 117
8 235 1
44 59 1
70 239 36
46 128 1
51 79 1
106 138 106
194 222 1
23 249 2
66 163 1
69 241 147
114 119 1
22 112 1
141 204 1
22 156 70
63 210 117
8 109 1
116 216 1
112 135 117
30 152 1
1 129 1
56 117 117
83 239 44
1 252 1
148 216 1
161 243 1
28 144 1
134 205 1
48 182 48
32 125 185
76 104 1
6 62 48
190 247 1
52 114 1
54 172 117
104 238 1
126 165 1
40 116 1
53 69 233
83 235 1
135 140 160
59 245 160
213 226 36
174 184 1
85 244 1
114 230 1
114 196 196
144 198 1
80 103 1
92 247 1
12 223 1
13 130 1
1 210 1
16 27 36
245 252 34
44 170 1
78 190 70
226 231 1
132 203 132
32 170 185
108 126 1
36 221 1
77 230 1
83 220 44
40 143 239
138 166 1
113 118 1
104 209 36
84 197 1
45 106 1
126 224 28
190 251 70
129 158 80
43 253 43
128 183 36
61 93 13
140 245 160
53 64 233
35 49 1
149 186 1
105 107 192
69 255 117
160 241 117
1 216 1
22 87 70
11 250 250
96 203 39
77 198 146
77 110 1
40 209 239
168 190 70
2 48 147
122 187 194
29 39 1
54 66 117
28 175 28
113 198 1
156 191 36
13 196 1
21 226 1
74 78 1
64 136 29
140 240 1
1 102 1
56 138 160
32 198 185
145 243 1
159 252 106
63 156 1
225 226 1
44 206 44
98 175 188
17 183 1
120 236 236
113 147 147
149 247 185
1 240 1
40 239 239
15 181 106
111 117 117
152 187 1
3 177 1
104 166 36
64 235 80
74 230 1
71 201 1
106 255 106
12 129 1
91 215 1
50 211 48
174 236 1
200 235 147
23 44 1
61 80 147
95 200 1
123 209 1
237 255 106
43 103 1
32 139 1
167 220 44
4 49 185
107 208 107
21 192 1
97 191 1
28 105 28
143 182 1
16 36 36
208 224 28
53 235 233
80 203 1
27 100 1
13 211 147
57 96 1
111 157 1
11 142 1
199 238 1
120 205 1
202 213 1
160 192 117
130 198 185
196 238 1
16 172 1
184 193 132
77 237 1
237 245 106
121 152 36
66 210 28
24 105 1
22 237 1
118 247 1
107 178 1
60 80 117
25 240 25
56 199 160
6 87 1
143 175 1
149 249 1
105 129 147
55 222 207
79 113 147
166 226 36
36 179 1
160 252 160
78 161 1
140 202 160
31 180 1
42 141 228
28 94 28
143 220 143
36 226 36
35 179 228
80 255 117
128 213 144
66 109 192
90 204 224
37 49 185
16 130 1
40 186 1
121 176 36
94 229 147
12 45 1
44 86 1
184 203 39
36 224 1
231 242 1
8 211 1
154 243 1
112 119 224
79 190 1
1 99 1
1 134 1
5 228 228
1 37 1
35 205 1
1 247 1
94 189 1
128 167 44
121 219 36
44 162 44
22 35 1
88 96 1
1 139 1
79 133 117
134 144 44
103 157 36
72 192 147
27 88 1
91 195 1
84 209 1
164 220 1
68 158 1
49 54 1
51 149 1
5 255 1
10 238 1
29 253 43
36 178 36
12 88 1
113 134 1
80 117 117
23 231 1
9 205 1
36 62 1
55 146 1
211 216 117
131 234 1
69 233 233
58 146 1
47 116 238
1 55 1
20 88 1
47 255 1
16 226 36
242 251 70
138 241 117
23 201 1
52 239 1
15 140 160
81 129 43
176 242 176
202 252 34
96 164 1
45 85 1
95 177 228
125 154 1
34 140 160
93 94 224
70 100 1
46 241 147
35 141 228
156 176 176
196 222 1
1 220 1
22 116 1
92 101 1
45 100 1
214 249 28
184 252 1
48 237 117
21 115 1
65 252 117
124 240 47
124 217 207
42 209 1
153 207 207
62 75 147
198 247 185
156 168 70
67 160 117
7 168 70
9 225 1
58 204 147
83 135 1
117 235 117
135 172 135
4 94 1
1 61 1
90 126 28
13 197 1
24 70 1
168 211 1
22 225 1
26 249 1
34 117 117
66 180 147
6 248 1
1 255 1
7 10 1
59 125 1
75 215 1
116 205 1
57 223 147
78 186 1
51 162 162
95 126 1
17 54 1
105 207 1
21 57 1
36 97 1
12 114 1
59 170 1
58 75 75
147 180 147
70 168 70
113 199 117
129 233 233
150 200 1
12 233 1
140 206 1
22 84 1
160 255 160
89 104 1
57 92 1
137 249 147
34 35 1
104 251 157
7 184 1
7 244 1
21 219 1
188 247 1
96 201 1
83 144 44
22 121 36
63 240 1
145 253 43
46 187 147
109 143 1
12 42 228
168 197 36
189 190 36
21 251 1
35 222 1
66 225 117
74 81 43
137 192 147
77 151 1
41 127 1
17 192 1
51 182 1
73 184 39
148 248 1
85 123 1
1 66 1
121 148 36
11 57 1
84 240 207
81 253 43
58 163 1
34 65 117
43 116 1
38 92 1
63 128 1
59 239 1
180 241 147
3 211 117
19 252 252
121 128 36
2 135 117
57 154 194
58 252 117
10 123 1
12 130 1
90 171 117
83 140 1
133 171 160
187 229 194
53 161 147
20 254 1
15 26 1
89 127 228
49 241 1
62 249 147
1 122 1
35 111 1
126 175 28
117 175 117
152 191 36
25 191 1
189 233 1
222 240 207
113 226 1
76 232 2
237 249 117
125 225 1
50 57 194
31 156 36
111 214 28
117 158 117
79 221 117
58 159 117
1 138 1
138 232 117
84 148 1
28 97 28
14 103 44
68 83 1
141 207 1
34 59 160
39 252 1
113 161 147
3 171 169
219 225 1
57 184 1
31 192 1
40 169 1
56 142 117
157 210 1
45 239 1
99 113 147
71 254 36
88 235 147
58 93 147
60 144 1
40 71 239
142 187 147
123 220 1
175 239 1
232 235 147
165 218 162
104 157 157
129 180 80
3 165 1
71 223 1
134 186 1
169 199 160
1 128 1
163 250 250
1 98 1
67 242 1
125 234 215
81 227 147
57 182 194
181 240 1
53 168 1
166 241 1
19 155 160
59 135 139
102 180 117
60 195 1
1 41 1
19 116 1
102 169 117
69 203 1
19 199 106
199 255 106
42 122 1
19 139 160
34 102 117
38 186 1
48 121 1
1 14 1
14 164 1
54 84 1
32 221 1
23 123 28
24 56 1
122 218 1
57 119 147
30 228 1
42 112 1
207 251 1
238 241 1
133 202 160
121 251 36
120 153 207
1 245 1
90 214 28
136 158 80
214 251 1
79 228 1
2 205 2
83 92 1
65 209 1
23 175 28
20 127 228
15 61 117
67 142 147
90 226 1
85 92 1
188 204 224
58 152 1
17 190 1
41 48 117
107 251 1
137 138 117
75 99 147
1 52 1
4 237 1
178 220 239
203 210 1
63 150 1
74 104 1
12 118 228
244 248 1
66 72 147
118 127 228
78 168 70
25 216 1
158 180 80
165 247 1
132 204 1
18 205 205
99 121 1
42 147 1
185 215 185
7 251 157
34 158 117
177 250 1
44 134 44
106 216 106
36 59 1
181 252 34
19 38 34
192 232 192
76 99 147
92 232 1
188 190 1
103 241 1
52 85 1
143 252 1
72 168 1
40 152 36
64 217 1
160 175 117
1 40 1
36 108 36
74 80 80
46 250 1
63 202 106
50 194 194
50 174 1
82 156 176
27 36 36
22 250 1
62 73 1
22 109 1
108 134 44
86 150 1
8 165 44
14 213 44
128 181 1
202 220 1
137 159 117
141 220 1
92 120 1
32 123 1
124 127 1
228 248 228
8 36 36
61 224 224
43 254 1
139 148 1
92 241 1
157 226 36
54 215 1
8 83 44
186 254 1
97 126 28
14 165 44
63 99 117
36 152 36
225 255 117
70 242 70
5 36 1
147 232 147
29 100 1
69 149 1
174 195 174
150 189 36
52 180 117
81 256 117
147 157 1
37 101 1
95 243 1
42 110 1
33 35 228
51 58 1
73 200 1
29 43 43
165 191 191
114 133 1
90 147 147
174 228 228
10 24 250
159 172 160
130 170 185
247 251 1
105 249 192
45 135 1
105 232 192
152 240 1
65 100 1
216 233 117
93 124 1
13 93 13
230 255 1
122 174 1
46 108 1
46 199 117
1 119 1
132 230 132
193 250 1
2 72 147
12 201 228
173 218 1
56 150 1
53 183 1
105 154 147
17 237 1
184 215 1
31 226 36
119 241 119
99 223 147
192 197 1
178 207 1
28 98 28
52 64 117
157 178 36
124 138 1
1 156 1
67 80 80
13 126 28
111 241 224
207 222 207
33 164 1
193 230 132
88 146 1
99 246 147
183 188 1
24 220 1
17 21 238
185 230 1
22 70 70
65 120 1
36 68 1
126 217 1
55 116 238
33 118 228
153 242 1
1 221 1
42 216 1
219 226 36
60 159 60
138 238 1
123 175 28
23 161 192
30 222 236
51 191 162
93 201 1
7 31 36
167 195 1
65 86 1
12 20 20
70 157 70
7 78 157
47 164 1
156 161 1
165 249 1
103 124 1
180 233 233
69 177 1
18 91 1
111 245 117
66 239 1
81 86 1
204 253 147
72 93 147
89 203 1
63 142 117
1 90 1
183 233 1
114 203 1
34 214 117
71 118 1
39 71 1
68 137 1
117 218 1
86 251 1
15 60 106
37 57 1
58 142 46
49 88 1
99 101 147
43 138 117
100 134 1
10 56 1
91 162 162
174 233 1
38 52 117
28 38 117
118 121 1
3 110 160
24 169 1
118 174 228
117 205 117
4 77 185
125 201 1
27 131 9
151 153 207
131 236 1
37 112 1
1 6 1
7 70 70
28 208 28
182 250 1
70 241 1
25 157 1
44 114 44
19 117 117
30 121 1
179 184 1
28 138 117
101 216 117
143 173 1
191 218 162
99 241 147
197 234 1
194 233 147
53 67 233
9 103 44
57 62 194
14 197 44
36 250 1
26 120 207
137 233 147
51 196 44
55 207 207
117 182 117
117 228 1
50 122 62
20 119 1
37 220 1
109 205 192
23 94 28
22 251 70
76 208 192
61 243 1
99 163 1
39 216 1
43 147 147
162 248 1
26 201 1
141 177 228
126 188 28
80 131 1
84 164 1
75 114 1
1 205 1
56 188 117
136 240 1
100 127 1
17 222 238
201 216 1
117 139 117
158 235 80
34 245 34
197 199 1
93 147 147
10 98 1
145 200 147
1 24 1
25 76 1
118 179 228
163 211 1
56 112 117
5 16 1
106 173 1
73 128 1
44 131 44
65 220 1
208 249 192
55 233 1
83 182 1
30 148 1
108 152 36
124 131 1
87 230 1
3 117 117
95 145 1
114 211 1
174 230 1
56 70 1
93 190 1
200 212 1
47 240 47
64 74 29
11 227 1
1 256 1
29 49 1
113 158 147
43 68 1
205 241 28
12 209 1
36 244 1
28 111 28
48 57 194
94 117 117
202 211 117
128 143 44
38 138 38
101 214 147
67 115 147
90 97 224
81 138 117
40 208 1
156 227 1
51 215 1
97 119 119
117 204 117
23 76 2
98 241 224
80 244 147
119 230 1
128 169 1
54 67 117
121 229 1
62 123 147
126 234 1
11 231 250
114 128 44
15 19 106
159 250 1
114 218 44
39 73 39
238 243 1
164 212 215
97 109 28
109 239 1
58 69 147
102 121 1
140 221 117
83 114 44
51 55 1
148 256 1
111 199 117
3 179 1
56 133 160
61 250 1
21 165 1
22 148 36
57 163 1
41 138 160
135 175 117
38 110 160
46 53 147
39 193 132
121 175 1
145 228 1
137 185 1
117 168 1
10 113 1
62 245 117
53 102 117
144 237 1
12 208 1
112 248 1
25 81 1
111 226 1
141 224 1
37 185 185
147 242 1
179 215 1
149 170 185
44 212 1
98 122 147
82 111 1
175 188 188
153 201 1
74 218 1
1 27 1
37 130 185
85 167 44
126 172 117
11 161 1
38 101 117
54 224 117
54 163 1
51 176 36
88 150 1
43 249 147
70 104 70
54 256 117
180 224 147
69 123 147
136 235 80
140 169 160
89 133 1
140 228 1
72 223 147
39 203 39
139 159 160
12 231 1
52 215 1
108 203 1
185 233 1
75 240 1
57 88 147
121 226 121
81 233 233
149 222 1
39 85 1
31 152 31
127 218 1
131 230 1
11 31 1
129 235 129
64 81 43
3 144 1
56 102 117
70 158 1
112 221 117
16 188 1
4 26 1
102 252 117
107 244 192
54 99 117
8 76 1
27 150 44
29 211 147
1 108 1
57 248 1
28 226 1
29 92 1
39 145 1
15 244 117
72 87 1
36 142 1
22 33 1
29 147 147
28 188 28
15 231 1
130 226 1
48 157 1
138 255 106
8 57 1
63 221 117
148 165 44
161 232 192
90 94 90
67 158 80
7 19 1
25 84 25
207 240 207
21 47 47
195 237 1
28 116 1
151 199 1
92 238 1
113 219 1
158 181 117
119 210 224
113 164 1
179 231 1
66 205 192
148 226 36
182 246 182
91 98 1
223 239 1
19 78 1
95 201 228
26 222 207
23 214 28
51 200 1
6 241 147
63 111 117
10 55 1
112 175 175
72 228 1
53 244 147
51 119 1
130 153 1
202 210 117
195 196 1
163 164 1
117 129 117
83 143 44
210 224 224
31 189 36
113 245 117
106 178 1
116 120 238
1 231 1
90 111 224
86 136 1
20 29 1
8 203 1
63 224 117
63 183 1
184 220 1
18 66 192
53 111 147
9 188 1
22 196 36
42 105 1
126 210 28
197 255 1
62 90 147
71 191 44
60 128 1
1 51 1
41 139 139
51 231 1
112 203 1
85 106 1
4 166 1
86 217 1
116 192 1
123 124 1
61 216 117
19 171 160
122 253 147
192 243 1
72 121 1
186 193 132
187 194 194
51 115 1
16 176 16
99 203 1
89 142 1
80 253 43
104 131 36
59 243 1
66 75 147
104 205 1
35 231 1
40 88 1
105 206 1
25 175 1
186 214 1
25 146 1
102 107 117
2 151 1
91 132 1
139 221 117
23 232 232
59 145 117
79 117 117
126 204 28
181 245 34
22 157 70
69 122 147
90 241 224
48 249 147
46 194 147
22 27 36
30 185 1
44 165 44
154 187 194
38 60 106
161 205 192
30 101 1
162 167 44
14 83 83
48 99 147
217 222 120
36 131 36
163 253 1
153 249 1
63 117 117
4 234 215
45 231 1
146 233 1
95 153 1
121 185 1
137 245 117
155 241 117
65 244 232
117 231 1
120 217 120
1 149 1
96 188 1
35 201 228
1 50 1
60 245 106
153 239 1
143 154 1
214 222 1
141 183 1
2 130 1
67 101 147
168 179 1
19 181 34
188 246 147
120 151 207
82 221 1
3 64 117
13 234 1
94 210 224
48 75 147
222 251 1
10 86 86
2 126 28
17 86 1
9 234 1
32 235 1
67 256 117
133 155 160
178 206 44
177 188 1
5 174 174
26 237 1
19 128 1
17 235 1
36 242 36
70 160 1
79 81 147
151 222 207
78 131 36
113 250 1
60 218 1
71 239 239
27 233 1
45 247 185
17 167 1
49 125 185
10 39 1
6 239 1
88 189 1
164 191 1
165 228 1
36 51 36
37 192 1
201 245 1
109 147 147
13 208 28
7 64 1
123 182 147
242 246 1
77 211 1
140 172 160
69 251 1
85 134 44
68 182 1
39 47 1
186 245 1
135 154 117
9 53 1
57 115 194
16 70 16
57 170 1
20 49 1
117 256 117
1 132 1
1 125 1
89 120 1
43 54 117
174 254 1
98 179 1
4 164 215
137 242 1
40 213 44
53 209 1
83 125 1
86 181 1
116 238 238
78 95 1
230 245 1
152 226 36
31 171 1
59 152 1
43 192 147
90 221 117
87 222 1
51 57 1
1 126 1
85 177 1
1 38 1
83 103 44
184 201 1
136 223 147
12 221 1
110 139 160
69 180 69
130 176 1
57 151 1
99 166 1
52 194 117
24 141 1
234 253 1
32 128 1
11 101 1
100 123 1
33 79 1
185 217 1
12 94 1
91 197 44
118 141 228
94 198 1
50 229 229
167 231 1
64 120 1
91 191 162
85 132 1
43 125 1
112 142 147
128 196 44
10 11 250
162 218 162
48 187 194
60 255 106
67 167 1
127 252 1
54 169 117
156 157 70
15 34 106
155 232 117
28 117 117
75 254 1
7 157 157
98 111 224
70 190 70
22 124 1
116 236 238
59 211 117
31 196 36
1 115 1
110 135 160
127 152 1
112 117 117
37 149 185
79 185 1
112 143 1
40 220 239
107 143 1
38 172 160
20 61 1
146 163 1
115 122 48
3 242 1
59 71 1
61 94 224
167 175 1
57 110 117
186 226 1
15 124 1
40 151 1
41 110 160
23 120 1
84 134 1
35 139 1
110 131 1
35 248 228
32 35 1
64 189 1
225 239 1
110 153 1
97 147 147
4 78 1
21 153 47
131 189 36
1 251 1
74 235 80
68 77 185
106 161 117
122 131 1
3 138 160
13 40 1
12 39 1
124 151 207
70 167 36
65 146 1
86 196 1
34 130 1
170 247 185
98 204 224
50 80 147
130 185 185
115 147 147
138 181 34
73 173 1
3 46 117
189 211 1
112 126 28
19 144 1
178 253 1
169 182 117
109 245 117
54 195 1
99 154 147
18 25 1
115 211 48
34 55 1
89 95 228
43 145 43
8 40 239
36 71 36
8 244 1
191 217 1
94 256 117
8 206 44
53 134 1
41 52 117
93 227 13
98 119 224
5 105 1
18 52 117
4 12 1
100 236 236
56 89 1
140 231 1
68 215 185
70 128 36
219 240 1
1 121 1
64 104 1
79 157 1
143 176 36
2 65 2
124 212 1
16 138 1
90 240 1
13 58 147
109 132 1
102 140 117
99 116 1
53 126 147
93 148 1
183 200 1
44 117 1
62 154 194
157 251 157
164 217 1
64 116 1
122 254 1
135 225 117
16 121 36
29 33 1
92 228 228
1 184 1
202 212 1
131 209 44
36 150 36
77 146 146
23 205 2
80 136 80
173 180 1
65 76 2
75 79 79
36 190 36
108 220 239
54 118 1
89 202 1
96 222 1
117 221 117
105 133 117
47 115 1
92 201 228
13 223 147
1 248 1
98 151 1
198 235 1
31 63 1
14 109 1
34 172 160
31 153 1
1 80 1
147 233 147
207 238 238
198 215 185
17 238 238
2 49 1
26 124 207
8 239 239
47 67 1
151 240 207
45 49 185
35 228 228
85 219 44
61 253 147
166 175 1
94 105 28
5 235 1
8 157 36
179 242 1
10 213 1
90 119 224
102 120 1
120 245 1
10 243 250
26 145 1
3 197 1
78 104 157
95 203 1
102 160 117
99 233 147
78 236 1
160 237 160
130 234 215
52 54 52
29 235 80
41 237 160
47 251 1
58 191 1
20 219 1
127 204 1
142 200 46
79 246 147
52 151 1
126 152 1
179 256 1
90 123 28
38 46 117
18 105 192
167 256 1
197 239 239
58 122 147
74 157 1
45 234 215
33 123 1
56 71 1
84 205 1
19 192 117
15 212 1
66 74 147
3 57 117
211 229 48
108 197 197
75 234 1
25 77 1
23 87 1
110 156 1
161 199 117
1 242 1
19 198 1
73 132 132
190 227 1
18 117 117
149 173 185
146 157 1
192 249 192
68 138 1
169 198 1
4 119 1
26 95 1
166 235 1
255 256 106
39 104 1
81 95 1
24 83 1
1 59 1
111 224 224
1 133 1
49 68 185
1 238 1
1 31 1
103 166 36
18 162 1
33 172 1
69 236 1
164 186 1
147 246 147
8 209 239
3 107 117
101 137 101
141 209 1
29 62 147
67 253 43
23 219 1
91 124 1
52 102 52
1 33 1
22 224 1
136 148 1
227 248 1
146 185 185
13 227 13
116 228 1
20 149 1
202 255 106
115 154 194
79 252 117
34 121 1
48 166 1
51 101 1
230 252 1
27 80 1
3 36 1
128 132 1
36 111 1
130 134 1
64 80 80
47 171 1
80 238 1
54 222 1
61 147 147
179 210 1
146 234 185
183 244 1
107 206 1
24 250 250
83 206 44
139 210 117
150 226 36
44 204 1
143 250 1
37 201 1
83 215 1
34 149 1
81 117 117
104 218 36
6 192 147
1 178 1
14 16 36
200 232 147
51 142 1
137 147 147
28 80 147
171 202 160
77 170 77
6 157 1
183 220 36
21 30 236
175 241 224
54 133 117
160 181 160
146 238 1
13 119 224
24 217 1
75 137 147
111 186 1
157 203 1
104 243 1
13 59 117
90 246 147
57 246 194
11 24 250
171 224 117
221 237 117
190 231 1
201 250 1
165 231 1
22 190 70
117 227 117
60 190 1
43 83 1
12 35 228
58 137 147
27 196 196
170 176 1
140 179 1
71 132 1
1 76 1
31 125 1
147 156 1
31 83 36
3 199 160
12 13 1
14 214 1
54 117 117
49 248 1
23 200 147
90 232 28
126 147 147
208 232 192
44 137 1
155 245 160
138 159 106
106 176 1
26 55 207
155 235 117
75 238 1
96 111 1
44 112 1
141 166 1
109 192 192
52 117 117
146 203 1
99 117 117
6 229 48
89 252 1
69 193 1
100 156 1
64 147 147
98 222 1
161 211 147
74 88 147
130 173 185
105 223 147
32 111 1
45 176 1
29 227 147
18 218 1
43 136 43
87 114 36
36 143 36
53 180 233
42 67 1
57 210 147
83 197 44
33 247 1
69 147 147
51 89 1
184 229 1
75 200 75
68 150 1
46 57 147
70 122 1
131 148 44
1 215 1
138 207 1
102 191 1
86 187 1
18 224 28
113 170 1
3 119 117
216 250 1
139 152 1
42 174 174
60 169 160
89 205 1
153 221 1
140 187 117
23 223 147
22 233 1
215 228 1
118 201 228
95 215 1
77 256 1
22 132 1
25 110 1
9 131 9
67 147 147
1 154 1
61 126 28
96 176 1
80 125 1
41 158 117
241 246 147
80 180 80
64 117 117
127 199 1
156 228 1
148 222 1
1 212 1
194 243 1
172 224 117
219 245 1
140 255 160
60 214 117
11 134 1
36 162 36
82 168 70
48 223 147
147 177 1
122 185 1
228 256 1
222 256 1
78 176 70
45 250 1
28 33 1
147 158 147
32 68 185
35 183 1
218 247 1
72 75 75
100 120 207
175 227 224
136 180 180
154 211 194
52 154 117
56 110 160
6 46 147
126 207 1
14 208 1
17 169 1
133 198 1
93 198 1
21 201 1
211 246 48
45 193 1
26 80 1
25 144 1
174 205 1
56 169 169
51 91 162
20 111 1
129 147 147
87 219 36
62 239 1
4 68 185
89 157 1
84 146 1
111 188 224
69 172 117
188 245 117
19 214 117
78 235 1
207 208 1
1 153 1
106 123 117
28 230 1
92 256 1
57 77 1
108 238 1
65 212 1
182 245 117
1 22 1
136 224 147
136 202 117
68 247 185
1 206 1
147 241 147
165 213 44
200 238 1
31 129 1
245 251 1
217 221 1
15 138 106
29 78 1
52 221 52
94 230 1
35 113 1
7 242 70
144 165 44
48 117 117
76 227 28
208 214 28
192 244 192
46 184 1
125 203 1
36 204 1
104 255 1
36 121 36
191 206 191
30 240 236
36 157 36
128 140 1
1 172 1
156 206 36
36 219 36
117 187 117
122 176 1
36 60 1
74 87 1
138 167 1
35 89 228
86 138 1
40 44 44
117 138 117
39 96 39
3 18 117
92 195 228
35 223 1
229 249 147
159 187 117
10 224 1
45 232 1
147 223 147
8 220 143
120 145 1
38 153 1
152 245 1
174 203 1
153 247 1
7 32 1
140 160 160
69 235 80
138 205 117
206 239 44
132 253 1
147 210 147
98 147 147
9 36 36
210 211 147
152 247 1
125 197 1
83 128 44
93 210 13
13 112 224
42 129 1
15 237 106
32 180 1
14 191 44
18 250 1
199 216 106
13 256 117
156 254 36
38 51 1
1 83 1
121 160 1
64 84 1
45 185 185
158 206 1
14 115 1
126 143 1
118 186 1
150 179 1
8 128 44
24 86 250
207 236 236
41 251 1
151 236 236
107 117 117
4 125 125
102 104 1
81 204 147
14 36 36
221 225 102
45 102 1
94 199 117
59 106 160
44 61 1
68 148 1
197 250 1
142 248 1
189 256 1
165 234 1
203 241 1
71 136 1
1 155 1
55 124 47
1 63 1
243 250 250
72 199 117
6 117 117
31 166 31
106 135 160
150 167 44
21 34 1
40 85 44
1 46 1
171 190 1
19 237 106
28 169 117
54 186 1
157 232 1
87 167 36
41 59 59
1 166 1
144 244 1
7 245 1
97 204 241
30 55 236
136 217 1
24 85 1
69 159 117
27 52 1
110 251 1
31 91 36
46 101 147
201 217 1
69 246 147
159 210 117
16 166 36
15 160 160
129 221 117
92 174 228
117 200 117
182 236 1
33 144 1
38 59 160
51 97 1
76 206 1
20 195 228
53 216 117
226 248 1
106 256 106
3 140 160
157 256 1
5 92 228
40 144 44
25 236 25
154 184 1
82 125 1
108 166 36
107 132 1
35 90 1
158 236 1
21 217 207
113 123 147
194 201 1
88 172 117
89 169 1
183 226 36
153 173 1
26 207 207
57 128 1
157 189 36
125 227 1
127 159 1
34 186 1
45 116 1
29 35 1
145 158 80
15 171 160
62 165 1
89 234 1
20 60 1
14 78 36
134 151 1
117 140 117
151 239 1
25 142 1
125 157 1
175 204 224
12 248 228
60 176 1
5 121 1
136 256 117
82 130 1
144 208 1
51 183 36
68 116 1
84 217 207
49 67 1
146 250 1
133 169 160
77 120 1
17 153 238
31 120 1
127 233 1
193 255 1
175 246 147
93 127 1
213 239 44
161 220 1
115 213 1
150 251 36
206 254 36
1 241 1
51 60 1
74 83 1
69 110 117
70 235 1
41 165 1
81 158 43
130 164 215
53 71 1
144 209 44
21 95 1
1 236 1
80 166 1
204 241 241
82 184 1
15 110 160
34 252 34
105 127 1
98 213 1
68 212 185
42 69 1
140 155 160
74 253 43
130 174 1
217 238 238
63 126 117
2 242 1
36 251 36
143 235 1
118 249 1
88 249 2
12 135 1
188 217 1
194 213 1
80 191 1
131 246 1
47 100 207
53 145 233
45 254 1
147 253 147
52 86 1
1 179 1
147 214 147
130 248 1
1 42 1
32 190 1
25 106 1
65 87 1
9 174 1
89 191 1
42 221 1
188 215 1
1 244 1
152 166 31
82 182 1
43 57 147
1 237 1
58 74 147
51 108 44
1 124 1
94 255 117
135 215 1
150 206 44
88 192 192
91 220 44
116 133 1
66 189 1
120 221 1
174 225 1
1 181 1
139 254 1
152 186 1
24 125 1
59 240 1
8 232 1
65 205 2
132 184 132
62 115 48
162 176 36
91 239 44
97 102 117
98 227 224
91 142 1
24 116 1
59 110 160
61 149 1
83 252 1
27 114 196
117 119 117
35 75 1
76 117 117
20 33 228
201 210 1
202 256 256
33 74 1
76 213 1
156 172 1
44 218 44
98 188 188
84 207 207
108 131 44
38 238 1
100 167 1
1 105 1
48 115 48
3 14 1
173 247 247
96 184 39
1 89 1
22 82 70
2 85 1
75 142 75
118 138 1
232 244 232
139 169 139
157 193 1
45 230 1
94 227 224
49 185 185
165 206 165
117 172 117
53 90 147
44 144 44
69 150 1
41 202 160
13 123 28
3 72 117
147 148 1
102 117 117
191 255 1
50 246 62
90 215 1
142 236 1
143 148 44
10 27 1
105 192 192
205 253 147
117 225 117
57 125 1
4 198 185
100 238 238
118 228 228
117 245 117
121 230 1
25 62 1
40 63 1
40 139 1
168 201 1
18 161 192
102 229 117
156 251 70
95 249 1
94 204 224
99 123 147
39 91 1
169 171 169
1 147 1
120 204 1
194 244 147
16 157 16
238 246 1
27 83 44
74 130 1
45 225 1
17 100 238
201 244 1
236 238 238
65 208 192
14 114 44
152 254 31
24 75 1
40 51 44
17 150 1
137 199 117
115 155 117
36 183 36
30 223 1
168 226 36
31 204 1
48 122 48
19 148 1
34 67 117
59 139 139
9 96 1
22 160 1
8 183 36
28 76 28
26 141 1
19 176 1
25 231 1
1 88 1
54 138 117
57 94 147
50 106 117
98 190 1
25 107 1
76 244 2
84 238 238
31 179 1
202 245 38
159 160 160
40 108 239
15 211 117
26 200 1
73 228 1
101 225 117
3 160 160
37 202 1
130 182 1
99 128 1
44 54 1
36 212 1
10 91 1
104 121 36
127 165 1
20 177 228
164 173 185
94 249 28
85 217 1
215 234 215
197 247 1
100 153 207
49 140 1
76 250 1
218 219 162
99 122 147
37 221 1
7 104 104
127 253 1
101 206 1
53 136 233
81 196 1
81 235 43
1 157 1
124 199 1
175 209 1
38 256 256
34 248 1
116 196 1
125 164 215
169 253 117
126 240 1
45 127 1
215 230 1
100 207 207
209 224 1
36 83 36
111 112 224
193 206 1
52 237 117
6 213 1
5 129 1
72 142 46
41 229 117
150 242 36
34 206 1
39 107 1
54 204 117
188 207 1
221 227 117
108 209 197
171 205 117
88 208 192
51 148 44
117 233 117
20 139 1
195 250 1
83 179 1
143 172 1
13 96 1
11 86 250
1 202 1
41 69 117
142 235 147
147 187 147
60 160 160
141 188 1
88 89 1
49 240 1
14 123 1
86 163 250
94 233 147
80 101 147
123 210 28
182 194 194
95 183 1
182 229 229
62 182 182
21 222 207
102 106 117
54 87 1
107 120 1
198 237 1
60 216 106
14 219 44
171 254 1
212 230 1
150 220 44
68 198 185
30 116 238
5 214 1
33 174 228
81 223 147
125 161 1
65 79 147
87 220 36
154 182 194
85 151 1
137 154 147
44 92 1
47 105 1
190 242 70
37 198 185
79 125 1
59 133 160
173 222 1
41 160 160
41 63 160
28 241 28
124 228 1
35 92 228
7 207 1
73 126 1
117 122 117
67 243 1
51 246 1
9 21 1
106 139 160
214 243 1
210 233 147
151 206 1
37 232 1
82 224 1
1 143 1
74 215 1
26 84 207
154 159 117
35 63 1
24 170 1
119 128 1
87 156 176
107 192 192
192 214 28
147 235 147
54 255 117
75 154 147
1 217 1
136 162 1
135 202 160
8 152 36
87 242 242
128 200 1
45 215 215
20 245 1
1 118 1
42 57 1
69 148 1
40 202 1
47 222 207
211 243 1
32 253 1
26 199 1
1 113 1
21 154 1
179 207 1
14 244 1
186 207 1
1 182 1
49 130 185
33 196 1
88 138 117
188 241 224
101 121 1
104 111 1
44 126 1
92 127 127
56 253 117
93 156 1
14 97 1
24 103 1
48 194 194
80 147 147
7 109 1
52 144 1
28 249 28
31 113 1
2 167 1
29 132 1
7 60 1
50 160 117
37 247 247
26 30 236
74 101 147
99 224 147
22 189 36
46 253 147
58 224 147
109 117 117
37 45 185
27 91 44
15 20 1
102 147 117
53 248 1
70 89 1
144 160 1
25 29 1
40 121 36
17 250 1
28 149 1
177 179 228
16 131 36
185 209 1
136 147 147
117 142 117
173 234 185
162 165 162
76 88 2
72 205 147
66 105 192
117 160 117
45 256 1
96 98 1
15 28 117
72 245 117
74 162 1
13 32 1
191 198 1
50 136 147
239 250 1
104 254 36
51 206 162
17 55 238
122 152 1
9 154 1
59 232 117
47 210 1
157 211 1
53 229 147
57 162 1
96 160 1
31 122 1
39 207 1
23 127 1
22 36 36
214 256 117
50 235 147
207 231 1
184 236 1
123 156 1
201 248 248
1 168 1
101 223 147
9 240 1
54 102 52
9 239 44
8 192 1
48 177 1
151 152 1
42 201 228
89 170 1
106 160 160
10 163 250
65 186 1
116 215 1
69 202 117
122 154 194
1 175 1
51 179 1
44 226 36
20 128 1
152 239 36
178 198 1
21 151 207
121 190 36
94 202 117
235 253 43
133 150 1
199 249 117
1 127 1
210 249 28
222 238 238
253 254 1
118 242 1
66 88 192
167 236 1
60 207 1
102 199 117
18 70 1
42 162 1
142 224 147
78 122 1
2 77 1
192 209 1
162 206 162
30 227 1
17 102 1
1 65 1
225 231 1
235 239 1
48 71 1
34 255 106
163 227 1
42 104 1
22 60 1
3 28 117
4 225 1
105 108 1
79 139 117
82 87 242
213 221 1
83 164 1
58 226 1
84 183 1
30 84 236
102 149 1
30 238 238
169 220 1
171 176 1
4 73 1
154 230 1
51 165 162
165 237 1
126 214 28
40 197 239
67 84 1
45 97 1
92 118 228
1 239 1
31 61 1
63 209 1
121 131 36
191 195 1
14 126 1
36 213 36
100 197 1
99 118 1
175 180 147
15 224 117
40 184 1
68 246 1
88 205 2
19 146 1
74 201 1
25 120 25
74 193 1
218 246 1
9 33 1
51 245 1
28 192 28
64 224 147
5 35 228
63 226 1
64 100 1
65 107 192
92 98 1
26 240 207
28 205 28
32 63 1
40 183 36
144 218 44
35 242 1
48 147 147
102 233 117
1 4 1
103 191 44
47 220 1
20 83 1
98 235 147
44 196 44
135 137 117
44 94 1
24 62 1
120 215 1
145 165 1
55 114 1
50 90 147
48 169 117
10 244 1
107 195 1
57 147 147
1 10 1
140 159 160
132 159 1
75 249 147
69 240 1
92 173 1
25 222 25
131 171 1
224 236 1
44 251 36
162 243 1
135 181 160
97 219 1
113 117 117
50 123 147
231 244 1
69 153 1
1 71 1
60 94 117
117 171 117
185 247 185
4 156 1
143 157 36
53 143 1
27 89 1
10 231 250
1 9 1
16 126 1
88 132 1
32 223 1
102 222 1
46 72 46
60 117 117
122 238 1
4 191 1
147 211 147
129 142 147
48 227 147
50 181 117
41 101 117
164 254 1
94 112 224
178 196 44
102 237 117
73 203 39
19 97 117
90 239 1
38 133 160
115 182 48
41 56 139
80 158 80
118 195 228
69 253 43
1 101 1
106 235 117
116 147 1
245 246 117
3 128 1
36 70 36
71 105 1
83 158 1
188 191 1
99 215 1
104 250 1
51 167 44
96 148 1
46 79 79
179 250 1
49 97 1
156 173 1
211 245 117
79 88 147
7 143 36
54 58 117
36 218 36
53 74 233
164 171 1
105 245 117
123 222 1
1 3 1
30 217 236
9 179 1
84 97 1
170 175 1
31 82 36
163 241 1
201 243 1
23 186 1
164 201 1
180 232 147
169 245 160
103 213 144
67 212 1
44 148 44
35 136 1
65 89 1
33 177 177
141 215 1
90 242 1
58 249 147
52 246 117
46 223 147
111 124 1
117 180 117
6 122 48
88 133 117
13 161 28
120 238 238
67 229 147
1 131 1
79 179 1
123 241 28
95 136 1
247 249 1
111 126 28
5 109 1
26 217 207
127 188 1
49 217 1
56 104 1
10 92 1
170 198 146
10 60 1
170 244 1
56 123 117
97 224 224
48 213 1
6 154 194
223 237 117
19 106 106
147 154 147
130 175 1
17 236 238
71 220 239
20 92 228
120 207 207
6 223 147
26 102 1
150 194 1
129 225 117
6 48 48
130 256 1
70 118 1
164 234 164
77 178 1
1 78 1
36 103 36
30 234 1
16 78 16
185 198 185
111 210 224
197 220 239
48 95 1
103 126 1
9 184 1
12 79 1
34 38 34
2 105 192
66 237 117
64 233 233
147 208 147
71 178 239
44 232 1
39 253 1
70 205 1
70 107 1
244 249 2
191 252 1
18 49 1
80 223 147
134 166 36
132 243 1
160 242 1
175 208 28
12 210 1
205 208 192
57 117 117
117 124 1
38 41 160
207 217 207
199 254 1
193 234 1
206 218 162
17 116 116
57 194 194
73 238 1
1 32 1
114 134 44
14 99 1
179 180 1
24 186 1
45 108 1
162 213 44
37 251 1
117 207 1
70 78 70
53 61 147
42 228 228
17 202 1
36 196 36
85 238 1
38 216 106
1 229 1
216 236 1
99 142 147
198 241 1
35 170 1
32 247 247
17 64 1
133 173 1
77 129 1
57 109 147
14 116 1
32 185 185
69 210 147
12 158 1
186 208 1
1 11 1
87 179 1
131 153 1
45 136 1
148 206 44
1 23 1
88 165 1
71 162 44
56 246 117
167 178 44
132 192 1
5 179 228
174 249 1
40 255 1
34 224 117
147 197 1
209 243 1
20 186 1
29 145 80
175 212 1
133 255 160
58 208 147
72 117 117
72 79 79
7 185 1
79 178 1
110 256 160
190 220 36
69 117 117
131 222 1
144 182 1
33 162 1
63 159 106
3 41 139
175 224 224
210 214 28
47 163 1
74 183 1
91 99 1
52 106 117
53 81 233
165 221 1
44 132 1
102 227 117
33 67 1
10 171 1
205 249 249
20 253 1
144 176 36
94 111 224
135 223 117
1 84 1
145 208 147
193 203 132
97 127 1
70 156 70
78 251 157
23 195 1
221 256 117
1 227 1
48 251 1
66 231 1
192 206 1
130 195 1
175 247 1
196 250 1
62 158 147
134 255 1
43 255 117
82 228 1
227 249 28
67 162 1
10 247 1
94 188 224
18 232 2
11 20 1
58 181 117
126 161 28
49 146 185
7 154 1
134 150 134
93 121 1
13 86 1
50 154 194
43 256 117
68 111 1
39 150 1
57 211 194
19 60 106
55 238 238
50 120 1
29 108 1
14 117 1
1 120 1
136 145 80
30 100 236
67 74 29
49 164 185
93 126 28
84 120 207
36 189 36
34 56 160
28 227 28
73 179 1
184 230 132
208 248 1
114 167 9
97 100 1
5 20 228
119 136 147
106 237 106
132 138 1
126 249 28
40 99 1
11 113 1
34 160 160
96 186 39
156 190 70
61 97 224
25 229 1
77 252 1
139 185 1
119 190 1
106 199 106
64 138 117
241 256 117
57 122 194
202 205 117
91 213 44
40 203 1
36 144 36
31 221 1
135 171 169
220 239 239
100 121 1
19 169 160
189 249 1
84 93 1
63 140 160
109 249 192
11 137 1
47 73 1
10 250 250
144 150 44
216 252 106
210 219 1
33 233 1
64 199 117
18 219 1
51 226 36
228 234 1
157 250 1
53 232 147
106 127 1
147 237 117
18 244 2
24 128 1
47 236 236
127 228 228
13 210 13
179 222 1
113 244 147
40 43 1
10 217 1
173 196 1
89 118 228
141 231 1
68 221 1
163 191 1
35 84 1
35 195 228
91 200 1
82 227 1
204 207 1
8 60 1
101 117 117
91 148 44
76 161 192
84 94 1
30 151 236
114 190 36
184 207 1
75 173 1
33 116 1
208 225 117
1 56 1
116 172 1
17 208 1
25 100 25
189 242 36
151 217 207
68 149 68
50 187 194
110 202 160
189 208 1
19 53 117
53 57 147
162 171 1
134 135 1
164 215 215
134 223 1
64 178 1
121 221 1
112 167 1
99 138 117
151 196 1
20 228 228
125 216 1
105 161 192
64 181 117
21 133 1
158 213 1
41 170 1
224 227 224
15 255 106
167 254 36
195 208 1
36 44 36
27 213 44
40 89 1
21 236 236
29 51 1
64 115 147
7 16 16
172 189 1
93 224 224
162 219 162
49 87 1
85 198 1
55 141 1
31 159 1
111 153 1
139 187 117
17 207 238
170 200 1
21 188 1
73 231 1
101 191 1
127 171 1
228 232 1
171 177 1
188 221 117
125 171 1
91 185 1
14 111 1
6 20 1
103 156 36
112 115 147
47 153 47
8 125 1
223 255 117
52 195 1
16 111 1
114 142 1
61 227 13
51 130 1
100 184 1
143 185 1
30 157 1
121 243 1
16 156 16
105 237 117
132 144 1
48 154 194
67 81 43
126 218 1
89 177 201
20 220 1
136 230 1
103 128 144
152 183 183
229 254 1
94 205 28
1 192 1
90 105 28
39 172 1
33 135 1
117 224 117
61 238 1
1 85 1
65 232 232
168 247 1
26 116 238
28 237 117
56 160 160
171 195 1
108 239 239
222 236 236
158 221 117
88 244 232
124 236 236
44 108 44
215 229 1
16 155 1
19 138 34
30 114 1
155 174 1
154 215 1
47 75 1
17 189 1
70 87 70
44 191 44
79 115 147
132 186 132
195 246 1
94 242 1
182 211 48
28 121 1
105 191 1
56 245 160
209 228 1
38 160 160
73 108 1
52 209 1
77 250 1
75 157 1
124 222 207
60 199 106
22 168 22
179 226 1
4 248 1
83 149 1
171 211 117
195 213 1
12 53 1
29 213 1
24 179 1
191 241 1
7 190 70
78 101 1
1 213 1
76 136 147
76 164 1
45 212 215
85 108 44
137 175 147
86 102 1
160 220 1
22 183 36
155 255 160
154 217 1
152 170 1
66 147 147
93 247 1
30 243 1
14 49 1
67 239 1
29 158 80
23 106 117
1 106 1
171 255 160
161 165 1
54 245 117
197 212 1
18 132 1
110 140 140
91 177 1
46 175 147
197 214 1
43 80 43
1 152 1
83 112 1
29 206 1
45 175 1
96 132 132
146 247 185
178 229 1
72 253 147
33 120 1
135 170 1
74 102 117
20 189 1
110 211 117
1 109 1
70 82 70
162 202 1
13 188 224
27 191 44
58 200 72
47 199 1
115 191 1
36 47 1
70 80 1
185 219 1
49 182 1
13 246 147
15 159 106
111 183 1
28 147 147
107 109 107
130 204 1
216 237 106
78 152 36
49 69 1
85 112 1
248 256 1
135 160 160
21 229 1
71 84 1
28 66 28
112 256 117
102 202 117
31 165 36
17 149 1
133 158 117
123 235 147
33 132 1
140 171 160
172 237 160
85 178 44
222 223 1
34 138 34
21 26 207
57 187 187
1 53 1
97 151 1
5 202 1
69 121 1
145 188 147
53 228 1
64 70 1
62 95 1
214 240 1
120 222 120
144 166 36
138 178 1
35 169 1
21 146 1
15 108 1
1 47 1
18 180 147
12 63 1
21 62 1
39 230 132
21 61 1
9 80 1
108 124 1
49 212 185
107 147 147
150 249 1
126 244 28
135 221 117
4 212 130
90 93 224
54 115 117
17 201 1
85 143 44
22 83 36
156 231 1
1 44 1
4 185 185
8 108 239
34 78 1
128 254 36
49 215 185
51 249 1
66 249 192
100 237 1
91 219 162
108 143 239
97 111 224
58 223 147
177 216 1
162 189 36
63 255 106
40 113 1
90 120 1
234 245 1
43 117 117
181 202 34
154 233 147
56 171 169
162 224 1
18 46 147
180 189 1
177 249 1
47 238 238
21 208 1
1 20 1
58 147 147
117 241 117
20 75 1
79 101 147
90 175 224
70 144 36
53 170 1
220 243 1
39 152 1
30 170 1
49 246 1
80 129 80
5 29 1
21 156 1
5 176 1
129 145 80
25 103 1
54 101 117
45 92 1
2 19 117
78 137 1
1 173 1
187 211 194
1 45 1
22 178 36
3 221 117
58 219 1
81 147 147
13 148 1
14 52 1
226 236 1
117 135 117
12 228 228
53 80 233
37 125 185
139 158 117
75 181 117
24 243 250
20 190 1
34 50 117
64 71 1
7 229 1
46 117 117
52 59 117
110 152 1
58 79 79
9 162 44
193 256 1
8 184 1
180 225 117
145 212 1
144 173 1
41 161 117
50 220 1
139 227 117
20 251 1
117 181 117
70 198 1
38 54 117
18 112 28
123 153 1
13 94 224
3 42 1
112 154 147
23 253 147
64 200 147
6 115 48
153 203 1
19 133 160
112 174 1
144 213 144
34 139 160
64 180 29
108 227 1
101 135 117
183 191 36
11 128 1
1 49 1
109 170 1
97 154 147
157 190 70
74 254 1
234 241 1
18 175 28
133 235 117
21 107 1
31 50 1
111 193 1
66 117 117
60 228 1
54 158 117
13 90 224
26 175 1
188 201 1
38 119 117
41 117 117
63 205 117
53 106 117
142 190 1
117 214 117
22 71 36
9 185 1
42 152 1
14 85 85
13 28 28
96 234 1
100 250 1
66 182 147
8 15 1
94 114 1
1 136 1
93 204 224
81 115 147
14 147 1
81 215 1
77 104 1
18 147 147
101 119 147
123 208 28
65 237 117
14 104 36
191 213 44
66 232 192
88 247 1
11 61 1
41 155 139
53 222 1
68 165 1
133 160 160
126 134 1
97 185 1
133 242 1
19 207 1
38 76 117
96 193 132
74 129 80
186 210 1
97 228 1
13 204 224
127 190 1
1 64 1
14 96 1
186 205 1
66 208 192
165 219 165
149 217 1
106 245 106
65 249 2
108 191 44
43 137 147
8 150 44
3 62 117
42 95 174
81 136 43
115 121 1
38 202 38
201 218 1
16 251 16
153 236 236
35 42 228
142 160 117
146 190 1
24 79 1
95 213 1
36 176 36
102 124 1
43 189 1
85 133 1
142 204 147
138 140 160
56 59 139
68 185 185
105 208 192
68 236 1
173 206 1
87 190 70
28 141 1
107 240 1
24 248 1
89 248 248
2 244 2
179 195 228
7 183 36
26 143 1
43 81 43
215 237 1
135 229 117
172 241 117
148 198 1
123 147 147
133 241 117
15 68 1
185 203 1
89 201 201
157 176 70
117 208 117
26 125 1
167 181 1
115 194 194
170 180 1
15 246 117
114 121 36
6 244 147
157 198 1
53 158 233
65 201 1
48 229 48
180 223 147
45 133 1
173 224 1
25 54 1
104 168 70
52 252 117
28 65 28
134 143 44
151 159 1
15 54 117
42 118 228
88 147 147
51 71 44
162 166 36
28 81 147
13 224 224
36 165 36
48 241 147
63 139 160
1 223 1
57 138 117
174 177 228
110 245 160
173 199 1
5 17 1
1 15 1
160 169 160
79 200 79
126 232 28
90 151 1
114 176 36
113 246 147
66 126 28
39 239 1
45 98 1
7 102 1
2 23 2
221 241 117
173 243 1
63 95 1
69 86 1
155 171 169
73 96 39
33 89 201
54 225 52
1 161 1
109 168 1
13 244 28
203 238 1
134 252 1
116 124 238
111 150 1
174 189 1
30 117 1
14 138 1
17 154 1
97 249 28
89 138 1
93 179 1
35 129 1
24 27 1
32 149 185
77 93 1
160 245 160
185 220 1
5 32 1
200 239 1
5 201 228
29 176 1
1 117 1
117 188 117
65 151 1
57 240 1
60 106 106
131 201 1
189 217 1
83 134 44
23 227 28
45 130 215
19 59 160
117 246 117
188 233 147
40 122 1
231 246 1
35 208 1
67 206 1
55 213 1
37 235 1
73 163 1
105 248 1
28 107 28
19 34 34
97 117 117
181 255 106
24 206 1
50 117 117
15 139 160
36 85 36
163 249 1
64 148 1
87 243 1
22 242 70
91 231 1
169 172 169
2 113 147
130 197 1
47 144 1
97 175 224
101 147 147
46 206 1
36 100 1
16 150 36
8 185 1
94 197 1
14 150 44
1 68 1
15 133 160
62 246 62
43 63 117
98 210 224
117 253 117
90 101 147
9 204 1
113 188 147
1 209 1
39 183 1
8 71 239
130 156 1
10 96 1
85 162 44
109 141 1
79 218 1
77 140 1
135 166 1
117 199 117
58 101 147
1 200 1
186 230 132
22 58 1
108 211 1
1 211 1
112 218 1
41 214 117
160 166 1
12 179 20
37 100 1
36 168 36
138 195 1
2 117 117
224 252 117
45 125 215
209 231 1
