256 8447
2 3 1
2 4 1
2 5 1
2 6 1
2 7 1
8 9 2
8 10 2
8 11 2
8 12 2
8 13 2
14 15 8
14 16 8
14 17 8
14 18 8
14 19 8
20 21 14
20 22 14
20 23 14
20 24 14
20 25 14
26 27 20
26 28 20
26 29 20
26 30 20
26 31 20
32 33 26
32 34 26
32 35 26
32 36 26
32 37 26
38 39 32
38 40 32
38 41 32
38 42 32
38 43 32
44 45 38
44 46 38
44 47 38
44 48 38
44 49 38
50 51 44
50 52 44
50 53 44
50 54 44
50 55 44
56 57 50
56 58 50
56 59 50
56 60 50
56 61 50
62 63 56
62 64 56
62 65 56
62 66 56
62 67 56
68 69 62
68 70 62
68 71 62
68 72 62
68 73 62
74 75 68
74 76 68
74 77 68
74 78 68
74 79 68
80 81 74
80 82 74
80 83 74
80 84 74
80 85 74
86 87 80
86 88 80
86 89 80
86 90 80
86 91 80
92 93 86
92 94 86
92 95 86
92 96 86
92 97 86
98 99 92
98 100 92
98 101 92
98 102 92
98 103 92
104 105 98
104 106 98
104 107 98
104 108 98
104 109 98
110 111 104
110 112 104
110 113 104
110 114 104
110 115 104
116 117 110
116 118 110
116 119 110
116 120 110
116 121 110
122 123 116
122 124 116
122 125 116
122 126 116
122 127 116
128 129 122
128 130 122
128 131 122
128 132 122
128 133 122
134 135 128
134 136 128
134 137 128
134 138 128
134 139 128
140 141 134
140 142 134
140 143 134
140 144 134
140 145 134
146 147 140
146 148 140
146 149 140
146 150 140
146 151 140
152 153 146
152 154 146
152 155 146
152 156 146
152 157 146
158 159 152
158 160 152
158 161 152
158 162 152
158 163 152
164 165 158
164 166 158
164 167 158
164 168 158
164 169 158
170 171 164
170 172 164
170 173 164
170 174 164
170 175 164
176 177 170
176 178 170
176 179 170
176 180 170
176 181 170
182 183 176
182 184 176
182 185 176
182 186 176
182 187 176
188 189 182
188 190 182
188 191 182
188 192 182
188 193 182
194 195 188
194 196 188
194 197 188
194 198 188
194 199 188
200 201 194
200 202 194
200 203 194
200 204 194
200 205 194
206 207 200
206 208 200
206 209 200
206 210 200
206 211 200
212 213 206
212 214 206
212 215 206
212 216 206
212 217 206
218 219 212
218 220 212
218 221 212
218 222 212
218 223 212
224 225 218
224 226 218
224 227 218
224 228 218
224 229 218
230 231 224
230 232 224
230 233 224
230 234 224
230 235 224
236 237 230
236 238 230
236 239 230
236 240 230
236 241 230
242 243 236
242 244 236
242 245 236
242 246 236
242 247 236
248 249 242
248 250 242
248 251 242
248 252 242
248 253 242
254 255 248
254 256 248
3 254 1
4 254 1
5 254 1
6 254 1
7 254 1
9 254 2
10 254 2
11 254 2
12 254 2
13 254 2
15 254 8
16 254 8
17 254 8
18 254 8
19 254 8
21 254 14
22 254 14
23 254 14
24 254 14
25 254 14
27 254 20
28 254 20
29 254 20
30 254 20
31 254 20
33 254 26
34 254 26
35 254 26
36 254 26
37 254 26
39 254 32
40 254 32
41 254 32
42 254 32
43 254 32
45 254 38
46 254 38
47 254 38
48 254 38
49 254 38
51 254 44
52 254 44
53 254 44
54 254 44
55 254 44
57 254 50
58 254 50
59 254 50
60 254 50
61 254 50
63 254 56
64 254 56
65 254 56
66 254 56
67 254 56
69 254 62
70 254 62
71 254 62
72 254 62
73 254 62
75 254 68
76 254 68
77 254 68
78 254 68
79 254 68
81 254 74
82 254 74
83 254 74
84 254 74
85 254 74
87 254 80
88 254 80
89 254 80
90 254 80
91 254 80
93 254 86
94 254 86
95 254 86
96 254 86
97 254 86
99 254 92
100 254 92
101 254 92
102 254 92
103 254 92
105 254 98
106 254 98
107 254 98
108 254 98
109 254 98
111 254 104
112 254 104
113 254 104
114 254 104
115 254 104
117 254 110
118 254 110
119 254 110
120 254 110
121 254 110
123 254 116
124 254 116
125 254 116
126 254 116
127 254 116
129 254 122
130 254 122
131 254 122
132 254 122
133 254 122
135 254 128
136 254 128
137 254 128
138 254 128
139 254 128
141 254 134
142 254 134
143 254 134
144 254 134
145 254 134
147 254 140
148 254 140
149 254 140
150 254 140
151 254 140
153 254 146
154 254 146
155 254 146
156 254 146
157 254 146
159 254 152
160 254 152
161 254 152
162 254 152
163 254 152
165 254 158
166 254 158
167 254 158
168 254 158
169 254 158
171 254 164
172 254 164
173 254 164
174 254 164
175 254 164
177 254 170
178 254 170
179 254 170
180 254 170
181 254 170
183 254 176
184 254 176
185 254 176
186 254 176
187 254 176
189 254 182
190 254 182
191 254 182
192 254 182
193 254 182
195 254 188
196 254 188
197 254 188
198 254 188
199 254 188
201 254 194
202 254 194
203 254 194
204 254 194
205 254 194
207 254 200
208 254 200
209 254 200
210 254 200
211 254 200
213 254 206
214 254 206
215 254 206
216 254 206
217 254 206
219 254 212
220 254 212
221 254 212
222 254 212
223 254 212
225 254 218
226 254 218
227 254 218
228 254 218
229 254 218
231 254 224
232 254 224
233 254 224
234 254 224
235 254 224
237 254 230
238 254 230
239 254 230
240 254 230
241 254 230
243 254 236
244 254 236
245 254 236
246 254 236
247 254 236
249 254 242
250 254 242
251 254 242
252 254 242
253 254 242
1 254 1
2 254 2
8 254 8
14 254 14
20 254 20
26 254 26
32 254 32
38 254 38
44 254 44
50 254 50
56 254 56
62 254 62
68 254 68
74 254 74
80 254 80
86 254 86
92 254 92
98 254 98
104 254 104
110 254 110
116 254 116
122 254 122
128 254 128
134 254 134
140 254 140
146 254 146
152 254 152
158 254 158
164 254 164
170 254 170
176 254 176
182 254 182
188 254 188
194 254 194
200 254 200
206 254 206
212 254 212
218 254 218
224 254 224
230 254 230
236 254 236
242 254 242
248 254 248
41 43 32
11 12 2
208 211 200
10 13 2
112 115 104
80 131 80
100 160 92
232 233 224
103 164 92
14 73 14
184 187 176
77 79 68
226 228 218
21 25 14
70 71 62
34 37 26
59 61 50
56 230 56
101 102 92
143 256 134
32 94 32
171 173 164
225 226 218
150 210 140
2 53 2
173 175 164
95 97 86
16 19 8
50 108 50
22 24 14
165 168 158
20 177 20
155 177 146
1 13 1
66 138 56
8 17 8
2 120 2
153 155 146
7 132 1
147 150 140
232 234 224
18 19 8
99 102 92
202 237 194
209 211 200
191 249 182
188 223 188
171 181 164
217 246 206
213 214 206
32 85 32
3 133 1
1 3 1
47 48 38
160 163 152
1 28 1
26 82 26
157 240 146
226 227 218
100 102 92
231 234 224
102 191 92
138 139 128
70 73 62
12 58 2
39 43 32
200 249 200
183 187 176
122 251 122
44 81 44
126 127 116
124 125 116
209 210 200
15 80 8
178 181 170
74 125 74
2 124 2
26 40 26
51 181 44
93 140 86
42 63 32
250 252 242
188 245 188
42 187 32
8 187 8
195 197 188
27 29 20
23 35 14
1 79 1
66 80 56
5 6 1
173 195 164
55 97 44
136 137 128
255 256 248
43 121 32
20 54 20
38 136 38
42 181 32
17 18 8
28 30 20
199 202 188
152 161 152
6 18 1
57 58 50
153 199 146
92 105 92
192 229 182
44 182 44
69 161 62
142 170 134
20 106 20
237 238 230
66 223 56
32 229 32
98 167 98
219 223 212
40 208 32
39 92 32
14 93 14
62 69 62
244 246 236
85 247 74
1 69 1
54 253 44
71 201 62
157 252 146
111 112 104
211 250 200
95 109 86
45 46 38
157 202 146
149 150 140
53 233 44
114 115 104
201 221 194
146 155 146
1 7 1
225 228 218
111 113 104
210 255 200
82 101 74
54 170 44
1 14 1
70 72 62
105 107 98
148 214 140
35 237 26
89 101 80
203 226 194
134 172 134
20 132 20
21 175 14
167 174 158
2 36 2
228 229 218
107 108 98
79 186 68
95 96 86
14 100 14
64 67 56
238 241 230
87 88 80
120 122 110
2 92 2
94 95 86
74 244 74
34 245 26
3 5 1
142 144 134
143 190 134
221 222 212
173 174 164
32 196 32
40 250 32
141 144 134
132 193 122
183 186 176
184 221 176
105 109 98
210 211 200
198 245 188
197 252 188
10 91 2
219 220 212
80 175 80
125 126 116
152 173 152
45 49 38
1 18 1
20 46 20
75 78 68
124 127 116
104 236 104
152 181 152
56 69 56
133 176 122
95 175 86
247 251 236
8 111 8
56 88 56
65 67 56
219 221 212
26 182 26
195 199 188
2 158 2
30 68 20
181 235 170
75 112 68
202 240 194
126 252 116
64 240 56
14 121 14
29 31 20
144 145 134
14 42 14
71 73 62
87 91 80
85 127 74
23 25 14
172 173 164
8 37 8
99 101 92
14 28 14
237 240 230
1 213 1
105 108 98
189 252 182
141 232 134
38 167 38
171 231 164
148 216 140
52 122 44
41 42 32
64 200 56
179 180 170
26 155 26
1 136 1
80 87 80
238 239 230
238 240 230
216 230 206
159 162 152
145 161 134
122 229 122
81 83 74
129 130 122
216 235 206
189 193 182
68 154 68
249 252 242
62 237 62
207 210 200
88 89 80
117 119 110
32 54 32
2 137 2
16 48 8
54 117 44
64 195 56
61 210 50
172 175 164
102 103 92
2 19 2
197 198 188
201 204 194
83 85 74
227 235 218
105 106 98
223 232 212
147 202 140
37 109 26
180 181 170
135 136 128
213 215 206
141 143 134
13 244 2
231 235 224
156 157 146
57 168 50
65 211 56
57 60 50
10 11 2
165 166 158
101 103 92
178 180 170
110 175 110
223 249 212
167 168 158
190 192 182
56 109 56
135 138 128
43 217 32
20 35 20
52 223 44
14 35 14
2 42 2
38 223 38
233 235 224
140 243 140
233 234 224
28 31 20
73 244 62
160 162 152
2 16 2
247 249 236
80 215 80
2 201 2
106 108 98
14 162 14
140 206 140
14 27 14
136 138 128
186 219 176
146 225 146
1 159 1
156 194 146
248 256 248
49 170 38
193 197 182
134 211 134
225 229 218
111 114 104
90 214 80
219 239 212
148 151 140
96 134 86
145 155 134
70 104 62
2 12 2
38 76 38
56 164 56
53 239 44
131 166 122
6 85 1
81 111 74
238 244 230
245 250 236
66 99 56
251 253 242
231 237 224
201 205 194
38 69 38
114 236 104
165 169 158
27 28 20
29 201 20
44 106 44
1 5 1
25 78 14
37 162 26
239 248 230
68 124 68
69 72 62
98 125 98
161 162 152
185 186 176
57 59 50
3 39 1
68 160 68
62 81 62
123 126 116
54 55 44
124 126 116
82 93 74
72 73 62
196 199 188
159 181 152
134 157 134
214 248 206
26 61 26
31 255 20
128 175 128
118 199 110
7 227 1
183 184 176
245 256 236
32 128 32
210 228 200
164 251 164
86 94 86
127 159 116
20 79 20
31 36 20
189 192 182
109 213 98
1 114 1
196 245 188
28 86 20
191 203 182
20 80 20
152 184 152
12 13 2
8 24 8
232 253 224
92 170 92
31 53 20
19 116 8
172 236 164
250 251 242
20 29 20
199 220 188
130 253 122
149 178 140
9 238 2
2 8 2
99 156 92
123 182 116
1 39 1
42 54 32
8 134 8
80 100 80
114 179 104
147 151 140
71 121 62
12 81 2
117 120 110
122 135 122
2 97 2
184 206 176
221 225 212
8 145 8
74 219 74
183 185 176
164 180 164
2 64 2
128 168 128
61 116 50
80 165 80
169 209 158
5 141 1
105 220 98
60 61 50
63 64 56
18 139 8
43 203 32
85 129 74
15 168 8
102 180 92
133 185 122
4 7 1
71 237 62
184 186 176
98 135 98
19 230 8
68 197 68
51 179 44
104 246 104
53 55 44
203 204 194
47 49 38
137 138 128
154 157 146
11 62 2
97 161 86
89 90 80
92 103 92
57 99 50
1 60 1
9 97 2
77 239 68
114 150 104
125 127 116
51 55 44
38 155 38
4 115 1
149 227 140
104 228 104
45 76 38
117 118 110
33 111 26
50 225 50
64 65 56
34 196 26
129 132 122
63 231 56
102 190 92
136 230 128
86 179 86
56 167 56
82 218 74
2 54 2
27 55 20
155 156 146
58 61 50
71 72 62
75 79 68
2 125 2
121 189 110
50 70 50
148 189 140
94 144 86
14 64 14
144 202 134
8 208 8
24 25 14
204 205 194
58 60 50
110 148 110
26 166 26
1 2 1
155 157 146
38 216 38
4 5 1
68 153 68
146 188 146
65 113 56
146 248 146
204 233 194
252 253 242
43 60 32
33 43 26
96 97 86
39 163 32
146 172 146
21 92 14
43 69 32
124 190 116
178 179 170
101 138 92
244 247 236
198 199 188
125 193 116
214 216 206
29 136 20
201 202 194
92 145 92
104 129 104
86 100 86
10 220 2
58 59 50
100 101 92
3 233 1
121 172 110
14 53 14
40 134 32
49 213 38
75 77 68
32 203 32
37 40 26
16 162 8
14 65 14
62 90 62
87 124 80
206 225 206
162 163 152
138 250 128
35 36 26
29 110 20
179 185 170
56 136 56
122 151 122
203 205 194
76 152 68
165 167 158
5 124 1
63 66 56
158 182 158
110 198 110
43 169 32
80 152 80
196 197 188
202 205 194
14 22 14
120 121 110
120 200 110
26 35 26
39 41 32
27 247 20
53 90 44
197 251 188
8 133 8
38 124 38
110 134 110
189 231 182
119 151 110
197 208 188
20 188 20
177 237 170
53 181 44
216 217 206
236 250 236
77 164 68
74 98 74
214 242 206
14 96 14
81 82 74
214 215 206
166 169 158
54 163 44
9 13 2
74 142 74
51 82 44
195 213 188
137 174 128
15 208 8
63 65 56
57 240 50
36 167 26
114 124 104
76 157 68
13 186 2
180 242 170
95 147 86
27 194 20
38 217 38
20 75 20
1 81 1
181 209 170
73 251 62
175 214 164
131 175 122
162 179 152
186 187 176
1 25 1
98 151 98
16 18 8
72 134 62
130 182 122
45 57 38
56 74 56
243 245 236
15 17 8
1 150 1
20 69 20
126 166 116
18 53 8
10 68 2
1 226 1
146 186 146
76 78 68
22 174 14
44 115 44
53 241 44
208 209 200
57 105 50
74 154 74
34 250 26
32 178 32
50 64 50
86 207 86
215 234 206
157 227 146
99 241 92
129 137 122
44 79 44
143 145 134
231 241 224
126 214 116
95 197 86
168 171 158
239 240 230
162 244 152
91 140 80
154 253 146
183 208 176
62 107 62
131 132 122
76 88 68
114 230 104
90 218 80
62 183 62
162 204 152
71 118 62
150 197 140
127 245 116
68 231 68
180 248 170
101 217 92
176 211 176
75 76 68
1 248 1
33 39 26
69 212 62
18 154 8
92 159 92
66 67 56
87 90 80
161 173 152
154 156 146
143 144 134
51 52 44
110 170 110
45 48 38
152 197 152
243 244 236
66 199 56
134 140 134
39 42 32
163 245 152
77 166 68
197 213 188
141 142 134
2 15 2
40 41 32
191 192 182
34 187 26
43 252 32
168 169 158
20 256 20
13 104 2
112 113 104
52 179 44
68 113 68
226 248 218
220 223 212
181 205 170
82 84 74
214 217 206
191 201 182
249 253 242
99 103 92
2 79 2
159 161 152
207 223 200
191 193 182
107 109 98
29 30 20
49 188 38
78 79 68
86 223 86
82 204 74
81 196 74
170 181 170
6 7 1
17 19 8
54 145 44
34 35 26
37 212 26
65 66 56
139 198 128
26 135 26
185 187 176
36 157 26
129 203 122
134 152 134
190 193 182
1 89 1
26 199 26
142 143 134
118 121 110
88 104 80
20 157 20
1 147 1
110 240 110
147 149 140
20 52 20
14 56 14
104 182 104
104 142 104
14 23 14
173 188 164
118 156 110
55 118 44
71 168 62
113 114 104
96 168 86
62 130 62
116 224 116
86 216 86
137 139 128
102 207 92
15 110 8
104 202 104
2 31 2
129 171 122
28 117 20
237 247 230
47 230 38
64 134 56
109 197 98
17 140 8
24 238 14
180 205 170
176 224 176
1 6 1
23 150 14
29 220 20
85 161 74
14 111 14
14 195 14
26 124 26
88 226 80
77 78 68
74 92 74
31 211 20
145 245 134
50 73 50
149 151 140
156 213 146
144 177 134
146 210 146
8 241 8
123 125 116
118 128 110
20 190 20
108 202 98
19 198 8
76 79 68
44 84 44
243 246 236
4 78 1
122 138 122
211 235 200
105 145 98
14 44 14
31 37 20
61 71 50
2 21 2
94 97 86
11 13 2
92 118 92
137 175 128
94 185 86
46 147 38
13 238 2
80 96 80
123 230 116
37 150 26
179 219 170
207 209 200
1 177 1
213 216 206
14 185 14
51 54 44
15 18 8
33 34 26
116 126 116
22 190 14
38 57 38
35 242 26
200 250 200
68 79 68
74 102 74
115 138 104
124 163 116
121 193 110
58 256 50
8 44 8
192 255 182
146 171 146
114 125 104
23 219 14
84 99 74
120 236 110
20 26 20
93 130 86
162 210 152
176 241 176
10 157 2
165 214 158
111 115 104
50 120 50
69 192 62
8 169 8
236 246 236
40 42 32
19 107 8
68 78 68
42 43 32
81 142 74
3 159 1
20 77 20
148 149 140
10 237 2
90 243 80
120 237 110
26 55 26
135 229 128
120 242 110
154 155 146
46 243 38
127 238 116
99 114 92
85 124 74
24 249 14
83 214 74
151 156 140
1 49 1
8 91 8
52 233 44
154 175 146
68 249 68
224 244 224
61 171 50
1 10 1
165 248 158
143 255 134
197 199 188
239 241 230
214 236 206
2 110 2
139 156 128
147 148 140
59 60 50
68 97 68
148 171 140
110 130 110
2 39 2
64 66 56
138 175 128
164 197 164
130 237 122
234 235 224
252 255 242
74 94 74
208 210 200
85 223 74
22 23 14
119 157 110
50 77 50
137 168 128
62 255 62
5 67 1
150 242 140
99 130 92
21 24 14
74 215 74
116 123 116
80 184 80
118 227 110
133 160 122
26 186 26
2 35 2
199 217 188
227 229 218
170 187 170
5 200 1
148 251 140
130 242 122
209 213 200
93 94 86
1 65 1
176 219 176
31 229 20
140 236 140
65 92 56
74 164 74
110 144 110
52 84 44
53 127 44
96 103 86
177 178 170
104 150 104
212 226 212
44 129 44
34 160 26
62 251 62
14 77 14
8 15 8
66 78 56
57 61 50
199 218 188
179 234 170
106 244 98
214 228 206
79 135 68
9 11 2
38 62 38
165 180 158
185 199 176
56 148 56
92 111 92
173 194 164
64 186 56
8 21 8
4 146 1
147 231 140
108 109 98
74 160 74
80 110 80
211 215 200
148 208 140
74 128 74
1 202 1
179 256 170
139 153 128
33 37 26
20 113 20
202 250 194
134 243 134
104 172 104
234 247 224
80 133 80
237 239 230
116 207 116
98 220 98
200 253 200
158 171 158
176 192 176
99 239 92
74 227 74
12 84 2
16 24 8
38 101 38
212 234 212
27 76 20
4 62 1
233 241 224
38 191 38
122 148 122
204 210 194
225 256 218
117 199 110
210 234 200
154 186 146
131 244 122
94 152 86
22 83 14
82 83 74
21 23 14
50 170 50
215 247 206
7 49 1
118 245 110
8 177 8
93 96 86
100 103 92
54 239 44
194 218 194
16 195 8
74 210 74
231 232 224
8 72 8
181 214 170
113 184 104
80 105 80
88 197 80
3 4 1
164 217 164
147 221 140
1 38 1
238 250 230
62 136 62
88 91 80
116 133 116
134 209 134
93 97 86
20 111 20
141 145 134
13 165 2
4 139 1
247 255 236
100 204 92
80 182 80
104 138 104
109 156 98
246 247 236
47 222 38
2 20 2
95 101 86
86 192 86
11 256 2
17 103 8
151 179 140
40 99 32
89 91 80
105 242 98
90 91 80
16 93 8
99 218 92
150 172 140
56 166 56
20 97 20
20 180 20
224 236 224
240 241 230
161 163 152
118 212 110
40 215 32
226 229 218
7 94 1
243 247 236
2 103 2
24 103 14
5 221 1
110 182 110
184 185 176
182 201 182
109 185 98
181 207 170
148 249 140
116 227 116
5 34 1
19 139 8
9 24 2
32 227 32
219 222 212
200 219 200
27 30 20
186 192 176
148 199 140
58 250 50
46 181 38
14 21 14
74 170 74
26 78 26
229 230 218
94 228 86
64 129 56
10 182 2
9 12 2
128 163 128
40 43 32
82 197 74
63 114 56
117 222 110
203 253 194
193 246 182
38 115 38
231 238 224
40 194 32
193 204 182
79 139 68
231 233 224
163 186 152
43 167 32
205 222 194
107 244 98
129 239 122
48 49 38
128 235 128
9 84 2
128 137 128
14 47 14
185 197 176
80 154 80
138 163 128
201 230 194
135 251 128
20 205 20
81 154 74
123 181 116
32 182 32
140 217 140
147 152 140
2 81 2
152 183 152
51 247 44
94 210 86
185 198 176
235 245 224
124 145 116
102 237 92
2 150 2
79 148 68
68 93 68
34 202 26
46 54 38
75 104 68
58 141 50
140 161 140
8 176 8
62 181 62
146 214 146
38 84 38
138 165 128
12 91 2
52 53 44
1 8 1
22 233 14
8 113 8
10 12 2
92 137 92
1 175 1
133 250 122
38 54 38
87 89 80
116 219 116
20 37 20
142 145 134
93 149 86
222 255 212
99 225 92
104 185 104
50 251 50
20 121 20
157 218 146
12 65 2
168 180 158
79 163 68
50 227 50
132 183 122
91 162 80
32 179 32
30 31 20
134 153 134
36 204 26
45 115 38
27 31 20
22 249 14
166 168 158
84 110 74
198 202 188
113 117 104
177 180 170
108 200 98
104 180 104
170 184 170
66 239 56
26 38 26
50 154 50
27 36 20
128 194 128
46 130 38
244 245 236
59 104 50
136 255 128
165 185 158
13 228 2
69 83 62
189 243 182
68 74 68
70 99 62
1 21 1
133 248 122
74 91 74
8 25 8
23 126 14
94 245 86
80 205 80
227 228 218
8 128 8
175 193 164
83 84 74
109 217 98
1 30 1
50 137 50
76 234 68
84 247 74
25 250 14
175 190 164
50 134 50
86 154 86
220 221 212
42 116 32
2 45 2
128 200 128
99 100 92
10 103 2
171 194 164
9 52 2
78 169 68
105 185 98
62 218 62
213 217 206
152 217 152
110 158 110
238 247 230
2 46 2
48 173 38
93 100 86
88 90 80
77 104 68
237 255 230
23 60 14
50 122 50
104 194 104
193 196 182
44 187 44
172 203 164
2 27 2
110 145 110
67 185 56
46 49 38
8 63 8
207 208 200
239 246 230
128 172 128
97 147 86
51 53 44
201 203 194
8 102 8
41 138 32
167 228 158
219 225 212
52 75 44
32 106 32
138 223 128
31 39 20
1 85 1
152 222 152
53 54 44
205 243 194
20 61 20
134 203 134
37 201 26
68 145 68
2 128 2
76 77 68
16 136 8
74 124 74
44 77 44
171 175 164
196 204 188
153 178 146
15 28 8
71 242 62
34 150 26
216 242 206
35 195 26
82 223 74
140 184 140
44 67 44
122 199 122
176 189 176
14 141 14
132 133 122
22 61 14
86 122 86
101 152 92
62 122 62
69 71 62
96 169 86
16 78 8
146 153 146
113 115 104
2 10 2
56 152 56
134 193 134
186 205 176
20 219 20
77 253 68
98 111 98
94 170 86
55 170 44
211 241 200
179 181 170
143 170 134
32 80 32
20 162 20
122 215 122
91 157 80
22 25 14
14 88 14
136 139 128
238 255 230
168 184 158
163 256 152
116 253 116
185 208 176
74 88 74
122 160 122
29 147 20
25 109 14
43 201 32
95 239 86
236 248 236
107 112 98
135 137 128
92 226 92
171 172 164
238 246 230
29 174 20
207 211 200
36 245 26
128 166 128
8 55 8
178 199 170
191 241 182
97 241 86
62 247 62
163 240 152
74 95 74
187 216 176
151 185 140
54 148 44
84 188 74
49 193 38
128 174 128
35 37 26
129 133 122
168 199 158
3 157 1
231 245 224
104 227 104
92 227 92
122 142 122
10 71 2
100 139 92
21 22 14
82 85 74
171 174 164
38 45 38
25 189 14
62 97 62
6 192 1
189 249 182
45 47 38
65 207 56
172 217 164
62 210 62
147 172 140
14 50 14
113 256 104
159 202 152
126 133 116
2 24 2
16 32 8
69 159 62
82 193 74
123 184 116
104 188 104
16 142 8
32 119 32
36 234 26
169 171 158
117 193 110
51 196 44
196 227 188
223 236 212
177 179 170
18 136 8
95 139 86
44 180 44
102 176 92
216 239 206
80 106 80
1 112 1
19 97 8
103 180 92
7 201 1
88 161 80
14 83 14
21 37 14
9 120 2
112 114 104
107 158 98
14 69 14
197 217 188
116 180 116
34 232 26
37 237 26
1 22 1
87 143 80
19 30 8
158 197 158
90 112 80
200 251 200
122 240 122
119 235 110
29 234 20
171 218 164
198 214 188
114 166 104
9 145 2
101 161 92
25 131 14
26 120 26
74 235 74
94 96 86
36 37 26
1 97 1
86 136 86
14 25 14
136 232 128
54 76 44
48 114 38
56 101 56
57 144 50
62 96 62
165 222 158
207 247 200
20 137 20
159 168 152
84 85 74
228 235 218
15 53 8
68 99 68
89 190 80
62 123 62
55 226 44
190 191 182
189 190 182
100 183 92
20 32 20
24 190 14
188 207 188
24 71 14
48 71 38
195 207 188
34 216 26
80 226 80
104 155 104
122 207 122
45 124 38
97 139 86
90 109 80
62 116 62
62 125 62
73 202 62
149 167 140
44 108 44
245 246 236
47 161 38
110 127 110
34 173 26
187 203 176
74 221 74
60 177 50
138 154 128
33 220 26
8 31 8
56 246 56
86 115 86
77 229 68
114 169 104
74 250 74
73 135 62
245 251 236
3 97 1
88 145 80
21 51 14
245 247 236
93 95 86
182 208 182
205 229 194
11 151 2
230 249 230
205 224 194
15 19 8
94 232 86
59 181 50
2 66 2
123 127 116
3 13 1
68 132 68
123 124 116
187 241 176
131 198 122
205 225 194
152 190 152
98 109 98
194 255 194
44 139 44
124 199 116
93 98 86
35 133 26
83 239 74
225 236 218
8 76 8
106 107 98
86 250 86
216 251 206
131 179 122
18 214 8
46 105 38
168 239 158
226 244 218
60 103 50
241 246 230
119 121 110
14 38 14
97 142 86
140 245 140
231 255 224
28 220 20
86 134 86
117 121 110
52 55 44
173 215 164
26 39 26
228 241 218
20 42 20
26 193 26
124 225 116
183 188 176
149 159 140
35 220 26
172 174 164
243 250 236
86 101 86
163 251 152
19 184 8
32 88 32
210 253 200
153 156 146
57 62 50
169 220 158
149 202 140
159 160 152
105 223 98
42 173 32
50 78 50
158 233 158
90 172 80
82 151 74
157 211 146
187 232 176
38 111 38
104 197 104
95 225 86
107 255 98
86 106 86
144 183 134
104 115 104
106 109 98
8 40 8
131 241 122
147 252 140
19 237 8
50 63 50
42 122 32
145 217 134
1 72 1
229 253 218
78 209 68
72 143 62
150 151 140
24 117 14
223 243 212
82 191 74
123 145 116
108 125 98
127 174 116
17 147 8
160 209 152
130 132 122
216 248 206
30 206 20
145 207 134
189 191 182
44 54 44
60 131 50
143 174 134
171 204 164
195 196 188
59 124 50
162 225 152
9 16 2
63 171 56
159 210 152
164 224 164
213 225 206
50 133 50
136 153 128
208 218 200
38 116 38
22 237 14
3 6 1
38 77 38
52 248 44
156 240 146
211 243 200
208 224 200
95 206 86
48 100 38
131 143 122
8 36 8
20 138 20
44 72 44
175 246 164
98 110 98
10 106 2
152 236 152
63 67 56
119 247 110
2 59 2
4 256 1
68 188 68
240 255 230
68 230 68
3 190 1
8 107 8
158 222 158
38 70 38
162 194 152
57 93 50
215 217 206
1 200 1
50 96 50
18 134 8
110 155 110
44 124 44
221 250 212
59 129 50
115 145 104
122 129 122
62 68 62
185 232 176
37 124 26
11 236 2
160 161 152
26 147 26
100 128 92
190 224 182
61 240 50
228 246 218
24 41 14
41 88 32
56 145 56
250 253 242
117 209 110
51 134 44
80 247 80
97 206 86
59 172 50
59 117 50
182 242 182
74 188 74
26 117 26
161 204 152
80 129 80
178 203 170
26 215 26
7 23 1
67 107 56
60 178 50
77 233 68
100 235 92
87 215 80
20 93 20
143 164 134
209 238 200
50 88 50
191 212 182
148 150 140
185 221 176
16 163 8
110 193 110
195 198 188
207 246 200
110 187 110
85 104 74
8 30 8
27 193 20
177 181 170
220 222 212
44 238 44
44 68 44
61 242 50
138 181 128
60 72 50
103 201 92
69 70 62
8 27 8
26 53 26
190 201 182
60 193 50
207 251 200
92 154 92
62 115 62
85 115 74
152 171 152
171 211 164
93 214 86
8 19 8
92 178 92
107 248 98
10 226 2
27 89 20
63 133 56
18 43 8
7 128 1
68 131 68
225 227 218
143 234 134
153 154 146
115 165 104
73 168 62
206 249 206
6 50 1
32 108 32
131 157 122
233 242 224
157 168 146
1 178 1
115 183 104
57 65 50
24 179 14
179 199 170
48 226 38
159 256 152
99 219 92
98 229 98
8 58 8
95 138 86
20 31 20
44 105 44
116 235 116
138 232 128
148 157 140
80 93 80
212 241 212
14 60 14
139 197 128
54 166 44
2 143 2
1 253 1
99 200 92
114 216 104
151 244 140
18 173 8
144 169 134
75 165 68
168 186 158
89 124 80
58 165 50
84 102 74
9 217 2
86 96 86
32 161 32
82 181 74
110 236 110
20 119 20
219 224 212
48 88 38
8 120 8
95 202 86
39 98 32
32 135 32
172 233 164
9 245 2
42 117 32
86 93 86
26 83 26
22 244 14
104 220 104
215 243 206
195 203 188
40 94 32
149 190 140
27 91 20
32 45 32
38 149 38
145 175 134
212 225 212
64 246 56
42 66 32
82 126 74
71 145 62
78 231 68
62 109 62
95 116 86
1 58 1
5 54 1
20 100 20
14 84 14
205 245 194
36 100 26
138 198 128
60 149 50
212 227 212
163 201 152
201 229 194
20 86 20
26 58 26
174 213 164
138 152 128
8 53 8
133 221 122
74 104 74
26 185 26
23 24 14
108 171 98
229 240 218
46 173 38
146 182 146
155 186 146
130 212 122
50 217 50
20 57 20
20 120 20
212 224 212
20 253 20
74 172 74
87 236 80
32 147 32
32 99 32
38 60 38
163 209 152
12 102 2
23 121 14
1 197 1
114 195 104
2 67 2
95 176 86
96 202 86
7 174 1
79 228 68
20 118 20
237 250 230
197 227 188
142 208 134
176 246 176
80 108 80
148 232 140
131 164 122
86 173 86
39 45 32
180 210 170
45 240 38
70 75 62
163 252 152
45 176 38
27 220 20
35 191 26
92 162 92
196 212 188
44 150 44
64 174 56
105 110 98
147 199 140
184 256 176
150 217 140
26 162 26
154 217 146
32 240 32
3 128 1
33 146 26
160 192 152
16 255 8
2 23 2
35 223 26
38 206 38
9 116 2
8 64 8
57 149 50
82 253 74
155 197 146
214 250 206
168 220 158
33 130 26
46 47 38
126 241 116
81 124 74
56 81 56
166 204 158
50 243 50
97 151 86
1 47 1
54 204 44
20 28 20
216 222 206
82 240 74
206 215 206
90 255 80
186 189 176
232 244 224
152 245 152
14 32 14
97 251 86
61 97 50
133 143 122
128 156 128
204 211 194
127 234 116
119 193 110
14 34 14
122 224 122
101 106 92
8 80 8
50 82 50
122 181 122
194 203 194
44 80 44
10 99 2
56 222 56
25 136 14
113 195 104
74 100 74
195 247 188
65 189 56
50 76 50
56 184 56
143 215 134
214 225 206
44 107 44
13 88 2
128 142 128
23 82 14
225 251 218
2 238 2
10 47 2
200 244 200
146 243 146
7 249 1
208 256 200
20 210 20
26 84 26
7 188 1
142 201 134
85 123 74
161 244 152
127 144 116
174 176 164
46 154 38
228 251 218
89 192 80
194 240 194
57 83 50
56 67 56
68 121 68
12 153 2
40 133 32
234 240 224
52 213 44
126 140 116
127 150 116
88 134 80
137 204 128
152 233 152
22 65 14
1 32 1
112 192 104
16 17 8
69 214 62
129 144 122
89 99 80
128 151 128
86 123 86
123 207 116
184 192 176
135 139 128
80 253 80
210 248 200
119 141 110
132 177 122
176 221 176
251 252 242
86 256 86
91 143 80
121 220 110
49 216 38
58 159 50
148 176 140
106 247 98
69 143 62
102 232 92
79 201 68
97 124 86
167 210 158
101 252 92
39 40 32
156 197 146
10 180 2
203 206 194
26 94 26
98 177 98
53 135 44
131 133 122
187 217 176
118 243 110
153 217 146
60 154 50
88 244 80
97 129 86
62 83 62
31 224 20
58 131 50
150 160 140
5 129 1
19 42 8
40 111 32
247 250 236
20 91 20
106 243 98
168 174 158
118 119 110
3 62 1
128 154 128
24 118 14
104 124 104
157 167 146
249 251 242
221 252 212
97 234 86
83 125 74
128 143 128
157 224 146
74 228 74
114 240 104
31 126 20
92 102 92
34 36 26
138 238 128
132 248 122
7 9 1
138 148 128
79 86 68
162 190 152
47 158 38
46 48 38
63 196 56
112 209 104
38 249 38
13 119 2
14 57 14
8 247 8
224 256 224
135 211 128
98 210 98
1 256 1
27 75 20
49 189 38
197 239 188
30 33 20
139 232 128
8 123 8
182 197 182
53 128 44
95 135 86
63 140 56
16 99 8
110 161 110
1 15 1
193 214 182
78 134 68
145 232 134
54 72 44
131 139 122
202 253 194
154 171 146
195 245 188
117 152 110
183 244 176
79 183 68
19 102 8
119 166 110
195 242 188
64 75 56
8 127 8
80 234 80
101 111 92
5 79 1
161 177 152
186 206 176
228 243 218
33 82 26
110 204 110
145 243 134
62 226 62
40 104 32
167 206 158
2 11 2
92 119 92
212 229 212
130 189 122
161 198 152
114 129 104
88 150 80
37 221 26
203 237 194
190 245 182
8 62 8
141 161 134
187 224 176
121 128 110
86 255 86
191 222 182
52 54 44
170 224 170
169 212 158
92 234 92
19 190 8
60 132 50
50 146 50
16 56 8
2 84 2
5 7 1
68 110 68
81 84 74
191 232 182
48 231 38
57 245 50
130 215 122
29 128 20
183 220 176
116 124 116
112 178 104
8 108 8
211 216 200
2 14 2
50 253 50
68 146 68
116 131 116
86 120 86
94 217 86
160 245 152
36 192 26
56 91 56
137 151 128
104 111 104
217 232 206
179 245 170
179 225 170
17 76 8
21 186 14
26 42 26
74 132 74
24 215 14
44 240 44
84 145 74
133 140 122
70 222 62
51 141 44
43 255 32
69 73 62
215 235 206
166 250 158
2 80 2
124 185 116
62 157 62
92 179 92
27 164 20
27 249 20
44 157 44
39 219 32
153 157 146
152 241 152
97 101 86
185 253 176
34 163 26
83 204 74
106 136 98
44 203 44
132 173 122
187 188 176
214 231 206
182 247 182
130 131 122
26 71 26
33 165 26
14 76 14
20 72 20
23 71 14
44 60 44
108 128 98
61 214 50
68 191 68
59 140 50
90 108 80
144 164 134
75 95 68
156 166 146
14 82 14
55 162 44
1 230 1
116 155 116
9 215 2
119 142 110
99 228 92
244 252 236
116 122 116
89 103 80
156 191 146
57 173 50
70 83 62
227 253 218
9 54 2
8 50 8
154 238 146
131 231 122
140 203 140
8 116 8
143 162 134
179 198 170
138 146 128
165 189 158
158 166 158
171 236 164
56 89 56
94 120 86
1 4 1
74 136 74
17 182 8
116 222 116
116 196 116
74 234 74
128 199 128
191 195 182
181 248 170
64 221 56
88 124 80
122 242 122
90 238 80
20 229 20
38 109 38
20 124 20
44 109 44
81 107 74
10 72 2
162 235 152
119 230 110
1 71 1
3 54 1
197 207 188
6 209 1
203 211 194
26 133 26
69 194 62
8 118 8
208 249 200
120 188 110
223 238 212
74 238 74
63 117 56
92 212 92
227 231 218
133 200 122
26 137 26
76 187 68
41 179 32
55 208 44
30 252 20
27 143 20
32 191 32
50 247 50
246 248 236
151 158 140
86 202 86
109 129 98
25 204 14
134 252 134
218 255 218
9 10 2
165 206 158
118 138 110
159 163 152
166 167 158
32 157 32
158 230 158
57 129 50
109 177 98
7 98 1
118 149 110
66 232 56
8 200 8
150 212 140
97 138 86
101 202 92
78 112 68
176 244 176
22 130 14
228 240 218
43 84 32
2 17 2
86 241 86
1 16 1
157 238 146
90 111 80
56 132 56
152 249 152
83 253 74
82 185 74
10 122 2
27 256 20
75 246 68
234 243 224
17 179 8
178 186 170
132 187 122
32 49 32
59 209 50
152 189 152
65 135 56
68 181 68
8 18 8
60 152 50
101 242 92
75 111 68
195 241 188
70 179 62
67 85 56
76 215 68
37 65 26
7 37 1
151 164 140
15 161 8
98 116 98
96 216 86
32 120 32
127 199 116
25 52 14
35 140 26
140 179 140
12 68 2
202 204 194
122 152 122
53 174 44
32 87 32
5 166 1
239 252 230
111 228 104
41 53 32
92 256 92
8 181 8
12 243 2
9 222 2
40 180 32
124 181 116
39 142 32
8 89 8
63 110 56
3 214 1
17 128 8
141 158 134
83 192 74
204 235 194
64 229 56
47 239 38
53 122 44
221 223 212
2 169 2
26 93 26
35 57 26
70 253 62
97 126 86
173 234 164
8 92 8
1 126 1
2 222 2
52 131 44
110 192 110
8 255 8
74 87 74
60 106 50
33 64 26
39 109 32
111 144 104
185 193 176
55 196 44
2 60 2
1 17 1
77 227 68
33 79 26
233 245 224
43 187 32
174 175 164
22 68 14
30 223 20
169 234 158
4 200 1
97 98 86
44 176 44
55 251 44
234 239 224
228 252 218
81 174 74
54 251 44
26 43 26
46 60 38
51 111 44
32 163 32
237 241 230
172 216 164
81 182 74
19 111 8
223 256 212
202 219 194
164 193 164
215 242 206
105 157 98
104 201 104
3 197 1
110 232 110
77 100 68
118 234 110
116 220 116
33 36 26
84 234 74
1 223 1
2 72 2
196 252 188
212 251 212
32 214 32
188 205 188
21 110 14
112 210 104
138 183 128
33 35 26
20 83 20
118 120 110
94 99 86
68 104 68
84 159 74
56 118 56
73 141 62
50 59 50
8 110 8
141 235 134
237 249 230
104 166 104
163 246 152
2 25 2
23 181 14
112 157 104
91 243 80
28 140 20
46 214 38
8 126 8
47 203 38
33 99 26
190 216 182
229 249 218
84 121 74
96 150 86
30 234 20
3 7 1
19 119 8
2 198 2
43 171 32
90 256 80
2 239 2
4 177 1
8 35 8
2 220 2
136 144 128
48 239 38
8 45 8
18 149 8
127 247 116
232 235 224
203 213 194
94 183 86
83 117 74
145 185 134
103 187 92
137 230 128
156 216 146
74 224 74
20 223 20
193 256 182
61 206 50
92 120 92
32 156 32
139 145 128
225 237 218
20 176 20
69 228 62
25 97 14
90 206 80
42 82 32
164 184 164
116 144 116
92 99 92
50 130 50
122 206 122
71 77 62
81 85 74
86 219 86
194 221 194
172 222 164
40 95 32
26 161 26
189 226 182
1 37 1
196 211 188
120 208 110
1 90 1
198 219 188
1 116 1
39 250 32
139 177 128
33 63 26
111 188 104
121 208 110
21 123 14
26 46 26
247 256 236
1 54 1
20 221 20
153 225 146
86 108 86
139 200 128
62 248 62
4 199 1
103 152 92
141 249 134
110 233 110
220 241 212
106 127 98
191 246 182
17 196 8
11 22 2
8 49 8
14 24 14
242 248 242
2 13 2
126 197 116
241 248 230
215 216 206
156 200 146
14 79 14
35 94 26
52 252 44
235 238 224
156 233 146
8 73 8
1 153 1
20 218 20
52 184 44
53 124 44
116 255 116
121 163 110
65 242 56
153 158 146
20 140 20
147 228 140
1 145 1
80 187 80
30 107 20
26 134 26
85 232 74
136 151 128
84 148 74
74 126 74
54 123 44
46 156 38
158 196 158
82 251 74
74 194 74
50 204 50
159 218 152
120 217 110
40 230 32
144 175 134
42 256 32
217 247 206
32 70 32
76 119 68
171 239 164
5 87 1
38 52 38
4 50 1
20 208 20
38 46 38
37 175 26
9 89 2
46 219 38
187 243 176
27 169 20
42 255 32
80 91 80
202 203 194
127 163 116
26 164 26
193 217 182
149 160 140
140 152 140
217 220 206
30 168 20
135 252 128
44 211 44
114 182 104
142 211 134
33 214 26
178 212 170
107 172 98
101 153 92
92 204 92
32 51 32
68 207 68
98 230 98
190 196 182
44 142 44
49 168 38
151 205 140
100 193 92
62 91 62
3 56 1
135 253 128
146 249 146
56 209 56
136 154 128
74 212 74
20 96 20
8 221 8
59 75 50
47 186 38
231 244 224
212 246 212
75 145 68
62 177 62
144 250 134
195 236 188
131 211 122
70 239 62
2 58 2
69 218 62
41 252 32
4 119 1
139 212 128
52 218 44
62 194 62
83 190 74
58 109 50
235 247 224
133 180 122
103 209 92
105 161 98
155 238 146
37 56 26
249 250 242
224 230 224
192 193 182
113 153 104
177 250 170
29 157 20
189 207 182
8 151 8
64 187 56
146 198 146
120 196 110
80 179 80
45 234 38
137 206 128
14 29 14
12 224 2
137 181 128
24 226 14
133 148 122
26 96 26
56 95 56
10 148 2
208 234 200
162 219 152
125 191 116
114 222 104
74 255 74
8 161 8
104 181 104
80 203 80
140 187 140
15 193 8
129 236 122
74 157 74
132 217 122
108 226 98
170 246 170
99 240 92
75 243 68
28 223 20
145 156 134
140 185 140
176 255 176
80 169 80
68 189 68
32 71 32
229 250 218
32 41 32
178 224 170
215 227 206
193 238 182
140 246 140
10 128 2
122 197 122
161 212 152
8 42 8
98 169 98
41 141 32
197 242 188
10 30 2
28 29 20
97 144 86
129 177 122
15 60 8
205 239 194
131 149 122
72 112 62
14 89 14
36 150 26
6 235 1
2 37 2
173 244 164
41 152 32
164 222 164
77 185 68
3 173 1
14 230 14
205 218 194
68 91 68
157 173 146
100 125 92
126 131 116
200 223 200
20 235 20
35 113 26
151 229 140
55 189 44
176 182 176
118 195 110
128 162 128
2 237 2
26 80 26
4 6 1
198 248 188
217 226 206
22 207 14
20 56 20
122 167 122
64 68 56
155 187 146
110 116 110
32 103 32
7 253 1
113 170 104
140 190 140
41 145 32
77 152 68
2 217 2
38 113 38
104 198 104
53 223 44
56 241 56
63 100 56
50 147 50
37 49 26
119 120 110
134 166 134
219 250 212
32 52 32
169 198 158
50 124 50
118 198 110
26 85 26
215 221 206
2 135 2
3 215 1
188 209 188
184 247 176
23 72 14
22 241 14
49 198 38
98 252 98
217 236 206
8 41 8
234 242 224
81 248 74
130 134 122
132 215 122
98 123 98
120 210 110
17 90 8
130 133 122
44 218 44
122 231 122
20 63 20
5 28 1
1 46 1
86 97 86
32 115 32
23 182 14
87 119 80
75 85 68
11 180 2
40 152 32
110 126 110
42 236 32
154 201 146
154 197 146
135 180 128
137 237 128
147 189 140
32 39 32
80 183 80
98 117 98
29 50 20
92 214 92
139 185 128
98 236 98
152 234 152
192 221 182
93 250 86
44 134 44
74 182 74
15 16 8
213 232 206
8 43 8
15 159 8
86 119 86
164 172 164
32 64 32
122 213 122
11 145 2
132 239 122
25 169 14
163 211 152
181 251 170
23 158 14
93 217 86
37 123 26
50 224 50
213 252 206
213 219 206
46 70 38
14 99 14
91 211 80
56 104 56
23 95 14
94 218 86
87 111 80
99 174 92
196 210 188
152 187 152
14 149 14
11 73 2
129 175 122
28 80 20
128 241 128
81 146 74
1 12 1
135 161 128
76 219 68
167 169 158
14 251 14
31 231 20
33 143 26
80 141 80
10 203 2
96 233 86
220 250 212
109 186 98
176 226 176
74 213 74
92 123 92
104 211 104
7 39 1
54 256 44
36 211 26
168 229 158
68 95 68
128 186 128
74 93 74
117 153 110
52 57 44
227 232 218
205 247 194
107 201 98
111 213 104
56 243 56
26 227 26
121 177 110
69 150 62
135 188 128
95 207 86
104 170 104
89 139 80
160 218 152
182 230 182
253 256 242
110 125 110
8 95 8
73 234 62
146 160 146
168 194 158
45 99 38
81 206 74
105 176 98
217 256 206
91 215 80
187 231 176
1 161 1
69 120 62
23 175 14
56 77 56
60 136 50
207 231 200
90 140 80
74 249 74
55 183 44
71 138 62
69 130 62
184 253 176
158 246 158
171 182 164
8 75 8
110 151 110
38 156 38
89 120 80
75 250 68
32 174 32
2 102 2
117 128 110
92 131 92
28 253 20
214 245 206
91 121 80
2 157 2
99 244 92
134 222 134
74 110 74
32 56 32
2 63 2
51 151 44
112 243 104
156 236 146
33 225 26
62 208 62
146 203 146
68 190 68
166 171 158
8 139 8
8 94 8
151 246 140
100 119 92
89 134 80
94 117 86
106 119 98
20 164 20
43 244 32
96 215 86
1 127 1
158 179 158
245 252 236
1 189 1
116 173 116
80 142 80
32 127 32
169 206 158
121 194 110
56 82 56
56 65 56
162 203 152
111 209 104
89 233 80
38 107 38
128 187 128
95 105 86
53 111 44
138 220 128
159 173 152
198 233 188
114 170 104
70 187 62
241 255 230
121 182 110
144 209 134
153 220 146
240 245 230
250 255 242
80 252 80
20 66 20
96 244 86
102 181 92
86 247 86
222 237 212
82 128 74
180 231 170
82 139 74
103 197 92
93 239 86
50 138 50
35 155 26
18 209 8
52 143 44
31 32 20
192 243 182
200 229 200
41 226 32
104 134 104
1 29 1
56 90 56
187 237 176
66 151 56
144 217 134
185 212 176
61 252 50
56 211 56
137 227 128
71 87 62
177 185 170
109 211 98
113 194 104
96 205 86
62 137 62
157 228 146
51 96 44
201 235 194
110 219 110
35 95 26
154 168 146
213 223 206
63 109 56
55 68 44
161 172 152
17 75 8
200 245 200
148 179 140
20 128 20
184 214 176
2 116 2
37 66 26
202 238 194
125 160 116
205 235 194
204 243 194
237 252 230
91 174 80
237 253 230
63 208 56
79 93 68
116 137 116
202 207 194
98 140 98
86 171 86
24 200 14
86 145 86
1 99 1
45 139 38
128 146 128
40 107 32
96 238 86
180 218 170
56 131 56
148 183 140
177 205 170
57 229 50
2 132 2
117 179 110
18 93 8
171 215 164
79 94 68
73 247 62
32 125 32
26 158 26
246 255 236
180 256 170
1 19 1
32 137 32
219 228 212
83 195 74
97 146 86
138 150 128
129 131 122
30 70 20
119 223 110
166 218 158
1 61 1
109 174 98
2 32 2
170 198 170
6 253 1
1 42 1
82 125 74
23 180 14
2 86 2
177 191 170
160 237 152
119 159 110
219 236 212
109 191 98
56 237 56
6 56 1
32 67 32
163 184 152
22 62 14
14 130 14
214 220 206
157 249 146
68 101 68
13 229 2
8 32 8
181 200 170
127 135 116
22 74 14
105 154 98
52 113 44
152 219 152
230 246 230
14 129 14
126 196 116
42 223 32
18 215 8
29 51 20
178 209 170
197 223 188
6 64 1
92 255 92
181 202 170
191 200 182
53 219 44
22 134 14
92 132 92
1 84 1
225 246 218
127 152 116
31 214 20
182 202 182
104 147 104
130 166 122
66 241 56
50 143 50
44 50 44
50 242 50
222 244 212
8 224 8
223 245 212
52 238 44
30 98 20
44 99 44
38 102 38
130 160 122
64 235 56
56 182 56
134 238 134
93 186 86
4 252 1
48 91 38
20 123 20
70 182 62
12 29 2
1 113 1
196 198 188
155 233 146
34 166 26
216 223 206
204 229 194
120 162 110
73 188 62
179 214 170
106 224 98
17 111 8
236 253 236
8 52 8
51 88 44
170 208 170
14 36 14
8 93 8
22 120 14
60 114 50
11 227 2
160 196 152
37 213 26
31 62 20
68 193 68
74 130 74
1 26 1
213 244 206
5 193 1
214 244 206
26 75 26
2 47 2
89 255 80
14 54 14
32 132 32
26 204 26
164 194 164
14 98 14
93 124 86
36 64 26
144 244 134
142 169 134
69 105 62
20 90 20
227 237 218
74 120 74
62 243 62
150 189 140
146 197 146
47 138 38
126 135 116
125 154 116
21 233 14
46 161 38
86 224 86
42 163 32
229 237 218
155 236 146
60 175 50
177 209 170
74 198 74
62 110 62
207 227 200
50 223 50
50 167 50
87 218 80
175 179 164
185 227 176
76 98 68
33 177 26
153 179 146
86 147 86
103 203 92
10 127 2
96 232 86
101 214 92
56 149 56
123 165 116
14 178 14
10 238 2
151 247 140
158 245 158
164 242 164
49 149 38
98 148 98
191 215 182
53 197 44
209 215 200
99 242 92
116 189 116
50 195 50
103 108 92
125 182 116
27 99 20
191 233 182
142 205 134
14 198 14
14 102 14
20 151 20
4 126 1
215 253 206
28 53 20
20 181 20
70 195 62
32 134 32
68 143 68
123 154 116
209 245 200
26 142 26
1 62 1
74 99 74
21 215 14
92 149 92
192 215 182
26 201 26
152 177 152
30 100 20
121 235 110
134 208 134
84 127 74
75 235 68
33 125 26
149 218 140
127 179 116
92 203 92
32 58 32
62 111 62
111 181 104
80 163 80
71 134 62
2 50 2
97 106 86
178 253 170
23 237 14
127 170 116
71 211 62
35 105 26
233 246 224
88 222 80
123 163 116
105 133 98
86 212 86
146 177 146
127 231 116
24 167 14
27 178 20
49 116 38
185 251 176
50 151 50
32 117 32
115 121 104
103 136 92
204 251 194
222 229 212
6 67 1
158 218 158
2 146 2
150 244 140
21 82 14
122 198 122
32 149 32
88 204 80
1 184 1
174 241 164
237 244 230
13 188 2
20 110 20
8 214 8
11 111 2
82 196 74
212 247 212
86 158 86
221 256 212
196 218 188
172 182 164
44 92 44
163 166 152
106 204 98
52 102 44
27 170 20
109 176 98
4 51 1
105 139 98
204 212 194
95 184 86
95 146 86
142 178 134
52 105 44
59 205 50
133 174 122
109 193 98
110 218 110
85 155 74
223 224 212
158 255 158
173 198 164
140 197 140
169 252 158
107 116 98
235 241 224
27 94 20
92 202 92
223 225 212
150 174 140
87 126 80
16 166 8
100 222 92
4 218 1
125 238 116
123 245 116
116 169 116
153 226 146
54 233 44
73 213 62
67 145 56
138 224 128
84 152 74
80 159 80
77 230 68
8 51 8
140 174 140
51 213 44
226 233 218
6 175 1
96 109 86
73 175 62
228 250 218
90 103 80
174 183 164
68 151 68
66 77 56
150 198 140
82 229 74
11 176 2
3 12 1
20 189 20
26 116 26
66 165 56
105 193 98
8 16 8
1 190 1
108 209 98
129 233 122
32 164 32
62 190 62
36 65 26
159 196 152
241 242 230
37 193 26
53 250 44
92 166 92
26 44 26
20 49 20
151 250 140
26 131 26
48 203 38
26 64 26
146 168 146
65 105 56
228 248 218
58 253 50
5 64 1
29 204 20
208 244 200
196 234 188
78 235 68
79 222 68
161 226 152
239 244 230
34 185 26
170 237 170
50 125 50
222 233 212
193 228 182
125 212 116
194 235 194
1 44 1
195 244 188
73 199 62
7 134 1
8 23 8
178 204 170
14 61 14
143 177 134
107 233 98
120 143 110
44 191 44
147 155 140
145 149 134
124 129 116
44 197 44
156 199 146
1 151 1
38 238 38
36 90 26
241 251 230
43 98 32
26 74 26
19 143 8
87 194 80
77 142 68
160 185 152
189 209 182
123 210 116
104 158 104
81 140 74
94 105 86
76 249 68
126 235 116
102 193 92
158 237 158
26 73 26
71 238 62
16 196 8
109 222 98
34 49 26
140 234 140
20 58 20
151 222 140
116 129 116
64 150 56
32 73 32
17 94 8
62 239 62
53 84 44
1 27 1
188 213 188
53 189 44
1 33 1
193 195 182
38 171 38
20 102 20
70 150 62
50 65 50
191 218 182
211 248 200
30 116 20
186 203 176
93 182 86
68 85 68
117 250 110
186 256 176
62 219 62
162 183 152
97 229 86
191 206 182
27 74 20
68 112 68
149 175 140
33 115 26
199 256 188
107 190 98
44 217 44
12 93 2
13 23 2
44 224 44
112 126 104
8 22 8
61 194 50
232 247 224
17 22 8
34 239 26
129 191 122
13 97 2
8 87 8
192 250 182
251 255 242
47 231 38
39 118 32
110 231 110
102 152 92
80 89 80
130 210 122
5 101 1
138 217 128
64 146 56
65 146 56
68 158 68
133 164 122
26 59 26
162 176 152
62 76 62
50 155 50
74 211 74
98 142 98
234 250 224
149 169 140
47 104 38
44 88 44
5 36 1
53 176 44
128 214 128
169 207 158
32 50 32
170 191 170
2 205 2
60 219 50
17 155 8
159 194 152
110 176 110
156 210 146
195 214 188
153 184 146
181 225 170
43 124 32
1 91 1
48 171 38
93 115 86
71 120 62
59 126 50
99 145 92
62 120 62
157 197 146
52 115 44
50 128 50
173 206 164
50 89 50
48 183 38
87 146 80
37 99 26
43 67 32
1 237 1
2 43 2
2 236 2
39 62 32
90 203 80
7 25 1
68 248 68
116 135 116
156 171 146
44 112 44
1 63 1
14 203 14
56 64 56
26 92 26
224 251 224
80 185 80
174 248 164
52 72 44
95 188 86
68 172 68
32 60 32
191 228 182
63 204 56
211 251 200
8 71 8
225 240 218
41 102 32
23 173 14
119 218 110
14 40 14
72 218 62
179 233 170
185 220 176
75 203 68
92 98 92
101 183 92
43 61 32
20 34 20
28 85 20
73 225 62
18 192 8
4 69 1
86 209 86
38 117 38
96 217 86
26 68 26
48 195 38
146 221 146
98 189 98
209 253 200
56 79 56
81 95 74
133 139 122
27 69 20
111 158 104
27 111 20
204 228 194
26 79 26
35 167 26
127 227 116
170 188 170
24 152 14
189 235 182
70 102 62
105 141 98
55 168 44
51 220 44
82 225 74
56 216 56
16 82 8
239 256 230
177 230 170
25 168 14
98 104 98
22 57 14
26 102 26
24 256 14
112 150 104
214 218 206
59 242 50
92 171 92
173 190 164
171 197 164
102 151 92
85 87 74
143 223 134
134 182 134
57 145 50
176 197 176
174 255 164
32 155 32
20 163 20
140 228 140
22 220 14
166 222 158
1 132 1
18 157 8
32 121 32
175 180 164
6 138 1
62 131 62
190 205 182
164 176 164
86 164 86
44 126 44
150 165 140
51 107 44
100 200 92
44 82 44
84 235 74
174 184 164
172 185 164
57 106 50
128 181 128
58 110 50
104 123 104
62 230 62
166 256 158
134 230 134
233 256 224
21 93 14
76 103 68
86 170 86
222 223 212
241 245 230
90 100 80
68 165 68
168 206 158
75 216 68
152 165 152
41 181 32
140 253 140
152 239 152
192 213 182
48 121 38
36 47 26
47 144 38
73 147 62
36 235 26
15 142 8
65 150 56
46 202 38
107 227 98
1 51 1
53 247 44
58 242 50
167 201 158
56 178 56
54 91 44
46 79 38
184 245 176
11 18 2
20 165 20
68 134 68
157 194 146
33 49 26
4 43 1
240 247 230
24 195 14
29 39 20
223 251 212
107 167 98
26 203 26
28 224 20
169 225 158
63 152 56
58 205 50
47 226 38
106 170 98
158 173 158
147 186 140
104 221 104
39 108 32
134 226 134
21 248 14
36 99 26
107 152 98
76 171 68
103 109 92
226 256 218
26 48 26
27 66 20
9 68 2
238 256 230
104 157 104
194 208 194
134 162 134
50 109 50
1 107 1
86 103 86
229 239 218
36 252 26
193 244 182
27 148 20
33 132 26
122 186 122
109 173 98
153 204 146
223 253 212
75 121 68
125 224 116
118 216 110
104 148 104
92 148 92
10 228 2
9 42 2
39 206 32
92 128 92
127 169 116
187 242 176
183 230 176
24 45 14
55 88 44
107 120 98
243 251 236
92 115 92
19 87 8
180 247 170
19 54 8
50 231 50
56 114 56
160 176 152
26 89 26
123 228 116
189 208 182
194 206 194
115 217 104
80 99 80
1 34 1
137 209 128
44 229 44
66 122 56
186 239 176
138 200 128
20 193 20
79 204 68
85 241 74
41 219 32
164 181 164
123 236 116
42 51 32
25 37 14
149 162 140
24 255 14
83 120 74
6 9 1
122 210 122
30 222 20
5 163 1
206 235 206
68 98 68
154 218 146
95 235 86
44 164 44
109 202 98
231 253 224
121 140 110
3 223 1
43 182 32
76 214 68
120 201 110
45 168 38
118 231 110
158 177 158
87 127 80
39 162 32
134 207 134
98 124 98
121 158 110
129 232 122
155 221 146
151 169 140
23 232 14
29 215 20
86 181 86
183 255 176
23 235 14
67 152 56
193 247 182
136 241 128
14 207 14
82 87 74
167 248 158
7 139 1
143 205 134
173 226 164
117 167 110
12 90 2
223 244 212
30 106 20
43 256 32
102 215 92
126 194 116
164 239 164
150 162 140
8 163 8
147 185 140
5 134 1
44 178 44
64 175 56
42 211 32
196 209 188
28 251 20
9 136 2
213 226 206
246 250 236
86 105 86
157 248 146
2 149 2
195 205 188
217 219 206
23 211 14
44 185 44
179 210 170
199 243 188
2 44 2
1 148 1
50 181 50
132 137 122
2 170 2
88 219 80
221 239 212
171 202 164
109 239 98
166 207 158
152 232 152
38 147 38
96 138 86
51 183 44
162 221 152
179 211 170
74 115 74
48 233 38
12 86 2
178 245 170
4 67 1
250 256 242
26 197 26
179 215 170
15 195 8
88 101 80
121 176 110
164 234 164
235 249 224
20 161 20
28 206 20
129 145 122
63 222 56
96 104 86
130 176 122
135 224 128
162 180 152
44 53 44
9 228 2
104 235 104
152 231 152
224 231 224
168 231 158
104 122 104
1 36 1
169 189 158
46 80 38
100 211 92
43 70 32
2 26 2
191 214 182
84 217 74
152 256 152
137 216 128
14 41 14
32 253 32
191 194 182
2 167 2
1 52 1
99 213 92
88 100 80
203 252 194
205 206 194
10 146 2
38 68 38
44 245 44
177 256 170
40 129 32
70 136 62
89 153 80
104 145 104
51 147 44
138 211 128
213 239 206
26 248 26
9 218 2
26 69 26
201 216 194
54 220 44
2 99 2
20 243 20
2 131 2
110 122 110
70 140 62
38 183 38
136 233 128
93 160 86
143 253 134
141 234 134
35 66 26
134 181 134
70 152 62
108 193 98
26 70 26
136 242 128
80 116 80
206 228 206
227 239 218
21 205 14
31 89 20
146 212 146
207 250 200
223 246 212
179 203 170
128 173 128
14 31 14
109 137 98
247 252 236
74 220 74
1 149 1
198 250 188
2 51 2
194 252 194
49 214 38
127 222 116
110 167 110
104 156 104
229 256 218
207 218 200
14 240 14
119 206 110
121 224 110
152 255 152
32 239 32
23 33 14
8 46 8
44 131 44
25 94 14
55 165 44
20 155 20
72 200 62
111 218 104
246 256 236
50 93 50
140 200 140
167 189 158
197 233 188
53 144 44
14 202 14
118 136 110
176 240 176
205 228 194
232 256 224
15 92 8
87 121 80
87 214 80
1 247 1
74 106 74
209 255 200
64 89 56
32 145 32
10 59 2
224 238 224
1 134 1
77 168 68
116 134 116
63 158 56
30 215 20
112 232 104
56 124 56
68 94 68
90 95 80
183 204 176
129 141 122
28 44 20
3 213 1
2 113 2
170 203 170
18 164 8
109 120 98
18 167 8
134 145 134
1 77 1
249 255 242
125 157 116
51 241 44
20 153 20
26 50 26
1 130 1
51 71 44
2 250 2
94 143 86
188 241 188
41 184 32
18 162 8
38 67 38
12 223 2
32 42 32
134 197 134
154 167 146
58 86 50
120 151 110
38 131 38
11 165 2
161 213 152
22 71 14
126 160 116
86 155 86
190 240 182
150 190 140
88 123 80
32 113 32
20 53 20
56 85 56
211 223 200
2 73 2
80 255 80
74 109 74
220 230 212
57 251 50
123 138 116
221 238 212
134 241 134
29 227 20
80 192 80
167 198 158
38 58 38
1 98 1
186 245 176
33 201 26
23 50 14
8 86 8
49 97 38
175 207 164
181 229 170
53 202 44
62 147 62
200 252 200
32 111 32
8 147 8
174 202 164
183 196 176
49 70 38
43 253 32
38 98 38
39 54 32
4 192 1
150 256 140
8 79 8
20 84 20
192 194 182
17 124 8
93 156 86
59 95 50
37 96 26
73 219 62
55 131 44
160 186 152
213 228 206
2 164 2
2 9 2
130 152 122
39 231 32
113 168 104
29 36 20
102 233 92
93 189 86
140 230 140
20 41 20
45 75 38
138 188 128
90 161 80
52 246 44
82 202 74
44 56 44
122 162 122
136 222 128
90 154 80
191 237 182
104 114 104
118 151 110
18 228 8
63 121 56
54 180 44
196 208 188
153 230 146
20 78 20
37 251 26
20 82 20
114 235 104
63 74 56
70 116 62
50 104 50
100 166 92
17 39 8
90 138 80
20 233 20
86 203 86
11 196 2
116 164 116
177 235 170
80 200 80
124 172 116
14 187 14
93 114 86
26 98 26
82 104 74
14 30 14
64 69 56
32 141 32
116 165 116
72 77 62
22 100 14
128 243 128
2 83 2
186 227 176
2 28 2
120 164 110
123 136 116
80 145 80
9 249 2
83 173 74
100 123 92
105 173 98
129 151 122
37 238 26
149 185 140
102 209 92
16 58 8
168 209 158
197 247 188
7 147 1
97 178 86
38 141 38
20 88 20
83 162 74
120 207 110
32 48 32
39 123 32
54 242 44
95 131 86
74 206 74
14 132 14
72 228 62
72 100 62
42 102 32
28 106 20
50 116 50
5 123 1
132 140 122
244 251 236
129 189 122
145 167 134
50 256 50
94 102 86
116 247 116
179 200 170
233 240 224
140 209 140
7 31 1
107 132 98
90 113 80
77 83 68
67 112 56
17 97 8
114 185 104
62 204 62
178 184 170
14 51 14
38 44 38
160 184 152
50 94 50
14 104 14
165 251 158
172 231 164
41 169 32
65 214 56
20 62 20
134 206 134
117 130 110
94 192 86
37 253 26
182 228 182
99 243 92
249 256 242
62 146 62
149 176 140
46 115 38
57 125 50
142 190 134
67 234 56
46 117 38
163 249 152
62 242 62
128 248 128
11 172 2
24 92 14
118 159 110
42 67 32
53 115 44
42 179 32
51 237 44
15 152 8
10 214 2
163 218 152
92 150 92
145 221 134
15 230 8
184 204 176
160 243 152
91 130 80
2 208 2
172 177 164
21 256 14
147 182 140
99 134 92
76 128 68
135 198 128
50 121 50
48 253 38
8 236 8
124 135 116
6 185 1
7 199 1
146 158 146
95 108 86
110 156 110
17 135 8
1 221 1
233 248 224
173 210 164
178 218 170
90 176 80
5 44 1
1 104 1
175 212 164
90 126 80
45 95 38
243 253 236
121 143 110
131 252 122
110 147 110
65 158 56
18 256 8
94 101 86
7 102 1
94 145 86
110 128 110
6 203 1
166 213 158
80 236 80
202 208 194
62 74 62
45 50 38
25 145 14
246 251 236
157 237 146
59 81 50
62 192 62
166 186 158
146 204 146
200 215 200
68 129 68
26 149 26
69 118 62
54 122 44
105 197 98
10 233 2
125 144 116
14 159 14
20 207 20
13 139 2
74 161 74
232 239 224
13 130 2
62 118 62
33 160 26
98 224 98
211 238 200
113 175 104
25 70 14
81 171 74
54 87 44
12 23 2
55 209 44
74 114 74
195 229 188
157 242 146
70 213 62
175 200 164
50 84 50
22 98 14
220 237 212
235 237 224
68 185 68
39 232 32
20 105 20
134 183 134
185 207 176
253 255 242
141 237 134
55 81 44
73 253 62
50 61 50
118 219 110
167 183 158
33 233 26
19 164 8
45 250 38
162 211 152
68 171 68
149 226 140
110 191 110
97 236 86
119 245 110
53 167 44
2 87 2
98 225 98
62 156 62
43 90 32
44 171 44
45 167 38
86 188 86
160 234 152
55 207 44
76 96 68
56 154 56
122 246 122
107 242 98
123 160 116
104 152 104
62 102 62
46 129 38
199 240 188
164 201 164
22 212 14
207 252 200
67 182 56
124 239 116
85 105 74
19 188 8
50 62 50
195 228 188
75 214 68
8 129 8
105 124 98
109 171 98
169 194 158
104 128 104
23 252 14
232 238 224
98 244 98
154 190 146
68 148 68
14 148 14
145 178 134
119 123 110
42 50 32
78 96 68
182 195 182
103 104 92
169 204 158
232 252 224
219 255 212
15 242 8
14 201 14
243 255 236
32 44 32
205 255 194
219 234 212
74 135 74
225 242 218
223 237 212
98 166 98
187 205 176
42 222 32
156 221 146
165 230 158
130 238 122
8 57 8
80 120 80
74 127 74
170 241 170
150 225 140
6 156 1
100 199 92
181 217 170
84 138 74
62 158 62
183 189 176
101 237 92
2 108 2
246 249 236
144 165 134
51 63 44
32 105 32
44 190 44
45 88 38
15 162 8
23 39 14
213 233 206
1 11 1
89 138 80
191 227 182
145 253 134
170 223 170
116 152 116
25 59 14
111 175 104
174 224 164
12 125 2
155 220 146
92 151 92
8 115 8
131 206 122
2 104 2
208 214 200
87 153 80
27 79 20
197 253 188
38 55 38
182 223 182
26 101 26
53 204 44
50 115 50
182 241 182
76 209 68
35 225 26
115 197 104
56 97 56
169 177 158
183 209 176
60 170 50
104 120 104
10 187 2
84 192 74
78 99 68
7 71 1
116 217 116
62 171 62
79 131 68
245 255 236
38 92 38
54 212 44
157 221 146
10 46 2
13 79 2
43 240 32
2 136 2
81 98 74
83 105 74
26 210 26
86 131 86
79 101 68
16 134 8
86 229 86
211 218 200
8 47 8
52 197 44
7 150 1
7 176 1
1 92 1
228 247 218
4 63 1
17 38 8
14 170 14
51 62 44
147 229 140
224 243 224
134 244 134
1 146 1
15 246 8
43 157 32
165 220 158
145 164 134
25 197 14
220 244 212
106 248 98
141 213 134
210 218 200
48 134 38
215 245 206
15 54 8
60 134 50
88 200 80
119 175 110
97 150 86
106 237 98
7 234 1
129 140 122
7 170 1
156 229 146
221 228 212
1 50 1
76 203 68
63 234 56
68 127 68
94 216 86
122 203 122
90 123 80
146 253 146
44 160 44
194 201 194
9 181 2
218 244 218
141 180 134
112 208 104
19 203 8
8 33 8
128 207 128
207 241 200
143 201 134
62 99 62
70 105 62
153 214 146
138 151 128
46 84 38
136 188 128
116 149 116
146 255 146
2 96 2
129 256 122
44 230 44
191 239 182
123 137 116
84 219 74
12 160 2
3 114 1
88 250 80
59 139 50
241 252 230
22 178 14
154 178 146
17 243 8
104 249 104
67 243 56
134 189 134
98 221 98
2 18 2
4 56 1
41 91 32
221 234 212
14 75 14
26 77 26
63 160 56
38 105 38
99 235 92
50 113 50
2 98 2
199 209 188
41 174 32
132 175 122
90 129 80
126 182 116
38 201 38
62 105 62
15 233 8
38 59 38
115 156 104
26 148 26
104 143 104
171 219 164
76 201 68
32 188 32
86 187 86
93 123 86
63 248 56
101 194 92
85 218 74
220 255 212
146 246 146
41 222 32
32 241 32
114 228 104
98 203 98
46 198 38
115 210 104
29 131 20
52 65 44
189 206 182
163 208 152
122 159 122
78 126 68
190 230 182
70 90 62
44 59 44
185 229 176
149 219 140
218 250 218
74 138 74
40 186 32
37 90 26
109 132 98
153 194 146
59 194 50
159 219 152
26 54 26
25 74 14
132 176 122
97 167 86
105 184 98
98 156 98
20 44 20
103 190 92
74 152 74
80 125 80
35 227 26
36 53 26
57 102 50
156 175 146
46 252 38
136 164 128
8 226 8
42 120 32
80 88 80
21 141 14
86 98 86
62 79 62
69 158 62
64 199 56
55 99 44
93 190 86
164 182 164
84 211 74
70 235 62
53 193 44
55 79 44
21 223 14
138 184 128
105 207 98
123 248 116
41 124 32
15 250 8
150 201 140
84 250 74
116 232 116
159 234 152
125 249 116
4 238 1
52 88 44
185 241 176
70 201 62
119 228 110
142 217 134
78 108 68
155 210 146
21 27 14
45 100 38
125 248 116
64 81 56
82 169 74
52 210 44
52 89 44
63 211 56
25 107 14
61 108 50
69 213 62
8 121 8
92 233 92
252 256 242
181 227 170
125 218 116
24 70 14
178 205 170
5 104 1
148 158 140
75 183 68
129 150 122
50 218 50
41 190 32
20 175 20
70 205 62
163 182 152
179 240 170
124 155 116
19 100 8
38 78 38
80 216 80
62 144 62
116 246 116
38 138 38
16 234 8
8 39 8
79 255 68
19 169 8
50 179 50
78 109 68
141 169 134
164 229 164
2 56 2
49 64 38
8 131 8
127 256 116
17 150 8
38 174 38
92 129 92
117 196 110
74 81 74
58 144 50
62 135 62
229 241 218
108 133 98
55 89 44
162 184 152
10 223 2
55 70 44
202 252 194
1 96 1
104 139 104
4 179 1
2 155 2
11 194 2
134 220 134
64 104 56
16 51 8
176 195 176
70 175 62
135 197 128
62 71 62
20 30 20
98 165 98
149 229 140
10 144 2
21 242 14
183 228 176
23 69 14
64 117 56
98 149 98
74 143 74
26 49 26
48 155 38
105 248 98
52 204 44
190 197 182
46 58 38
110 200 110
138 186 128
74 147 74
14 87 14
26 76 26
113 239 104
59 116 50
203 242 194
3 209 1
56 150 56
186 240 176
6 141 1
52 61 44
58 233 50
40 217 32
119 144 110
49 126 38
191 223 182
32 148 32
109 119 98
179 231 170
164 187 164
218 238 218
158 236 158
84 222 74
74 193 74
25 212 14
70 118 62
45 144 38
72 227 62
137 249 128
94 138 86
45 112 38
218 228 218
116 136 116
33 97 26
23 206 14
212 244 212
2 29 2
2 140 2
140 149 140
35 243 26
114 144 104
115 249 104
198 212 188
110 226 110
175 230 164
65 149 56
200 242 200
202 236 194
136 194 128
67 123 56
72 152 62
70 194 62
129 139 122
47 118 38
56 189 56
122 183 122
14 68 14
96 225 86
78 249 68
30 159 20
14 115 14
210 219 200
70 147 62
98 136 98
179 228 170
2 22 2
140 171 140
153 209 146
156 217 146
10 101 2
39 235 32
45 238 38
14 20 14
112 247 104
38 49 38
97 209 86
46 143 38
16 132 8
20 212 20
49 150 38
178 233 170
62 185 62
218 253 218
50 163 50
203 239 194
8 78 8
221 230 212
10 251 2
69 247 62
21 95 14
24 221 14
50 60 50
104 113 104
99 132 92
32 47 32
55 86 44
7 160 1
131 239 122
231 249 224
117 185 110
182 216 182
16 122 8
78 92 68
123 176 116
1 185 1
20 103 20
83 144 74
61 114 50
116 200 116
185 228 176
44 223 44
121 231 110
108 176 98
7 119 1
7 209 1
19 60 8
14 212 14
226 230 218
62 209 62
8 28 8
144 159 134
8 194 8
123 186 116
68 86 68
68 87 68
144 154 134
135 190 128
11 248 2
59 125 50
1 43 1
153 241 146
110 139 110
44 95 44
104 159 104
222 231 212
23 78 14
44 181 44
86 114 86
37 203 26
40 157 32
210 217 200
32 59 32
20 203 20
29 38 20
63 142 56
52 68 44
120 240 110
49 181 38
59 120 50
244 250 236
50 140 50
41 204 32
100 214 92
11 220 2
139 194 128
227 248 218
119 189 110
183 236 176
210 249 200
6 83 1
89 212 80
56 212 56
83 170 74
24 111 14
116 178 116
146 157 146
165 183 158
92 215 92
84 87 74
117 190 110
214 246 206
62 182 62
119 138 110
8 114 8
132 174 122
66 245 56
158 178 158
76 199 68
130 153 122
172 207 164
95 107 86
46 207 38
97 125 86
1 41 1
9 79 2
174 249 164
98 164 98
120 166 110
148 236 140
112 120 104
218 246 218
94 124 86
11 104 2
16 246 8
89 217 80
56 121 56
14 167 14
100 162 92
139 178 128
35 131 26
98 178 98
65 130 56
235 239 224
35 153 26
231 246 224
14 199 14
177 221 170
152 163 152
197 255 188
180 182 170
60 70 50
115 218 104
50 68 50
199 208 188
1 118 1
67 144 56
62 126 62
29 61 20
86 135 86
109 157 98
104 149 104
36 118 26
75 221 68
138 187 128
32 140 32
101 184 92
44 74 44
108 255 98
58 248 50
12 196 2
109 123 98
37 146 26
26 63 26
81 232 74
200 214 200
167 170 158
166 173 158
142 207 134
35 122 26
104 216 104
19 96 8
137 163 128
101 139 92
29 113 20
7 167 1
110 171 110
178 210 170
89 238 80
1 94 1
78 255 68
86 144 86
133 203 122
12 226 2
1 68 1
55 179 44
64 233 56
21 90 14
144 185 134
116 139 116
86 111 86
108 150 98
84 168 74
104 207 104
196 207 188
60 93 50
38 207 38
134 186 134
183 252 176
22 127 14
73 150 62
22 149 14
101 191 92
22 169 14
140 204 140
95 143 86
63 199 56
161 220 152
84 244 74
37 61 26
56 66 56
224 242 224
38 66 38
71 86 62
176 196 176
2 144 2
20 65 20
28 168 20
141 219 134
189 213 182
31 170 20
8 138 8
209 217 200
168 234 158
123 239 116
46 108 38
139 256 128
153 238 146
175 229 164
186 214 176
35 141 26
215 218 206
104 242 104
88 230 80
111 146 104
38 225 38
97 108 86
62 153 62
20 141 20
2 242 2
142 242 134
50 172 50
1 180 1
20 245 20
33 114 26
8 112 8
158 164 158
56 127 56
22 133 14
76 112 68
8 229 8
9 209 2
20 139 20
87 117 80
44 118 44
80 206 80
143 217 134
7 155 1
86 183 86
48 147 38
161 169 152
11 140 2
26 191 26
134 143 134
128 135 128
35 234 26
56 134 56
74 90 74
209 219 200
5 83 1
14 67 14
20 195 20
2 115 2
132 221 122
213 229 206
24 223 14
15 122 8
119 229 110
43 104 32
100 226 92
81 115 74
91 173 80
68 169 68
135 216 128
224 237 224
85 227 74
36 109 26
37 156 26
50 106 50
71 124 62
202 229 194
3 203 1
8 14 8
70 132 62
163 239 152
221 231 212
142 230 134
1 35 1
90 155 80
37 154 26
134 192 134
69 93 62
160 166 152
136 246 128
49 95 38
1 59 1
155 229 146
95 128 86
102 201 92
160 190 152
20 40 20
35 99 26
49 156 38
162 195 152
60 155 50
38 56 38
203 225 194
16 245 8
177 217 170
72 140 62
190 234 182
20 133 20
109 209 98
107 126 98
55 111 44
62 154 62
62 186 62
74 189 74
73 129 62
69 250 62
79 80 68
32 167 32
1 179 1
30 200 20
93 196 86
58 104 50
14 140 14
174 205 164
136 169 128
222 227 212
174 244 164
98 132 98
164 207 164
69 190 62
13 105 2
46 204 38
3 172 1
90 136 80
214 237 206
84 157 74
112 136 104
194 205 194
77 232 68
75 182 68
75 92 68
122 237 122
174 222 164
19 210 8
1 173 1
48 232 38
158 227 158
44 147 44
123 202 116
56 73 56
68 149 68
56 68 56
67 208 56
60 241 50
191 199 182
16 227 8
17 28 8
176 232 176
167 226 158
8 34 8
172 226 164
13 197 2
56 256 56
65 253 56
54 111 44
44 83 44
113 150 104
150 234 140
222 240 212
181 255 170
227 251 218
43 194 32
51 80 44
44 232 44
192 240 182
22 227 14
190 215 182
150 207 140
234 252 224
141 248 134
75 130 68
98 185 98
98 182 98
32 114 32
4 159 1
2 195 2
209 251 200
27 48 20
97 133 86
147 210 140
63 205 56
183 217 176
25 202 14
1 128 1
94 151 86
189 221 182
153 173 146
134 250 134
134 190 134
29 171 20
200 256 200
153 171 146
20 67 20
212 231 212
103 135 92
141 206 134
36 52 26
50 112 50
18 64 8
160 165 152
204 237 194
128 220 128
138 174 128
148 227 140
112 140 104
134 144 134
185 255 176
20 47 20
152 178 152
20 95 20
239 251 230
11 88 2
39 193 32
20 228 20
125 174 116
31 48 20
69 208 62
92 187 92
178 215 170
80 166 80
109 187 98
162 178 152
183 251 176
81 219 74
34 57 26
161 216 152
51 234 44
134 229 134
78 206 68
1 23 1
96 156 86
188 249 188
120 190 110
146 199 146
166 191 158
56 123 56
26 214 26
38 97 38
84 220 74
217 252 206
64 203 56
80 186 80
143 189 134
36 104 26
15 157 8
18 88 8
165 175 158
73 75 62
78 147 68
84 94 74
94 234 86
82 123 74
235 240 224
62 162 62
78 172 68
225 253 218
50 56 50
13 241 2
110 194 110
204 231 194
157 158 146
53 244 44
158 250 158
8 88 8
2 62 2
128 242 128
102 131 92
104 251 104
164 248 164
164 183 164
33 218 26
2 71 2
235 256 224
32 82 32
38 139 38
26 34 26
68 116 68
36 144 26
138 178 128
251 256 242
44 226 44
1 111 1
18 27 8
36 127 26
111 130 104
68 119 68
104 164 104
50 86 50
213 234 206
214 222 206
125 155 116
106 114 98
110 163 110
58 202 50
5 88 1
134 167 134
93 213 86
218 252 218
92 146 92
3 247 1
23 188 14
14 137 14
50 95 50
127 210 116
193 231 182
104 224 104
170 214 170
23 36 14
73 146 62
78 193 68
15 194 8
61 185 50
107 176 98
125 207 116
76 211 68
50 66 50
98 238 98
130 175 122
180 240 170
86 148 86
41 111 32
118 184 110
18 213 8
8 130 8
71 91 62
8 166 8
56 155 56
8 104 8
234 236 224
38 96 38
188 206 188
110 221 110
53 70 44
21 32 14
78 197 68
56 229 56
59 167 50
137 180 128
143 155 134
18 128 8
56 93 56
21 40 14
8 253 8
79 154 68
36 45 26
70 243 62
52 181 44
56 177 56
20 27 20
98 133 98
76 84 68
80 130 80
44 110 44
161 240 152
2 165 2
96 210 86
151 200 140
208 230 200
26 181 26
22 101 14
59 171 50
98 201 98
141 181 134
198 243 188
82 136 74
110 178 110
152 230 152
115 163 104
26 165 26
196 203 188
38 47 38
22 245 14
146 173 146
114 139 104
28 217 20
144 198 134
155 191 146
238 251 230
52 162 44
147 188 140
211 212 200
36 50 26
2 225 2
139 206 128
141 233 134
38 95 38
85 238 74
77 238 68
26 209 26
38 93 38
206 250 206
218 256 218
60 95 50
98 105 98
56 75 56
67 241 56
113 248 104
152 199 152
23 192 14
89 193 80
108 234 98
17 56 8
100 234 92
104 252 104
75 135 68
136 191 128
1 106 1
81 168 74
137 153 128
131 191 122
178 239 170
62 138 62
102 145 92
32 232 32
86 251 86
82 114 74
86 194 86
164 218 164
110 245 110
79 117 68
126 150 116
116 179 116
60 159 50
83 152 74
31 215 20
13 185 2
6 80 1
17 65 8
82 210 74
117 216 110
99 118 92
36 115 26
29 243 20
98 235 98
78 168 68
81 256 74
79 241 68
110 186 110
56 70 56
48 51 38
217 240 206
116 147 116
48 80 38
102 171 92
177 213 170
62 127 62
129 194 122
1 227 1
89 154 80
77 128 68
154 216 146
82 148 74
89 210 80
86 230 86
196 216 188
107 205 98
36 161 26
121 210 110
1 119 1
38 150 38
12 206 2
22 171 14
107 130 98
222 241 212
44 119 44
106 118 98
45 215 38
8 225 8
137 188 128
6 23 1
200 239 200
14 246 14
87 177 80
230 241 230
20 217 20
49 245 38
23 37 14
153 218 146
2 174 2
1 133 1
110 173 110
14 147 14
128 216 128
97 123 86
154 184 146
153 242 146
219 235 212
47 250 38
25 89 14
68 150 68
56 196 56
81 139 74
52 170 44
31 232 20
214 230 206
32 109 32
8 202 8
94 149 86
38 242 38
27 183 20
43 237 32
121 183 110
97 170 86
203 218 194
28 191 20
34 204 26
26 112 26
75 191 68
30 53 20
34 147 26
186 190 176
229 234 218
2 192 2
155 216 146
38 143 38
140 182 140
216 255 206
210 243 200
164 213 164
7 151 1
122 192 122
55 210 44
82 111 74
43 126 32
2 161 2
15 209 8
23 132 14
35 97 26
107 174 98
15 75 8
59 112 50
198 204 188
1 217 1
24 143 14
70 164 62
90 106 80
161 217 152
48 193 38
167 221 158
182 234 182
21 159 14
193 234 182
149 182 140
85 169 74
1 232 1
216 240 206
22 117 14
28 213 20
134 142 134
87 98 80
149 215 140
49 162 38
10 190 2
100 118 92
6 71 1
128 150 128
222 246 212
145 208 134
143 212 134
140 147 140
18 217 8
60 246 50
91 198 80
116 233 116
79 141 68
29 240 20
181 244 170
2 91 2
117 129 110
25 29 14
83 140 74
84 255 74
109 127 98
70 210 62
140 191 140
38 87 38
198 246 188
56 173 56
55 177 44
38 184 38
24 202 14
15 44 8
92 139 92
40 245 32
10 247 2
38 79 38
158 180 158
214 255 206
98 173 98
131 150 122
37 170 26
172 211 164
157 187 146
77 169 68
214 243 206
56 176 56
152 160 152
165 237 158
182 209 182
50 85 50
33 83 26
159 208 152
80 190 80
79 123 68
86 226 86
95 246 86
1 9 1
29 207 20
92 206 92
157 220 146
172 190 164
210 221 200
19 94 8
95 253 86
5 160 1
164 203 164
178 255 170
79 82 68
110 135 110
216 221 206
169 197 158
40 49 32
107 196 98
9 47 2
233 251 224
66 118 56
26 192 26
123 198 116
8 97 8
56 71 56
98 234 98
137 248 128
111 198 104
217 225 206
2 119 2
149 228 140
150 237 140
1 45 1
68 138 68
72 175 62
65 70 56
123 150 116
112 137 104
20 70 20
21 167 14
68 109 68
147 175 140
6 183 1
118 148 110
128 139 128
3 169 1
150 241 140
171 190 164
27 162 20
61 251 50
153 169 146
62 124 62
56 125 56
171 195 164
141 243 134
32 63 32
74 140 74
6 246 1
73 177 62
195 248 188
47 102 38
79 221 68
90 93 80
16 236 8
72 104 62
72 171 62
163 175 152
78 181 68
172 241 164
33 226 26
139 152 128
61 164 50
147 223 140
83 116 74
14 196 14
39 100 32
61 102 50
14 91 14
21 78 14
240 243 230
140 232 140
32 91 32
14 228 14
6 217 1
48 74 38
26 62 26
150 182 140
115 191 104
124 247 116
20 64 20
29 242 20
123 161 116
83 156 74
2 109 2
89 223 80
128 215 128
2 48 2
119 184 110
97 109 86
152 221 152
137 186 128
90 217 80
63 174 56
56 187 56
104 248 104
15 231 8
218 242 218
62 198 62
159 178 152
7 24 1
71 240 62
77 147 68
14 142 14
105 120 98
23 243 14
92 196 92
84 114 74
80 188 80
190 207 182
207 248 200
140 177 140
67 205 56
117 226 110
80 101 80
88 238 80
129 200 122
50 196 50
208 248 200
11 127 2
67 88 56
102 117 92
71 101 62
60 116 50
38 133 38
44 114 44
102 127 92
26 231 26
21 213 14
38 94 38
3 193 1
9 100 2
156 198 146
30 119 20
9 151 2
161 241 152
192 228 182
80 104 80
118 239 110
166 253 158
186 199 176
16 63 8
27 47 20
92 135 92
70 86 62
97 131 86
126 161 116
145 170 134
76 181 68
186 255 176
45 202 38
13 153 2
24 145 14
214 238 206
56 80 56
221 236 212
63 219 56
50 69 50
233 237 224
83 161 74
80 86 80
117 205 110
52 148 44
83 212 74
70 149 62
86 249 86
184 196 176
19 235 8
45 178 38
26 37 26
78 119 68
56 98 56
114 120 104
60 164 50
26 88 26
112 253 104
83 130 74
58 184 50
28 239 20
18 95 8
8 103 8
209 229 200
31 205 20
8 70 8
43 166 32
146 215 146
63 153 56
168 235 158
49 143 38
229 246 218
2 233 2
175 242 164
129 242 122
197 203 188
128 208 128
175 241 164
151 152 140
164 190 164
160 239 152
7 194 1
229 244 218
146 176 146
226 243 218
44 201 44
20 143 20
114 174 104
23 129 14
105 143 98
206 226 206
134 196 134
32 131 32
99 176 92
59 152 50
86 125 86
39 174 32
140 252 140
72 107 62
168 222 158
229 248 218
155 162 146
123 238 116
118 146 110
112 191 104
110 123 110
211 255 200
133 134 122
4 8 1
204 248 194
6 142 1
174 182 164
36 151 26
225 245 218
129 136 122
92 175 92
140 195 140
68 106 68
150 203 140
67 120 56
132 218 122
169 188 158
123 170 116
62 197 62
166 210 158
149 221 140
58 139 50
96 144 86
29 124 20
107 198 98
82 212 74
25 108 14
64 191 56
35 87 26
9 167 2
39 184 32
56 126 56
19 192 8
38 108 38
48 89 38
133 154 122
140 192 140
173 243 164
8 140 8
1 157 1
4 206 1
121 157 110
178 243 170
40 83 32
1 169 1
133 146 122
86 102 86
8 60 8
115 250 104
1 135 1
7 181 1
95 174 86
77 213 68
176 233 176
1 220 1
28 58 20
225 238 218
2 139 2
17 216 8
172 256 164
81 120 74
8 183 8
160 203 152
88 247 80
57 201 50
69 102 62
186 191 176
132 212 122
29 91 20
94 236 86
155 165 146
197 209 188
28 99 20
93 243 86
152 213 152
109 116 98
110 136 110
27 118 20
48 110 38
245 253 236
121 256 110
100 237 92
3 110 1
146 226 146
58 238 50
159 215 152
218 226 218
173 232 164
73 169 62
141 153 134
14 59 14
56 224 56
123 187 116
90 212 80
212 218 212
70 255 62
95 185 86
110 256 110
168 236 158
97 218 86
142 161 134
29 35 20
187 245 176
2 204 2
10 40 2
1 183 1
14 160 14
62 88 62
11 171 2
81 199 74
91 199 80
13 167 2
68 162 68
7 55 1
112 163 104
112 128 104
18 122 8
159 206 152
156 192 146
143 244 134
19 82 8
18 179 8
47 105 38
86 146 86
209 241 200
120 132 110
145 251 134
105 123 98
21 202 14
30 242 20
62 84 62
143 160 134
57 91 50
118 247 110
158 192 158
65 108 56
229 231 218
84 205 74
68 201 68
63 244 56
139 167 128
164 227 164
70 166 62
66 252 56
170 233 170
135 141 128
140 226 140
8 242 8
203 227 194
170 232 170
127 196 116
84 151 74
46 131 38
133 255 122
51 168 44
14 58 14
8 252 8
127 220 116
20 36 20
109 153 98
43 135 32
80 153 80
226 237 218
127 253 116
32 142 32
120 215 110
98 161 98
239 245 230
72 226 62
54 108 44
28 104 20
58 183 50
125 234 116
48 120 38
103 106 92
194 233 194
117 237 110
181 199 170
95 195 86
86 240 86
133 138 122
154 198 146
79 251 68
101 182 92
105 247 98
115 194 104
198 235 188
122 180 122
128 217 128
31 74 20
76 226 68
68 247 68
9 30 2
99 245 92
150 208 140
151 194 140
35 197 26
210 233 200
29 178 20
172 194 164
69 182 62
201 253 194
38 256 38
49 103 38
91 194 80
158 224 158
8 153 8
203 215 194
160 232 152
2 94 2
74 190 74
192 237 182
79 236 68
61 75 50
80 107 80
2 188 2
107 171 98
74 107 74
153 163 146
20 117 20
157 245 146
20 234 20
38 222 38
177 242 170
34 81 26
51 164 44
215 222 206
50 71 50
92 239 92
101 169 92
34 192 26
27 147 20
4 229 1
26 122 26
144 237 134
122 220 122
192 225 182
84 117 74
14 26 14
98 174 98
55 240 44
67 187 56
144 179 134
61 104 50
99 238 92
50 119 50
214 235 206
29 133 20
220 239 212
40 92 32
32 66 32
127 236 116
116 231 116
177 206 170
22 95 14
62 222 62
115 171 104
144 197 134
87 148 80
79 160 68
162 231 152
98 202 98
62 133 62
32 46 32
109 117 98
27 90 20
143 232 134
110 195 110
156 202 146
211 224 200
29 78 20
149 203 140
16 222 8
30 255 20
201 220 194
21 61 14
116 186 116
121 243 110
118 236 110
211 253 200
22 173 14
20 241 20
170 190 170
8 142 8
107 245 98
60 108 50
21 197 14
39 240 32
120 246 110
132 194 122
226 255 218
90 235 80
70 78 62
142 225 134
72 245 62
8 83 8
26 109 26
119 122 110
127 148 116
55 171 44
137 145 128
59 146 50
142 204 134
63 185 56
34 76 26
140 178 140
127 215 116
68 126 68
82 105 74
176 231 176
104 210 104
63 157 56
40 73 32
56 234 56
207 221 200
240 250 230
28 241 20
85 178 74
72 141 62
139 192 128
32 53 32
42 248 32
30 155 20
121 255 110
208 239 200
3 189 1
46 186 38
37 239 26
173 233 164
69 172 62
42 70 32
20 183 20
100 210 92
3 57 1
122 139 122
10 96 2
14 74 14
50 185 50
30 134 20
38 176 38
55 157 44
27 106 20
153 165 146
30 170 20
126 142 116
155 224 146
195 243 188
64 121 56
22 114 14
146 202 146
14 37 14
44 251 44
8 96 8
5 192 1
48 143 38
89 181 80
62 238 62
171 180 164
59 93 50
152 193 152
207 234 200
95 237 86
2 40 2
140 241 140
145 235 134
20 147 20
204 241 194
24 125 14
8 61 8
43 137 32
38 86 38
98 159 98
41 49 32
159 253 152
207 240 200
67 247 56
165 231 158
46 164 38
12 50 2
39 236 32
14 194 14
121 227 110
126 236 116
152 251 152
128 219 128
81 106 74
1 238 1
116 230 116
220 228 212
132 237 122
85 195 74
128 197 128
20 144 20
202 244 194
197 202 188
186 234 176
69 186 62
223 228 212
36 214 26
169 214 158
33 166 26
2 194 2
189 215 182
190 226 182
96 158 86
109 112 98
115 215 104
50 184 50
12 69 2
67 141 56
108 168 98
86 225 86
44 172 44
79 152 68
26 36 26
166 176 158
220 233 212
234 248 224
27 56 20
241 247 230
142 160 134
49 151 38
44 61 44
48 135 38
155 243 146
104 187 104
222 248 212
66 105 56
74 230 74
62 205 62
26 119 26
55 107 44
128 164 128
78 210 68
38 161 38
109 192 98
36 42 26
177 239 170
62 134 62
163 242 152
161 225 152
167 240 158
98 248 98
98 138 98
192 201 182
81 165 74
176 190 176
194 231 194
217 227 206
94 222 86
76 142 68
214 251 206
26 187 26
95 173 86
62 140 62
183 200 176
33 117 26
16 250 8
67 160 56
99 192 92
184 246 176
191 243 182
68 178 68
48 126 38
68 177 68
136 174 128
49 107 38
52 189 44
56 106 56
125 148 116
120 181 110
167 203 158
102 228 92
109 166 98
67 206 56
189 247 182
154 166 146
9 174 2
15 185 8
75 110 68
22 221 14
19 219 8
26 250 26
127 206 116
220 236 212
150 179 140
127 218 116
80 195 80
144 176 134
63 104 56
97 160 86
79 171 68
107 148 98
122 144 122
177 220 170
84 204 74
224 245 224
82 152 74
116 148 116
168 183 158
39 223 32
167 239 158
160 198 152
1 162 1
86 211 86
62 114 62
64 101 56
83 147 74
89 115 80
68 164 68
204 209 194
71 97 62
200 226 200
35 96 26
95 178 86
64 105 56
166 194 158
53 192 44
30 158 20
16 21 8
124 147 116
88 181 80
172 208 164
189 222 182
34 149 26
21 200 14
141 170 134
119 208 110
39 196 32
2 186 2
29 244 20
79 184 68
75 88 68
221 253 212
23 123 14
166 183 158
1 211 1
190 238 182
57 171 50
61 186 50
4 91 1
133 238 122
104 141 104
22 102 14
212 249 212
8 26 8
31 113 20
244 248 236
164 175 164
193 232 182
97 186 86
83 199 74
78 141 68
9 134 2
39 171 32
11 255 2
139 157 128
68 96 68
14 214 14
8 244 8
154 212 146
29 149 20
218 251 218
26 163 26
2 89 2
154 205 146
128 167 128
26 251 26
112 170 104
96 135 86
20 130 20
57 74 50
81 91 74
62 200 62
14 46 14
163 234 152
180 246 170
232 250 224
211 225 200
68 75 68
91 154 80
93 205 86
8 150 8
38 51 38
33 102 26
164 236 164
130 173 122
75 179 68
134 179 134
26 183 26
24 147 14
92 211 92
91 161 80
194 242 194
74 240 74
66 120 56
209 223 200
35 232 26
51 190 44
142 186 134
68 100 68
243 256 236
13 75 2
20 220 20
220 251 212
196 231 188
177 182 170
77 231 68
44 101 44
35 77 26
56 141 56
33 138 26
38 53 38
2 224 2
227 244 218
92 199 92
10 63 2
48 167 38
105 256 98
81 162 74
15 167 8
47 91 38
228 233 218
34 224 26
85 181 74
52 221 44
45 241 38
47 177 38
126 223 116
137 152 128
72 164 62
14 192 14
79 96 68
108 144 98
12 191 2
151 255 140
209 249 200
197 218 188
208 240 200
30 233 20
145 153 134
38 195 38
41 119 32
84 144 74
36 205 26
50 57 50
81 117 74
39 116 32
3 21 1
16 89 8
100 131 92
88 243 80
144 191 134
171 176 164
3 165 1
8 157 8
55 164 44
161 256 152
112 122 104
20 135 20
26 99 26
20 146 20
50 213 50
89 92 80
104 144 104
195 204 188
1 74 1
3 136 1
110 153 110
27 211 20
48 78 38
8 29 8
168 201 158
44 64 44
102 154 92
119 250 110
104 226 104
14 43 14
12 53 2
117 155 110
29 41 20
243 252 236
210 232 200
103 182 92
136 149 128
151 216 140
209 218 200
94 186 86
173 249 164
203 223 194
173 256 164
85 228 74
64 241 56
155 159 146
17 255 8
1 109 1
105 234 98
57 97 50
62 113 62
10 193 2
113 156 104
12 105 2
116 161 116
31 43 20
154 159 146
124 211 116
68 76 68
98 128 98
154 215 146
60 182 50
171 256 164
171 225 164
81 250 74
38 204 38
175 227 164
27 92 20
175 247 164
51 219 44
65 123 56
41 177 32
45 211 38
124 198 116
103 211 92
197 249 188
203 247 194
217 222 206
9 157 2
100 134 92
41 75 32
23 151 14
11 232 2
26 243 26
201 206 194
204 256 194
41 231 32
62 89 62
86 117 86
13 34 2
8 119 8
17 91 8
79 179 68
192 231 182
68 198 68
110 162 110
201 250 194
51 225 44
32 202 32
56 181 56
80 139 80
86 149 86
58 76 50
201 244 194
168 213 158
200 217 200
94 207 86
74 162 74
218 243 218
56 133 56
46 256 38
189 251 182
170 202 170
9 190 2
192 252 182
86 169 86
114 143 104
135 206 128
87 199 80
56 86 56
144 201 134
72 237 62
110 243 110
9 23 2
11 243 2
150 226 140
40 115 32
71 130 62
129 184 122
2 30 2
177 200 170
104 163 104
111 134 104
26 111 26
110 169 110
144 236 134
16 178 8
59 72 50
77 122 68
188 216 188
189 250 182
190 231 182
60 143 50
146 239 146
38 103 38
41 76 32
160 208 152
82 163 74
110 207 110
130 249 122
9 130 2
120 138 110
7 177 1
215 244 206
6 228 1
11 53 2
86 196 86
194 250 194
209 228 200
8 66 8
47 140 38
216 243 206
71 213 62
23 77 14
176 206 176
32 190 32
148 210 140
153 189 146
116 167 116
26 196 26
92 113 92
11 101 2
122 241 122
151 223 140
122 179 122
210 220 200
72 125 62
116 237 116
85 213 74
20 73 20
78 219 68
30 99 20
199 226 188
19 126 8
159 248 152
101 136 92
173 242 164
50 198 50
133 219 122
110 248 110
47 229 38
1 152 1
59 118 50
113 185 104
138 155 128
19 137 8
111 157 104
44 91 44
218 229 218
145 179 134
50 101 50
128 180 128
77 143 68
26 51 26
25 77 14
181 239 170
73 221 62
90 215 80
86 218 86
141 146 134
169 203 158
74 223 74
194 216 194
114 192 104
128 134 128
7 219 1
71 171 62
21 189 14
92 130 92
180 201 170
115 152 104
86 99 86
144 170 134
20 145 20
162 196 152
170 244 170
60 78 50
145 213 134
146 154 146
85 207 74
116 234 116
29 196 20
86 201 86
202 243 194
152 218 152
117 137 110
42 138 32
195 224 188
136 157 128
35 54 26
1 24 1
82 198 74
73 116 62
50 240 50
193 198 182
180 253 170
241 244 230
208 216 200
44 165 44
44 96 44
12 122 2
155 164 146
161 202 152
185 242 176
84 146 74
181 247 170
184 242 176
147 173 140
223 227 212
14 143 14
105 251 98
44 73 44
66 164 56
80 117 80
42 58 32
100 124 92
115 224 104
166 251 158
197 240 188
41 110 32
85 166 74
233 252 224
86 195 86
5 113 1
7 56 1
25 100 14
110 211 110
62 104 62
140 146 140
197 221 188
6 159 1
14 191 14
145 256 134
67 147 56
47 63 38
26 60 26
22 113 14
37 174 26
80 210 80
42 76 32
75 177 68
55 74 44
167 197 158
35 75 26
87 202 80
240 256 230
144 150 134
104 222 104
221 248 212
160 179 152
140 172 140
71 99 62
206 220 206
108 220 98
152 158 152
20 150 20
36 138 26
146 189 146
32 168 32
20 169 20
89 160 80
108 247 98
17 222 8
24 53 14
92 189 92
103 221 92
158 204 158
220 234 212
16 197 8
76 239 68
7 245 1
32 102 32
14 169 14
128 153 128
16 112 8
8 148 8
2 176 2
164 212 164
94 172 86
119 216 110
95 214 86
50 178 50
4 31 1
134 223 134
170 229 170
110 222 110
123 131 116
134 160 134
28 84 20
125 153 116
137 197 128
56 135 56
129 253 122
127 133 116
103 193 92
204 234 194
14 231 14
61 183 50
133 246 122
20 202 20
199 231 188
63 240 56
209 236 200
173 250 164
54 199 44
20 51 20
75 194 68
164 219 164
40 172 32
134 154 134
46 192 38
32 55 32
14 107 14
14 119 14
92 223 92
126 245 116
4 10 1
84 175 74
50 141 50
81 251 74
148 233 140
116 181 116
32 215 32
155 196 146
92 244 92
25 194 14
60 235 50
156 201 146
59 82 50
93 179 86
28 119 20
73 126 62
34 218 26
32 247 32
94 191 86
187 250 176
85 145 74
189 227 182
73 108 62
127 193 116
4 227 1
223 231 212
53 141 44
121 139 110
173 183 164
26 228 26
44 127 44
206 239 206
21 140 14
145 147 134
56 78 56
133 204 122
104 234 104
73 112 62
2 76 2
5 152 1
182 231 182
116 201 116
201 211 194
31 196 20
130 186 122
113 188 104
184 194 176
11 146 2
108 203 98
40 155 32
136 167 128
148 153 140
39 209 32
26 167 26
240 242 230
12 116 2
207 245 200
193 255 182
86 174 86
116 172 116
20 116 20
1 224 1
141 190 134
1 140 1
25 48 14
166 233 158
81 249 74
116 198 116
22 235 14
40 188 32
182 196 182
155 235 146
185 236 176
246 252 236
144 147 134
68 107 68
238 245 230
76 104 68
189 217 182
131 190 122
167 182 158
172 201 164
135 166 128
10 43 2
126 168 116
127 149 116
4 247 1
4 123 1
128 138 128
193 216 182
115 212 104
165 226 158
232 246 224
155 209 146
14 62 14
43 62 32
12 188 2
29 238 20
193 242 182
20 170 20
183 216 176
16 83 8
111 161 104
216 227 206
145 146 134
44 158 44
152 179 152
1 31 1
38 228 38
131 199 122
22 175 14
188 224 188
66 191 56
69 215 62
160 172 152
1 252 1
173 235 164
184 238 176
119 148 110
144 219 134
83 97 74
17 145 8
122 191 122
57 242 50
38 50 38
156 244 146
64 160 56
14 235 14
113 169 104
120 189 110
65 255 56
38 127 38
178 238 170
102 247 92
220 242 212
80 102 80
74 97 74
42 109 32
5 97 1
82 175 74
189 202 182
86 210 86
44 256 44
1 188 1
26 130 26
234 237 224
108 196 98
39 253 32
139 224 128
125 172 116
44 69 44
197 246 188
122 150 122
70 119 62
184 211 176
89 106 80
93 255 86
122 132 122
198 201 188
167 179 158
48 141 38
121 169 110
141 240 134
50 67 50
71 243 62
83 181 74
135 148 128
210 214 200
66 189 56
137 185 128
58 68 50
196 229 188
124 177 116
47 197 38
144 239 134
54 128 44
165 174 158
109 139 98
36 240 26
114 151 104
64 198 56
234 246 224
57 148 50
14 204 14
116 128 116
120 159 110
171 251 164
129 241 122
50 98 50
98 193 98
33 60 26
29 223 20
147 159 140
128 253 128
94 250 86
75 210 68
33 151 26
86 193 86
222 253 212
68 108 68
132 172 122
68 167 68
196 230 188
85 136 74
66 211 56
164 241 164
113 135 104
35 111 26
36 114 26
8 222 8
26 205 26
56 117 56
3 153 1
3 117 1
4 112 1
28 75 20
225 233 218
1 57 1
66 101 56
92 232 92
206 214 206
20 179 20
108 149 98
206 212 206
213 238 206
12 231 2
1 143 1
93 188 86
25 234 14
116 215 116
22 196 14
155 231 146
44 51 44
26 178 26
77 129 68
106 112 98
154 219 146
100 216 92
231 250 224
13 26 2
168 191 158
49 248 38
115 211 104
18 115 8
165 202 158
89 98 80
176 185 176
155 195 146
13 31 2
30 205 20
98 205 98
39 190 32
108 151 98
32 76 32
195 221 188
93 236 86
4 203 1
68 203 68
216 256 206
166 242 158
149 152 140
113 164 104
23 170 14
39 185 32
143 157 134
59 250 50
29 161 20
26 118 26
38 180 38
218 245 218
44 219 44
159 184 152
182 211 182
104 225 104
28 67 20
50 171 50
21 63 14
176 217 176
33 90 26
23 174 14
195 202 188
120 211 110
39 252 32
185 247 176
51 197 44
2 196 2
22 194 14
51 142 44
80 249 80
26 221 26
87 101 80
63 137 56
24 88 14
118 185 110
50 180 50
157 212 146
104 176 104
38 64 38
129 182 122
56 143 56
74 166 74
17 29 8
64 139 56
51 152 44
160 204 152
8 85 8
32 199 32
125 252 116
139 248 128
6 240 1
78 104 68
35 65 26
128 213 128
201 214 194
143 182 134
152 208 152
44 200 44
38 122 38
5 108 1
13 125 2
226 242 218
32 57 32
8 122 8
98 239 98
35 104 26
57 75 50
18 234 8
181 221 170
9 14 2
131 196 122
167 209 158
22 54 14
46 74 38
72 86 62
86 109 86
157 236 146
108 228 98
205 252 194
20 214 20
225 232 218
98 106 98
177 189 170
13 217 2
14 224 14
51 119 44
44 159 44
169 210 158
112 171 104
74 204 74
189 236 182
30 63 20
86 233 86
40 251 32
182 219 182
105 237 98
170 209 170
176 249 176
102 110 92
157 225 146
47 100 38
70 129 62
136 212 128
107 243 98
48 248 38
183 211 176
4 130 1
146 201 146
26 106 26
44 70 44
70 252 62
32 43 32
103 189 92
50 110 50
141 225 134
190 252 182
6 198 1
210 256 200
20 172 20
69 146 62
42 188 32
86 231 86
177 255 170
106 232 98
204 244 194
161 167 152
198 234 188
202 217 194
117 171 110
17 30 8
204 206 194
79 125 68
90 234 80
78 252 68
177 193 170
7 60 1
94 188 86
8 209 8
12 66 2
235 252 224
98 187 98
70 221 62
53 142 44
6 40 1
211 219 200
10 224 2
247 248 236
74 214 74
169 235 158
62 187 62
92 209 92
12 252 2
157 250 146
11 233 2
92 229 92
38 112 38
138 218 128
124 142 116
13 173 2
158 181 158
72 109 62
6 52 1
138 160 128
176 207 176
14 110 14
1 250 1
41 233 32
140 210 140
117 215 110
194 226 194
95 124 86
38 153 38
38 106 38
36 46 26
144 226 134
6 62 1
181 231 170
25 201 14
62 184 62
40 211 32
52 79 44
188 217 188
4 105 1
117 242 110
40 154 32
192 241 182
21 156 14
40 50 32
145 227 134
51 79 44
98 121 98
145 162 134
219 233 212
95 226 86
19 62 8
153 224 146
78 226 68
98 196 98
201 247 194
42 201 32
54 246 44
127 250 116
18 242 8
164 196 164
68 229 68
213 250 206
19 244 8
55 158 44
9 186 2
110 210 110
143 150 134
43 205 32
9 253 2
2 159 2
38 135 38
215 220 206
40 56 32
49 129 38
70 237 62
44 58 44
40 187 32
105 144 98
67 75 56
52 69 44
126 177 116
13 94 2
19 93 8
117 232 110
165 210 158
112 239 104
55 93 44
20 244 20
212 239 212
84 226 74
181 186 170
70 122 62
4 176 1
17 121 8
14 211 14
68 186 68
196 235 188
118 124 110
129 179 122
193 199 182
29 34 20
144 162 134
113 253 104
88 106 80
231 236 224
2 247 2
144 242 134
74 222 74
8 54 8
112 211 104
74 113 74
67 149 56
31 225 20
26 45 26
49 86 38
53 205 44
151 176 140
68 215 68
77 146 68
152 238 152
139 158 128
119 205 110
66 253 56
92 194 92
43 111 32
175 178 164
124 243 116
155 242 146
231 243 224
48 186 38
1 168 1
56 175 56
44 183 44
40 247 32
189 195 182
125 184 116
2 38 2
50 228 50
32 61 32
212 253 212
14 138 14
86 127 86
208 243 200
221 232 212
83 205 74
30 112 20
16 154 8
74 123 74
25 133 14
201 251 194
1 80 1
43 174 32
83 94 74
52 211 44
20 39 20
53 186 44
148 193 140
32 150 32
11 137 2
70 246 62
47 98 38
109 219 98
68 118 68
147 237 140
111 154 104
172 191 164
117 252 110
25 185 14
132 165 122
68 252 68
223 242 212
65 127 56
44 104 44
39 119 32
164 206 164
60 162 50
29 205 20
54 255 44
67 159 56
17 138 8
128 225 128
31 208 20
37 233 26
8 144 8
90 184 80
64 192 56
152 244 152
120 195 110
38 241 38
188 235 188
136 251 128
40 255 32
52 119 44
112 141 104
54 147 44
97 107 86
53 89 44
50 58 50
132 141 122
99 203 92
56 62 56
67 190 56
94 205 86
94 134 86
46 77 38
47 56 38
115 226 104
51 216 44
104 171 104
172 176 164
30 212 20
61 148 50
24 150 14
194 244 194
8 201 8
85 126 74
165 245 158
112 184 104
28 109 20
40 71 32
62 245 62
159 187 152
116 156 116
14 197 14
19 144 8
9 188 2
122 202 122
119 202 110
63 180 56
134 251 134
23 26 14
31 185 20
13 114 2
17 98 8
135 181 128
33 75 26
94 241 86
92 236 92
41 214 32
36 168 26
158 191 158
75 188 68
110 152 110
171 229 164
120 231 110
104 112 104
70 100 62
150 231 140
76 233 68
1 48 1
52 205 44
6 123 1
33 105 26
30 120 20
56 96 56
66 159 56
49 252 38
74 186 74
61 69 50
86 245 86
85 103 74
176 247 176
146 200 146
182 205 182
8 191 8
56 240 56
63 167 56
233 238 224
157 164 146
14 176 14
13 176 2
104 168 104
167 188 158
51 130 44
40 149 32
85 237 74
162 236 152
139 171 128
179 237 170
68 176 68
126 229 116
150 164 140
30 40 20
80 173 80
24 251 14
50 105 50
166 185 158
239 247 230
162 222 152
23 230 14
85 130 74
138 142 128
84 108 74
72 163 62
150 178 140
154 161 146
187 191 176
181 228 170
134 148 134
50 210 50
171 244 164
141 239 134
33 190 26
38 177 38
40 125 32
26 169 26
127 225 116
189 233 182
218 233 218
116 214 116
84 243 74
200 246 200
144 180 134
32 74 32
30 93 20
146 162 146
30 240 20
181 191 170
18 44 8
93 197 86
60 89 50
117 159 110
81 242 74
12 175 2
154 189 146
104 116 104
28 150 20
108 244 98
2 52 2
81 90 74
81 185 74
2 231 2
84 113 74
85 109 74
119 188 110
27 238 20
126 244 116
33 171 26
110 121 110
139 182 128
100 137 92
86 130 86
24 198 14
126 141 116
107 111 98
85 141 74
96 241 86
156 253 146
237 251 230
68 83 68
22 32 14
198 232 188
134 242 134
60 166 50
49 177 38
62 80 62
38 85 38
10 209 2
141 238 134
104 247 104
127 208 116
134 150 134
113 173 104
32 112 32
65 133 56
128 234 128
62 191 62
9 22 2
102 150 92
17 183 8
81 188 74
47 192 38
41 86 32
118 179 110
30 166 20
28 183 20
83 96 74
63 212 56
217 239 206
41 80 32
198 255 188
44 100 44
146 178 146
133 149 122
46 91 38
38 247 38
42 170 32
54 89 44
8 20 8
125 189 116
78 256 68
65 103 56
20 81 20
139 255 128
15 99 8
2 189 2
23 98 14
24 148 14
118 152 110
48 67 38
159 226 152
64 92 56
227 247 218
209 237 200
47 136 38
107 181 98
162 185 152
59 84 50
109 203 98
76 122 68
186 217 176
143 193 134
21 236 14
131 214 122
178 250 170
29 75 20
128 169 128
151 160 140
2 166 2
14 45 14
104 136 104
153 212 146
72 252 62
62 167 62
137 251 128
146 183 146
146 244 146
12 28 2
103 122 92
23 168 14
11 231 2
143 169 134
174 226 164
77 173 68
50 150 50
111 120 104
22 226 14
38 137 38
44 71 44
144 149 134
184 217 176
62 86 62
9 73 2
59 165 50
85 110 74
140 160 140
19 205 8
38 200 38
56 183 56
44 253 44
44 169 44
22 46 14
80 198 80
156 177 146
67 124 56
27 218 20
66 176 56
32 84 32
140 166 140
85 93 74
2 156 2
152 214 152
88 193 80
158 225 158
77 157 68
1 110 1
59 179 50
173 176 164
61 110 50
38 90 38
13 28 2
69 78 62
94 212 86
98 180 98
245 249 236
191 252 182
109 201 98
156 242 146
56 201 56
26 157 26
32 93 32
135 183 128
150 221 140
181 184 170
88 137 80
205 217 194
108 161 98
167 207 158
83 101 74
118 244 110
147 212 140
196 213 188
53 216 44
158 170 158
101 198 92
109 169 98
182 232 182
153 210 146
14 55 14
2 175 2
14 220 14
20 48 20
90 146 80
70 74 62
1 125 1
123 192 116
40 141 32
105 112 98
115 175 104
98 113 98
116 229 116
86 227 86
18 245 8
225 255 218
4 183 1
11 170 2
87 141 80
85 148 74
8 205 8
17 213 8
176 243 176
10 25 2
70 219 62
84 246 74
177 202 170
148 241 140
87 159 80
130 185 122
36 131 26
98 240 98
152 240 152
174 232 164
45 166 38
199 215 188
132 135 122
181 204 170
90 99 80
240 253 230
189 241 182
177 208 170
195 255 188
32 77 32
67 89 56
45 161 38
122 232 122
36 223 26
62 189 62
77 200 68
178 208 170
8 69 8
113 165 104
167 219 158
28 35 20
82 102 74
88 125 80
31 56 20
8 146 8
70 163 62
14 52 14
139 245 128
145 238 134
70 97 62
65 195 56
158 252 158
162 174 152
157 177 146
179 236 170
215 252 206
19 131 8
52 74 44
138 234 128
