128 4013
86 87 85
86 88 85
86 89 85
86 90 85
86 91 85
86 92 85
86 93 85
86 94 85
86 95 85
86 96 85
86 97 85
86 98 85
86 99 85
86 100 85
86 101 85
86 102 85
86 103 85
86 104 85
86 105 85
86 106 85
86 107 85
86 108 85
86 109 85
86 110 85
86 111 85
86 112 85
86 113 85
86 114 85
86 115 85
86 116 85
86 117 85
86 118 85
86 119 85
86 120 85
86 121 85
86 122 85
86 123 85
86 124 85
86 125 85
86 126 85
86 127 85
86 128 85
87 88 85
87 89 85
87 90 85
87 91 85
87 92 85
87 93 85
87 94 85
87 95 85
87 96 85
87 97 85
87 98 85
87 99 85
87 100 85
87 101 85
87 102 85
87 103 85
87 104 85
87 105 85
87 106 85
87 107 85
87 108 85
87 109 85
87 110 85
87 111 85
87 112 85
87 113 85
87 114 85
87 115 85
87 116 85
87 117 85
87 118 85
87 119 85
87 120 85
87 121 85
87 122 85
87 123 85
87 124 85
87 125 85
87 126 85
87 127 85
87 128 85
88 89 85
88 90 85
88 91 85
88 92 85
88 93 85
88 94 85
88 95 85
88 96 85
88 97 85
88 98 85
88 99 85
88 100 85
88 101 85
88 102 85
88 103 85
88 104 85
88 105 85
88 106 85
88 107 85
88 108 85
88 109 85
88 110 85
88 111 85
88 112 85
88 113 85
88 114 85
88 115 85
88 116 85
88 117 85
88 118 85
88 119 85
88 120 85
88 121 85
88 122 85
88 123 85
88 124 85
88 125 85
88 126 85
88 127 85
88 128 85
89 90 85
89 91 85
89 92 85
89 93 85
89 94 85
89 95 85
89 96 85
89 97 85
89 98 85
89 99 85
89 100 85
89 101 85
89 102 85
89 103 85
89 104 85
89 105 85
89 106 85
89 107 85
89 108 85
89 109 85
89 110 85
89 111 85
89 112 85
89 113 85
89 114 85
89 115 85
89 116 85
89 117 85
89 118 85
89 119 85
89 120 85
89 121 85
89 122 85
89 123 85
89 124 85
89 125 85
89 126 85
89 127 85
89 128 85
90 91 85
90 92 85
90 93 85
90 94 85
90 95 85
90 96 85
90 97 85
90 98 85
90 99 85
90 100 85
90 101 85
90 102 85
90 103 85
90 104 85
90 105 85
90 106 85
90 107 85
90 108 85
90 109 85
90 110 85
90 111 85
90 112 85
90 113 85
90 114 85
90 115 85
90 116 85
90 117 85
90 118 85
90 119 85
90 120 85
90 121 85
90 122 85
90 123 85
90 124 85
90 125 85
90 126 85
90 127 85
90 128 85
91 92 85
91 93 85
91 94 85
91 95 85
91 96 85
91 97 85
91 98 85
91 99 85
91 100 85
91 101 85
91 102 85
91 103 85
91 104 85
91 105 85
91 106 85
91 107 85
91 108 85
91 109 85
91 110 85
91 111 85
91 112 85
91 113 85
91 114 85
91 115 85
91 116 85
91 117 85
91 118 85
91 119 85
91 120 85
91 121 85
91 122 85
91 123 85
91 124 85
91 125 85
91 126 85
91 127 85
91 128 85
92 93 85
92 94 85
92 95 85
92 96 85
92 97 85
92 98 85
92 99 85
92 100 85
92 101 85
92 102 85
92 103 85
92 104 85
92 105 85
92 106 85
92 107 85
92 108 85
92 109 85
92 110 85
92 111 85
92 112 85
92 113 85
92 114 85
92 115 85
92 116 85
92 117 85
92 118 85
92 119 85
92 120 85
92 121 85
92 122 85
92 123 85
92 124 85
92 125 85
92 126 85
92 127 85
92 128 85
93 94 85
93 95 85
93 96 85
93 97 85
93 98 85
93 99 85
93 100 85
93 101 85
93 102 85
93 103 85
93 104 85
93 105 85
93 106 85
93 107 85
93 108 85
93 109 85
93 110 85
93 111 85
93 112 85
93 113 85
93 114 85
93 115 85
93 116 85
93 117 85
93 118 85
93 119 85
93 120 85
93 121 85
93 122 85
93 123 85
93 124 85
93 125 85
93 126 85
93 127 85
93 128 85
94 95 85
94 96 85
94 97 85
94 98 85
94 99 85
94 100 85
94 101 85
94 102 85
94 103 85
94 104 85
94 105 85
94 106 85
94 107 85
94 108 85
94 109 85
94 110 85
94 111 85
94 112 85
94 113 85
94 114 85
94 115 85
94 116 85
94 117 85
94 118 85
94 119 85
94 120 85
94 121 85
94 122 85
94 123 85
94 124 85
94 125 85
94 126 85
94 127 85
94 128 85
95 96 85
95 97 85
95 98 85
95 99 85
95 100 85
95 101 85
95 102 85
95 103 85
95 104 85
95 105 85
95 106 85
95 107 85
95 108 85
95 109 85
95 110 85
95 111 85
95 112 85
95 113 85
95 114 85
95 115 85
95 116 85
95 117 85
95 118 85
95 119 85
95 120 85
95 121 85
95 122 85
95 123 85
95 124 85
95 125 85
95 126 85
95 127 85
95 128 85
96 97 85
96 98 85
96 99 85
96 100 85
96 101 85
96 102 85
96 103 85
96 104 85
96 105 85
96 106 85
96 107 85
96 108 85
96 109 85
96 110 85
96 111 85
96 112 85
96 113 85
96 114 85
96 115 85
96 116 85
96 117 85
96 118 85
96 119 85
96 120 85
96 121 85
96 122 85
96 123 85
96 124 85
96 125 85
96 126 85
96 127 85
96 128 85
97 98 85
97 99 85
97 100 85
97 101 85
97 102 85
97 103 85
97 104 85
97 105 85
97 106 85
97 107 85
97 108 85
97 109 85
97 110 85
97 111 85
97 112 85
97 113 85
97 114 85
97 115 85
97 116 85
97 117 85
97 118 85
97 119 85
97 120 85
97 121 85
97 122 85
97 123 85
97 124 85
97 125 85
97 126 85
97 127 85
97 128 85
98 99 85
98 100 85
98 101 85
98 102 85
98 103 85
98 104 85
98 105 85
98 106 85
98 107 85
98 108 85
98 109 85
98 110 85
98 111 85
98 112 85
98 113 85
98 114 85
98 115 85
98 116 85
98 117 85
98 118 85
98 119 85
98 120 85
98 121 85
98 122 85
98 123 85
98 124 85
98 125 85
98 126 85
98 127 85
98 128 85
99 100 85
99 101 85
99 102 85
99 103 85
99 104 85
99 105 85
99 106 85
99 107 85
99 108 85
99 109 85
99 110 85
99 111 85
99 112 85
99 113 85
99 114 85
99 115 85
99 116 85
99 117 85
99 118 85
99 119 85
99 120 85
99 121 85
99 122 85
99 123 85
99 124 85
99 125 85
99 126 85
99 127 85
99 128 85
100 101 85
100 102 85
100 103 85
100 104 85
100 105 85
100 106 85
100 107 85
100 108 85
100 109 85
100 110 85
100 111 85
100 112 85
100 113 85
100 114 85
100 115 85
100 116 85
100 117 85
100 118 85
100 119 85
100 120 85
100 121 85
100 122 85
100 123 85
100 124 85
100 125 85
100 126 85
100 127 85
100 128 85
101 102 85
101 103 85
101 104 85
101 105 85
101 106 85
101 107 85
101 108 85
101 109 85
101 110 85
101 111 85
101 112 85
101 113 85
101 114 85
101 115 85
101 116 85
101 117 85
101 118 85
101 119 85
101 120 85
101 121 85
101 122 85
101 123 85
101 124 85
101 125 85
101 126 85
101 127 85
101 128 85
102 103 85
102 104 85
102 105 85
102 106 85
102 107 85
102 108 85
102 109 85
102 110 85
102 111 85
102 112 85
102 113 85
102 114 85
102 115 85
102 116 85
102 117 85
102 118 85
102 119 85
102 120 85
102 121 85
102 122 85
102 123 85
102 124 85
102 125 85
102 126 85
102 127 85
102 128 85
103 104 85
103 105 85
103 106 85
103 107 85
103 108 85
103 109 85
103 110 85
103 111 85
103 112 85
103 113 85
103 114 85
103 115 85
103 116 85
103 117 85
103 118 85
103 119 85
103 120 85
103 121 85
103 122 85
103 123 85
103 124 85
103 125 85
103 126 85
103 127 85
103 128 85
104 105 85
104 106 85
104 107 85
104 108 85
104 109 85
104 110 85
104 111 85
104 112 85
104 113 85
104 114 85
104 115 85
104 116 85
104 117 85
104 118 85
104 119 85
104 120 85
104 121 85
104 122 85
104 123 85
104 124 85
104 125 85
104 126 85
104 127 85
104 128 85
105 106 85
105 107 85
105 108 85
105 109 85
105 110 85
105 111 85
105 112 85
105 113 85
105 114 85
105 115 85
105 116 85
105 117 85
105 118 85
105 119 85
105 120 85
105 121 85
105 122 85
105 123 85
105 124 85
105 125 85
105 126 85
105 127 85
105 128 85
106 107 85
106 108 85
106 109 85
106 110 85
106 111 85
106 112 85
106 113 85
106 114 85
106 115 85
106 116 85
106 117 85
106 118 85
106 119 85
106 120 85
106 121 85
106 122 85
106 123 85
106 124 85
106 125 85
106 126 85
106 127 85
106 128 85
107 108 85
107 109 85
107 110 85
107 111 85
107 112 85
107 113 85
107 114 85
107 115 85
107 116 85
107 117 85
107 118 85
107 119 85
107 120 85
107 121 85
107 122 85
107 123 85
107 124 85
107 125 85
107 126 85
107 127 85
107 128 85
108 109 85
108 110 85
108 111 85
108 112 85
108 113 85
108 114 85
108 115 85
108 116 85
108 117 85
108 118 85
108 119 85
108 120 85
108 121 85
108 122 85
108 123 85
108 124 85
108 125 85
108 126 85
108 127 85
108 128 85
109 110 85
109 111 85
109 112 85
109 113 85
109 114 85
109 115 85
109 116 85
109 117 85
109 118 85
109 119 85
109 120 85
109 121 85
109 122 85
109 123 85
109 124 85
109 125 85
109 126 85
109 127 85
109 128 85
110 111 85
110 112 85
110 113 85
110 114 85
110 115 85
110 116 85
110 117 85
110 118 85
110 119 85
110 120 85
110 121 85
110 122 85
110 123 85
110 124 85
110 125 85
110 126 85
110 127 85
110 128 85
111 112 85
111 113 85
111 114 85
111 115 85
111 116 85
111 117 85
111 118 85
111 119 85
111 120 85
111 121 85
111 122 85
111 123 85
111 124 85
111 125 85
111 126 85
111 127 85
111 128 85
112 113 85
112 114 85
112 115 85
112 116 85
112 117 85
112 118 85
112 119 85
112 120 85
112 121 85
112 122 85
112 123 85
112 124 85
112 125 85
112 126 85
112 127 85
112 128 85
113 114 85
113 115 85
113 116 85
113 117 85
113 118 85
113 119 85
113 120 85
113 121 85
113 122 85
113 123 85
113 124 85
113 125 85
113 126 85
113 127 85
113 128 85
114 115 85
114 116 85
114 117 85
114 118 85
114 119 85
114 120 85
114 121 85
114 122 85
114 123 85
114 124 85
114 125 85
114 126 85
114 127 85
114 128 85
115 116 85
115 117 85
115 118 85
115 119 85
115 120 85
115 121 85
115 122 85
115 123 85
115 124 85
115 125 85
115 126 85
115 127 85
115 128 85
116 117 85
116 118 85
116 119 85
116 120 85
116 121 85
116 122 85
116 123 85
116 124 85
116 125 85
116 126 85
116 127 85
116 128 85
117 118 85
117 119 85
117 120 85
117 121 85
117 122 85
117 123 85
117 124 85
117 125 85
117 126 85
117 127 85
117 128 85
118 119 85
118 120 85
118 121 85
118 122 85
118 123 85
118 124 85
118 125 85
118 126 85
118 127 85
118 128 85
119 120 85
119 121 85
119 122 85
119 123 85
119 124 85
119 125 85
119 126 85
119 127 85
119 128 85
120 121 85
120 122 85
120 123 85
120 124 85
120 125 85
120 126 85
120 127 85
120 128 85
121 122 85
121 123 85
121 124 85
121 125 85
121 126 85
121 127 85
121 128 85
122 123 85
122 124 85
122 125 85
122 126 85
122 127 85
122 128 85
123 124 85
123 125 85
123 126 85
123 127 85
123 128 85
124 125 85
124 126 85
124 127 85
124 128 85
125 126 85
125 127 85
125 128 85
126 127 85
126 128 85
127 128 85
1 86 1
2 86 2
3 86 3
4 86 4
5 86 5
6 86 6
7 86 7
8 86 8
9 86 9
10 86 10
11 86 11
12 86 12
13 86 13
14 86 14
15 86 15
16 86 16
17 86 17
18 86 18
19 86 19
20 86 20
21 86 21
22 86 22
23 86 23
24 86 24
25 86 25
26 86 26
27 86 27
28 86 28
29 86 29
30 86 30
31 86 31
32 86 32
33 86 33
34 86 34
35 86 35
36 86 36
37 86 37
38 86 38
39 86 39
40 86 40
41 86 41
42 86 42
43 86 43
44 86 44
45 86 45
46 86 46
47 86 47
48 86 48
49 86 49
50 86 50
51 86 51
52 86 52
53 86 53
54 86 54
55 86 55
56 86 56
57 86 57
58 86 58
59 86 59
60 86 60
61 86 61
62 86 62
63 86 63
64 86 64
65 86 65
66 86 66
67 86 67
68 86 68
69 86 69
70 86 70
71 86 71
72 86 72
73 86 73
74 86 74
75 86 75
76 86 76
77 86 77
78 86 78
79 86 79
80 86 80
81 86 81
82 86 82
83 86 83
84 86 84
85 86 85
25 118 25
13 21 13
19 113 19
14 51 14
42 84 42
27 55 27
12 128 12
8 44 8
61 72 61
2 80 2
18 68 18
6 78 6
11 128 11
14 44 14
83 124 83
65 117 65
9 110 9
50 85 50
43 123 43
15 30 15
21 44 21
1 6 1
47 81 47
22 88 22
34 89 34
74 88 74
18 74 18
1 3 1
6 23 6
30 88 30
2 125 2
34 112 34
85 101 85
12 33 12
31 48 31
44 50 44
4 7 4
15 85 15
45 99 45
10 90 10
68 96 68
5 74 5
32 88 32
13 113 13
35 98 35
19 119 19
35 48 35
76 106 76
1 76 1
56 79 56
2 108 2
16 63 16
77 101 77
62 66 62
36 67 36
10 75 10
22 39 22
4 9 4
50 74 50
5 95 5
37 85 37
8 85 8
18 115 18
71 118 71
7 20 7
3 71 3
18 127 18
9 40 9
10 69 10
1 124 1
35 120 35
74 81 74
83 85 83
21 35 21
9 21 9
31 45 31
52 112 52
14 30 14
38 40 38
34 98 34
67 95 67
12 23 12
38 46 38
48 105 48
9 98 9
8 98 8
3 37 3
45 70 45
70 81 70
22 66 22
41 113 41
1 10 1
7 113 7
17 93 17
49 95 49
9 75 9
5 48 5
8 39 8
5 37 5
73 105 73
19 35 19
11 65 11
42 45 42
33 109 33
42 108 42
35 37 35
8 87 8
15 49 15
27 39 27
2 19 2
36 73 36
85 106 85
18 111 18
17 61 17
14 24 14
17 63 17
12 69 12
26 61 26
48 58 48
36 108 36
20 24 20
18 22 18
13 128 13
33 69 33
26 74 26
31 77 31
41 100 41
70 77 70
63 113 63
14 114 14
1 9 1
47 48 47
9 20 9
54 83 54
58 108 58
22 111 22
6 19 6
84 123 84
25 85 25
11 114 11
52 59 52
7 45 7
11 118 11
53 115 53
48 56 48
31 117 31
55 102 55
15 61 15
3 29 3
49 79 49
34 58 34
11 55 11
18 51 18
46 124 46
15 126 15
39 76 39
33 128 33
3 75 3
10 42 10
19 23 19
22 35 22
12 89 12
1 18 1
5 28 5
32 49 32
19 125 19
29 58 29
15 56 15
38 113 38
7 41 7
11 63 11
13 89 13
10 41 10
46 101 46
23 80 23
49 83 49
53 97 53
3 27 3
22 53 22
1 66 1
54 80 54
6 9 6
25 50 25
36 102 36
71 117 71
24 45 24
25 29 25
7 13 7
58 101 58
54 102 54
32 46 32
52 116 52
80 90 80
8 15 8
10 101 10
6 75 6
29 101 29
44 124 44
51 118 51
12 70 12
18 24 18
52 125 52
14 98 14
2 114 2
10 12 10
22 24 22
2 8 2
42 81 42
84 91 84
4 56 4
48 57 48
17 46 17
11 54 11
20 73 20
19 48 19
65 118 65
2 65 2
61 96 61
23 77 23
6 52 6
52 61 52
58 74 58
3 24 3
10 74 10
13 48 13
14 83 14
21 69 21
11 68 11
48 110 48
56 120 56
14 47 14
36 53 36
24 101 24
58 68 58
35 107 35
8 29 8
38 68 38
23 76 23
9 80 9
45 122 45
36 88 36
49 57 49
15 42 15
50 119 50
72 90 72
54 107 54
40 82 40
13 20 13
1 38 1
34 73 34
60 110 60
16 21 16
40 107 40
41 45 41
1 5 1
18 73 18
75 118 75
10 81 10
32 111 32
47 51 47
17 55 17
78 113 78
78 98 78
42 124 42
22 50 22
20 21 20
46 96 46
2 22 2
1 2 1
78 116 78
35 104 35
5 64 5
46 114 46
10 40 10
53 66 53
15 33 15
13 96 13
38 117 38
50 67 50
48 63 48
28 41 28
39 125 39
30 122 30
62 88 62
69 88 69
81 94 81
40 68 40
44 114 44
72 101 72
5 125 5
10 11 10
62 116 62
5 91 5
15 73 15
5 84 5
83 99 83
5 65 5
44 46 44
24 34 24
56 69 56
1 4 1
37 56 37
32 50 32
10 21 10
22 85 22
33 74 33
49 71 49
13 31 13
60 97 60
17 43 17
52 127 52
49 61 49
58 103 58
4 62 4
13 29 13
25 99 25
62 72 62
29 117 29
53 92 53
3 69 3
20 51 20
25 72 25
55 70 55
6 14 6
74 124 74
62 65 62
39 115 39
28 43 28
11 67 11
54 104 54
7 112 7
18 69 18
6 60 6
20 105 20
4 8 4
73 123 73
33 95 33
7 64 7
52 101 52
14 62 14
23 128 23
56 96 56
26 111 26
11 49 11
6 18 6
80 96 80
6 36 6
63 116 63
57 111 57
6 54 6
12 39 12
27 35 27
11 59 11
15 112 15
17 92 17
2 55 2
41 60 41
1 15 1
31 76 31
75 128 75
28 64 28
48 119 48
1 117 1
2 10 2
30 113 30
63 104 63
63 102 63
72 84 72
79 112 79
19 77 19
8 81 8
19 78 19
9 49 9
49 110 49
83 111 83
29 63 29
3 8 3
24 31 24
83 120 83
19 46 19
3 49 3
52 57 52
52 55 52
21 24 21
22 44 22
3 56 3
2 48 2
14 115 14
19 118 19
69 74 69
58 97 58
45 74 45
47 49 47
5 50 5
59 70 59
1 19 1
36 60 36
48 78 48
9 62 9
4 60 4
8 91 8
8 26 8
21 34 21
8 35 8
63 72 63
11 18 11
75 78 75
40 105 40
1 12 1
9 95 9
18 25 18
48 126 48
65 120 65
3 92 3
7 21 7
6 125 6
70 110 70
56 127 56
13 19 13
8 46 8
48 109 48
22 109 22
46 105 46
33 92 33
24 65 24
28 101 28
22 23 22
9 14 9
46 47 46
10 126 10
2 90 2
7 29 7
14 18 14
79 94 79
29 38 29
2 39 2
3 41 3
59 68 59
83 103 83
69 124 69
78 103 78
3 11 3
54 71 54
39 56 39
74 108 74
37 98 37
30 66 30
15 31 15
31 127 31
30 32 30
4 11 4
7 77 7
25 37 25
57 58 57
20 82 20
62 103 62
6 46 6
54 101 54
15 74 15
1 14 1
33 105 33
38 53 38
17 38 17
29 106 29
39 82 39
14 22 14
78 92 78
25 49 25
7 55 7
41 42 41
2 88 2
6 117 6
1 91 1
46 83 46
35 75 35
48 82 48
30 84 30
16 85 16
3 99 3
4 20 4
1 56 1
18 30 18
66 114 66
4 18 4
54 57 54
54 109 54
20 99 20
84 87 84
41 123 41
20 97 20
19 92 19
3 5 3
75 101 75
40 100 40
81 111 81
48 54 48
17 115 17
82 108 82
21 22 21
16 110 16
57 121 57
73 116 73
5 14 5
24 67 24
29 103 29
56 93 56
5 9 5
28 48 28
24 35 24
16 91 16
2 38 2
13 49 13
44 80 44
8 40 8
77 98 77
78 109 78
34 40 34
42 118 42
43 78 43
49 87 49
26 48 26
67 127 67
68 127 68
34 42 34
6 67 6
14 124 14
54 84 54
32 75 32
74 101 74
27 48 27
82 96 82
42 94 42
20 89 20
10 104 10
3 112 3
76 128 76
57 123 57
68 116 68
61 65 61
19 88 19
15 39 15
30 91 30
6 40 6
16 23 16
36 120 36
28 90 28
37 52 37
47 95 47
33 108 33
5 6 5
8 16 8
33 122 33
9 22 9
16 84 16
60 113 60
4 74 4
50 106 50
7 15 7
2 15 2
26 87 26
46 51 46
49 55 49
39 90 39
8 27 8
30 34 30
20 69 20
31 124 31
67 122 67
45 103 45
66 102 66
62 84 62
43 82 43
11 42 11
5 47 5
37 123 37
45 100 45
32 34 32
20 23 20
15 96 15
5 26 5
2 61 2
13 112 13
54 78 54
27 36 27
73 82 73
39 66 39
36 100 36
47 116 47
6 29 6
7 49 7
9 16 9
34 46 34
6 37 6
77 121 77
16 39 16
47 70 47
5 76 5
28 63 28
47 57 47
14 46 14
35 41 35
82 125 82
10 70 10
2 3 2
2 40 2
33 117 33
57 126 57
12 84 12
64 67 64
70 78 70
10 78 10
8 48 8
12 63 12
3 23 3
40 71 40
76 104 76
7 25 7
71 106 71
38 108 38
12 114 12
42 99 42
50 98 50
30 59 30
50 89 50
79 91 79
47 102 47
14 116 14
9 10 9
52 91 52
7 59 7
24 40 24
59 127 59
6 38 6
50 87 50
64 98 64
30 40 30
15 28 15
1 68 1
12 17 12
2 52 2
15 92 15
6 7 6
25 55 25
62 110 62
19 37 19
11 60 11
24 93 24
2 20 2
27 108 27
71 124 71
50 53 50
74 85 74
57 71 57
5 25 5
45 91 45
9 54 9
8 9 8
11 85 11
17 21 17
13 30 13
14 54 14
66 125 66
15 106 15
9 39 9
22 45 22
3 13 3
27 78 27
38 99 38
61 114 61
34 65 34
39 107 39
44 102 44
18 28 18
14 88 14
51 122 51
26 103 26
7 35 7
11 119 11
3 10 3
35 46 35
72 89 72
44 48 44
7 85 7
34 85 34
41 71 41
50 102 50
62 98 62
61 118 61
8 33 8
3 117 3
79 88 79
11 62 11
2 97 2
12 64 12
8 22 8
40 126 40
27 43 27
23 98 23
68 95 68
64 128 64
77 103 77
3 38 3
37 95 37
32 37 32
32 90 32
2 9 2
25 42 25
80 119 80
11 41 11
30 96 30
83 87 83
21 50 21
59 87 59
1 28 1
46 103 46
4 37 4
64 118 64
26 73 26
74 76 74
74 79 74
3 19 3
14 28 14
68 123 68
59 78 59
5 78 5
57 73 57
20 48 20
1 60 1
74 99 74
15 27 15
36 57 36
42 71 42
71 107 71
41 69 41
81 83 81
4 51 4
60 127 60
20 60 20
62 68 62
62 83 62
7 19 7
5 103 5
7 18 7
5 67 5
17 42 17
15 55 15
60 88 60
4 112 4
35 94 35
22 114 22
76 88 76
22 27 22
9 27 9
64 99 64
35 64 35
65 69 65
49 113 49
76 112 76
3 22 3
5 33 5
77 78 77
10 17 10
9 56 9
7 93 7
14 77 14
12 22 12
28 32 28
20 55 20
31 91 31
19 121 19
10 39 10
21 32 21
70 97 70
14 128 14
48 66 48
19 50 19
75 120 75
12 31 12
50 99 50
32 79 32
2 62 2
22 69 22
47 90 47
49 82 49
43 67 43
11 21 11
8 49 8
9 24 9
20 32 20
54 110 54
55 92 55
46 54 46
38 128 38
53 122 53
78 122 78
35 127 35
27 105 27
41 68 41
71 108 71
21 80 21
77 104 77
7 26 7
9 64 9
12 50 12
28 37 28
47 111 47
42 114 42
31 110 31
61 101 61
32 116 32
10 20 10
4 109 4
83 123 83
54 74 54
38 116 38
23 38 23
5 73 5
39 65 39
46 48 46
7 17 7
11 16 11
51 123 51
24 64 24
5 45 5
77 81 77
27 97 27
22 34 22
57 125 57
41 44 41
44 76 44
63 100 63
32 58 32
50 79 50
70 122 70
37 55 37
62 119 62
20 116 20
46 62 46
11 12 11
51 92 51
68 126 68
65 105 65
20 34 20
9 19 9
56 125 56
53 80 53
28 96 28
8 106 8
67 112 67
11 36 11
5 22 5
5 75 5
27 91 27
76 127 76
26 54 26
28 85 28
6 26 6
36 49 36
43 51 43
55 88 55
7 66 7
8 103 8
79 95 79
78 87 78
16 27 16
17 108 17
8 52 8
14 15 14
17 104 17
9 11 9
12 92 12
47 75 47
60 118 60
14 120 14
33 110 33
47 50 47
53 60 53
61 76 61
27 29 27
1 122 1
11 92 11
20 103 20
53 113 53
25 51 25
34 117 34
43 98 43
57 90 57
39 60 39
12 16 12
3 74 3
47 127 47
41 101 41
2 49 2
29 48 29
3 32 3
5 43 5
7 52 7
15 32 15
21 51 21
33 54 33
4 103 4
80 99 80
2 18 2
54 59 54
11 47 11
25 46 25
46 128 46
54 126 54
55 95 55
59 75 59
31 87 31
24 70 24
13 33 13
11 25 11
5 116 5
5 124 5
47 119 47
71 83 71
29 104 29
7 10 7
2 66 2
11 110 11
17 84 17
35 91 35
15 35 15
28 71 28
64 88 64
10 35 10
2 36 2
41 63 41
45 97 45
25 78 25
60 89 60
71 119 71
80 85 80
15 34 15
49 97 49
78 111 78
47 56 47
55 69 55
4 30 4
15 90 15
1 36 1
22 36 22
61 80 61
69 102 69
3 45 3
25 108 25
13 38 13
13 80 13
14 117 14
30 52 30
25 59 25
2 5 2
65 103 65
6 31 6
36 38 36
46 84 46
26 75 26
9 50 9
68 82 68
24 114 24
6 39 6
17 112 17
51 101 51
18 89 18
41 98 41
61 89 61
12 115 12
53 127 53
17 114 17
58 126 58
47 113 47
12 61 12
40 94 40
82 90 82
6 16 6
4 45 4
79 107 79
61 109 61
11 61 11
19 39 19
26 34 26
36 47 36
39 108 39
49 88 49
40 62 40
13 51 13
17 106 17
28 29 28
75 116 75
31 37 31
71 110 71
71 100 71
8 120 8
57 70 57
19 52 19
48 72 48
20 93 20
20 25 20
73 98 73
65 99 65
59 108 59
64 73 64
32 62 32
26 125 26
44 79 44
62 95 62
51 68 51
57 99 57
6 11 6
44 53 44
70 92 70
59 74 59
69 101 69
64 89 64
2 110 2
14 42 14
3 14 3
24 107 24
63 119 63
22 95 22
84 128 84
26 60 26
8 80 8
6 8 6
15 115 15
13 25 13
4 6 4
4 10 4
42 73 42
13 59 13
9 78 9
37 38 37
34 75 34
41 92 41
30 108 30
44 95 44
46 79 46
22 115 22
4 77 4
31 32 31
3 121 3
21 78 21
43 97 43
27 83 27
23 91 23
59 99 59
11 74 11
30 101 30
1 128 1
15 22 15
39 57 39
38 59 38
5 53 5
51 116 51
29 30 29
35 70 35
37 128 37
69 90 69
71 121 71
40 108 40
15 117 15
52 89 52
35 45 35
29 33 29
21 119 21
84 93 84
47 71 47
53 119 53
82 104 82
61 69 61
54 94 54
39 40 39
24 30 24
51 63 51
13 87 13
16 33 16
42 127 42
16 115 16
5 38 5
52 96 52
31 57 31
3 16 3
26 31 26
5 127 5
78 117 78
26 93 26
56 89 56
37 100 37
34 44 34
53 55 53
5 42 5
15 29 15
34 43 34
16 49 16
63 101 63
47 73 47
11 17 11
49 105 49
30 46 30
6 33 6
17 22 17
64 121 64
19 36 19
40 54 40
16 22 16
5 113 5
10 66 10
37 89 37
25 79 25
10 36 10
3 12 3
82 123 82
83 115 83
54 105 54
1 98 1
72 93 72
33 112 33
26 44 26
37 116 37
28 75 28
17 32 17
46 95 46
83 116 83
15 59 15
38 43 38
85 126 85
15 102 15
16 54 16
18 126 18
38 84 38
10 68 10
70 93 70
83 113 83
66 95 66
25 44 25
9 104 9
62 120 62
75 125 75
45 82 45
52 53 52
31 102 31
40 56 40
16 75 16
17 37 17
20 31 20
44 55 44
75 107 75
46 77 46
6 80 6
81 95 81
33 78 33
49 103 49
43 79 43
3 52 3
59 128 59
23 31 23
3 4 3
23 96 23
30 44 30
44 107 44
39 118 39
37 49 37
14 17 14
20 98 20
56 122 56
27 57 27
6 84 6
50 56 50
21 108 21
11 44 11
16 48 16
36 110 36
21 114 21
28 49 28
52 77 52
36 106 36
17 28 17
2 115 2
44 106 44
27 64 27
17 27 17
14 70 14
15 108 15
40 63 40
24 128 24
66 69 66
27 100 27
33 35 33
34 91 34
2 37 2
57 124 57
3 118 3
53 70 53
33 67 33
46 87 46
8 63 8
74 83 74
12 15 12
35 99 35
55 128 55
53 81 53
35 116 35
45 108 45
15 46 15
23 81 23
74 120 74
19 27 19
20 65 20
71 111 71
79 82 79
19 64 19
5 12 5
19 107 19
11 78 11
53 61 53
59 96 59
6 24 6
57 63 57
35 50 35
16 31 16
51 112 51
4 79 4
34 72 34
15 60 15
5 119 5
23 113 23
30 70 30
5 16 5
6 102 6
77 128 77
8 30 8
37 64 37
54 60 54
37 109 37
21 61 21
70 106 70
40 83 40
18 103 18
55 113 55
69 112 69
38 122 38
29 35 29
2 47 2
73 122 73
32 120 32
17 127 17
45 79 45
66 106 66
44 59 44
25 43 25
10 16 10
47 59 47
63 123 63
20 40 20
19 24 19
19 54 19
23 29 23
2 23 2
66 108 66
68 75 68
68 102 68
24 103 24
17 103 17
26 53 26
33 101 33
6 90 6
8 13 8
4 47 4
17 25 17
2 4 2
18 85 18
30 42 30
64 75 64
5 80 5
36 40 36
20 26 20
25 73 25
33 36 33
6 89 6
17 121 17
2 12 2
48 118 48
23 71 23
81 117 81
1 83 1
45 58 45
45 50 45
67 110 67
34 106 34
32 53 32
44 70 44
6 30 6
6 70 6
53 78 53
83 92 83
10 24 10
58 128 58
42 82 42
1 8 1
17 35 17
33 82 33
4 42 4
45 69 45
24 61 24
12 127 12
56 119 56
50 80 50
73 84 73
72 127 72
16 88 16
70 125 70
3 15 3
66 90 66
39 92 39
6 21 6
39 78 39
35 59 35
14 87 14
68 113 68
74 78 74
1 77 1
50 118 50
77 117 77
62 78 62
14 32 14
2 46 2
4 88 4
19 82 19
53 74 53
6 103 6
57 112 57
3 111 3
68 93 68
72 103 72
16 116 16
37 103 37
69 106 69
28 46 28
82 87 82
45 111 45
39 95 39
21 54 21
3 17 3
1 13 1
45 106 45
68 79 68
60 80 60
30 62 30
69 114 69
16 93 16
12 113 12
6 44 6
1 57 1
41 50 41
77 89 77
33 72 33
55 60 55
13 40 13
23 121 23
21 27 21
18 52 18
62 96 62
22 89 22
73 115 73
20 39 20
66 103 66
62 91 62
82 91 82
76 84 76
57 80 57
18 45 18
27 96 27
21 38 21
32 59 32
44 58 44
7 63 7
3 76 3
37 47 37
55 56 55
17 40 17
35 55 35
6 59 6
49 66 49
58 105 58
11 40 11
42 96 42
36 65 36
16 119 16
31 116 31
33 65 33
66 113 66
7 62 7
67 73 67
62 99 62
67 107 67
20 70 20
22 38 22
76 99 76
46 58 46
31 72 31
13 15 13
10 73 10
57 107 57
71 80 71
60 91 60
15 18 15
8 117 8
8 62 8
18 39 18
24 104 24
50 104 50
23 125 23
78 119 78
46 99 46
78 83 78
14 29 14
76 114 76
15 81 15
17 19 17
33 89 33
47 80 47
75 79 75
34 102 34
6 91 6
7 22 7
25 126 25
22 83 22
70 107 70
32 64 32
10 30 10
23 88 23
42 87 42
71 126 71
39 67 39
72 98 72
45 51 45
59 110 59
25 71 25
62 115 62
14 93 14
12 85 12
10 110 10
58 93 58
69 123 69
46 75 46
38 69 38
68 119 68
5 110 5
47 63 47
70 94 70
50 127 50
29 60 29
42 70 42
24 54 24
63 112 63
44 78 44
52 121 52
68 122 68
22 64 22
5 100 5
22 42 22
8 83 8
7 88 7
84 125 84
3 87 3
41 48 41
14 108 14
30 81 30
9 13 9
19 69 19
73 92 73
11 126 11
66 70 66
83 93 83
54 92 54
59 97 59
38 77 38
18 29 18
44 117 44
25 90 25
12 26 12
67 104 67
58 81 58
20 122 20
55 94 55
16 96 16
15 52 15
63 110 63
29 121 29
41 93 41
20 33 20
65 98 65
39 52 39
39 93 39
52 115 52
7 124 7
2 11 2
7 121 7
41 111 41
39 98 39
30 68 30
15 24 15
51 91 51
19 109 19
6 27 6
72 76 72
65 81 65
47 60 47
43 111 43
23 62 23
84 124 84
9 17 9
46 56 46
27 90 27
66 88 66
84 104 84
57 62 57
24 27 24
15 21 15
21 99 21
24 63 24
2 68 2
51 60 51
71 104 71
63 122 63
5 46 5
6 12 6
27 42 27
30 95 30
2 91 2
9 33 9
45 95 45
79 121 79
27 34 27
21 30 21
76 120 76
35 88 35
11 113 11
34 113 34
72 100 72
33 53 33
17 52 17
64 79 64
75 121 75
8 108 8
14 37 14
25 35 25
55 93 55
11 57 11
26 97 26
69 80 69
78 100 78
3 106 3
19 28 19
72 125 72
41 109 41
4 38 4
8 32 8
3 125 3
13 110 13
34 109 34
38 65 38
15 124 15
35 109 35
6 20 6
30 89 30
23 54 23
84 94 84
44 112 44
26 120 26
24 79 24
22 41 22
22 32 22
21 113 21
28 79 28
32 42 32
12 28 12
56 90 56
12 13 12
33 63 33
3 7 3
24 125 24
43 48 43
18 46 18
4 36 4
9 89 9
37 41 37
22 29 22
42 59 42
48 103 48
62 97 62
8 14 8
11 102 11
9 51 9
18 34 18
19 116 19
61 74 61
36 52 36
18 67 18
63 94 63
27 41 27
68 76 68
7 106 7
54 67 54
19 30 19
15 25 15
12 79 12
23 24 23
48 95 48
12 66 12
23 120 23
9 12 9
3 6 3
58 92 58
1 29 1
4 13 4
53 69 53
18 20 18
5 8 5
7 68 7
29 125 29
42 49 42
11 14 11
28 113 28
24 59 24
43 66 43
1 49 1
18 23 18
64 116 64
10 33 10
64 69 64
19 76 19
32 97 32
32 81 32
5 49 5
65 93 65
9 30 9
32 105 32
55 85 55
1 42 1
4 43 4
6 82 6
49 101 49
14 36 14
11 127 11
1 54 1
2 84 2
58 61 58
77 99 77
80 104 80
69 73 69
23 122 23
32 110 32
40 91 40
18 33 18
7 9 7
10 79 10
4 5 4
31 99 31
32 43 32
28 33 28
12 83 12
46 55 46
4 24 4
29 79 29
63 109 63
36 82 36
62 122 62
38 42 38
81 127 81
3 53 3
31 63 31
1 100 1
25 41 25
11 52 11
26 37 26
12 106 12
21 42 21
1 85 1
46 91 46
41 110 41
77 108 77
72 81 72
38 93 38
20 53 20
53 84 53
24 90 24
43 101 43
41 105 41
17 90 17
15 16 15
36 55 36
1 111 1
85 127 85
16 40 16
12 24 12
69 85 69
13 14 13
14 19 14
45 102 45
35 111 35
45 110 45
10 31 10
49 100 49
57 60 57
9 47 9
59 118 59
2 17 2
5 36 5
3 67 3
20 74 20
68 77 68
51 59 51
51 72 51
12 38 12
58 111 58
34 63 34
48 50 48
21 81 21
80 110 80
57 82 57
23 33 23
68 128 68
52 114 52
13 114 13
68 115 68
1 22 1
24 29 24
9 36 9
13 27 13
83 127 83
46 66 46
17 99 17
9 45 9
81 128 81
13 35 13
10 72 10
8 11 8
76 82 76
53 89 53
6 126 6
10 54 10
1 50 1
15 87 15
7 12 7
21 33 21
82 111 82
48 123 48
22 112 22
43 118 43
2 53 2
13 79 13
74 126 74
42 60 42
26 105 26
26 40 26
44 110 44
58 76 58
43 45 43
4 87 4
36 48 36
4 64 4
42 43 42
82 88 82
30 107 30
10 57 10
29 47 29
65 66 65
8 10 8
56 71 56
8 74 8
4 82 4
51 110 51
51 74 51
28 60 28
2 6 2
15 41 15
43 77 43
56 97 56
56 68 56
49 54 49
29 76 29
55 79 55
73 117 73
3 57 3
7 65 7
25 74 25
69 95 69
16 80 16
30 102 30
64 108 64
32 47 32
2 81 2
14 52 14
75 108 75
26 70 26
76 92 76
13 107 13
63 65 63
54 95 54
8 99 8
10 23 10
71 91 71
17 85 17
22 62 22
69 108 69
11 28 11
29 43 29
71 101 71
6 15 6
39 47 39
12 78 12
2 128 2
29 94 29
37 78 37
41 67 41
17 49 17
44 45 44
78 84 78
17 56 17
16 121 16
23 79 23
85 98 85
53 71 53
5 23 5
30 64 30
44 56 44
8 12 8
4 100 4
2 43 2
56 124 56
5 96 5
61 106 61
57 101 57
10 38 10
82 84 82
43 47 43
9 15 9
7 8 7
30 61 30
9 93 9
58 67 58
29 54 29
23 66 23
24 58 24
22 33 22
52 71 52
34 95 34
11 39 11
51 121 51
13 36 13
20 77 20
2 21 2
51 55 51
6 10 6
14 23 14
63 85 63
17 53 17
62 70 62
77 109 77
80 105 80
7 105 7
31 64 31
12 35 12
48 125 48
7 44 7
34 69 34
60 68 60
17 125 17
25 62 25
60 116 60
32 41 32
20 110 20
12 90 12
6 41 6
4 122 4
39 106 39
67 79 67
36 75 36
36 124 36
2 72 2
65 71 65
61 93 61
29 31 29
44 83 44
16 17 16
19 22 19
16 106 16
67 123 67
39 74 39
36 44 36
28 38 28
3 100 3
14 97 14
19 26 19
56 114 56
31 47 31
46 117 46
73 110 73
27 30 27
24 37 24
10 19 10
36 113 36
41 62 41
36 78 36
78 118 78
24 74 24
54 116 54
32 100 32
3 20 3
43 61 43
52 100 52
17 26 17
1 7 1
58 125 58
50 121 50
61 73 61
20 28 20
44 87 44
19 25 19
38 44 38
20 108 20
46 61 46
61 107 61
65 80 65
8 100 8
85 110 85
24 89 24
48 81 48
5 60 5
45 46 45
25 40 25
64 114 64
63 93 63
25 28 25
47 117 47
29 40 29
34 110 34
40 66 40
5 69 5
33 48 33
71 127 71
40 48 40
1 110 1
13 22 13
57 114 57
31 46 31
64 91 64
10 13 10
84 111 84
38 87 38
60 72 60
6 61 6
16 24 16
19 104 19
50 66 50
38 57 38
21 39 21
2 122 2
6 112 6
29 42 29
81 104 81
17 18 17
3 78 3
11 58 11
10 58 10
32 82 32
5 58 5
38 56 38
47 84 47
65 122 65
23 95 23
4 19 4
63 105 63
36 97 36
6 13 6
13 91 13
5 114 5
9 120 9
78 94 78
56 70 56
7 46 7
63 108 63
51 115 51
48 90 48
61 90 61
12 43 12
29 122 29
54 115 54
5 11 5
19 68 19
78 108 78
66 101 66
24 28 24
2 67 2
64 81 64
74 122 74
70 79 70
11 103 11
30 75 30
71 120 71
17 64 17
33 93 33
46 98 46
16 78 16
33 124 33
23 82 23
12 125 12
77 110 77
17 116 17
58 122 58
37 57 37
2 13 2
65 91 65
34 45 34
26 51 26
2 16 2
12 110 12
34 93 34
8 42 8
1 11 1
21 96 21
46 50 46
35 105 35
44 84 44
46 107 46
9 79 9
58 80 58
6 47 6
45 61 45
26 113 26
26 35 26
32 54 32
39 51 39
26 45 26
39 91 39
7 99 7
10 109 10
29 97 29
57 105 57
15 75 15
83 119 83
53 87 53
32 85 32
6 96 6
84 120 84
83 91 83
29 112 29
1 78 1
30 83 30
77 118 77
16 35 16
28 76 28
22 96 22
79 100 79
42 88 42
50 100 50
75 81 75
15 64 15
69 92 69
30 124 30
55 112 55
60 106 60
67 88 67
36 58 36
54 91 54
43 93 43
31 59 31
1 16 1
37 90 37
4 95 4
16 108 16
59 122 59
35 82 35
28 98 28
37 45 37
76 117 76
29 34 29
23 100 23
17 98 17
14 121 14
43 124 43
69 79 69
35 39 35
45 78 45
73 79 73
24 77 24
24 56 24
12 57 12
7 48 7
39 89 39
66 73 66
16 67 16
36 123 36
6 35 6
15 107 15
57 89 57
50 83 50
84 100 84
12 93 12
23 42 23
26 67 26
1 67 1
30 38 30
9 44 9
61 117 61
18 107 18
3 84 3
44 67 44
8 107 8
36 116 36
37 65 37
6 127 6
30 90 30
67 82 67
9 85 9
16 65 16
85 125 85
50 128 50
8 75 8
44 64 44
7 57 7
61 63 61
23 55 23
28 31 28
4 28 4
28 30 28
37 50 37
44 91 44
6 97 6
23 60 23
51 94 51
3 47 3
68 83 68
5 102 5
18 53 18
21 94 21
14 27 14
55 73 55
40 116 40
82 83 82
75 114 75
2 25 2
48 98 48
33 125 33
16 25 16
72 115 72
3 36 3
1 21 1
26 52 26
32 44 32
9 18 9
85 116 85
44 101 44
38 82 38
6 74 6
1 51 1
41 61 41
80 128 80
6 113 6
41 97 41
7 16 7
37 39 37
66 117 66
69 110 69
35 42 35
59 71 59
77 90 77
28 62 28
21 90 21
28 58 28
39 122 39
42 44 42
3 103 3
33 116 33
55 104 55
14 75 14
13 50 13
69 105 69
19 106 19
61 94 61
54 82 54
21 117 21
66 94 66
80 121 80
14 21 14
10 27 10
84 92 84
33 80 33
41 126 41
15 57 15
2 99 2
37 125 37
43 53 43
17 51 17
81 101 81
19 105 19
3 51 3
26 81 26
6 17 6
84 102 84
47 99 47
14 20 14
36 122 36
4 12 4
20 92 20
63 71 63
30 76 30
48 96 48
16 30 16
81 82 81
16 19 16
46 104 46
78 85 78
15 44 15
63 89 63
40 104 40
38 45 38
74 102 74
12 75 12
19 40 19
28 106 28
24 42 24
53 95 53
23 56 23
47 65 47
61 62 61
31 62 31
16 109 16
63 91 63
27 82 27
3 46 3
10 47 10
75 106 75
29 66 29
43 110 43
47 78 47
51 65 51
25 94 25
79 102 79
4 21 4
35 100 35
52 122 52
60 63 60
11 30 11
51 82 51
7 37 7
31 43 31
5 62 5
56 116 56
60 95 60
52 102 52
64 95 64
58 106 58
8 45 8
44 105 44
40 57 40
30 100 30
45 96 45
40 78 40
81 118 81
23 114 23
84 105 84
2 64 2
64 68 64
35 126 35
5 31 5
56 117 56
80 109 80
10 94 10
83 106 83
15 97 15
80 83 80
67 76 67
59 63 59
49 116 49
19 80 19
17 29 17
42 115 42
23 41 23
78 124 78
32 121 32
23 64 23
45 65 45
50 51 50
12 62 12
68 124 68
16 114 16
10 88 10
50 94 50
26 27 26
68 98 68
43 122 43
40 42 40
33 37 33
35 52 35
49 73 49
3 30 3
7 32 7
5 63 5
43 89 43
4 22 4
59 83 59
66 123 66
62 107 62
31 39 31
23 93 23
60 122 60
62 90 62
13 108 13
25 47 25
79 81 79
72 88 72
59 79 59
52 68 52
39 64 39
43 68 43
65 119 65
34 36 34
62 111 62
31 35 31
38 102 38
51 66 51
51 88 51
16 122 16
69 70 69
50 63 50
13 101 13
12 107 12
41 49 41
17 57 17
25 60 25
72 128 72
54 93 54
67 125 67
10 28 10
85 128 85
4 33 4
58 110 58
63 68 63
13 17 13
75 117 75
9 73 9
55 127 55
49 90 49
20 41 20
5 107 5
22 78 22
5 71 5
11 34 11
6 92 6
2 119 2
29 44 29
34 108 34
26 32 26
60 78 60
43 55 43
62 126 62
34 103 34
55 75 55
8 21 8
41 112 41
49 91 49
55 99 55
74 103 74
18 88 18
66 67 66
44 96 44
42 63 42
35 40 35
35 47 35
7 53 7
12 32 12
48 75 48
53 76 53
27 126 27
77 106 77
14 61 14
35 83 35
38 103 38
24 120 24
15 17 15
18 56 18
51 105 51
27 33 27
7 40 7
2 104 2
23 117 23
23 68 23
7 108 7
18 121 18
33 55 33
54 97 54
63 126 63
82 93 82
81 112 81
39 88 39
57 115 57
4 25 4
31 79 31
23 45 23
3 26 3
1 116 1
13 39 13
10 25 10
65 127 65
18 44 18
45 60 45
17 20 17
26 95 26
40 60 40
11 51 11
23 58 23
64 115 64
21 31 21
5 85 5
49 122 49
4 98 4
10 18 10
30 58 30
43 92 43
16 125 16
13 60 13
18 71 18
52 83 52
42 125 42
2 7 2
9 65 9
27 88 27
64 113 64
84 116 84
23 26 23
50 124 50
37 40 37
29 91 29
56 88 56
2 50 2
32 102 32
37 121 37
12 36 12
15 93 15
59 60 59
19 75 19
11 98 11
24 94 24
72 104 72
13 24 13
27 112 27
64 111 64
39 55 39
77 114 77
12 19 12
38 120 38
19 29 19
70 114 70
28 39 28
78 79 78
28 93 28
27 84 27
61 126 61
22 94 22
55 78 55
23 50 23
67 98 67
12 76 12
48 83 48
11 13 11
76 101 76
74 111 74
8 60 8
9 108 9
42 47 42
80 93 80
35 101 35
4 83 4
53 62 53
26 36 26
7 58 7
37 83 37
19 123 19
8 61 8
35 53 35
81 93 81
70 126 70
79 109 79
46 85 46
30 111 30
46 100 46
34 52 34
14 25 14
76 87 76
33 66 33
50 72 50
63 95 63
46 89 46
37 113 37
71 94 71
13 98 13
45 67 45
64 97 64
28 59 28
55 59 55
51 96 51
24 115 24
56 103 56
57 75 57
11 93 11
40 53 40
24 126 24
15 98 15
47 115 47
14 68 14
67 100 67
21 59 21
19 21 19
62 105 62
57 95 57
27 54 27
9 69 9
43 104 43
79 128 79
83 126 83
85 109 85
39 101 39
57 68 57
79 127 79
17 128 17
22 82 22
80 89 80
1 20 1
48 51 48
29 49 29
17 45 17
65 79 65
52 56 52
43 103 43
37 72 37
64 101 64
17 44 17
76 116 76
36 118 36
53 93 53
14 90 14
18 43 18
34 121 34
34 126 34
62 124 62
5 118 5
17 120 17
12 58 12
15 95 15
29 71 29
85 124 85
48 53 48
33 56 33
15 122 15
18 116 18
16 90 16
58 123 58
19 38 19
79 124 79
24 47 24
5 106 5
70 102 70
20 66 20
16 34 16
23 127 23
72 123 72
82 102 82
57 83 57
37 80 37
39 116 39
58 88 58
3 50 3
33 111 33
31 93 31
19 72 19
17 72 17
81 102 81
25 98 25
46 112 46
63 118 63
47 110 47
12 27 12
6 34 6
1 17 1
11 24 11
53 100 53
2 14 2
30 79 30
15 43 15
16 105 16
10 45 10
14 69 14
28 115 28
2 103 2
30 120 30
52 126 52
80 118 80
5 10 5
67 92 67
42 95 42
11 69 11
49 109 49
26 96 26
11 70 11
54 58 54
15 19 15
51 102 51
19 122 19
56 98 56
46 116 46
14 53 14
68 118 68
33 81 33
80 94 80
12 14 12
80 81 80
83 107 83
16 95 16
53 75 53
80 106 80
21 40 21
29 100 29
44 115 44
19 100 19
38 71 38
37 67 37
45 55 45
12 49 12
5 120 5
22 75 22
27 98 27
6 43 6
34 59 34
45 121 45
78 121 78
47 92 47
81 105 81
72 83 72
54 88 54
15 51 15
60 94 60
6 104 6
25 53 25
62 127 62
38 55 38
5 24 5
58 107 58
48 115 48
7 78 7
75 87 75
29 111 29
9 67 9
21 105 21
7 31 7
39 48 39
2 101 2
32 52 32
13 105 13
11 66 11
15 88 15
48 93 48
16 117 16
32 126 32
47 93 47
50 122 50
9 103 9
51 85 51
32 118 32
23 27 23
10 77 10
22 126 22
6 128 6
21 102 21
52 54 52
70 71 70
46 80 46
7 118 7
27 120 27
35 121 35
42 116 42
10 76 10
26 76 26
9 121 9
55 122 55
25 84 25
63 83 63
66 110 66
77 102 77
12 21 12
5 17 5
81 109 81
75 94 75
12 97 12
31 42 31
25 123 25
5 108 5
49 94 49
67 120 67
46 121 46
16 46 16
47 128 47
16 29 16
39 111 39
85 105 85
80 100 80
54 63 54
36 37 36
63 82 63
59 106 59
27 107 27
40 76 40
78 95 78
51 79 51
70 95 70
23 72 23
9 32 9
15 76 15
75 113 75
5 34 5
53 99 53
4 92 4
15 120 15
43 52 43
7 102 7
52 118 52
34 94 34
75 84 75
33 83 33
33 46 33
70 119 70
72 121 72
21 25 21
52 90 52
31 92 31
9 60 9
19 49 19
50 58 50
15 99 15
40 72 40
11 31 11
84 122 84
4 31 4
21 84 21
18 26 18
32 39 32
46 57 46
35 51 35
17 111 17
65 84 65
30 69 30
60 64 60
28 47 28
13 81 13
16 76 16
8 20 8
17 89 17
31 54 31
2 56 2
66 93 66
45 124 45
42 107 42
8 127 8
34 87 34
54 117 54
11 22 11
34 107 34
49 104 49
12 77 12
65 96 65
18 54 18
13 23 13
13 61 13
3 25 3
11 26 11
11 23 11
68 87 68
5 126 5
21 70 21
29 110 29
21 120 21
26 82 26
71 112 71
23 36 23
80 87 80
65 78 65
3 73 3
47 68 47
6 72 6
44 66 44
54 122 54
6 116 6
27 46 27
9 83 9
32 40 32
6 68 6
34 123 34
22 119 22
29 52 29
39 43 39
84 115 84
8 43 8
6 98 6
71 84 71
76 89 76
16 45 16
18 91 18
43 87 43
64 104 64
18 122 18
34 62 34
19 53 19
35 49 35
84 112 84
28 94 28
52 69 52
21 127 21
25 31 25
6 121 6
62 123 62
14 38 14
73 76 73
30 53 30
32 124 32
50 93 50
31 49 31
60 66 60
44 74 44
2 106 2
54 106 54
25 33 25
79 103 79
3 124 3
24 52 24
71 77 71
13 94 13
22 60 22
8 111 8
4 90 4
9 97 9
10 55 10
64 122 64
27 61 27
26 42 26
85 91 85
9 23 9
17 118 17
83 112 83
14 66 14
83 88 83
9 38 9
70 76 70
55 90 55
7 61 7
23 61 23
21 47 21
10 53 10
59 67 59
21 73 21
2 100 2
30 80 30
36 107 36
5 109 5
55 125 55
10 122 10
9 118 9
50 125 50
12 124 12
31 88 31
16 83 16
46 113 46
33 91 33
9 91 9
51 106 51
7 30 7
64 123 64
55 103 55
19 85 19
23 51 23
24 32 24
36 96 36
34 50 34
27 113 27
13 16 13
52 109 52
14 48 14
28 124 28
40 92 40
69 128 69
49 89 49
62 117 62
31 56 31
33 77 33
43 59 43
2 27 2
15 110 15
57 81 57
42 80 42
60 83 60
2 126 2
28 65 28
8 69 8
74 96 74
14 78 14
37 62 37
59 76 59
32 74 32
51 108 51
58 120 58
54 56 54
1 102 1
29 107 29
38 61 38
36 87 36
36 80 36
4 52 4
37 126 37
44 100 44
47 67 47
3 115 3
4 23 4
49 121 49
50 112 50
38 112 38
37 124 37
34 49 34
7 36 7
54 55 54
9 107 9
6 57 6
38 67 38
18 80 18
65 92 65
22 55 22
5 51 5
85 115 85
75 110 75
85 103 85
44 49 44
70 74 70
83 97 83
39 96 39
55 64 55
33 68 33
64 93 64
1 37 1
11 111 11
18 90 18
54 89 54
69 104 69
65 70 65
53 114 53
33 52 33
22 90 22
64 72 64
4 34 4
60 103 60
7 126 7
79 97 79
47 105 47
34 128 34
30 43 30
46 97 46
77 123 77
38 48 38
48 74 48
49 99 49
37 43 37
38 114 38
65 111 65
28 119 28
21 112 21
62 71 62
61 120 61
41 43 41
42 53 42
24 119 24
35 112 35
52 88 52
28 108 28
39 72 39
29 77 29
83 109 83
18 81 18
24 25 24
69 94 69
6 107 6
34 115 34
25 32 25
38 60 38
72 82 72
61 87 61
39 104 39
13 42 13
30 35 30
19 62 19
55 84 55
22 107 22
74 116 74
60 99 60
16 101 16
84 127 84
29 41 29
18 66 18
27 52 27
13 64 13
40 58 40
40 69 40
22 71 22
8 88 8
32 70 32
21 118 21
30 50 30
25 107 25
36 63 36
35 110 35
12 18 12
21 71 21
23 63 23
18 120 18
10 91 10
37 106 37
