256 6154
186 253 1
102 231 31
222 232 255
162 214 1
171 249 255
26 80 1
55 178 1
218 239 160
63 89 113
176 225 225
4 129 160
34 234 113
7 157 195
149 232 120
105 109 1
78 88 160
112 185 255
40 222 1
35 64 85
46 183 1
44 206 1
78 222 160
206 255 255
150 167 195
97 188 116
44 220 1
105 127 105
39 235 255
1 129 1
1 152 1
1 250 1
193 247 193
155 255 255
44 202 1
106 255 255
90 159 1
89 234 113
104 229 104
20 46 1
33 171 85
169 232 255
226 245 255
126 192 126
78 220 1
14 122 1
162 249 1
107 226 1
12 64 85
109 128 255
32 76 1
22 66 31
172 230 1
128 176 1
95 170 255
14 65 1
72 196 72
100 206 240
173 211 160
90 120 1
23 111 255
99 222 1
77 128 195
102 221 1
109 126 1
15 108 85
3 238 195
25 85 85
185 243 255
1 165 1
85 187 1
137 208 1
32 208 1
218 249 255
72 236 255
122 182 116
128 223 1
14 110 1
143 186 99
67 85 255
126 251 59
64 202 116
239 256 85
42 114 42
73 194 1
87 226 255
166 203 125
9 150 255
84 159 1
185 253 255
147 195 255
32 84 161
21 217 1
96 115 1
121 182 121
182 188 188
120 234 255
29 127 59
23 76 1
225 236 1
11 160 160
2 106 255
153 256 116
1 147 1
128 138 1
34 62 255
172 187 1
8 229 1
139 228 1
212 254 116
122 255 255
100 233 255
194 254 1
25 255 255
116 160 160
26 122 1
38 228 1
109 229 255
140 246 1
149 223 1
103 247 160
130 157 167
31 133 31
97 160 160
49 173 255
107 208 1
163 235 1
33 188 116
8 237 1
1 51 1
113 128 113
44 244 1
165 172 1
157 207 195
17 124 1
229 252 255
112 215 1
40 223 59
20 255 255
132 144 255
125 244 85
167 197 255
6 201 85
69 234 1
120 198 120
3 46 1
121 186 1
37 244 255
42 142 1
80 149 1
3 195 195
73 128 1
133 219 255
17 192 59
60 255 255
26 221 115
243 251 1
21 219 255
21 47 47
185 195 195
4 183 1
9 245 160
25 241 85
84 144 1
164 226 1
17 190 1
77 164 1
137 246 160
23 65 255
28 98 160
120 124 255
126 155 1
41 183 41
85 234 255
120 176 1
141 251 1
1 133 1
203 214 85
85 135 85
44 121 1
3 126 1
211 215 1
82 198 255
136 155 201
160 193 160
150 236 249
91 140 16
59 155 1
178 229 1
27 127 1
111 253 31
45 99 1
95 238 113
103 220 1
39 67 67
76 82 1
14 159 1
27 190 255
43 114 165
1 4 1
11 58 11
180 251 1
13 223 1
1 166 1
84 223 1
45 72 72
53 121 1
30 182 30
6 15 85
86 140 1
18 113 1
35 113 255
31 45 160
22 35 52
183 238 1
146 229 1
85 121 85
16 215 16
45 196 72
50 128 255
7 150 113
71 107 1
132 210 1
95 139 195
190 246 160
1 44 1
158 214 1
156 219 65
160 172 160
23 139 255
13 200 1
68 180 255
68 184 255
19 234 255
101 185 255
157 244 255
25 109 160
40 251 59
60 181 1
206 226 240
45 210 1
125 166 125
36 47 31
86 88 1
116 180 116
31 160 160
34 197 255
137 166 160
3 130 167
78 82 201
49 166 255
179 196 160
25 248 31
146 225 225
67 201 255
92 149 255
166 251 1
146 178 225
85 209 85
116 163 1
60 98 116
17 34 1
45 117 72
116 224 116
63 237 113
58 62 85
11 214 85
70 94 1
164 165 1
123 210 1
137 222 160
103 117 160
54 215 1
5 255 255
38 108 1
70 166 160
17 200 1
52 147 52
84 122 1
102 213 179
120 156 255
163 212 1
14 51 1
63 157 195
146 250 1
31 148 31
236 250 1
95 113 113
255 256 255
57 61 1
53 184 1
21 54 85
148 255 255
31 124 31
4 42 1
53 192 59
39 225 1
19 21 160
115 221 115
160 170 160
168 198 120
161 214 1
227 256 254
44 233 1
13 37 1
120 220 1
180 246 160
7 237 89
1 127 1
50 75 255
88 181 1
1 139 1
47 58 31
58 145 31
76 171 1
106 137 160
61 150 1
90 176 1
2 235 195
86 244 1
47 202 85
34 69 1
170 246 160
77 247 255
87 233 160
191 216 1
194 223 1
7 114 1
32 239 1
21 31 31
54 172 85
1 6 1
45 57 255
90 215 1
168 170 255
172 192 1
1 151 1
20 121 30
158 192 59
37 63 255
91 251 1
75 128 255
53 158 59
81 233 1
53 126 59
17 101 1
92 145 31
166 182 85
172 232 255
21 194 1
17 25 1
33 253 85
134 149 1
87 121 116
178 224 1
64 199 85
80 206 1
150 156 255
70 162 1
96 137 160
22 160 160
26 163 115
134 170 1
30 251 1
160 188 160
16 167 1
124 230 1
200 250 1
140 178 225
109 179 160
3 233 255
117 168 255
66 177 31
35 248 31
84 205 161
21 144 255
92 194 1
61 223 59
147 228 1
91 225 16
20 254 116
113 234 113
73 214 1
29 215 1
150 214 255
54 255 255
128 238 113
52 112 201
2 226 255
200 225 1
243 247 243
50 124 31
56 145 160
188 246 160
139 159 1
79 177 1
125 245 160
126 249 1
204 235 1
122 190 116
80 107 1
31 213 31
28 153 160
105 246 1
79 162 1
202 250 1
134 173 1
10 179 1
3 159 1
1 198 1
55 157 255
140 175 1
33 255 255
87 139 255
163 199 1
67 227 255
51 73 1
1 76 1
73 85 1
116 135 116
22 155 52
19 197 160
122 239 85
202 252 85
1 173 1
127 225 1
59 73 59
200 231 1
185 255 255
114 224 1
1 205 1
66 230 1
68 158 1
160 212 160
86 209 1
149 178 1
47 243 31
10 159 1
74 165 1
43 223 1
120 191 120
9 160 160
116 227 116
52 69 1
1 150 1
176 217 1
149 154 149
58 84 1
82 164 1
39 59 1
51 81 1
173 220 1
1 39 1
72 197 160
93 118 1
1 79 1
1 110 1
57 132 255
86 249 1
187 239 1
24 50 255
116 121 116
43 249 1
149 206 240
40 217 59
237 238 113
58 247 31
113 255 255
87 208 1
13 43 42
104 188 255
123 138 1
7 143 1
37 77 255
102 112 179
59 175 1
126 179 1
113 171 255
28 127 1
52 78 52
15 51 1
189 226 255
35 38 1
131 191 1
45 245 245
3 197 255
179 184 31
183 205 183
152 181 1
1 244 1
73 133 1
57 92 255
154 206 240
39 180 255
49 188 255
48 194 1
26 69 1
105 123 1
197 253 160
135 149 255
118 193 85
92 255 255
3 16 1
102 172 179
2 85 255
36 160 160
31 120 255
195 238 195
55 255 255
93 216 1
4 104 255
92 224 85
66 69 1
100 255 255
62 134 1
85 172 85
33 85 85
97 209 85
36 58 4
200 207 1
17 208 59
8 78 1
41 115 41
118 180 118
9 101 160
159 204 1
214 252 85
30 36 85
231 255 255
86 248 1
149 226 240
171 179 31
76 180 1
1 120 1
145 169 31
196 255 255
4 90 1
184 220 1
41 224 1
1 179 1
125 241 85
140 199 1
49 67 255
223 229 1
82 235 255
21 93 1
53 59 59
114 223 1
48 139 255
23 255 255
98 116 116
247 253 50
178 209 1
85 243 85
57 207 207
3 186 1
211 250 1
1 212 1
44 103 1
116 229 255
28 197 211
16 26 1
124 192 1
12 243 85
39 195 255
71 72 160
13 225 42
65 92 255
17 54 1
98 114 1
239 255 255
51 77 1
187 217 59
96 197 160
1 23 1
130 168 255
118 173 116
15 52 85
57 87 255
247 255 255
75 240 240
19 109 245
4 74 1
133 212 85
164 186 164
215 233 1
1 62 1
84 200 161
34 171 255
36 144 255
84 194 161
63 234 113
164 201 1
99 158 99
37 226 255
64 136 85
9 142 160
80 205 1
142 148 160
70 255 255
6 173 6
47 247 31
38 61 251
152 250 1
81 230 1
12 125 125
28 85 160
215 225 16
15 20 85
121 179 85
28 210 1
77 152 1
109 117 245
8 76 1
140 172 1
76 92 1
21 58 31
35 255 255
95 209 255
162 178 225
99 220 99
51 232 1
35 82 201
1 154 1
61 84 1
75 83 255
159 239 1
71 199 47
10 161 161
47 121 85
89 255 255
7 154 255
100 195 255
2 192 1
161 221 161
60 85 85
26 101 1
146 170 1
125 234 255
100 132 120
149 198 149
12 235 255
105 138 59
2 119 195
8 53 1
160 241 160
23 229 23
204 256 1
80 250 1
1 42 1
5 116 255
89 241 255
52 94 1
34 78 255
1 73 1
168 256 255
58 71 31
11 17 1
139 167 167
13 170 1
7 139 195
153 173 116
214 255 255
86 152 1
160 233 160
1 90 1
16 19 1
190 220 1
23 55 67
81 250 46
98 225 1
204 230 1
43 182 1
25 239 201
160 164 1
88 117 72
8 100 1
72 151 255
84 123 1
1 182 1
139 170 255
75 184 255
96 102 179
7 222 255
37 103 255
24 52 255
146 189 1
91 109 1
1 128 1
36 246 160
42 155 1
174 209 255
10 235 1
57 255 255
162 240 1
160 243 160
71 225 1
199 226 255
19 161 1
31 239 31
87 236 255
26 106 1
1 242 1
25 92 31
96 155 179
186 240 1
119 139 195
145 184 124
85 242 85
6 98 116
158 236 1
30 86 1
1 108 1
4 199 31
206 246 255
1 201 1
80 131 1
112 172 201
9 57 255
18 189 1
20 125 85
20 128 255
50 218 160
3 150 195
7 26 1
78 192 1
52 227 85
173 203 85
74 197 1
47 92 47
62 160 160
107 125 1
35 147 147
114 215 16
83 235 255
191 211 255
45 58 160
74 247 1
182 184 85
63 223 1
70 145 160
112 182 85
19 173 160
209 252 50
139 219 255
85 169 85
130 236 195
192 202 1
1 178 1
122 252 85
135 237 255
206 253 255
189 244 255
198 214 255
2 202 255
28 59 1
102 179 179
82 186 1
88 97 160
30 255 255
62 115 1
19 91 1
62 130 255
28 70 211
84 143 1
50 187 1
151 224 255
15 233 160
85 173 85
34 195 195
83 189 255
155 179 179
13 134 1
68 232 120
55 145 255
17 228 1
18 220 99
63 149 255
11 187 1
20 60 116
104 255 255
108 115 1
126 152 59
3 183 1
97 153 116
4 153 85
79 94 1
160 200 1
79 127 1
87 108 87
62 214 116
29 250 1
62 239 85
31 36 31
4 169 31
33 60 116
30 43 1
231 245 160
6 217 1
42 65 1
63 105 1
146 179 1
69 165 69
11 125 85
125 231 85
47 135 85
63 186 1
158 223 59
213 241 85
207 241 255
141 243 160
52 102 179
147 153 85
152 251 59
142 222 160
2 113 113
85 133 85
16 165 16
38 217 59
193 224 85
1 226 1
56 141 141
64 241 48
38 223 59
27 206 240
13 176 42
20 33 116
4 37 255
26 134 1
138 164 164
1 125 1
29 61 59
76 100 1
25 97 85
81 175 1
156 174 65
139 157 167
129 135 160
49 135 255
64 135 48
70 210 1
35 136 201
207 255 255
72 255 255
55 91 1
146 246 1
81 213 1
99 100 1
6 87 116
113 199 255
1 30 1
56 189 255
59 254 1
14 233 1
76 149 1
100 108 255
118 143 1
50 252 50
120 241 255
77 95 195
130 195 195
7 176 1
143 177 1
96 183 1
43 178 225
33 97 116
30 73 1
31 197 160
18 84 1
97 146 1
1 82 1
23 180 255
73 201 1
21 41 1
38 134 59
5 139 167
44 154 1
193 209 243
31 136 31
59 235 1
140 223 1
116 208 1
54 158 1
45 199 160
135 168 255
6 248 85
57 203 255
1 114 1
49 198 120
1 222 1
166 206 255
41 73 1
160 211 160
101 174 255
78 205 1
44 183 115
83 126 1
17 172 1
18 164 164
12 122 85
139 185 195
206 240 240
114 245 1
26 81 1
27 242 255
23 151 67
201 249 255
42 162 42
97 177 85
190 256 256
76 128 1
123 162 1
47 167 255
150 207 195
209 248 31
61 130 1
59 88 1
21 85 85
6 142 160
117 170 160
140 251 1
5 12 255
99 226 1
101 136 201
117 160 160
173 250 1
162 208 1
148 201 201
10 98 1
136 249 255
50 111 31
104 217 1
94 161 1
91 131 1
71 160 160
49 247 255
185 199 255
51 99 1
50 149 255
83 149 255
77 80 1
37 68 255
172 236 255
74 87 1
145 164 1
47 145 31
153 227 116
10 116 1
54 71 85
57 250 1
59 126 59
91 176 16
11 111 31
33 160 160
201 213 201
62 122 62
15 85 85
52 201 201
199 244 85
29 41 1
202 255 255
143 208 59
53 82 1
103 255 255
6 255 255
174 211 255
100 179 255
85 252 85
106 109 160
176 202 1
48 203 85
36 106 160
61 151 1
24 173 255
190 214 214
139 232 255
140 163 1
11 171 11
56 105 1
13 190 1
27 75 240
119 254 255
32 88 1
103 141 160
238 245 255
85 97 85
1 145 1
31 66 31
87 210 1
129 170 141
135 249 255
16 91 16
3 119 195
163 218 1
108 116 116
1 68 1
44 117 1
62 245 160
124 248 31
47 176 1
112 214 85
113 229 255
1 20 1
34 135 255
8 145 1
65 135 255
183 200 161
54 247 85
103 147 160
120 168 120
1 131 1
13 209 1
94 134 1
105 208 208
50 247 50
88 163 1
182 224 116
36 38 1
160 177 160
201 241 85
1 247 1
85 108 85
85 201 85
56 255 255
113 160 255
36 85 85
1 72 1
68 120 120
24 215 1
84 102 1
1 187 1
66 252 50
112 132 255
7 95 113
188 226 255
114 151 1
105 128 1
217 218 1
126 195 1
143 149 1
36 114 1
22 147 52
22 190 85
1 249 1
137 165 1
4 60 85
60 244 116
40 192 59
86 220 1
1 43 1
165 180 1
23 83 255
67 108 255
248 255 255
61 220 59
144 173 255
10 44 161
85 227 85
44 69 1
1 12 1
97 197 160
111 112 31
23 36 255
97 164 1
14 108 1
117 137 137
102 111 31
61 210 59
77 98 255
98 190 116
41 47 1
113 114 1
102 215 1
140 226 1
37 202 255
185 207 185
83 94 1
34 158 1
38 126 59
144 156 255
42 77 1
183 222 1
116 242 116
186 195 1
140 173 1
54 152 1
69 220 1
1 158 1
67 181 1
26 107 161
21 142 160
95 208 1
63 87 255
135 174 255
24 39 55
26 193 1
35 86 1
16 162 16
174 188 255
91 127 1
162 174 1
61 253 1
130 242 255
143 164 164
151 255 255
89 132 255
36 159 1
77 158 1
85 92 85
13 230 42
41 180 1
23 213 255
22 142 160
52 139 255
14 40 1
113 224 255
4 43 1
61 99 59
110 255 255
175 188 1
24 211 255
113 210 1
9 240 255
49 141 255
143 222 1
182 219 255
11 136 31
70 211 211
2 34 249
146 203 1
30 112 85
1 25 1
168 202 255
76 252 1
87 173 116
72 195 255
82 179 179
8 14 1
77 236 195
253 256 85
19 233 245
187 189 1
52 182 85
85 230 1
58 160 160
138 167 1
88 184 160
116 119 255
24 243 255
43 209 1
83 172 255
186 191 1
133 201 201
99 164 164
1 74 1
158 220 158
153 161 1
242 245 160
9 235 255
6 149 255
192 247 1
3 222 255
3 178 1
130 166 255
44 215 1
47 207 255
229 238 255
50 85 85
29 54 1
110 111 31
1 144 1
147 148 148
56 246 160
227 244 116
109 218 245
234 241 255
197 246 160
102 103 160
240 242 255
170 247 160
31 209 31
42 179 1
1 41 1
28 37 255
78 193 31
46 69 1
165 221 1
20 210 1
161 164 1
195 255 255
90 107 161
59 222 1
130 234 195
67 115 1
42 176 42
45 218 72
20 167 255
3 139 167
20 30 30
121 180 118
4 248 4
7 250 1
16 64 1
200 233 1
9 248 160
89 112 255
47 254 85
148 251 1
75 125 255
80 153 1
20 249 255
103 197 160
26 37 1
16 176 16
11 243 31
22 192 1
34 150 150
1 116 1
234 249 113
157 251 1
83 132 255
39 66 255
81 143 1
195 206 255
158 255 1
141 206 255
54 116 85
129 174 255
136 243 31
70 155 160
212 252 85
73 192 59
29 123 1
18 218 1
193 243 243
49 146 1
120 147 255
8 210 1
76 202 1
144 195 195
170 202 160
42 45 1
152 244 1
43 80 1
128 168 255
210 221 1
7 63 113
167 219 255
72 161 1
93 223 59
59 152 59
6 194 1
114 222 1
72 202 160
186 223 59
53 74 1
156 201 255
48 69 1
56 200 1
33 107 1
114 146 69
124 182 85
1 142 1
135 166 85
11 22 31
196 198 255
191 255 255
8 227 1
24 93 1
94 114 225
95 223 1
26 44 115
34 136 255
122 160 160
37 117 255
29 60 1
190 241 116
22 31 31
220 240 1
9 247 160
40 204 40
111 133 31
128 237 144
10 19 1
55 196 255
9 246 160
15 205 1
140 162 225
171 224 85
242 251 1
190 251 1
169 255 255
66 243 243
167 214 255
37 121 255
1 132 1
35 253 31
81 177 1
35 247 31
119 158 1
142 195 255
120 240 120
45 100 255
159 175 1
46 103 1
170 181 1
15 119 255
187 245 1
127 138 59
127 165 1
43 135 1
69 130 1
180 182 118
28 139 255
47 256 85
35 142 160
61 221 1
180 212 118
52 232 255
55 140 1
15 71 85
22 239 52
235 236 195
145 231 124
65 219 65
81 89 1
68 75 240
78 253 31
166 180 85
8 142 1
58 97 85
38 110 1
44 201 1
28 255 255
96 255 255
12 39 255
86 95 1
152 207 1
49 149 120
100 147 255
84 161 161
186 211 1
35 116 85
64 116 116
74 89 1
78 112 201
112 245 160
99 171 1
92 240 255
59 220 59
15 241 85
166 250 1
222 255 255
68 90 1
123 141 1
52 166 85
79 158 1
54 72 160
198 243 255
74 80 74
39 253 255
165 223 1
32 225 1
4 27 255
54 196 160
1 21 1
82 213 136
32 178 1
52 54 85
12 188 85
116 169 85
35 210 1
74 215 1
20 110 85
100 198 198
114 165 165
122 170 160
10 236 1
27 160 255
100 154 198
126 222 1
168 184 255
136 202 85
88 109 245
56 103 160
244 254 116
58 93 1
28 117 160
63 215 1
8 163 161
107 200 161
102 122 85
92 132 255
40 171 1
101 166 85
127 214 1
35 239 239
138 236 1
38 185 1
58 167 255
85 120 255
20 211 160
129 151 255
1 170 1
179 211 160
44 91 1
140 215 16
44 133 1
49 68 120
69 163 1
7 108 255
29 113 1
50 162 1
6 256 116
31 253 31
10 200 161
74 220 1
8 10 161
63 136 255
145 247 31
201 242 85
15 169 85
154 168 120
24 255 255
37 243 255
154 240 240
5 120 255
58 110 11
66 247 243
79 228 1
112 204 1
102 240 255
46 104 1
71 124 31
154 255 255
66 253 50
74 194 1
89 237 89
185 249 195
31 71 31
46 55 1
135 231 85
15 125 125
128 142 255
21 238 255
68 190 255
118 138 1
144 172 255
22 240 255
32 243 1
77 183 1
88 202 160
210 247 1
79 237 1
32 144 1
115 234 1
70 142 141
49 232 132
12 92 85
59 149 1
190 211 160
61 230 1
79 81 1
116 190 116
191 226 240
156 202 255
58 70 160
62 74 1
22 96 179
125 227 85
75 190 255
2 83 255
29 91 1
1 104 1
82 255 255
33 174 255
162 215 16
137 245 245
53 251 59
85 134 1
51 129 1
245 255 255
37 168 255
78 198 255
105 117 1
46 156 1
81 221 1
13 165 42
130 253 255
124 137 160
29 230 1
139 158 1
153 196 160
169 254 85
187 233 1
31 94 1
95 119 195
6 75 255
121 125 85
228 254 1
54 160 160
96 213 179
73 228 1
78 110 31
125 203 125
62 65 255
142 160 160
241 252 85
37 255 255
82 247 31
199 231 31
22 52 52
57 244 255
120 144 255
62 166 85
130 188 255
2 100 255
19 117 72
133 241 85
168 255 255
48 145 85
72 222 160
193 249 255
61 93 59
145 177 31
50 173 85
11 170 160
71 172 31
197 244 160
41 84 41
18 168 1
199 251 1
160 219 255
163 205 115
66 248 31
39 101 255
106 252 160
48 173 116
120 146 1
71 85 85
107 253 1
111 122 85
31 252 31
149 241 255
1 13 1
109 213 160
56 167 255
44 159 1
58 248 11
85 96 85
186 220 99
75 219 255
4 15 85
6 69 1
1 223 1
91 217 1
75 132 120
92 120 255
169 256 85
5 19 255
61 121 1
56 113 255
20 44 1
19 141 160
97 139 255
19 240 255
71 236 255
60 80 1
18 51 1
146 185 1
131 183 1
25 78 201
102 115 1
205 242 1
17 120 1
151 166 255
184 248 31
10 214 1
129 205 1
69 107 1
187 208 208
27 154 240
42 220 1
148 253 31
220 238 1
116 255 255
27 39 255
10 99 1
69 70 1
44 205 115
20 118 118
50 209 50
44 182 1
78 96 179
62 232 255
140 165 165
95 147 255
50 212 85
232 236 255
63 117 255
99 110 1
52 178 1
79 176 1
100 168 120
12 166 166
136 138 1
109 152 1
76 187 59
1 252 1
8 107 161
93 242 1
198 255 255
36 256 85
34 249 249
93 246 1
85 126 1
43 234 1
22 227 85
72 118 160
101 225 1
63 232 255
1 213 1
107 239 1
4 195 255
31 179 31
170 217 1
84 191 1
40 134 59
3 203 255
58 118 85
164 232 1
119 237 195
104 151 104
173 236 255
211 245 160
12 160 160
8 183 161
44 218 1
18 73 138
85 193 85
89 184 255
154 229 255
92 177 47
72 117 72
71 166 85
236 238 113
27 56 255
93 139 1
141 187 1
110 176 1
2 144 113
234 255 255
4 87 85
9 87 160
10 163 161
153 248 85
5 236 195
17 193 1
9 106 160
67 78 255
149 240 240
7 249 113
59 210 59
18 85 1
147 155 239
95 235 195
97 227 254
44 92 1
77 244 255
24 75 255
70 206 255
75 168 120
118 227 116
82 204 1
34 123 1
138 209 1
20 135 116
52 114 1
42 51 42
155 167 255
30 217 1
104 202 255
45 246 160
117 148 160
55 67 67
80 170 1
52 209 31
52 96 179
1 53 1
16 114 16
103 236 255
194 233 1
66 169 209
167 207 195
35 179 179
92 226 255
89 165 1
103 129 160
4 62 85
48 85 85
41 165 1
160 249 255
47 185 255
19 74 1
157 255 255
167 255 255
1 14 1
138 173 1
26 41 41
178 190 1
29 83 1
12 115 1
35 155 239
72 116 160
184 197 160
21 75 255
109 170 160
112 158 1
9 174 255
29 226 1
75 232 120
101 161 1
78 159 1
1 71 1
80 104 1
13 248 1
47 114 1
194 221 161
160 227 160
71 255 255
49 255 255
57 77 77
57 127 1
62 203 85
1 84 1
162 176 225
91 181 1
117 233 245
63 220 1
164 252 1
131 218 1
205 252 1
184 191 255
142 211 141
153 250 1
37 47 255
38 76 59
53 168 1
16 66 1
14 47 1
124 178 1
63 104 255
83 105 1
35 138 1
19 108 160
20 147 85
148 234 255
102 153 85
42 89 1
98 130 255
104 190 255
97 110 85
123 131 14
73 122 1
28 133 160
92 160 160
97 214 254
172 179 179
141 211 141
94 228 1
89 113 113
27 220 1
37 218 255
224 227 254
108 202 116
46 74 1
37 90 1
1 97 1
25 199 31
77 102 255
65 73 1
32 94 1
44 106 1
165 208 1
86 100 1
182 202 116
121 139 255
15 80 1
240 249 255
232 245 255
73 238 1
21 181 1
124 244 85
174 213 255
77 205 1
129 231 160
198 240 240
36 50 31
224 235 255
124 212 85
191 198 198
110 199 31
50 226 255
153 201 85
144 166 255
171 248 11
148 224 85
86 195 1
11 116 85
168 172 255
55 131 1
6 202 62
89 123 1
21 121 85
24 81 1
48 81 1
1 56 1
172 205 1
9 197 160
88 216 1
205 208 1
168 240 120
92 169 31
211 236 255
145 209 31
5 28 255
1 228 1
96 230 1
122 181 1
91 160 1
103 188 160
23 125 255
173 248 85
27 198 240
17 93 59
193 255 255
103 160 160
195 237 195
79 194 1
95 145 255
37 78 255
150 234 113
100 191 198
187 204 59
212 220 1
6 187 1
188 216 1
66 166 85
226 232 120
28 134 1
134 217 59
160 248 160
3 193 255
69 172 1
84 108 1
128 195 195
56 221 1
6 89 255
167 238 195
11 248 11
32 219 1
70 231 160
84 85 1
150 253 255
125 143 1
19 106 160
1 66 1
85 87 85
7 92 255
102 124 31
129 141 141
179 256 85
44 140 1
21 228 1
80 127 1
71 242 85
178 215 16
41 163 41
113 167 195
4 125 85
177 241 85
3 63 195
190 225 1
173 244 116
105 202 1
66 160 160
7 238 113
19 160 160
167 174 255
118 212 118
33 224 116
39 65 255
188 220 1
101 243 31
118 188 118
1 253 1
7 129 255
1 197 1
40 198 1
144 145 255
73 187 59
51 201 1
93 250 1
160 245 160
78 210 1
3 137 255
55 75 255
95 233 255
195 211 255
31 255 255
115 216 115
220 251 59
141 246 160
88 229 255
59 121 1
167 249 195
58 255 255
57 144 195
24 102 255
165 225 225
39 41 1
65 225 1
60 203 85
61 119 1
2 74 1
93 167 1
87 182 116
60 209 85
13 172 1
146 202 1
33 214 116
20 80 1
48 64 48
75 100 149
113 139 195
2 157 195
115 155 1
128 161 1
138 150 1
36 189 255
163 186 1
190 208 1
36 138 1
189 219 255
35 122 85
211 212 160
184 224 85
26 71 1
139 245 255
187 253 1
29 146 1
22 231 31
51 69 69
134 250 1
1 235 1
60 192 1
30 60 116
59 105 59
19 215 1
69 212 1
53 187 208
41 216 41
103 106 160
1 18 1
73 75 1
15 39 255
57 238 195
147 206 255
14 131 14
116 124 85
41 155 1
139 238 195
215 245 1
39 237 255
50 239 31
3 219 255
101 137 160
32 41 41
97 130 255
85 110 85
1 101 1
61 193 1
217 223 59
118 203 85
37 174 65
99 186 99
124 214 85
114 248 1
52 169 31
68 132 120
26 231 1
231 234 255
124 184 124
142 196 160
76 229 1
109 209 160
216 232 1
3 100 255
99 105 59
35 110 31
102 201 179
120 183 1
31 60 85
199 255 255
78 146 1
89 177 255
160 201 160
117 156 255
16 169 1
79 106 1
229 236 255
11 78 31
34 238 113
1 240 1
166 185 255
173 242 62
17 53 59
63 238 113
194 216 161
73 111 1
17 52 1
154 198 198
97 148 85
60 212 116
71 177 47
126 219 1
128 212 255
69 162 225
236 237 113
41 194 41
161 225 1
130 235 167
10 107 161
35 59 1
6 242 62
40 225 1
31 35 31
1 91 1
29 59 59
115 191 1
9 83 255
55 216 1
237 249 113
69 176 225
204 206 1
16 32 1
35 71 31
81 159 46
47 75 255
91 246 1
52 179 179
46 81 46
200 237 1
139 195 195
16 172 1
166 224 85
136 213 136
79 80 1
45 87 160
230 238 1
161 163 161
3 14 1
171 212 85
67 170 255
148 162 1
145 239 31
59 208 59
8 194 161
129 160 160
152 183 1
44 62 1
22 98 85
86 105 1
134 204 59
3 157 167
131 133 1
65 149 255
4 143 1
130 144 195
128 144 144
72 126 1
1 218 1
109 196 245
160 252 160
101 142 160
34 213 255
101 255 255
5 127 1
139 241 255
93 138 99
160 190 160
51 228 1
185 221 1
57 59 1
51 242 1
174 198 255
98 149 255
127 134 59
184 217 1
69 217 1
61 163 1
52 171 31
138 186 138
49 240 120
20 193 85
77 254 255
131 144 1
52 195 255
100 242 255
180 185 255
3 117 255
32 200 32
157 237 195
49 54 255
84 152 1
52 76 1
1 7 1
91 114 16
207 234 195
87 186 1
62 244 116
104 234 255
6 85 85
58 250 1
17 68 1
101 178 1
133 134 1
124 155 31
50 213 31
22 78 52
67 151 67
62 179 85
217 220 59
48 193 85
133 255 255
1 19 1
4 180 85
77 252 255
2 238 113
41 200 41
1 83 1
20 94 1
51 165 69
148 149 255
39 138 1
154 159 1
1 45 1
169 227 85
65 249 255
150 153 255
196 245 245
39 107 1
160 182 160
164 228 1
11 109 160
47 100 255
59 156 1
206 212 255
254 256 254
42 165 42
34 95 150
63 195 195
135 256 116
92 236 255
55 104 104
48 150 255
55 224 255
47 199 47
13 201 1
34 97 255
72 106 160
138 139 1
55 174 255
115 183 115
68 206 206
65 83 65
195 249 195
72 233 245
32 222 1
154 226 240
93 214 1
171 222 160
132 255 255
193 208 1
89 236 113
125 202 85
12 85 85
9 25 160
51 110 1
78 92 31
113 236 113
209 234 255
108 214 116
53 54 1
137 225 1
109 123 1
20 180 118
164 194 1
131 242 1
150 195 195
218 230 1
61 225 1
73 99 99
162 200 1
87 98 116
26 229 1
12 256 85
110 244 85
153 192 1
25 120 255
8 120 1
25 115 1
43 143 1
30 116 116
186 187 59
39 151 55
145 172 31
60 112 85
24 168 255
135 241 244
145 223 1
108 255 255
63 96 255
54 125 125
2 64 255
55 78 255
31 85 85
63 125 255
101 139 255
36 173 85
139 156 255
56 205 1
105 211 1
46 86 1
96 120 255
24 189 55
63 177 255
12 231 85
17 246 1
5 157 157
35 78 52
175 221 161
80 173 1
40 179 1
58 76 1
59 134 59
4 162 1
79 115 1
59 133 1
47 71 47
41 130 1
28 110 160
1 135 1
124 148 31
11 255 255
15 209 85
213 240 255
6 223 1
232 255 255
194 202 1
56 175 1
173 254 116
132 256 255
102 106 160
11 179 31
43 164 1
177 199 47
133 179 179
139 178 1
88 218 72
65 254 255
10 220 1
142 236 255
129 157 255
35 133 133
95 242 255
93 158 158
109 233 245
56 140 1
85 190 85
92 140 1
130 187 1
141 195 255
204 217 59
61 143 59
64 190 116
169 247 243
19 72 72
1 119 1
42 140 42
149 222 255
168 230 1
17 116 1
95 254 255
85 182 85
126 187 59
150 158 1
19 88 19
5 65 255
186 210 59
25 112 201
25 82 201
54 85 85
54 121 85
103 249 255
43 91 16
93 220 158
153 216 1
150 249 249
3 146 1
48 74 1
119 170 255
115 138 1
171 184 31
35 148 148
49 249 255
124 255 255
30 31 85
151 197 255
7 71 255
61 237 1
48 138 1
132 194 1
31 53 1
206 228 1
13 114 42
198 213 255
15 149 255
117 147 160
44 105 1
74 219 1
8 41 41
7 155 255
20 216 1
88 237 255
75 210 1
95 128 113
137 205 1
62 118 116
125 137 160
1 81 1
20 164 1
59 170 1
107 209 1
129 253 160
32 65 1
76 251 59
111 243 31
93 226 1
20 231 85
13 146 42
101 148 201
121 126 1
104 195 255
18 96 1
39 189 55
41 74 1
73 155 1
62 150 255
29 40 59
22 179 179
14 162 1
165 202 1
54 135 85
85 231 85
63 146 1
33 106 160
112 164 1
158 187 59
72 122 160
1 172 1
37 104 255
71 153 85
214 224 254
81 140 1
113 192 1
8 18 1
1 229 1
80 99 1
2 233 255
17 217 59
85 122 85
165 229 1
40 141 1
32 143 1
14 251 1
133 207 255
198 227 255
137 170 160
160 197 160
24 206 255
128 181 1
16 230 16
100 120 120
14 167 1
77 119 77
155 172 201
95 179 255
94 140 225
80 130 1
50 169 50
179 205 1
52 218 160
8 187 1
81 219 1
157 167 167
32 147 1
16 221 1
39 55 55
47 255 255
63 204 1
155 214 85
19 255 255
98 161 1
73 221 1
80 184 1
15 202 85
199 223 1
139 235 167
179 186 1
69 215 16
1 236 1
40 145 1
83 153 255
2 7 113
186 204 59
17 29 17
64 254 116
45 88 88
160 169 160
158 174 1
55 68 255
1 203 1
124 246 160
134 208 59
203 247 85
132 168 132
160 203 160
34 82 255
1 32 1
13 178 42
34 185 195
115 256 1
224 256 254
66 85 85
122 148 85
78 239 52
8 59 1
85 171 85
89 216 1
49 132 132
12 193 85
37 87 255
42 146 42
8 115 161
143 207 1
106 226 255
42 69 42
94 148 1
22 234 255
81 244 1
13 251 1
160 256 160
92 96 31
72 113 255
40 57 1
192 193 1
12 25 85
126 255 1
50 136 31
124 169 31
50 254 85
106 214 160
178 230 225
208 223 59
40 211 1
53 188 1
17 91 1
61 134 59
108 256 116
12 162 1
98 244 116
52 133 52
245 251 1
97 228 1
15 81 1
2 13 1
150 233 255
57 89 195
134 203 1
169 243 243
189 240 255
110 171 11
93 97 1
49 142 255
1 161 1
147 190 85
18 152 59
200 256 1
150 235 195
119 236 195
66 202 85
202 242 62
70 76 1
191 196 255
87 176 1
247 256 85
133 194 1
125 172 85
54 134 1
76 121 1
144 163 1
35 149 255
100 240 240
69 103 1
13 27 1
30 98 98
12 184 85
102 160 160
24 234 255
89 90 1
32 252 1
74 246 1
138 239 1
119 200 1
78 85 85
60 127 1
98 128 255
146 237 1
189 222 255
31 184 31
45 230 1
190 227 254
136 159 1
82 246 160
107 115 161
75 198 149
230 242 1
92 95 255
7 34 113
30 176 1
178 205 1
22 129 160
41 159 1
127 187 105
120 255 255
98 141 160
121 127 1
164 241 1
216 221 115
68 212 255
212 215 1
93 99 99
1 210 1
7 144 144
120 232 120
74 114 1
72 88 72
1 200 1
168 232 132
4 196 160
133 156 255
64 214 116
27 146 1
102 155 179
3 93 1
197 255 255
52 101 201
69 114 69
115 166 1
82 136 136
89 244 255
14 123 14
93 165 1
106 135 160
1 162 1
117 246 160
61 140 1
10 158 1
188 212 118
59 76 59
27 255 255
88 196 72
96 172 179
185 228 1
57 58 255
2 241 255
62 255 255
79 125 1
70 194 1
30 211 160
22 157 255
82 177 31
30 55 255
85 113 255
2 63 2
47 59 1
48 170 160
56 63 255
111 134 1
98 214 116
60 113 255
126 134 134
173 234 255
23 204 1
24 169 255
99 184 1
183 216 183
44 102 1
27 74 1
68 149 240
9 39 255
56 218 160
24 78 255
34 63 249
7 255 255
14 174 1
147 232 255
93 164 164
28 226 255
37 86 1
16 58 1
98 102 85
151 199 255
151 229 67
5 10 1
11 124 31
53 133 1
97 184 85
119 130 195
22 48 85
24 47 255
174 205 1
157 231 255
23 62 255
156 227 255
109 245 245
67 137 255
72 111 160
38 63 1
68 83 255
214 235 255
1 106 1
167 198 255
135 153 116
28 244 160
63 255 255
115 217 1
174 219 219
116 164 1
148 195 255
113 237 113
5 104 255
217 251 59
130 202 255
59 99 59
48 207 255
35 172 201
11 110 11
102 164 1
43 230 225
59 143 59
1 9 1
108 226 255
157 169 255
25 52 201
42 252 1
51 98 1
86 120 1
91 165 16
133 192 1
2 24 255
33 234 255
38 59 59
21 57 255
93 149 1
36 71 31
2 95 249
153 212 116
222 246 160
209 243 243
100 144 255
25 237 255
212 216 1
42 188 1
75 231 255
60 206 255
185 214 255
9 103 9
39 91 1
174 255 255
161 199 1
103 169 160
84 228 1
99 140 1
152 223 223
17 204 59
77 139 195
169 191 255
73 164 164
124 203 85
128 204 1
119 203 255
37 65 65
157 191 255
229 241 255
194 212 1
11 169 31
7 195 195
62 92 85
53 216 1
13 23 1
22 92 31
87 174 255
114 162 225
11 246 160
1 204 1
53 76 59
12 103 160
106 210 1
7 146 1
120 218 255
72 160 160
37 88 255
78 133 52
74 228 228
1 137 1
45 234 255
7 149 255
44 221 221
109 160 160
176 185 1
101 172 201
100 224 255
1 55 1
99 251 59
199 228 1
205 250 1
3 176 1
130 167 167
144 236 113
21 160 160
26 242 1
124 231 124
20 116 116
3 57 195
58 188 85
117 177 160
106 131 1
212 231 85
161 217 1
122 254 116
41 44 41
1 148 1
50 89 255
5 55 255
39 57 255
39 78 255
172 213 136
116 222 160
132 199 255
165 215 16
1 46 1
113 212 255
148 155 239
5 119 195
57 235 195
118 256 116
16 146 16
106 182 160
29 243 1
30 242 116
43 215 16
42 122 1
60 65 255
1 112 1
39 144 255
97 255 255
30 87 116
52 184 31
83 210 1
12 189 255
83 156 65
98 188 98
18 110 1
70 246 160
147 211 160
1 207 1
100 133 255
181 205 205
157 205 1
28 74 1
50 125 85
136 253 31
190 203 85
70 177 160
3 156 255
50 227 85
160 244 160
8 82 1
88 148 160
239 242 85
41 228 1
38 53 59
128 234 113
131 219 1
163 189 1
182 183 1
190 240 255
21 115 1
44 194 161
161 200 161
116 244 116
73 125 1
161 192 1
96 160 160
30 168 255
116 188 116
109 139 255
12 110 85
190 255 255
135 196 160
24 87 255
12 88 160
113 238 113
59 192 59
78 213 201
91 178 16
73 100 1
38 174 1
118 249 255
80 140 1
71 156 255
31 174 255
88 174 255
18 186 138
66 131 1
138 220 99
214 223 1
149 242 255
15 147 85
110 115 1
203 246 160
241 253 85
205 213 1
146 215 16
21 189 255
84 208 1
40 59 59
167 217 1
47 223 1
4 206 255
5 53 1
117 245 245
173 196 160
94 229 1
135 234 255
1 255 1
107 212 1
129 211 211
1 122 1
242 254 116
8 243 1
31 155 31
185 256 255
2 69 1
103 212 160
38 202 1
45 76 1
158 186 99
25 196 160
38 164 59
63 118 255
33 129 160
117 226 255
10 41 41
16 69 16
155 201 201
1 117 1
60 125 85
21 235 255
62 242 62
44 143 1
1 159 1
75 140 1
157 199 255
218 255 255
166 237 255
11 66 31
96 148 179
137 196 72
51 160 1
190 233 160
198 229 255
38 249 1
141 205 1
68 156 255
6 229 255
59 74 1
41 114 1
160 198 255
133 248 31
129 150 255
59 80 1
133 244 85
152 197 1
80 175 1
66 193 243
77 195 195
94 243 1
201 211 160
127 135 1
11 238 255
38 145 1
19 45 19
108 237 255
50 69 1
78 102 179
160 218 160
170 208 1
43 57 1
49 170 255
85 254 85
128 213 255
132 198 120
119 193 255
33 244 244
48 255 255
97 181 1
65 233 255
147 209 31
166 173 85
35 217 1
22 213 201
24 107 1
49 98 255
150 168 255
100 254 255
44 152 1
156 163 1
101 211 160
14 25 1
101 160 160
162 230 225
112 207 255
41 240 1
191 249 255
64 193 85
99 146 1
9 28 160
39 75 255
15 203 125
79 113 1
93 192 59
1 69 1
116 218 160
124 134 1
170 222 160
175 194 161
191 232 120
96 248 31
136 161 1
68 215 1
106 160 160
106 168 255
56 129 141
157 194 1
101 201 201
51 175 1
81 85 1
24 77 255
105 129 1
75 226 240
238 255 255
47 195 255
37 185 255
204 249 1
56 234 255
118 152 1
96 133 179
41 107 41
170 172 160
176 228 1
82 156 255
6 126 1
122 151 255
64 115 1
178 256 1
42 213 1
68 161 1
104 241 255
104 220 1
165 171 1
18 56 1
214 256 256
70 199 160
110 246 160
1 111 1
107 221 161
22 85 85
81 109 1
31 50 31
62 201 85
83 181 1
118 158 1
85 147 85
22 101 201
70 96 160
36 231 31
83 147 255
31 52 31
115 151 1
77 245 255
204 226 1
124 152 1
3 132 255
5 235 5
24 116 255
42 215 42
1 60 1
34 248 255
77 196 255
122 175 1
155 227 85
22 251 1
19 92 160
56 160 160
36 248 4
15 118 85
9 132 255
85 125 85
58 92 31
49 75 120
116 122 116
39 87 255
8 159 1
24 199 255
54 156 255
82 138 1
87 202 116
29 187 59
85 155 85
35 46 1
217 250 1
1 216 1
53 127 208
34 236 249
43 69 69
5 167 167
16 119 1
47 177 47
25 179 179
35 246 160
96 184 31
35 85 85
65 156 65
246 255 255
34 65 255
62 237 255
63 236 236
60 254 116
33 64 48
158 164 164
88 206 255
194 200 200
55 58 255
86 208 1
80 228 228
64 82 85
114 230 225
160 242 160
9 104 255
127 157 1
112 126 1
30 115 1
1 27 1
41 221 41
9 181 1
98 118 118
40 83 1
16 178 16
20 101 85
69 178 225
145 199 31
170 175 1
220 234 1
24 149 255
157 195 195
124 179 31
71 210 1
199 247 31
143 216 1
154 219 255
31 256 85
93 169 1
5 93 1
142 164 1
165 246 1
82 150 255
14 80 1
152 164 59
43 146 69
5 128 195
113 119 195
131 138 1
133 203 85
63 77 195
97 256 254
30 135 116
29 151 1
59 61 59
17 153 1
21 90 1
6 62 62
22 133 52
125 184 85
81 185 1
72 184 160
115 200 161
19 218 72
200 218 1
146 249 1
6 52 85
76 152 223
27 135 255
149 246 255
108 152 1
220 252 1
80 94 1
121 176 1
35 193 31
108 153 87
126 211 1
161 181 161
103 118 160
65 133 255
66 232 255
50 255 255
38 235 1
91 94 16
92 252 31
108 247 85
26 205 205
91 190 1
201 246 160
1 31 1
132 226 120
14 186 1
171 176 1
34 113 113
1 65 1
141 207 255
53 55 1
134 137 1
202 207 255
153 164 1
199 230 1
187 220 59
62 146 1
128 129 255
31 92 31
25 172 201
129 246 160
7 80 1
220 224 1
4 229 255
54 221 1
172 244 85
103 252 160
32 250 1
218 252 160
43 208 1
12 182 85
16 45 1
100 153 255
148 188 85
30 114 1
12 255 255
114 140 165
86 213 1
66 112 31
195 207 195
19 196 72
103 244 160
44 108 1
25 183 1
117 218 72
53 248 1
80 143 1
1 174 1
26 175 161
102 107 1
155 176 1
62 85 85
82 168 255
117 222 160
125 152 1
51 53 1
170 219 255
36 188 85
45 143 1
207 249 195
71 188 85
7 236 113
50 204 1
180 254 116
153 202 116
25 35 201
43 224 1
115 207 1
107 182 1
71 82 31
95 144 113
135 137 160
47 203 85
54 201 85
117 153 160
40 93 59
77 157 195
6 254 116
47 60 85
103 105 1
187 199 1
49 201 255
34 52 255
230 231 1
181 223 1
197 211 211
26 165 1
1 64 1
54 241 85
88 137 72
182 247 85
184 231 184
29 212 1
29 234 1
141 170 141
84 115 161
25 213 201
18 93 99
14 102 1
74 90 1
15 97 85
89 157 195
49 93 1
153 205 1
95 156 255
93 186 99
3 167 167
43 81 1
61 183 1
75 239 255
25 68 255
42 68 1
2 224 255
6 54 85
177 201 31
145 215 1
29 233 1
71 182 85
92 103 160
30 241 116
85 239 85
1 88 1
85 247 85
126 204 59
1 87 1
227 255 255
142 161 1
131 165 1
71 95 255
20 175 1
3 207 195
55 151 55
128 218 255
71 92 71
195 234 195
84 256 1
117 183 1
36 87 85
38 232 1
10 90 161
100 226 240
89 189 255
44 161 161
111 124 124
35 101 201
108 240 255
252 255 255
15 166 166
101 147 201
69 140 69
15 175 1
143 249 1
106 218 160
75 178 1
167 193 255
31 62 85
62 228 1
19 245 245
181 216 205
243 252 50
31 78 31
73 145 1
158 222 1
208 209 1
85 188 85
110 253 31
55 256 255
103 168 255
54 173 85
106 116 160
129 152 1
72 245 245
13 16 42
78 216 1
106 253 160
179 224 85
8 129 1
13 149 1
32 120 1
98 212 118
142 234 255
143 187 59
1 185 1
16 94 16
93 189 1
220 253 1
183 195 1
119 255 255
80 256 1
236 247 255
200 226 1
116 140 1
62 202 62
1 16 1
113 196 255
85 202 85
1 130 1
61 172 1
34 81 1
218 232 255
110 193 31
137 156 255
215 230 16
3 43 1
106 222 106
135 255 255
9 198 255
43 242 1
65 132 255
189 235 255
102 133 179
46 157 1
122 135 116
39 255 255
137 214 160
94 215 16
145 186 1
170 236 255
83 89 255
1 245 1
233 254 160
70 195 255
224 254 254
89 167 195
2 167 195
37 169 255
224 242 116
131 205 1
66 124 31
46 250 46
57 236 195
10 125 1
85 241 85
10 160 1
106 141 160
6 244 116
30 192 1
156 188 255
130 249 195
157 190 255
8 219 1
110 223 1
1 248 1
228 230 1
118 182 118
16 84 1
95 101 255
31 145 31
66 128 255
216 238 1
190 242 116
80 147 1
19 146 1
65 85 255
1 92 1
11 92 31
175 192 1
49 120 120
47 115 1
1 86 1
90 108 1
56 122 160
96 150 255
76 99 59
197 241 160
90 100 1
98 105 1
189 256 255
63 133 255
49 154 120
186 241 1
101 112 101
27 49 120
6 41 1
43 49 1
38 80 1
51 230 225
147 231 31
116 253 85
7 93 1
89 119 195
142 192 1
26 200 161
27 159 1
153 160 160
86 255 1
130 240 255
38 122 1
49 147 255
26 62 1
31 101 31
172 247 31
180 255 255
149 212 255
33 186 1
150 238 113
173 202 62
5 109 255
34 191 255
86 221 1
109 249 255
15 73 1
135 243 85
185 223 1
40 214 1
100 243 255
124 253 31
10 79 1
6 227 116
93 251 59
171 177 31
66 201 31
127 137 1
47 174 255
45 82 160
115 181 115
139 237 195
43 172 1
96 247 31
80 124 1
2 70 255
107 124 1
90 161 161
68 100 240
15 31 85
103 246 160
79 214 1
17 253 1
18 158 99
41 193 1
64 209 85
84 209 1
107 183 161
147 160 160
95 129 255
4 11 4
144 234 113
96 201 179
147 245 160
119 228 1
136 153 85
84 183 161
3 25 255
124 252 31
111 160 160
12 157 255
102 136 179
96 106 160
11 147 31
6 181 1
63 211 255
90 205 161
23 67 67
122 242 62
187 256 1
2 217 1
20 85 85
18 207 1
143 251 59
146 195 1
203 213 85
104 252 255
21 78 31
28 238 255
54 208 1
181 255 1
111 175 1
165 248 1
7 166 255
18 230 1
242 243 85
110 248 110
4 85 85
167 228 1
39 153 255
3 77 195
93 218 1
198 247 255
119 128 195
96 239 179
31 147 31
125 157 255
158 172 1
47 246 160
252 253 252
234 236 113
145 178 1
25 136 201
24 194 1
108 150 255
112 247 31
77 130 195
15 88 160
22 141 160
62 64 116
6 122 62
127 234 1
76 192 59
35 42 1
87 241 116
173 217 1
77 117 255
42 219 1
147 213 201
115 230 1
29 206 1
30 212 118
226 239 255
3 48 255
14 67 1
126 183 1
4 158 1
164 220 164
17 162 1
149 250 1
100 149 149
89 162 1
1 214 1
121 255 255
111 121 85
111 120 255
85 199 85
40 201 1
129 197 211
7 231 255
60 188 116
72 96 160
31 247 31
52 117 160
1 61 1
218 225 1
24 151 55
49 107 1
1 156 1
18 82 1
108 221 1
66 100 255
120 226 120
83 254 255
121 251 1
4 52 31
79 88 1
1 100 1
84 216 161
59 172 1
1 180 1
152 210 59
197 215 1
11 213 31
26 207 1
82 95 255
113 207 195
170 214 160
62 180 116
113 195 195
162 223 1
194 225 1
160 239 160
59 226 1
60 233 160
15 77 255
21 92 47
8 32 161
24 104 104
12 126 1
175 196 1
11 96 31
47 109 160
13 177 1
40 126 59
1 63 1
77 238 195
88 195 255
10 194 161
121 122 116
10 153 1
68 154 240
179 255 255
75 96 255
19 82 160
200 223 1
169 218 160
189 229 67
1 160 1
6 166 85
49 236 255
67 68 255
97 224 97
27 31 255
65 75 255
126 250 1
166 184 85
80 236 1
84 201 1
165 224 1
13 40 1
1 78 1
8 176 1
64 148 85
178 225 225
187 244 1
85 153 85
12 133 85
56 71 160
87 160 160
1 70 1
61 251 251
25 75 255
83 174 83
28 208 1
193 202 85
99 111 1
82 96 179
189 255 255
62 195 255
107 134 1
131 251 1
33 98 116
46 178 1
122 173 62
193 234 255
67 104 104
85 255 255
51 145 1
1 227 1
112 148 201
25 96 179
110 221 1
96 205 1
21 158 1
10 115 161
169 252 50
179 239 179
44 185 1
52 170 160
7 223 1
54 212 85
123 127 1
50 66 50
130 139 130
55 80 1
108 188 116
145 255 255
4 115 1
131 187 1
13 94 42
91 98 1
56 197 141
106 233 160
183 210 1
140 149 1
4 97 85
242 252 85
52 231 31
90 194 32
193 217 1
1 168 1
35 206 255
1 246 1
59 244 1
146 251 1
209 247 243
192 198 1
39 244 255
81 166 1
23 25 255
179 219 255
35 209 31
182 255 255
1 118 1
107 130 1
132 149 120
50 183 1
140 146 69
137 255 255
7 253 255
173 209 85
82 160 160
162 183 1
43 51 69
212 255 255
35 168 255
118 144 255
60 230 1
86 147 1
11 210 1
192 201 1
21 163 1
179 248 31
178 192 1
128 210 1
38 113 1
65 198 255
97 215 1
30 236 255
35 160 160
45 127 1
19 177 160
60 64 116
34 223 1
78 177 31
1 149 1
23 199 255
3 83 255
86 123 14
107 204 1
108 173 116
89 163 1
247 248 31
41 108 1
194 208 1
11 31 31
13 249 1
15 68 255
135 205 1
4 210 1
3 111 255
93 249 1
85 98 85
127 174 1
165 230 225
35 201 201
42 94 42
143 232 1
147 214 85
56 142 142
8 200 161
87 126 1
131 241 1
206 242 255
12 45 160
234 238 238
57 84 1
5 13 1
176 215 16
4 35 31
97 254 254
79 123 14
21 43 1
166 193 85
127 228 1
22 148 52
39 81 1
8 198 1
31 111 31
45 120 255
192 197 1
119 207 207
61 184 1
97 203 85
42 225 42
160 179 160
14 194 1
66 238 255
59 204 59
44 163 115
111 169 31
182 234 255
95 167 195
43 248 1
149 202 255
233 245 245
46 123 1
48 135 48
119 157 195
14 44 1
122 131 1
21 240 255
22 122 85
64 106 160
91 162 16
17 186 59
94 123 1
218 233 245
75 102 255
1 2 1
242 255 255
82 102 179
15 121 85
121 171 85
193 252 50
10 141 1
127 251 59
30 231 85
96 124 31
7 89 89
146 239 1
97 179 85
160 214 160
195 208 1
43 61 1
195 232 255
190 254 254
6 214 116
17 111 1
60 108 108
130 160 255
193 198 255
1 115 1
57 123 1
226 255 255
217 247 1
116 212 116
79 99 1
144 255 255
243 253 50
100 156 255
41 156 1
96 198 255
61 205 1
13 125 1
208 255 1
1 191 1
120 173 255
59 237 1
120 165 1
160 196 160
101 181 1
47 133 31
122 240 255
66 125 85
42 161 1
236 249 249
89 150 113
62 212 116
32 161 161
214 251 1
167 196 255
155 213 201
71 219 255
140 230 225
29 109 1
71 212 85
219 255 255
139 173 255
112 178 1
34 182 255
37 83 65
2 62 255
43 107 1
67 102 255
99 127 59
21 172 31
175 205 161
48 113 255
172 201 201
86 131 14
166 170 160
107 236 1
43 225 225
165 228 1
25 214 85
1 38 1
133 252 31
147 212 85
212 239 85
1 37 1
31 176 1
9 124 160
227 254 254
160 180 160
167 192 1
140 161 1
153 190 116
24 86 1
37 144 255
160 222 160
38 40 59
1 10 1
162 209 1
53 118 1
44 147 1
13 95 1
17 40 59
70 133 160
209 255 255
136 186 1
2 41 1
21 29 1
63 86 1
139 145 255
69 228 1
192 210 59
39 217 1
188 247 85
148 223 1
177 235 255
54 69 1
74 256 1
144 249 113
53 223 59
38 65 1
149 191 149
174 225 1
79 167 1
158 211 1
145 236 255
1 80 1
78 136 201
123 134 1
118 160 160
12 82 85
1 175 1
87 163 1
26 220 1
116 254 116
28 170 141
79 131 14
41 132 1
65 89 255
61 62 1
192 217 59
73 84 1
209 236 255
57 167 195
90 121 1
85 248 85
50 132 255
11 97 85
78 255 255
85 112 85
25 31 31
78 183 1
65 255 255
15 64 85
41 135 1
84 202 1
89 186 1
71 192 1
133 202 85
157 158 1
62 80 1
62 117 160
20 182 30
1 26 1
27 222 255
196 202 160
60 229 255
88 213 160
96 136 179
39 76 1
27 232 120
13 109 1
2 18 1
44 216 115
113 182 255
119 226 255
13 156 1
110 245 160
49 226 120
1 89 1
3 5 167
174 206 255
70 160 160
49 115 1
53 243 1
82 87 85
119 127 1
179 250 1
161 223 1
1 105 1
106 183 1
170 255 255
201 205 1
174 232 255
27 191 240
79 170 1
45 151 255
192 223 59
30 180 118
27 57 255
42 168 1
99 138 99
221 255 1
7 113 113
179 195 255
129 217 1
179 193 31
161 175 161
23 206 255
108 160 160
162 225 225
117 206 255
38 251 251
151 180 255
13 195 1
8 221 161
220 245 1
72 137 72
133 231 31
68 255 255
12 170 160
144 150 113
179 203 85
216 223 1
151 191 255
111 195 255
175 211 1
141 197 141
84 107 161
30 49 255
170 213 160
42 251 1
211 219 255
103 178 1
39 213 255
1 256 1
126 165 1
55 227 255
12 214 85
82 203 85
129 228 1
185 234 195
105 140 1
1 124 1
5 58 255
15 159 1
6 77 255
21 199 47
95 150 150
82 194 1
6 247 85
254 255 255
121 209 85
51 106 1
23 133 255
69 146 69
11 152 1
25 133 201
202 221 1
57 182 255
13 92 1
157 226 255
147 152 1
58 184 31
50 196 160
4 160 160
29 99 59
209 249 255
36 166 85
218 245 245
47 85 85
5 207 195
33 180 116
146 166 1
48 120 255
7 172 255
141 160 160
45 256 160
19 256 160
1 36 1
173 224 116
16 42 42
51 146 51
136 238 255
155 232 255
133 147 133
19 130 255
18 38 59
151 189 55
40 241 1
160 202 160
1 254 1
139 207 195
171 173 85
97 190 254
80 191 1
160 231 160
24 238 255
109 137 245
127 254 1
44 227 1
45 137 72
132 240 120
1 251 1
85 90 1
64 160 160
92 242 85
18 138 138
65 194 1
51 117 1
5 160 255
153 242 116
177 224 85
156 248 255
107 161 161
154 189 255
83 219 83
31 177 31
118 255 255
48 104 255
43 64 1
60 111 85
112 213 201
60 225 1
180 188 118
90 129 1
1 33 1
148 174 255
1 219 1
38 57 1
71 99 1
85 218 160
12 15 12
27 149 240
25 47 31
3 104 255
176 252 1
178 233 1
73 141 1
118 132 255
125 255 255
104 178 1
23 149 255
17 237 1
116 241 116
112 255 255
170 197 141
216 226 1
154 172 255
86 107 1
84 177 1
209 222 160
7 214 255
7 148 255
95 111 255
48 242 116
1 54 1
32 40 1
8 61 1
7 197 255
29 223 59
82 187 1
94 225 225
27 193 255
203 250 1
87 116 116
133 168 255
79 116 1
143 229 1
137 159 1
108 194 1
136 137 160
185 245 255
69 173 1
17 194 1
6 240 255
118 179 85
74 108 1
129 161 1
141 216 1
22 242 85
85 244 85
68 240 240
132 154 120
124 153 85
92 199 47
45 145 160
31 128 255
63 219 255
225 250 1
153 240 255
18 185 1
77 235 195
167 225 1
1 196 1
28 69 1
6 24 255
63 113 113
156 193 255
45 233 245
22 182 85
35 249 255
1 75 1
1 47 1
85 256 85
21 177 21
77 207 207
169 248 31
42 178 42
101 102 179
30 59 1
206 208 1
167 235 167
85 103 160
12 66 85
27 100 240
202 236 255
15 207 255
79 91 1
150 194 1
74 109 1
103 238 255
57 208 1
227 237 255
196 218 196
151 181 1
134 171 1
15 158 1
121 163 1
167 195 195
1 29 1
74 86 1
55 179 255
31 232 255
64 255 255
21 125 85
42 59 1
71 145 31
40 232 1
64 141 160
15 232 255
30 121 30
170 194 1
33 153 116
25 170 160
8 127 1
92 254 85
69 94 225
51 178 225
175 251 1
177 255 255
177 189 255
63 124 255
52 213 201
157 235 157
67 225 1
197 251 1
65 101 255
172 194 1
83 160 255
99 148 1
37 156 156
84 162 1
5 237 195
89 221 1
85 180 85
39 229 67
62 222 160
88 245 245
8 161 161
108 154 255
76 134 59
61 138 59
72 141 160
132 174 255
8 20 1
145 160 160
2 195 195
5 34 195
41 93 1
250 255 1
110 144 255
10 205 161
115 161 161
46 191 1
19 249 255
114 175 1
7 151 255
16 79 1
25 148 201
35 237 255
243 246 160
149 255 255
115 163 115
6 195 255
171 235 255
155 230 1
98 255 255
148 172 201
40 121 1
69 167 1
136 172 136
76 217 59
52 136 201
49 191 120
123 151 1
141 162 1
66 249 255
145 220 1
39 245 255
88 243 160
3 255 255
1 140 1
98 180 118
21 103 160
58 129 160
39 157 255
56 203 160
78 221 1
95 255 255
58 225 1
179 201 179
26 178 1
21 222 160
15 197 160
108 227 116
51 91 16
5 240 255
36 95 255
45 49 255
156 215 1
147 255 255
67 164 1
23 56 255
27 226 240
180 250 1
20 199 85
196 253 160
5 130 167
71 115 1
99 160 1
84 90 161
4 110 4
127 208 208
98 245 160
140 145 1
66 176 1
111 248 31
54 235 255
135 160 160
88 241 160
27 114 1
116 138 1
18 135 1
104 109 255
8 90 161
161 216 161
193 232 255
85 233 160
119 126 1
35 112 201
57 163 1
102 134 1
18 223 59
59 164 59
29 38 59
31 245 160
83 206 255
107 159 1
12 244 85
1 28 1
161 194 161
66 245 160
7 62 255
111 231 124
66 250 1
42 230 42
171 255 255
1 237 1
76 135 1
1 5 1
141 255 255
183 221 115
173 255 255
195 235 195
156 158 1
18 251 59
26 216 216
157 211 255
146 232 1
216 242 1
57 223 1
133 170 160
107 168 1
35 213 201
64 118 116
80 102 1
126 158 59
89 185 195
37 176 1
71 134 1
4 255 255
199 222 160
207 238 195
48 244 48
74 189 1
180 252 85
12 248 85
85 212 85
4 40 1
15 37 255
163 224 1
131 134 1
12 203 125
1 188 1
69 149 1
121 148 85
40 95 1
44 86 1
81 90 1
41 205 41
1 233 1
76 127 59
93 234 1
120 225 1
69 237 1
106 246 160
22 102 179
200 208 1
159 205 1
38 128 1
115 196 1
148 163 1
127 250 1
83 168 255
1 17 1
24 46 1
95 135 255
41 161 41
73 211 1
115 210 1
18 91 1
176 178 225
1 153 1
136 216 1
58 252 31
95 249 249
137 233 245
137 204 1
9 76 1
110 231 31
145 181 1
18 124 1
105 164 59
160 246 160
3 235 167
154 163 1
34 162 1
123 159 1
15 162 1
133 160 160
196 247 160
118 190 116
196 214 160
109 255 255
27 168 120
81 127 1
167 243 255
162 181 1
78 155 52
118 214 116
79 86 79
18 255 1
137 143 1
78 148 52
5 63 195
3 166 255
124 163 1
53 96 1
50 188 85
45 222 160
131 253 1
85 160 160
85 118 85
16 43 16
4 223 1
82 172 82
116 256 116
48 202 116
91 146 16
62 109 160
12 164 1
127 160 1
91 242 1
45 139 255
157 185 195
99 163 1
222 249 255
1 146 1
30 216 1
49 219 255
37 219 65
157 232 255
24 128 255
33 83 255
26 109 1
5 195 195
1 95 1
3 54 255
99 126 59
20 170 160
31 188 85
180 243 85
128 150 113
120 132 120
147 179 179
1 107 1
181 231 1
17 233 1
27 240 240
36 110 4
12 71 85
30 118 118
1 24 1
2 234 113
75 149 149
98 227 116
31 201 31
127 233 1
125 160 160
88 255 255
125 142 160
160 184 160
10 147 1
30 201 85
114 154 1
129 137 160
61 234 1
40 50 1
28 129 28
25 160 160
20 241 116
61 94 1
227 246 160
42 116 1
150 204 1
55 200 1
163 181 115
1 113 1
156 255 255
135 224 116
107 114 1
15 187 1
10 199 1
1 190 1
4 209 31
63 206 255
85 111 85
83 121 255
214 246 160
47 120 255
9 148 160
61 74 1
25 173 85
73 93 99
55 189 55
1 186 1
201 255 255
90 152 1
112 129 160
35 125 85
51 140 69
131 224 1
42 113 1
135 214 116
129 208 1
9 222 160
55 87 255
37 234 255
57 83 255
64 182 116
3 37 255
85 124 85
244 255 255
101 156 255
50 160 160
156 170 255
120 206 120
101 173 85
144 252 255
149 219 255
106 162 1
133 223 1
5 106 255
90 137 1
21 71 47
148 178 1
31 47 31
57 185 185
120 154 120
126 210 59
6 14 1
58 119 255
84 181 161
11 14 1
138 152 59
4 22 31
21 117 160
124 145 124
36 171 4
55 163 1
222 239 160
176 233 1
29 134 59
124 254 85
25 198 255
75 246 255
37 252 255
29 236 1
149 161 1
32 204 1
141 179 160
28 56 141
22 109 160
138 204 59
137 240 255
12 62 85
142 201 160
17 61 59
189 207 255
121 188 188
113 256 255
59 115 1
6 160 160
125 217 1
1 15 1
44 226 1
104 189 104
25 53 1
20 36 85
2 96 255
76 223 223
64 198 255
75 191 149
28 77 255
113 150 113
63 95 249
4 47 31
108 199 85
25 229 255
31 68 255
47 225 1
62 200 1
133 227 85
162 196 1
20 83 255
16 210 1
141 142 141
87 153 87
79 221 1
151 238 255
238 249 113
240 253 255
139 165 1
35 165 1
95 106 255
1 77 1
141 186 1
1 22 1
65 140 1
152 192 59
65 191 255
42 200 1
34 128 113
137 232 255
9 75 255
9 100 255
1 85 1
9 112 160
46 180 1
130 182 255
69 216 1
30 205 1
81 116 1
82 173 85
96 242 85
16 33 1
84 175 161
119 211 255
152 162 1
92 179 31
95 236 249
18 163 1
162 165 225
1 208 1
156 162 1
64 212 116
23 39 67
54 136 85
16 50 1
1 52 1
90 113 1
142 170 142
64 256 116
31 202 85
59 217 59
3 148 255
85 213 85
57 130 195
116 182 116
44 80 1
64 236 255
69 205 1
21 73 1
80 213 1
107 205 161
136 239 201
228 234 1
203 233 160
218 246 160
75 97 255
39 177 255
20 188 30
149 211 255
185 202 255
237 255 255
111 166 85
107 240 1
43 154 1
26 47 1
32 194 32
145 154 255
13 162 42
67 163 1
18 27 1
30 230 1
94 230 225
136 179 179
66 71 31
115 175 161
52 255 255
138 143 99
15 161 1
52 220 1
5 133 255
1 202 1
35 200 1
147 193 31
220 232 1
155 188 85
41 208 1
61 152 59
17 38 59
85 224 85
110 162 1
79 207 1
12 54 12
155 191 255
73 158 99
112 205 1
25 116 85
68 76 1
22 184 31
25 147 201
159 169 1
8 16 1
9 146 1
146 227 1
8 208 1
78 147 52
22 25 201
113 144 113
65 174 65
33 135 244
144 238 113
96 112 179
88 114 1
30 108 116
29 186 59
147 201 201
41 181 41
52 155 52
80 166 1
73 186 186
41 175 41
96 179 179
109 236 255
35 41 1
112 179 179
45 109 245
47 111 31
115 205 115
142 214 160
13 179 1
60 231 85
95 195 195
13 171 1
154 232 120
102 148 179
82 240 255
3 237 195
61 192 59
16 225 16
121 170 160
1 103 1
33 86 1
122 247 85
1 206 1
147 222 160
32 235 1
124 160 160
13 51 42
83 243 255
139 221 1
169 199 31
38 210 59
58 178 1
152 221 1
224 241 116
17 59 59
66 255 255
14 195 1
45 239 160
47 209 31
38 131 1
132 245 255
32 121 1
52 150 255
116 153 116
96 101 179
26 183 183
160 253 160
217 225 1
21 176 1
9 81 1
47 72 160
1 59 1
210 218 1
168 206 120
53 105 208
120 149 120
35 184 31
2 126 1
73 129 1
20 194 1
92 133 31
157 163 1
41 171 1
142 197 141
91 249 1
117 176 1
52 148 52
27 142 255
78 81 1
111 255 255
8 175 161
101 239 201
31 199 31
11 175 1
26 115 115
61 76 59
6 116 116
106 243 160
17 174 1
47 180 85
116 167 255
82 165 1
73 207 1
31 102 31
141 238 255
29 245 1
68 74 1
27 68 240
37 249 255
20 55 255
166 255 255
92 153 85
43 247 1
41 201 1
20 41 1
29 217 59
23 157 255
45 71 160
124 174 255
64 244 48
60 185 255
51 215 16
25 153 85
14 86 14
82 199 31
57 158 1
8 216 161
77 150 195
37 39 255
226 240 240
122 214 116
58 177 31
68 113 255
157 198 255
144 235 195
8 86 1
1 34 1
105 198 1
63 172 255
155 161 1
68 168 120
17 76 59
209 237 255
182 186 1
171 178 1
148 179 179
212 242 116
124 222 160
27 72 255
48 92 85
28 142 141
68 198 240
168 248 255
132 232 132
95 207 195
188 201 85
77 220 1
23 87 255
1 134 1
130 192 1
170 211 141
69 85 1
73 162 1
141 232 255
41 86 1
75 120 120
75 250 1
195 222 255
15 242 85
140 220 1
110 239 31
86 235 1
180 205 1
60 119 255
131 161 1
99 200 1
139 166 255
82 85 85
65 95 255
44 58 1
44 84 161
60 177 85
73 220 99
77 111 255
241 244 244
105 186 59
66 211 160
10 108 1
151 206 255
22 228 1
217 231 1
203 255 255
83 88 255
163 216 115
96 147 179
178 239 1
4 238 255
235 255 255
28 246 160
79 140 1
61 250 1
241 243 85
13 215 42
22 163 1
112 253 31
232 237 255
74 127 1
27 73 1
126 217 59
12 60 85
4 81 1
91 139 1
36 199 31
35 52 52
11 47 31
19 29 1
137 176 1
104 240 255
51 250 1
50 100 255
47 125 85
63 196 255
196 233 245
24 35 255
199 224 85
203 241 85
7 234 113
171 192 1
112 113 255
21 231 31
64 139 255
70 141 141
100 162 1
50 243 50
115 237 1
188 203 85
33 121 116
37 192 1
114 251 1
93 128 1
1 57 1
46 164 1
150 237 113
87 101 85
79 105 1
78 160 160
16 86 1
26 111 1
40 249 1
23 57 255
119 225 1
21 159 1
40 58 1
168 222 255
89 138 1
60 132 255
92 181 1
114 123 1
169 192 1
166 222 160
169 236 255
52 239 52
9 255 255
1 121 1
198 232 120
105 187 105
171 247 31
89 232 255
1 183 1
4 31 31
32 196 1
131 249 1
107 198 1
111 196 160
26 124 1
85 116 85
46 171 1
3 115 1
238 246 255
106 161 1
166 202 85
161 183 161
111 145 124
63 78 255
142 159 1
24 55 55
161 201 1
43 124 1
49 169 255
110 247 31
233 255 255
26 215 1
83 207 255
6 125 85
108 121 116
143 234 1
176 224 1
15 103 160
42 154 1
13 150 1
75 154 149
12 153 85
9 70 160
31 96 31
98 211 160
67 189 67
8 164 1
21 250 1
22 255 255
128 217 1
38 78 1
188 242 116
184 228 1
112 183 1
148 225 1
48 125 85
185 219 255
129 142 141
152 217 59
116 165 1
153 255 255
18 59 59
55 229 67
42 88 1
1 209 1
1 143 1
160 199 160
101 232 255
63 132 255
19 42 1
50 97 85
154 205 1
216 246 1
206 232 120
46 233 1
197 218 160
12 172 85
72 83 255
88 129 160
166 244 85
58 234 255
22 63 255
18 70 1
61 247 1
20 160 160
40 240 1
47 90 1
21 35 31
121 227 116
60 190 116
32 62 1
1 3 1
163 221 115
160 191 255
98 218 160
103 205 1
34 170 255
95 237 113
32 112 1
56 66 160
82 189 255
16 51 16
78 86 1
237 251 1
188 219 255
145 208 1
60 202 116
12 116 85
2 139 195
37 167 255
22 166 85
77 136 255
78 121 85
11 237 255
57 221 1
1 50 1
49 161 1
27 129 255
165 174 1
181 249 1
101 129 160
152 185 1
10 62 1
165 195 1
161 185 1
4 166 85
63 150 249
16 201 1
56 67 255
155 236 255
52 160 160
167 239 255
3 229 255
90 191 1
30 172 85
47 224 85
22 180 85
9 20 160
13 145 1
161 205 161
58 158 1
85 166 85
11 36 4
117 167 255
108 134 1
28 245 160
133 155 239
145 149 255
145 153 85
130 255 255
6 10 1
214 254 254
30 156 255
31 243 31
98 160 160
62 156 255
85 246 160
117 145 160
101 213 201
66 123 1
52 110 31
160 255 255
152 253 1
232 240 120
65 195 255
65 96 255
126 207 1
87 113 255
131 173 1
1 221 1
21 220 1
102 219 255
62 173 62
22 23 255
18 241 1
149 252 255
13 69 42
102 176 1
92 126 1
29 193 1
60 251 1
42 121 1
82 106 160
4 171 4
47 253 31
186 252 1
111 172 31
1 96 1
49 184 255
106 216 1
44 55 1
47 222 160
55 127 1
136 152 1
3 8 1
148 239 239
101 179 179
85 184 85
13 158 1
20 212 118
59 81 1
11 73 1
46 194 1
21 252 31
168 226 120
28 106 160
85 91 1
86 211 1
85 102 85
172 255 255
34 256 255
49 72 255
12 84 1
55 154 255
4 72 160
3 182 255
225 230 225
112 136 201
90 95 1
120 123 1
12 213 85
61 69 1
133 238 255
9 173 160
5 57 195
234 237 113
29 162 1
90 123 1
33 182 116
39 77 255
24 60 255
12 147 85
82 135 85
146 176 225
124 247 31
82 149 255
32 189 1
149 175 1
165 201 1
1 157 1
15 255 255
95 117 255
34 219 255
130 159 1
128 249 113
132 206 120
149 237 255
129 255 255
1 217 1
88 122 160
1 163 1
75 157 255
80 193 1
98 121 98
71 135 85
47 164 1
117 184 160
9 108 160
1 238 1
82 101 201
47 161 1
105 217 59
20 202 116
31 193 31
192 194 1
231 248 31
28 160 160
54 124 85
126 220 59
5 166 255
76 216 1
20 98 98
224 255 255
1 211 1
57 174 255
34 169 255
172 228 1
35 225 1
108 241 116
34 255 255
89 144 144
13 42 42
7 235 195
94 206 1
73 143 99
25 101 201
1 243 1
52 242 85
11 184 31
135 210 1
41 144 1
1 164 1
54 166 166
87 102 85
243 255 255
34 61 1
117 196 72
47 213 31
160 247 160
18 143 99
57 128 195
22 201 201
1 67 1
144 237 144
135 239 85
97 116 116
1 94 1
85 253 85
14 202 1
3 177 255
44 54 1
35 97 85
45 162 1
105 175 1
32 163 161
80 222 1
38 197 1
148 180 85
102 147 179
38 253 1
59 251 59
2 150 249
6 73 1
122 202 62
50 253 50
40 210 40
119 167 195
48 160 160
128 235 195
80 123 1
31 169 31
36 255 255
44 115 115
26 181 205
49 206 120
2 51 1
108 124 85
3 29 1
112 184 31
70 197 197
50 174 255
62 116 116
86 238 1
87 206 255
16 129 1
120 235 255
76 234 1
89 196 255
85 148 85
49 100 120
87 188 116
8 255 1
240 255 255
65 189 255
49 144 255
51 80 1
120 245 255
84 147 1
1 98 1
15 44 1
86 228 1
117 123 1
49 52 255
68 226 240
73 195 1
67 114 1
1 58 1
33 175 1
133 171 31
31 58 31
23 97 255
48 182 116
69 225 225
59 93 59
213 255 255
214 227 254
74 250 1
118 150 255
215 254 1
1 193 1
66 189 255
85 203 85
180 198 255
35 243 31
156 166 255
182 228 1
18 99 99
78 234 255
23 104 104
77 165 1
119 125 255
122 186 1
1 177 1
127 145 1
1 181 1
160 213 160
87 146 1
181 197 1
4 247 31
253 255 255
125 236 255
102 119 255
2 185 195
171 231 31
35 74 1
76 225 1
35 114 1
26 66 1
97 99 1
104 182 255
41 90 41
200 202 1
1 225 1
116 209 85
29 242 1
102 195 255
98 143 1
212 221 1
50 231 31
171 199 31
51 200 1
192 243 1
16 180 1
132 158 1
63 249 249
70 180 160
28 116 160
146 162 225
79 200 1
26 83 1
46 159 46
71 193 31
5 225 1
39 70 255
128 167 195
138 158 99
83 241 255
68 253 255
34 239 255
115 184 1
1 176 1
166 241 85
55 102 255
113 249 113
134 209 1
121 184 85
152 230 1
58 171 11
243 254 85
120 250 1
68 117 255
155 239 239
85 179 85
6 20 116
103 248 160
111 184 124
13 216 1
54 122 85
59 223 59
73 197 1
135 193 85
228 252 1
11 188 85
113 131 1
198 206 240
24 219 255
62 213 85
9 16 1
44 181 115
36 107 1
204 208 59
66 209 209
124 202 85
39 220 1
132 183 1
188 222 160
128 208 1
112 160 160
1 141 1
120 227 255
247 252 50
59 186 59
170 184 160
67 75 255
18 78 1
173 189 255
92 251 1
118 251 1
170 176 1
147 168 255
160 166 160
137 218 72
196 224 160
115 245 1
106 197 160
100 204 1
180 226 255
37 111 255
44 232 1
48 108 116
97 246 160
164 227 1
77 94 1
153 220 1
23 47 255
34 246 255
160 254 160
110 122 85
235 256 255
177 184 31
132 196 255
147 237 255
63 184 255
40 178 1
136 206 255
108 182 116
120 207 255
46 187 1
24 139 255
43 113 1
1 99 1
7 38 1
195 236 195
47 184 31
19 107 1
82 180 85
59 127 59
20 173 116
8 184 1
15 180 85
75 213 255
104 249 255
72 204 1
39 212 255
26 98 1
17 67 1
137 160 160
85 136 85
204 210 40
16 80 1
90 131 1
70 88 160
19 246 160
111 144 255
57 219 255
48 212 116
166 198 255
142 179 160
1 109 1
157 189 255
99 125 1
31 248 31
9 89 255
158 235 1
191 197 255
85 145 85
50 117 160
62 217 1
14 79 14
25 163 1
51 225 225
142 249 255
191 231 255
46 111 1
39 104 104
128 153 255
10 84 161
59 138 59
169 246 160
15 54 12
50 215 1
175 200 161
116 118 116
131 169 1
1 171 1
28 233 160
75 76 1
91 138 1
111 186 1
199 232 255
14 220 1
228 250 1
83 166 255
33 168 255
77 137 255
57 96 255
230 250 1
89 238 113
15 122 85
21 187 1
149 156 255
102 193 31
157 180 255
241 255 255
99 121 1
56 170 142
222 228 1
104 122 255
199 212 85
2 3 195
30 188 30
207 224 255
77 255 255
102 110 31
83 255 255
205 221 115
163 206 1
172 223 1
19 131 1
147 217 1
5 115 1
2 76 1
117 162 1
127 162 1
62 120 255
31 82 31
91 111 1
5 209 255
33 242 116
94 162 225
153 175 1
184 237 255
107 158 1
185 236 195
1 224 1
24 48 255
16 57 1
203 237 255
118 145 85
85 144 255
102 239 179
56 87 160
7 32 1
123 155 1
54 203 125
94 240 1
6 203 85
143 220 143
38 159 1
128 236 113
19 199 160
64 85 85
111 201 31
43 94 225
138 210 59
1 126 1
139 194 1
19 137 72
3 128 195
117 250 1
212 224 116
32 46 1
48 251 1
24 66 255
6 68 255
88 160 160
88 233 245
43 183 1
27 177 255
58 183 1
2 43 1
40 133 1
2 207 195
59 158 59
64 97 116
22 68 255
11 84 1
1 220 1
121 202 116
109 181 1
127 223 59
116 173 116
103 150 255
55 57 255
7 169 255
191 240 240
4 66 31
25 54 85
50 228 1
15 160 160
35 227 85
50 71 31
2 249 249
2 236 236
39 207 255
10 221 161
216 220 1
137 215 1
75 200 1
1 167 1
12 211 160
91 206 1
109 147 160
71 143 1
23 24 67
99 145 1
94 176 225
119 250 1
56 61 1
168 191 120
40 98 1
4 36 4
5 135 255
212 213 85
32 162 1
184 255 255
133 239 239
24 190 255
48 231 85
94 178 225
76 141 1
4 58 4
209 253 50
1 169 1
26 103 1
54 117 160
97 118 116
113 157 195
68 246 255
23 243 255
45 255 255
52 119 255
107 219 1
181 210 1
183 214 1
96 98 85
1 189 1
18 92 1
121 160 160
84 163 161
1 195 1
4 130 255
57 180 255
158 190 1
45 69 1
84 100 1
1 48 1
1 215 1
30 173 116
14 91 1
161 236 1
45 227 160
108 135 116
39 83 255
57 94 1
168 252 255
12 251 1
12 161 1
18 76 59
48 241 48
75 189 255
30 101 85
45 250 1
80 81 1
3 185 195
84 217 1
165 212 1
153 207 255
56 70 141
108 189 255
113 246 255
58 122 85
106 241 160
28 221 1
115 167 1
132 191 120
29 247 1
85 101 85
14 165 1
246 253 160
26 70 1
121 137 160
157 234 195
42 91 42
107 143 1
79 246 1
173 212 116
18 204 59
88 105 1
146 165 69
156 223 1
60 174 255
152 220 59
130 169 255
198 209 255
67 111 255
32 175 161
82 182 85
70 170 141
91 219 1
95 234 113
74 223 1
8 84 161
59 187 59
73 138 138
100 116 255
1 155 1
201 236 255
81 183 1
35 102 179
182 240 255
23 219 255
1 239 1
39 112 255
8 179 1
1 184 1
193 203 85
104 121 255
93 143 143
23 135 255
63 231 255
143 155 1
16 101 1
217 234 1
38 99 59
70 129 211
21 95 255
103 218 160
57 119 57
13 91 42
166 223 1
28 163 1
127 195 1
54 180 85
56 211 141
174 182 255
46 199 1
54 193 85
33 118 116
29 172 1
62 95 255
156 179 255
7 229 255
49 136 255
184 190 85
27 165 1
30 160 160
38 216 1
27 132 120
56 166 160
177 248 31
91 230 16
23 189 67
176 230 225
17 187 59
147 229 255
5 7 195
96 121 85
86 113 1
153 167 255
130 156 255
6 172 85
232 243 255
166 239 85
83 230 1
188 218 160
137 212 160
40 138 59
122 235 255
195 216 1
12 138 1
18 80 1
86 224 1
250 253 1
38 229 1
117 255 255
1 230 1
179 213 179
1 234 1
105 219 1
134 144 1
119 249 195
183 213 1
118 244 116
185 250 1
103 203 160
85 237 255
51 114 69
92 248 31
26 161 161
44 109 1
43 140 43
111 113 255
200 247 1
190 224 254
1 102 1
11 189 255
48 214 116
121 169 85
61 179 1
39 141 255
133 247 31
152 255 1
31 212 85
142 151 255
1 241 1
153 181 1
90 245 1
11 26 1
85 177 85
112 133 201
31 240 255
197 221 1
10 175 161
130 207 195
14 207 1
99 211 1
133 180 85
32 48 1
133 166 85
110 160 160
110 252 31
169 253 50
141 208 1
115 164 1
193 216 1
193 253 50
126 145 1
116 205 1
192 236 1
91 215 215
131 212 1
155 251 1
1 40 1
68 162 1
71 127 1
90 200 32
72 109 245
146 219 1
169 193 243
119 185 185
211 255 255
100 232 120
163 183 115
150 227 255
3 161 1
1 49 1
78 187 1
54 84 1
156 197 255
78 224 85
59 145 1
47 160 160
105 223 59
165 207 1
98 174 255
249 255 255
115 132 1
11 85 85
43 165 165
7 115 1
35 47 31
84 221 161
35 140 1
151 207 255
95 211 255
89 195 195
14 157 1
45 187 1
24 72 255
33 173 116
128 255 255
163 194 161
18 188 1
176 222 1
163 190 1
106 169 160
167 237 195
88 222 160
23 164 1
51 90 1
110 184 31
39 68 255
89 193 255
153 156 255
158 230 1
50 193 50
81 84 1
17 65 1
58 220 1
151 190 255
188 253 85
198 226 240
7 206 255
136 237 255
57 75 255
9 178 1
143 242 1
80 176 1
91 228 1
126 138 59
63 144 113
45 53 1
75 211 255
47 214 85
58 74 1
129 224 160
43 216 1
79 256 1
146 230 225
32 34 1
65 125 255
53 208 208
30 126 1
142 206 255
149 153 255
194 211 1
60 153 87
1 199 1
114 203 1
226 231 255
19 183 1
167 170 255
21 253 31
94 165 225
202 212 116
90 105 1
13 140 42
20 176 1
116 202 116
32 90 32
24 229 67
103 200 1
72 91 1
24 37 255
171 243 31
191 203 255
16 217 1
59 64 1
1 93 1
184 193 31
82 123 1
1 8 1
122 244 116
44 48 1
121 212 118
131 203 1
169 241 85
69 143 1
21 255 255
134 192 134
7 128 144
49 130 255
12 74 1
142 255 255
143 158 143
34 196 255
80 201 1
131 230 1
12 202 85
12 179 85
69 91 16
46 80 1
154 218 255
97 242 116
34 190 255
105 239 1
144 149 255
20 123 1
182 212 118
18 192 59
52 188 85
122 246 160
48 157 255
92 124 31
90 139 1
40 170 1
111 179 31
77 103 255
5 121 255
26 105 1
77 167 195
96 187 1
78 179 179
52 111 31
159 221 1
8 168 1
8 99 1
159 250 159
84 222 1
52 180 85
42 46 1
119 133 255
210 223 59
242 256 116
1 123 1
168 189 255
71 234 255
131 176 1
78 251 1
113 130 195
28 141 141
74 196 1
169 209 209
20 148 85
93 168 1
184 243 31
48 116 116
37 128 255
153 163 1
87 242 116
106 122 160
59 101 1
101 210 1
55 218 255
30 219 255
78 201 201
144 242 255
107 175 175
144 241 255
57 150 195
181 183 183
109 241 160
23 118 255
1 192 1
15 243 85
89 128 144
