4096 4095
2290 3546 3278
1951 2654 2549
701 3865 3865
881 3390 3753
701 2878 2878
701 1359 1359
701 3656 3656
701 809 809
701 3382 3382
352 701 352
439 631 3830
1137 2057 3844
2524 3680 2376
701 3622 3622
2984 3886 3110
701 1050 1050
701 2564 2564
701 2036 2036
369 624 530
701 2512 2512
642 701 642
1663 1666 558
701 1882 1882
701 3953 3953
701 1734 1734
701 1495 1495
701 709 709
2251 3027 3113
701 3486 3486
701 2412 2412
145 701 145
701 2092 2092
223 2443 2092
40 2333 1129
2998 3496 3353
1396 1801 3993
222 2598 1872
1912 2977 3407
701 2255 2255
701 1964 1964
1208 3543 1359
701 1422 1422
701 1297 1297
430 3043 3101
504 701 504
1755 3845 749
1402 2070 4060
701 1889 1889
347 2168 2656
1790 2940 2334
2335 3532 2989
701 3921 3921
2165 2993 2632
746 1187 222
96 1134 1243
2867 3692 2978
499 701 499
1071 1497 91
701 728 728
1294 3892 423
421 701 421
627 701 627
354 3295 2512
998 3204 2435
2582 2930 47
3183 3694 3375
1231 2925 958
701 951 951
701 4041 4041
152 4057 119
701 1200 1200
701 2078 2078
77 701 77
3427 3717 3053
701 2753 2753
701 2918 2918
701 1904 1904
1922 3536 3776
3642 4081 2666
1435 2465 366
701 2867 2867
701 3498 3498
2016 2608 3892
1133 3286 2636
21 2434 684
701 986 986
1757 3123 844
2536 3065 2257
888 3156 3839
701 4094 4094
701 2589 2589
701 3289 3289
1360 2825 3155
1851 2660 4083
701 1420 1420
871 2663 881
701 1324 1324
108 1869 1376
1185 3068 3269
584 701 584
242 701 242
1030 1370 113
761 3240 134
1271 3744 1604
2368 3434 3958
696 1985 3058
535 701 535
701 2578 2578
701 2995 2995
475 701 475
701 1320 1320
1965 4064 2628
701 1923 1923
701 1301 1301
701 1222 1222
774 3121 199
1306 2791 1765
701 1694 1694
1044 3077 603
701 2397 2397
701 2177 2177
508 701 508
701 2549 2549
386 3766 1295
701 1010 1010
701 1216 1216
970 1003 1734
2064 2396 740
701 3714 3714
591 701 591
2702 3019 3865
701 2280 2280
701 1015 1015
1427 3595 3941
2653 2812 3201
594 1400 1787
392 701 392
1001 3495 2721
701 849 849
701 958 958
701 3326 3326
458 701 458
1206 4004 1153
273 2969 352
184 2832 2879
2824 3440 1525
701 720 720
321 991 694
2808 3833 365
701 1002 1002
701 2250 2250
2078 3138 2669
701 3038 3038
701 3225 3225
701 826 826
701 1482 1482
602 3120 4041
166 2574 2069
701 3743 3743
701 1711 1711
701 1947 1947
701 706 706
701 801 801
355 701 355
701 1487 1487
3807 3836 4076
701 1296 1296
62 2332 2810
701 3117 3117
305 3609 3778
1229 3355 698
543 1617 2077
701 773 773
1300 3432 3791
2852 3715 3810
75 701 75
701 2571 2571
2044 2316 2270
1073 2739 1003
701 2061 2061
701 2828 2828
3273 3426 662
1369 3438 3290
604 701 604
196 2046 1873
1670 2914 832
701 4084 4084
137 2527 446
2432 3982 2767
2334 2996 1920
3264 4096 665
701 2747 2747
701 3140 3140
1893 3334 2117
701 3180 3180
701 1165 1165
701 3627 3627
2472 4040 604
701 3378 3378
701 963 963
655 701 655
1512 3699 1349
412 3133 196
538 729 4066
992 1629 683
3489 3979 1167
701 1722 1722
3152 3759 360
659 3350 867
2314 2393 2739
2474 3319 1955
701 2882 2882
2054 2115 2463
46 701 46
3393 3729 2983
701 2435 2435
701 1003 1003
587 701 587
1736 4068 2590
701 2577 2577
1285 2185 3164
701 1984 1984
701 2998 2998
701 3892 3892
592 649 2221
701 3133 3133
203 701 203
701 2200 2200
2338 2616 2775
701 3335 3335
131 2203 944
1335 4043 1458
315 701 315
701 1067 1067
701 1499 1499
228 3245 413
3010 3354 3704
1587 3797 3904
442 4062 1890
701 1990 1990
513 701 513
2159 2987 1017
701 1983 1983
3315 3586 1875
797 3545 1040
160 3305 3541
316 3255 606
2232 3966 3120
245 823 3412
694 701 694
1761 3980 616
701 1173 1173
181 2144 1696
701 3638 3638
944 2893 2250
833 4012 3710
701 1049 1049
701 1060 1060
1261 2286 1108
450 469 1904
701 1158 1158
701 971 971
467 3800 3913
701 3770 3770
701 1921 1921
2176 3893 664
701 3150 3150
701 2083 2083
701 3268 3268
671 3916 2534
701 1464 1464
1560 3926 3911
296 2238 4013
589 3102 3226
701 3732 3732
701 1668 1668
902 1091 4096
701 1386 1386
1667 1942 3840
701 1155 1155
701 3027 3027
68 270 1638
701 2745 2745
1334 3268 3379
701 4054 4054
1716 2901 1435
3006 3610 2149
701 1415 1415
803 1138 1972
701 1035 1035
701 2472 2472
1591 2231 3762
1727 2500 2626
596 2481 115
240 2666 2352
2453 3683 2062
2049 2722 624
701 1417 1417
1079 1798 3553
701 2690 2690
465 2488 1590
1072 2918 3386
701 3664 3664
2750 3405 766
775 4082 3084
701 1719 1719
372 701 372
701 1045 1045
701 1472 1472
701 1129 1129
1731 3897 317
701 748 748
2020 3365 3362
701 3425 3425
220 3004 588
701 2462 2462
104 879 2934
990 1995 518
1075 1326 2899
701 1089 1089
701 898 898
2385 3914 447
701 2640 2640
691 1888 142
701 2342 2342
136 1839 2919
217 701 217
701 2658 2658
1077 3676 898
870 3711 3540
701 2364 2364
48 1184 3554
701 1832 1832
3605 3627 2804
173 574 550
687 3898 3652
328 665 2870
701 775 775
588 701 588
501 1227 1142
701 3840 3840
701 704 704
1836 3119 772
520 634 1337
701 2692 2692
701 3166 3166
701 3323 3323
288 2703 1418
1332 3902 492
417 701 417
609 701 609
788 2584 620
763 909 3922
701 1813 1813
1344 3124 1358
701 1146 1146
701 891 891
2675 3509 2280
701 974 974
633 701 633
701 2172 2172
701 3025 3025
701 1873 1873
883 4095 90
1108 3011 1602
701 3195 3195
701 1077 1077
307 2132 2860
701 2717 2717
1022 3384 3962
1979 2544 2652
701 948 948
701 2285 2285
43 3971 156
701 1985 1985
701 1435 1435
701 3253 3253
827 1020 2676
2603 3053 3152
701 950 950
1926 2126 1711
1601 3782 3512
701 868 868
1267 3854 2300
918 3494 1835
1921 2974 2833
701 3474 3474
701 1877 1877
677 2991 3242
701 3532 3532
701 2094 2094
701 2554 2554
701 936 936
701 3645 3645
142 701 142
280 690 456
169 2007 1694
457 2967 755
701 1396 1396
701 792 792
2111 2788 3277
701 2033 2033
1597 2556 1889
1964 2253 167
701 1133 1133
1684 3885 2882
3513 3589 2060
212 3575 3950
1404 1472 2440
701 3961 3961
701 4090 4090
590 4031 884
887 2959 1543
1740 2922 46
2437 3906 2658
701 2447 2447
2142 2509 2324
701 1590 1590
20 3170 3195
103 701 103
1516 2560 2145
2972 3056 2401
568 1385 586
1089 1457 700
701 2443 2443
701 1315 1315
701 1201 1201
1611 2059 1145
701 3064 3064
701 1878 1878
489 3491 900
373 701 373
701 2542 2542
1595 2210 839
701 1905 1905
541 701 541
2404 4027 1372
1517 3816 2200
279 2433 2487
1664 2427 1001
701 1108 1108
2079 2150 2433
3327 3556 1642
260 701 260
405 701 405
701 4027 4027
701 1331 1331
701 1039 1039
701 1782 1782
2557 3018 3693
989 1659 2543
457 701 457
878 3198 1883
1609 3647 3309
701 1114 1114
701 2618 2618
583 701 583
2113 2858 948
701 3930 3930
723 1241 762
701 845 845
117 701 117
1327 2177 2086
701 2860 2860
701 3067 3067
701 1259 1259
1182 2022 927
701 2626 2626
701 2390 2390
819 3154 3150
701 1054 1054
541 2288 732
176 3285 2849
1593 4065 1245
582 3903 3741
655 2770 2417
1165 3389 1844
158 3787 2108
701 2240 2240
701 1367 1367
233 2506 2216
701 942 942
701 3647 3647
730 2060 1369
474 828 638
438 701 438
1274 3111 1849
701 787 787
119 3292 1362
72 2943 3260
701 2689 2689
509 697 2715
385 1584 3866
857 2520 1267
701 1972 1972
1298 3568 1015
529 2025 2120
2279 2756 1461
1564 3895 1333
204 1002 3615
701 1234 1234
116 713 2816
81 1430 15
701 3886 3886
1565 3192 713
2859 4008 1006
701 2558 2558
701 3384 3384
180 701 180
701 3964 3964
3231 3387 243
701 1765 1765
701 1666 1666
428 1125 1082
456 701 456
83 1632 341
366 701 366
317 1723 1260
37 1170 2021
701 834 834
648 3174 2001
2646 3020 2499
701 3257 3257
701 1783 1783
1814 1925 39
443 2308 1133
1254 2822 2571
626 701 626
2558 3022 1342
287 1110 1002
701 2020 2020
2221 2732 793
701 2555 2555
701 1498 1498
306 1040 404
701 1328 1328
56 2510 577
793 1769 3360
2312 3293 1993
701 822 822
2028 3033 2683
701 1052 1052
553 1381 3288
701 2035 2035
2197 2965 378
132 2633 3182
701 2966 2966
1895 3942 3358
406 3967 3019
701 2150 2150
251 1373 3282
701 1473 1473
2137 3272 3868
701 1883 1883
701 3277 3277
679 701 679
732 1395 2219
395 701 395
463 701 463
1474 1820 2103
701 2238 2238
701 2683 2683
226 701 226
1782 2413 3862
15 701 15
2746 3015 226
701 1559 1559
190 3311 1136
350 3601 2150
701 2962 2962
113 701 113
1685 2309 1601
701 2407 2407
701 3920 3920
701 1848 1848
701 821 821
1197 2895 1110
701 2557 2557
359 701 359
701 4077 4077
701 1428 1428
144 701 144
2511 2623 4015
1683 3502 1092
309 818 1384
1872 2872 1429
1499 3500 1847
12 1536 463
2008 2397 3619
701 1411 1411
981 1175 2609
59 701 59
1936 3769 2393
1797 3835 1615
560 3144 2673
725 3466 2382
598 3147 1047
762 848 2277
3 3674 1671
701 3929 3929
701 771 771
701 2376 2376
1774 3685 2479
701 2677 2677
3445 3659 258
243 2736 1463
506 1558 3525
701 2814 2814
701 3942 3942
701 1485 1485
701 1514 1514
1232 1378 3033
701 2264 2264
29 2673 3990
1004 1347 3766
701 1681 1681
701 4069 4069
585 613 951
701 1353 1353
414 701 414
2357 3089 385
701 2085 2085
701 1943 1943
496 2618 2946
2828 2865 2912
701 3565 3565
701 3450 3450
701 2362 2362
347 701 347
701 2755 2755
767 1489 981
764 2336 2515
1841 2800 1456
701 2531 2531
868 2752 76
701 3830 3830
701 1865 1865
701 1483 1483
2171 2838 720
701 2978 2978
438 3946 3967
701 3453 3453
701 2718 2718
1746 3973 1346
1117 2127 2677
701 1908 1908
1130 2615 3393
318 701 318
701 2227 2227
701 3175 3175
1830 3461 230
1927 2148 2507
2073 2596 3102
701 2615 2615
2285 3473 571
701 1168 1168
701 858 858
562 2074 2364
1948 3752 950
152 701 152
322 1109 2970
3320 4079 3556
258 701 258
2350 2938 1225
701 1755 1755
701 3158 3158
2306 2442 3968
685 701 685
2084 3372 2640
1413 3200 4090
2692 4016 4004
1538 3037 1813
14 623 2965
701 3916 3916
701 2002 2002
2609 3013 1811
468 701 468
2934 4019 818
1045 2923 3395
1827 3166 458
701 2775 2775
75 1178 2596
701 1369 1369
1268 3776 2819
701 1549 1549
701 3129 3129
701 1622 1622
625 701 625
701 1845 1845
701 920 920
645 1523 12
1174 1840 1163
523 3922 3901
673 3321 1361
318 2971 3719
701 3985 3985
701 2540 2540
701 3403 3403
1235 2592 3464
701 1241 1241
701 2861 2861
39 701 39
182 2694 3302
701 2319 2319
243 701 243
701 1254 1254
701 2676 2676
701 973 973
1838 3186 2390
701 2152 2152
701 3531 3531
129 3117 593
701 3343 3343
701 857 857
366 2307 1374
23 701 23
974 2106 3514
2784 3603 2568
2877 3596 1703
701 944 944
701 927 927
701 3083 3083
435 701 435
701 1342 1342
326 3173 161
600 701 600
701 1751 1751
2297 3206 3986
701 3897 3897
701 1650 1650
701 1724 1724
701 1994 1994
521 3114 3763
260 1442 455
333 3830 3295
895 3284 1075
3195 3671 504
701 3528 3528
701 2453 2453
884 3768 4092
701 3917 3917
97 2908 3902
701 2675 2675
636 3653 2753
1513 3340 449
701 3551 3551
897 4071 318
3373 3860 2856
701 3810 3810
701 1539 1539
219 2933 3761
701 2352 2352
193 3140 3347
301 2408 154
525 717 244
394 701 394
432 701 432
407 2015 1417
3686 4017 139
701 3136 3136
284 680 2258
701 3207 3207
1590 3468 1070
1630 3141 2797
185 701 185
1042 2636 3038
2717 3098 1401
39 3909 4045
701 3666 3666
451 701 451
701 3560 3560
74 701 74
1234 1674 2880
658 701 658
1775 3592 2361
186 3201 1783
701 2417 2417
2043 2128 3297
2907 3864 1985
121 931 1936
701 945 945
1111 2612 2468
993 1329 592
701 3602 3602
701 3094 3094
384 2792 1505
701 1238 1238
940 2931 3313
1416 3506 1923
2062 3976 4018
701 2007 2007
3322 3351 1209
701 3316 3316
3306 3970 4003
2391 3615 3002
1342 3814 569
701 1974 1974
681 2036 251
1201 2450 2481
701 2109 2109
1238 2889 270
1350 3225 1238
2577 2935 1776
701 3982 3982
378 701 378
1606 3613 3398
1301 3448 3576
701 1555 1555
701 2947 2947
701 1733 1733
1434 3069 3939
2417 3400 3057
2120 3417 2926
167 2885 3774
701 1285 1285
701 1931 1931
701 2855 2855
701 1854 1854
285 2932 2876
701 2308 2308
214 3953 1331
1724 3734 3047
701 1282 1282
1645 3411 327
701 881 881
153 162 2498
2374 3762 3562
382 2565 1786
1648 2298 2662
1135 3034 784
701 3991 3991
701 3562 3562
1048 1055 891
701 2439 2439
701 3446 3446
1006 3932 3720
2949 3990 901
701 3423 3423
1390 2497 1202
701 855 855
701 1038 1038
1398 2105 522
701 1169 1169
701 3903 3903
801 1383 3498
770 1361 3461
7 615 3595
196 701 196
701 3240 3240
831 3402 3685
778 3104 3323
701 3600 3600
327 701 327
2273 2328 2381
701 2806 2806
466 3634 2745
1576 2027 775
643 701 643
1906 3211 2041
701 2277 2277
2095 3282 1843
218 3908 4070
1445 1665 1058
701 1393 1393
2496 2587 3291
701 1543 1543
701 908 908
1245 3042 2354
701 3229 3229
701 732 732
2431 3302 497
3379 3436 488
1978 3289 2078
701 3841 3841
1291 3598 4054
701 1078 1078
610 701 610
469 701 469
1594 3725 3335
1904 3066 4084
2077 3118 2828
1582 1752 2936
1127 2606 1630
701 2879 2879
19 3343 1168
1533 3606 104
408 701 408
1919 3325 4079
592 701 592
701 3213 3213
1929 2761 1913
701 3422 3422
1065 2065 712
1913 3919 3931
1631 4076 3897
2484 3059 2121
13 359 1677
2098 3213 3474
701 2829 2829
805 1249 64
701 3197 3197
688 2624 2187
701 2599 2599
720 3983 283
701 3348 3348
701 2612 2612
701 4095 4095
2927 4038 1906
701 4058 4058
1144 1355 324
300 2529 3034
1154 1549 234
701 1794 1794
701 2782 2782
701 2446 2446
2649 3721 521
1920 2099 788
701 1823 1823
701 3967 3967
701 1260 1260
536 701 536
2372 2710 1496
290 3985 1825
701 3720 3720
701 1847 1847
3136 3636 538
701 3307 3307
701 1787 1787
513 1279 615
2233 3180 1474
701 2757 2757
701 1142 1142
2395 3531 3867
701 3898 3898
701 2830 2830
33 98 4034
701 2670 2670
459 701 459
701 2845 2845
701 1040 1040
701 1382 1382
1076 3464 632
701 2672 2672
701 3401 3401
701 3145 3145
3801 3834 175
2591 2801 8
701 2232 2232
701 1579 1579
685 919 460
490 2452 2037
701 1885 1885
2320 2786 2397
701 3493 3493
1935 2445 1055
701 2912 2912
701 4014 4014
701 1372 1372
701 3774 3774
701 3039 3039
170 701 170
164 706 3877
701 1492 1492
701 2781 2781
953 994 2995
701 2377 2377
195 1096 929
2155 2777 3864
253 3879 2449
379 701 379
701 3309 3309
701 2055 2055
701 2863 2863
2794 3645 83
628 2748 1989
1102 3753 634
701 2611 2611
701 1187 1187
3266 4085 3116
701 2488 2488
1148 3571 1464
701 3511 3511
2423 2919 2845
2714 3288 3262
108 701 108
1470 3625 3479
1062 1484 284
701 777 777
701 1693 1693
458 3544 2414
407 701 407
701 1903 1903
173 701 173
3036 3986 3253
701 3706 3706
701 2386 2386
74 1618 2991
701 4015 4015
504 982 3533
4 1047 3279
154 1031 3991
701 3557 3557
161 3767 3898
499 1692 1840
289 3996 135
593 701 593
701 819 819
2145 2951 2276
1677 1857 777
701 3591 3591
2416 3910 1867
1603 2833 1898
1575 2030 24
244 701 244
968 3789 3027
511 701 511
701 3430 3430
701 2320 2320
2206 2264 2825
254 2226 2421
701 2638 2638
1900 2516 3159
367 936 597
492 1691 1000
701 1444 1444
1992 2625 203
701 1505 1505
701 3585 3585
1153 3853 3051
701 1993 1993
435 546 2672
157 701 157
159 1049 1343
276 1867 1577
701 3367 3367
1119 1914 350
2503 2956 3672
701 1429 1429
701 3071 3071
1317 1892 2713
2613 3706 3341
701 3913 3913
425 2173 3923
701 2948 2948
701 2764 2764
701 2957 2957
614 3786 2551
118 701 118
1331 1928 3942
701 1892 1892
237 701 237
701 2356 2356
963 2572 1074
1503 2475 3925
802 2149 1492
701 1496 1496
701 3267 3267
329 701 329
695 701 695
1166 2266 3029
1806 2890 1396
701 1652 1652
1822 3623 3940
2351 2840 3750
701 2576 2576
3878 4006 3552
2547 2810 3219
701 1872 1872
156 952 379
364 376 1908
1578 2669 430
701 3433 3433
701 4096 4096
1293 2386 585
2001 3705 1422
701 3755 3755
701 1468 1468
2837 2864 2962
701 2473 2473
1661 2498 2113
701 953 953
1842 3324 941
2693 2715 3697
701 1284 1284
2154 3904 1391
701 2637 2637
701 1911 1911
701 3481 3481
701 3280 3280
701 1159 1159
701 1637 1637
701 3460 3460
101 1602 1312
575 1283 1499
433 1787 716
701 1684 1684
363 2954 2605
1712 3299 1134
2447 3948 2637
701 745 745
701 2624 2624
202 701 202
701 890 890
701 2361 2361
701 3331 3331
701 2382 2382
1389 1642 903
315 2953 1800
266 1719 689
701 2650 2650
701 3816 3816
701 2915 2915
1432 3278 1191
561 2882 1227
1428 3573 3319
626 1151 871
15 477 893
701 2536 2536
1952 2191 1623
905 2045 3276
701 3980 3980
701 1425 1425
2419 3100 3075
858 1195 695
1156 3337 3115
2982 3067 631
701 1164 1164
1557 3386 1740
701 3852 3852
701 2358 2358
534 3727 3462
701 3901 3901
957 2796 3452
699 1599 531
380 3934 3880
267 701 267
2076 2760 1564
1638 3217 361
91 804 2473
1037 1847 3982
701 1515 1515
701 3111 3111
2356 3054 2785
750 3670 2315
1408 1937 953
701 725 725
903 2945 2587
2161 2690 187
22 241 2415
1730 3333 3378
138 4069 2208
382 701 382
701 3682 3682
701 1881 1881
701 3033 3033
701 2077 2077
9 3950 2740
3370 3825 1198
701 893 893
1200 3443 2319
701 840 840
893 922 2182
3612 3693 1722
404 1323 1030
701 2405 2405
246 3410 3871
50 2005 2490
985 3928 2717
701 2089 2089
701 2720 2720
695 924 347
2850 3884 3146
1399 2342 3743
701 2018 2018
573 1455 182
701 3226 3226
1758 3330 4091
701 2414 2414
701 3904 3904
2277 3470 3265
701 1202 1202
701 3776 3776
2029 3593 3096
92 701 92
701 1522 1522
701 3583 3583
1255 2835 1846
701 1545 1545
701 4056 4056
3035 3252 1520
110 3633 1838
352 682 3413
701 1256 1256
312 2999 3061
701 2060 2060
701 1995 1995
701 1772 1772
230 701 230
701 1696 1696
235 3128 3252
550 701 550
1392 1993 549
1212 1819 3021
701 3783 3783
701 784 784
84 701 84
701 850 850
653 701 653
701 1861 1861
701 3631 3631
701 1933 1933
701 1918 1918
202 4011 2720
701 3155 3155
3747 3915 756
492 701 492
529 701 529
701 3106 3106
701 2710 2710
2668 2679 865
3002 3550 2918
1041 2499 2271
491 1310 659
701 1730 1730
351 701 351
389 2762 2462
548 701 548
701 3407 3407
701 1101 1101
400 841 1856
701 1016 1016
701 992 992
401 1640 257
2217 3263 3351
701 2448 2448
701 754 754
2364 3912 3859
3367 3935 3875
701 3651 3651
1244 3913 2362
701 3497 3497
701 1623 1623
701 3192 3192
701 1300 1300
87 3358 1931
701 1307 1307
2174 2313 2217
701 789 789
83 701 83
701 2222 2222
701 2543 2543
1476 2997 2141
701 708 708
348 497 286
2012 3216 3943
174 701 174
701 2568 2568
701 2367 2367
2712 3788 2122
1005 3841 3003
390 701 390
556 701 556
2184 2539 2460
2542 4009 268
701 2031 2031
200 281 289
701 2437 2437
701 1839 1839
701 1520 1520
1225 1452 849
701 3028 3028
701 756 756
701 1137 1137
701 2849 2849
701 1055 1055
1554 3793 1598
1340 1910 1537
701 3177 3177
701 716 716
1808 2853 3497
2087 3159 2631
1796 3576 1900
701 747 747
701 1258 1258
313 3842 3460
701 2339 2339
984 1349 3095
531 1737 3577
701 2913 2913
701 2840 2840
1803 2490 2210
225 1732 3803
662 701 662
701 1646 1646
1748 1765 2049
1812 2491 3620
711 787 4058
701 3056 3056
3270 3650 961
701 1967 1967
701 1225 1225
701 1615 1615
701 3469 3469
2917 3701 1300
128 1456 2538
591 2513 2503
701 1362 1362
701 3523 3523
701 3588 3588
759 1894 3406
701 1245 1245
701 1890 1890
2640 3641 1173
701 3255 3255
1032 3276 1995
1454 2031 1967
701 2917 2917
943 958 1751
701 1070 1070
701 2329 2329
1418 2140 1277
42 701 42
701 3123 3123
1082 1706 2554
2222 3975 2536
976 2594 1921
619 2318 2541
701 1418 1418
621 701 621
502 2986 3
2 701 2
402 701 402
2602 3226 1689
701 1075 1075
1046 1762 3640
1805 3242 1270
701 1257 1257
365 701 365
701 1375 1375
2158 4023 1105
701 816 816
701 4032 4032
232 2068 3881
44 701 44
282 2292 1371
701 3554 3554
701 3761 3761
2262 4001 397
606 701 606
2294 3507 3833
701 1295 1295
701 3371 3371
629 3824 3973
334 752 3160
1237 3014 3822
701 798 798
1444 2687 3855
701 1797 1797
784 4007 545
270 701 270
701 2592 2592
2014 3328 3094
1501 3590 852
701 1750 1750
3071 3849 32
301 701 301
822 1106 459
1574 2398 1538
701 2145 2145
701 874 874
701 3859 3859
92 595 2890
701 755 755
701 1521 1521
701 3290 3290
1186 2742 3995
393 1874 475
701 3021 3021
603 701 603
701 2632 2632
701 1243 1243
701 1366 1366
701 1355 1355
1966 2755 1050
76 310 1991
1754 1772 3482
2518 3791 2051
832 1215 2090
701 3341 3341
701 1230 1230
701 3648 3648
1429 1627 3843
701 1714 1714
3408 3785 4069
1834 3855 2264
701 3398 3398
701 1147 1147
1739 2811 2114
1890 2275 2938
701 3501 3501
2407 2595 1297
1579 3258 219
766 1963 278
701 3313 3313
701 2818 2818
488 3179 1725
701 1333 1333
701 2440 2440
1192 2772 3989
283 701 283
701 1849 1849
6 571 1007
1954 3527 3137
701 2552 2552
701 1762 1762
197 701 197
701 4092 4092
135 701 135
1545 3318 508
1525 1981 2142
701 3000 3000
1547 2804 3903
701 2071 2071
701 1339 1339
701 1812 1812
213 1589 1393
1169 3668 1286
1173 1850 2211
446 701 446
102 701 102
701 3713 3713
701 1625 1625
355 2521 410
2523 3081 817
143 2778 420
701 3102 3102
701 2952 2952
701 3295 3295
701 1110 1110
960 3484 37
1793 2089 2318
701 3095 3095
2011 3250 2836
701 1120 1120
1319 2464 3157
650 2325 792
2410 2962 1888
701 1074 1074
3110 3756 3307
701 1092 1092
2514 2829 3008
26 3675 801
400 701 400
701 900 900
701 3644 3644
3265 3667 146
701 1434 1434
915 3472 581
701 1228 1228
701 3738 3738
701 2112 2112
576 1759 2622
701 2000 2000
701 1356 1356
701 3807 3807
2130 2886 1303
282 701 282
701 2550 2550
772 1502 1039
701 2266 2266
701 2051 2051
701 2960 2960
1353 2604 417
701 2334 2334
701 2609 2609
701 4034 4034
987 2983 1702
701 1214 1214
701 3506 3506
686 701 686
2897 3101 50
701 3609 3609
701 3954 3954
701 2276 2276
701 2084 2084
3558 3901 505
2341 2566 1486
701 3884 3884
320 1976 533
90 2053 2238
701 3751 3751
701 1809 1809
122 2479 3431
701 4088 4088
1314 3510 3247
701 3803 3803
1259 3246 672
701 2901 2901
2799 3812 3651
768 2219 1549
701 2363 2363
1440 3253 2045
701 2389 2389
1866 2680 1914
1477 2122 1482
701 2556 2556
701 1461 1461
701 2411 2411
701 2934 2934
2446 2661 2332
701 828 828
304 3442 3542
701 749 749
701 2184 2184
786 1889 1308
396 1346 1104
2611 3449 2232
58 2195 2329
701 901 901
2563 2912 75
1481 3691 703
2389 2601 2446
701 3652 3652
2061 2815 2418
701 2769 2769
699 701 699
701 3828 3828
701 2366 2366
701 2127 2127
2092 3548 1169
701 1255 1255
2409 2632 3173
701 3090 3090
1680 3931 3557
701 3990 3990
701 3862 3862
49 701 49
1118 1580 3067
701 1587 1587
586 701 586
1492 4048 541
1541 2405 2837
701 3185 3185
510 3802 895
701 1006 1006
1450 2495 3755
701 2312 2312
701 3087 3087
479 2243 2138
701 1149 1149
701 3464 3464
701 3321 3321
701 3173 3173
165 3262 259
258 2310 752
701 1303 1303
2375 3347 653
701 1610 1610
701 3414 3414
484 1288 2550
599 3243 3068
2411 3857 1937
3233 3564 1621
935 3396 1228
701 3712 3712
701 867 867
701 830 830
1140 1605 1193
701 3490 3490
1172 3283 1555
292 2597 828
701 2780 2780
701 2482 2482
601 701 601
641 2619 1451
495 864 1272
2626 2847 2905
651 2697 1128
701 3272 3272
209 1067 1685
701 2796 2796
701 2129 2129
799 2299 1554
544 1809 3185
670 4018 1952
410 2701 1608
701 3412 3412
404 701 404
701 1525 1525
701 1745 1745
701 1087 1087
701 912 912
1 701 1
31 1485 529
2108 3735 3648
978 3818 1994
493 701 493
757 3988 1125
3057 3072 3825
912 2384 3050
64 701 64
701 3051 3051
701 3556 3556
701 2669 2669
701 2467 2467
3407 3832 149
1098 1514 2017
384 701 384
2225 2863 1162
307 701 307
261 701 261
2038 2109 1219
449 701 449
468 2579 2043
1705 2766 816
2260 4055 2157
185 3480 1084
701 1287 1287
227 4044 560
1112 1219 246
701 2973 2973
1711 3476 1948
701 3610 3610
701 1127 1127
701 1999 1999
82 2166 467
405 1338 655
146 262 1065
701 1992 1992
809 2236 706
701 3299 3299
609 2695 2686
327 1760 2194
701 2194 2194
2032 2551 1091
701 2608 2608
1837 2711 1990
676 701 676
701 1232 1232
701 1374 1374
1199 2512 1968
2379 3750 2349
701 1451 1451
701 3315 3315
113 668 1254
701 3479 3479
2920 3594 3917
701 2340 2340
358 701 358
1146 1552 2917
285 701 285
839 3517 1483
2600 3588 3401
2412 3218 1455
273 701 273
517 701 517
701 3061 3061
736 3859 2624
701 2816 2816
701 2507 2507
701 1181 1181
486 3551 626
701 1267 1267
2403 3364 2420
701 1608 1608
3197 3626 3821
701 3355 3355
701 2131 2131
524 701 524
701 2721 2721
620 2050 2838
701 3457 3457
172 701 172
701 1346 1346
1833 2546 3712
701 2587 2587
1336 2428 823
701 1105 1105
1768 2227 2705
1409 2844 1137
302 3679 1444
959 1372 1146
2134 3781 3812
701 3282 3282
701 4002 4002
1905 2392 2877
8 701 8
701 4076 4076
1341 2170 1176
701 1450 1450
253 701 253
2718 3397 329
701 1198 1198
415 1162 499
337 3867 3312
1104 3301 3450
701 2105 2105
701 1880 1880
701 1980 1980
977 1366 1049
701 1344 1344
701 3319 3319
701 818 818
701 2709 2709
701 1493 1493
2532 2994 2002
229 2769 1818
701 3276 3276
701 3362 3362
1277 3524 2083
584 4087 4032
701 1186 1186
686 1107 2675
972 3555 1387
701 3817 3817
701 3092 3092
701 1605 1605
852 1469 4014
1707 2473 635
1181 2201 2081
378 2494 127
1600 3116 1200
726 1923 3795
1103 2006 3210
701 884 884
1008 3277 2472
2009 2705 1605
1535 1644 2544
263 3826 787
1956 3569 181
1873 2469 2358
550 1669 3259
3009 4005 857
114 1733 1420
701 1438 1438
865 3383 2085
1784 2665 992
227 701 227
303 1815 2846
1155 2643 3371
1861 2402 331
40 701 40
38 2448 3678
332 2526 271
2107 2439 679
701 3880 3880
85 2915 151
701 3164 3164
126 2237 575
701 3291 3291
701 1091 1091
292 701 292
3143 3519 754
168 564 587
341 3376 4001
701 1802 1802
701 3809 3809
701 1481 1481
373 3385 363
701 740 740
701 2045 2045
1856 2724 2416
1228 3918 685
701 2044 2044
728 3361 935
701 2785 2785
701 2886 2886
891 3249 4071
117 211 2790
1781 2876 3338
701 1290 1290
701 3242 3242
701 1484 1484
2256 3498 3988
371 2667 3089
1318 1426 1983
1018 1463 3229
1000 2163 1713
701 1604 1604
701 1756 1756
1057 1387 3702
701 864 864
470 898 1285
388 1947 1114
701 1606 1606
896 1258 2793
701 2696 2696
1177 1588 1861
1066 2330 1892
701 794 794
701 3856 3856
701 3646 3646
554 2103 912
1550 2422 1758
103 416 4088
701 2303 2303
850 1220 1854
701 3719 3719
374 701 374
395 3007 2064
701 4012 4012
701 2148 2148
701 2940 2940
701 3716 3716
2774 4094 2482
47 2202 1366
174 842 1318
701 2125 2125
2024 2125 2570
1879 3092 908
701 1161 1161
701 3456 3456
616 701 616
1281 1431 2638
1619 3465 3180
2415 3191 1335
701 3344 3344
269 2958 2340
701 2991 2991
423 1641 2105
1443 4070 3528
701 1065 1065
701 3739 3739
8 1528 1755
271 701 271
701 3914 3914
434 701 434
1858 3673 356
701 1023 1023
777 2976 4094
1468 1620 4005
1621 3404 2526
70 3459 3890
701 1914 1914
411 2501 658
701 3855 3855
701 1191 1191
206 1526 1255
1650 3184 3574
1143 1423 2061
1628 3540 1980
916 3783 2660
701 3659 3659
2383 3332 2308
257 444 451
1086 1367 890
1846 3944 3606
701 1786 1786
1084 1226 3294
701 2660 2660
701 1193 1193
485 3209 769
3409 3917 248
2296 3961 3131
701 1319 1319
701 1856 1856
2650 3103 918
20 701 20
242 249 3373
701 3533 3533
964 1422 2542
701 3120 3120
163 230 3207
463 2733 4085
701 823 823
1401 1453 3411
701 1118 1118
701 2631 2631
577 701 577
1320 3429 282
2957 3742 3531
1191 1884 2895
701 2946 2946
701 3014 3014
701 1582 1582
1996 3875 519
701 2370 2370
701 3328 3328
2380 2476 708
481 890 2279
701 3198 3198
1264 3775 3384
701 2037 2037
134 3792 3970
1480 2898 2036
2268 2562 1503
701 3868 3868
264 2883 2807
701 3467 3467
600 3428 2940
130 2317 2855
225 701 225
755 3142 261
701 1179 1179
701 3023 3023
1113 2418 3469
701 3224 3224
854 938 3374
377 1881 876
1233 3681 2363
231 846 2831
106 4035 1438
701 4066 4066
2992 3021 1693
1461 3790 3299
2421 3655 789
2081 2470 425
664 701 664
2052 3930 2592
1950 3418 3064
701 1630 1630
1482 3876 3610
701 929 929
1939 3172 358
701 3084 3084
701 2393 2393
701 3723 3723
349 1955 1164
701 1347 1347
701 839 839
701 2330 2330
2459 2485 798
1081 3193 2834
701 3079 3079
965 3244 1587
701 1194 1194
427 1568 845
1551 3665 1965
2424 4042 1905
701 3338 3338
701 3564 3564
1572 3666 1400
701 3287 3287
701 1441 1441
701 1291 1291
107 701 107
701 886 886
701 1956 1956
246 701 246
701 2062 2062
1152 1974 1560
701 3116 3116
2891 3810 1259
701 2570 2570
146 701 146
886 1196 759
2771 3490 3985
701 4006 4006
701 3753 3753
701 2926 2926
1462 2676 1355
1210 1679 4027
701 1739 1739
701 1840 1840
611 3873 506
701 2180 2180
701 3402 3402
701 3619 3619
1388 3158 3140
701 3727 3727
701 2511 2511
2585 2862 2080
59 255 100
701 4003 4003
701 928 928
701 2968 2968
1561 3457 2755
277 794 1281
967 1345 3758
224 271 3921
701 2820 2820
735 1745 2527
701 3373 3373
2457 3974 745
2377 3784 74
1359 3044 372
701 2481 2481
2458 2939 2990
1159 1804 1724
834 917 3602
118 179 3391
692 2444 3467
3078 3574 3254
1122 3848 1832
1656 2947 1871
701 2698 2698
701 3869 3869
701 2880 2880
210 1114 583
701 2506 2506
776 2021 2212
701 4045 4045
701 1526 1526
872 3139 3848
701 2548 2548
566 701 566
413 701 413
1735 1750 2773
1265 2909 228
701 2652 2652
615 701 615
689 701 689
701 778 778
268 3924 20
701 1551 1551
701 3212 3212
701 2656 2656
1493 4046 517
701 3745 3745
1035 3838 457
533 1534 853
701 1381 1381
1256 1488 313
701 1920 1920
701 1340 1340
151 2892 2412
3228 3763 2370
701 2793 2793
455 701 455
980 2489 1513
1826 4045 1216
2359 3761 4053
701 3046 3046
701 3877 3877
1695 2906 963
701 2454 2454
1729 2220 242
701 3839 3839
2861 3611 2955
1817 2169 1690
901 996 3422
46 2441 2743
701 3747 3747
1559 3281 3807
701 2746 2746
701 2418 2418
701 2986 2986
2327 3247 1625
701 1677 1677
701 3958 3958
701 1335 1335
308 701 308
1959 3890 625
701 3303 3303
1751 1799 421
701 3031 3031
1094 3954 2330
1034 3839 1147
796 3937 2458
654 3261 2517
142 1309 2781
60 773 3861
701 3984 3984
447 2295 3850
704 966 2901
656 1403 2915
701 2895 2895
148 621 3031
555 4060 1101
1466 1714 21
674 1295 590
2167 3567 1659
198 1393 3158
701 713 713
701 2500 2500
2010 2793 3564
603 1586 3699
133 683 627
701 4060 4060
2319 2684 947
583 2505 1974
569 701 569
701 2636 2636
701 2260 2260
1351 3323 225
701 2134 2134
1375 1626 1911
564 701 564
701 1007 1007
2039 3528 719
844 1056 3166
701 3019 3019
76 701 76
701 1163 1163
205 3313 1307
701 2905 2905
1870 3127 1189
701 2958 2958
397 701 397
181 701 181
1877 3530 2511
238 1287 2703
2080 3248 166
1312 3938 2029
532 3745 564
701 1167 1167
490 701 490
1518 3224 2653
758 1157 1780
701 1064 1064
701 3288 3288
2963 3346 1527
701 4079 4079
2093 2904 308
701 712 712
1654 3177 773
701 3178 3178
1899 3433 1837
815 3479 1789
2569 4084 2227
701 1785 1785
701 3831 3831
701 2963 2963
1217 1441 633
35 1604 3961
701 1690 1690
478 3731 3197
701 3260 3260
2072 3082 2177
859 3622 2500
701 705 705
701 1218 1218
1204 2023 1916
2186 2436 1035
701 2526 2526
2075 3086 36
2543 3872 3728
375 701 375
701 3002 3002
538 701 538
1510 1689 2007
608 2629 315
701 1594 1594
308 1944 2035
701 1647 1647
701 981 981
701 1818 1818
941 2817 739
701 2619 2619
275 851 73
1958 3348 2993
913 4052 1379
701 3050 3050
876 3657 1817
986 3419 2599
3039 3317 3681
522 2124 3816
701 2498 2498
701 1523 1523
3202 3529 1807
701 1337 1337
453 519 1926
1160 2849 3622
344 3401 3344
703 999 2709
80 712 1819
3080 3501 1764
701 2713 2713
3614 3628 1839
2716 3883 3046
197 781 2071
701 3527 3527
617 3621 2445
1302 1994 3928
2091 3738 1877
701 3993 3993
1825 2486 920
1818 4021 2076
824 3565 1497
190 701 190
701 3962 3962
701 2503 2503
1849 3055 774
2209 2382 1622
701 2368 2368
311 701 311
2478 2913 3647
3095 3477 1316
701 2975 2975
2795 2955 3634
701 2341 2341
679 1651 71
701 2328 2328
701 3977 3977
2293 2767 614
1025 1379 3408
701 3606 3606
701 888 888
1247 1885 253
281 701 281
1967 1986 1479
161 701 161
3927 4077 2341
2086 4059 3600
1339 2058 1381
2729 3578 628
268 701 268
701 2463 2463
947 3149 850
701 3202 3202
1410 1623 2875
672 2655 2285
701 1458 1458
1414 3199 1635
647 1017 105
701 2938 2938
1615 2985 855
701 3775 3775
1273 2775 2618
393 701 393
1321 3539 3621
2037 2559 2152
329 2519 1999
701 3625 3625
18 701 18
701 1001 1001
2002 3736 3331
578 3850 830
701 2761 2761
701 1800 1800
1647 3997 103
701 2810 2810
798 3151 3329
1763 2721 1964
701 2993 2993
701 1527 1527
1553 3547 2368
455 527 51
2363 3956 3947
1097 2365 2886
701 3358 3358
875 1998 1522
926 2531 2746
3851 3880 3834
1313 2830 1258
701 2797 2797
701 2955 2955
357 3412 1822
1487 1777 180
701 2315 2315
145 464 1089
701 3001 3001
1972 2355 2861
2211 3451 3732
701 3688 3688
701 2371 2371
351 3063 3209
28 701 28
2215 2605 1306
2870 3805 2800
134 701 134
1491 1778 301
605 1203 4075
612 2995 3628
1357 1616 2555
345 1743 1301
1813 3581 986
2610 2856 2377
701 2943 2943
1180 2554 1523
701 4013 4013
2726 3829 394
995 3664 1481
1330 1780 3326
701 844 844
1093 2836 968
1671 2387 1187
701 3426 3426
701 1811 1811
701 2458 2458
701 1030 1030
90 701 90
601 1566 3090
862 2672 2366
701 2515 2515
368 701 368
1419 2740 1201
362 701 362
3549 3764 1785
701 2421 2421
1764 2593 2367
1286 3049 4022
701 980 980
701 2836 2836
1598 2642 2769
533 701 533
2270 2400 915
1007 2249 1836
1126 3822 2766
701 2283 2283
701 2607 2607
81 701 81
1054 1824 3453
1116 2631 1741
701 2777 2777
105 701 105
199 3888 559
1240 1868 3977
701 3146 3146
701 1833 1833
339 2311 3427
701 3634 3634
2548 3304 803
1447 3342 2373
701 3928 3928
678 3607 3519
748 1253 2859
598 701 598
187 2239 2950
701 1387 1387
3485 3865 3570
1930 2340 1797
2378 3422 3739
99 701 99
2502 3516 1090
701 3058 3058
2242 2471 1687
3160 3858 3796
191 217 1610
701 2138 2138
331 701 331
650 701 650
1448 3799 2457
701 2977 2977
701 2208 2208
2549 3637 2531
701 2819 2819
630 701 630
426 3585 2947
701 3986 3986
701 1758 1758
701 3615 3615
291 2990 1679
1115 1176 3328
701 1836 1836
1406 1854 3402
1161 3726 14
701 1871 1871
701 3766 3766
1563 2628 3183
2082 3028 725
701 1679 1679
882 928 1441
1539 2873 4068
1511 3269 3547
25 701 25
701 1213 1213
1242 2162 1700
24 701 24
701 1409 1409
558 701 558
567 701 567
701 1868 1868
252 1520 275
111 701 111
701 3052 3052
701 3555 3555
542 3215 925
2468 3618 2577
810 3512 2437
2281 3871 399
693 1303 3111
2807 3687 3856
663 701 663
701 3673 3673
2921 3267 643
1789 3587 202
701 2216 2216
701 744 744
701 832 832
1909 2094 2585
2151 2367 162
701 2001 2001
616 3780 778
701 3135 3135
663 1132 97
701 1822 1822
1625 2135 1230
701 3621 3621
3062 3303 605
701 1090 1090
701 3552 3552
701 2773 2773
701 2090 2090
701 3603 3603
701 1358 1358
3094 3214 3106
701 935 935
248 701 248
2252 2902 936
701 1638 1638
973 3561 435
701 918 918
701 2242 2242
701 1270 1270
311 1816 3420
1844 2331 389
61 3145 3426
830 1960 281
701 3702 3702
701 3973 3973
701 4075 4075
701 3911 3911
1149 3684 2698
2978 3518 172
1802 3965 1647
274 1527 563
1139 1257 799
701 2581 2581
581 701 581
372 2345 1644
476 1216 2696
1058 1941 3271
467 701 467
701 3347 3347
3644 3847 3585
701 1265 1265
1608 2322 2247
102 471 886
275 701 275
701 3513 3513
1394 3344 173
2487 3992 1382
701 965 965
860 2699 260
874 2118 2497
701 2257 2257
1437 2855 1328
701 2195 2195
447 701 447
701 2594 2594
604 2477 4035
701 3507 3507
701 1576 1576
3620 3765 2365
701 2681 2681
2819 3421 1357
637 2280 3433
701 3791 3791
398 1088 3817
16 3751 2718
597 701 597
239 3458 1282
1771 3439 2665
701 2247 2247
556 3957 3690
2728 3541 2594
363 701 363
701 1991 1991
418 3353 601
1678 3185 3886
71 3981 3723
701 3866 3866
408 3724 1149
430 701 430
563 2101 1984
1074 3599 256
2973 3584 3738
180 3196 94
95 4075 3071
683 701 683
2034 3840 1367
383 2051 4017
2369 3710 2380
201 2041 472
701 2080 2080
1124 3456 2383
701 1423 1423
701 3844 3844
47 701 47
234 3203 1934
1296 3846 1956
1991 4074 2
869 950 272
2187 2493 130
587 1364 2411
701 3005 3005
716 1859 3809
701 1635 1635
701 1934 1934
123 3977 3014
701 3525 3525
360 701 360
482 821 1484
701 1819 1819
701 2182 2182
2146 2803 351
701 3169 3169
855 2900 3261
1163 3806 79
57 1209 2424
701 3620 3620
1673 3920 3177
701 4035 4035
1933 2871 479
701 2573 2573
701 1898 1898
701 3825 3825
89 2590 1181
701 2274 2274
140 4086 2266
701 3867 3867
701 2925 2925
701 2582 2582
701 1312 1312
701 3923 3923
2910 3577 307
2989 3492 2986
701 759 759
1407 4092 704
2522 2689 3487
701 2120 2120
2430 2806 718
701 3329 3329
1940 2000 2226
701 1838 1838
701 4085 4085
2085 2929 709
1646 2869 4006
503 4061 2679
701 2427 2427
701 2884 2884
701 1949 1949
1776 3251 2508
701 2487 2487
701 3968 3968
189 701 189
3112 3259 3289
597 3949 3799
422 2916 227
1218 2779 2580
259 2734 118
727 1105 3202
162 701 162
701 2983 2983
537 2677 3092
701 788 788
701 1602 1602
199 701 199
1183 1722 3052
2240 2802 827
620 701 620
423 701 423
701 1486 1486
109 701 109
1263 2571 2159
701 2422 2422
2614 2946 3270
701 3386 3386
701 4052 4052
701 3157 3157
701 865 865
701 3925 3925
701 3922 3922
701 2654 2654
701 1709 1709
2926 4000 3744
701 1314 1314
2234 2773 4095
1272 3369 1428
1634 2358 1186
585 701 585
701 1465 1465
701 876 876
3478 3993 3107
701 931 931
701 3096 3096
701 2517 2517
701 3908 3908
3227 3314 874
505 701 505
701 3824 3824
2868 3169 3802
701 2788 2788
701 1104 1104
701 2605 2605
806 2787 2558
701 1414 1414
701 1227 1227
701 3283 3283
701 1698 1698
3487 3608 1942
651 701 651
391 3758 888
178 1686 2192
701 2705 2705
54 2258 373
1439 3131 3215
701 1103 1103
701 2258 2258
701 717 717
49 3520 2914
701 1211 1211
701 1837 1837
701 1371 1371
2816 2903 3506
701 1807 1807
2214 3844 1576
714 1949 2607
1478 1997 2184
789 4030 376
628 701 628
701 2997 2997
1687 3016 3387
247 1519 1375
780 1980 3425
701 1779 1779
701 1537 1537
1903 2067 390
701 3896 3896
2588 3542 1052
498 1652 4012
614 701 614
536 2119 2259
2553 3447 48
531 701 531
1473 2874 267
701 1740 1740
3939 4033 2820
42 2480 1730
790 1333 3929
701 2304 2304
701 1043 1043
247 701 247
701 4071 4071
475 1853 3343
3168 4041 690
3178 3994 4061
701 1844 1844
701 3514 3514
32 701 32
3271 3746 3953
701 1875 1875
701 3110 3110
643 3933 609
1681 2657 374
1783 2179 2000
2354 2399 1756
701 3642 3642
899 4034 1652
701 3871 3871
701 1480 1480
701 2653 2653
3602 3700 3787
440 3239 2020
701 3003 3003
2759 3329 3896
701 2297 2297
524 983 2454
353 756 1729
701 2994 2994
3274 3481 1161
678 701 678
479 701 479
701 2176 2176
1614 3467 2252
1494 3435 965
701 1080 1080
808 3207 1468
93 771 3624
221 3175 23
701 2380 2380
431 606 3337
1508 4022 2523
701 762 762
701 3873 3873
722 2745 1043
1325 3164 2796
3134 3960 1159
701 3795 3795
701 3818 3818
923 3817 1970
701 3822 3822
12 701 12
3420 3669 393
701 2141 2141
701 3799 3799
530 701 530
124 3395 3025
962 2555 102
949 3486 2757
701 1741 1741
576 701 576
3 701 3
837 1356 4072
701 3227 3227
1141 1637 2612
701 2388 2388
14 701 14
701 2433 2433
577 1368 2176
1880 2213 3754
701 3779 3779
701 1743 1743
1027 1697 2615
701 2139 2139
701 2870 2870
701 703 703
701 2059 2059
2753 4051 1526
51 701 51
701 2729 2729
2637 3894 2608
910 2361 2115
701 1653 1653
549 701 549
701 3057 3057
705 3161 2925
1248 1876 384
2700 3047 2689
701 1017 1017
2768 3001 3283
701 1343 1343
1779 3891 931
508 2843 2242
701 1542 1542
701 3131 3131
701 2419 2419
2988 3941 576
3416 3453 311
414 666 1284
149 701 149
1343 3617 3555
3362 4028 980
278 2461 2958
2223 3070 3869
701 1955 1955
701 3833 3833
104 701 104
154 701 154
50 701 50
1896 2138 1257
1038 2204 3192
1744 3866 3321
701 3577 3577
697 701 697
2247 2648 3129
701 2449 2449
323 701 323
701 2527 2527
664 2896 2158
548 2042 2941
701 2217 2217
745 4029 2931
701 2259 2259
701 2646 2646
701 2460 2460
701 3503 3503
701 3592 3592
1043 2586 2467
528 2960 1733
3553 3708 3364
814 3129 1878
1438 3972 1792
540 2467 3087
94 1971 3575
1810 1943 1291
3079 3176 3549
2880 3132 263
701 2142 2142
701 2162 2162
1250 3929 3546
2269 2638 650
1471 1989 1516
425 701 425
829 4014 572
545 3471 699
701 1379 1379
1207 4032 2943
701 3484 3484
356 1266 2960
1213 1405 3960
73 3171 2758
856 2112 81
701 1867 1867
733 2315 536
701 3047 3047
701 1281 1281
840 3296 600
2228 2713 1320
1147 4078 692
1831 2460 3534
2178 2936 4077
88 701 88
701 2899 2899
1328 2617 1739
2349 2627 2670
2283 3205 1425
701 827 827
701 3979 3979
213 701 213
284 701 284
97 701 97
701 3534 3534
627 3232 942
701 2167 2167
88 3580 3751
2747 3737 2303
1068 3181 2094
1897 4037 3757
472 2821 2884
2719 3064 2055
701 2544 2544
954 3968 1087
459 955 3841
701 2591 2591
178 701 178
701 3172 3172
2580 3987 231
385 701 385
1205 3962 3414
461 3964 1591
37 701 37
1742 3911 2998
908 2267 2806
701 1125 1125
701 3758 3758
701 3270 3270
669 1734 49
324 1292 648
701 3757 3757
701 2492 2492
933 3309 3023
1622 1791 2148
701 2074 2074
701 2115 2115
2181 2515 2328
701 1277 1277
3008 3241 478
350 701 350
701 2086 2086
701 3247 3247
701 1702 1702
701 752 752
483 1931 938
34 3861 3591
701 2805 2805
701 3302 3302
701 3393 3393
701 1780 1780
701 1945 1945
701 3387 3387
701 3053 3053
701 3265 3265
1546 2820 678
295 397 2222
701 3008 3008
2 3537 568
701 1341 1341
701 2011 2011
701 2715 2715
701 2800 2800
701 1088 1088
701 2813 2813
511 3522 3502
1145 1917 2134
701 852 852
1308 3220 489
338 948 3954
701 2766 2766
701 1601 1601
701 4037 4037
77 4049 2167
1036 2276 170
701 3109 3109
701 2110 2110
701 2970 2970
701 1560 1560
701 2508 2508
701 1445 1445
44 1095 1045
701 3653 3653
299 932 3005
2841 3989 1976
3135 3399 2254
701 3216 3216
652 1690 3257
701 1936 1936
1945 2198 264
1377 4054 469
2763 3446 1504
1064 3444 3779
701 805 805
701 1288 1288
2492 3969 1023
2102 3656 2548
63 694 2139
2004 2805 2591
701 2187 2187
2248 3925 1487
701 3950 3950
701 3137 3137
701 2649 2649
139 3189 2927
1832 3359 1290
701 3697 3697
1311 2656 2583
701 1208 1208
1376 3771 3123
701 797 797
3663 3984 1643
701 3829 3829
701 1308 1308
1099 3051 1668
739 2575 1088
2851 3562 3128
701 2149 2149
2813 3654 5
701 3672 3672
1753 3646 2244
1918 3475 3532
1316 2302 3688
3874 3881 3287
1767 2814 1823
17 3257 2680
701 2424 2424
356 701 356
700 701 700
791 3600 1782
1190 3672 3430
701 2679 2679
701 1789 1789
1362 3238 3609
2188 3554 2022
297 2888 3456
900 1061 3664
2671 3003 3403
701 799 799
1843 3798 1356
1011 1864 3172
618 2250 462
701 1516 1516
3298 3921 2691
701 2703 2703
701 3536 3536
701 3821 3821
144 1675 2561
1715 3713 3446
1010 2291 2453
701 2484 2484
1382 3698 1414
701 3741 3741
701 3487 3487
410 701 410
586 640 77
708 2133 299
1969 2245 1409
182 701 182
1436 3297 868
701 1000 1000
701 1997 1997
701 3427 3427
278 701 278
701 2633 2633
701 4004 4004
2069 2525 599
259 701 259
701 2349 2349
286 701 286
951 2147 1973
1384 1649 676
701 2157 2157
1863 4013 2044
2454 3223 3483
701 1901 1901
701 4073 4073
701 1384 1384
698 701 698
1982 3113 1077
701 4022 4022
403 1230 1192
1702 3125 52
660 2809 1
701 2927 2927
701 766 766
701 3887 3887
701 3519 3519
593 2664 42
701 3337 3337
701 2192 2192
64 207 2650
853 2483 1131
701 1189 1189
1282 2645 2405
914 942 2805
2200 3639 302
2456 4067 2863
701 3431 3431
94 701 94
816 2116 2389
100 3632 2172
701 2159 2159
581 3339 1411
701 871 871
701 3971 3971
701 947 947
409 3533 3930
701 2931 2931
701 1846 1846
24 2343 728
701 2502 2502
701 1145 1145
1968 2305 111
2928 3483 2301
52 701 52
701 1413 1413
701 1700 1700
1592 1916 744
2924 3661 3268
2567 4015 2611
2136 3755 26
599 701 599
807 2129 1531
701 769 769
1845 4036 2957
701 2237 2237
701 2056 2056
701 2210 2210
1571 1792 1812
701 2551 2551
624 701 624
257 701 257
701 3875 3875
1543 3122 2407
1421 3697 1778
701 2428 2428
1050 2190 621
176 701 176
701 2680 2680
1289 2414 1344
701 1591 1591
1021 3341 1808
2026 3820 3646
560 701 560
701 3681 3681
2090 3566 697
701 2803 2803
370 3754 1662
272 3091 1339
166 701 166
1358 3616 3920
701 1952 1952
127 3526 3884
635 701 635
638 701 638
1304 3005 1653
701 3252 3252
701 3670 3670
1747 3460 1218
701 719 719
701 3693 3693
1363 3084 1606
701 3113 3113
701 1153 1153
1120 3424 2814
2139 3695 973
374 3336 2556
701 1687 1687
701 2499 2499
701 767 767
3375 3936 3659
701 3843 3843
847 2834 3175
701 3678 3678
701 738 738
119 701 119
632 701 632
2857 3087 1493
1222 1657 512
701 2852 2852
1290 1977 642
264 701 264
505 1275 1315
424 1658 2737
701 3762 3762
701 2990 2990
701 2596 2596
2110 3073 232
701 2875 2875
610 3905 1992
1811 2798 686
701 1957 1957
1251 1911 872
701 1893 1893
701 817 817
298 3514 1054
701 3188 3188
1828 3229 3077
701 2583 2583
817 1720 1340
1741 2937 395
437 2507 747
701 1948 1948
115 1607 971
701 1729 1729
701 3750 3750
1028 3371 405
701 3864 3864
317 701 317
325 1756 468
462 701 462
1786 2979 797
167 701 167
701 870 870
2303 3811 2313
701 1640 1640
1164 2727 567
701 3890 3890
701 1376 1376
2289 3779 875
701 3796 3796
494 2776 3829
701 803 803
701 2158 2158
701 765 765
147 3648 3348
570 630 3642
3048 3474 2129
3455 3624 3423
417 2530 3435
302 701 302
701 875 875
441 701 441
701 3483 3483
701 3553 3553
84 1728 3227
1297 1567 414
1713 3345 2447
718 1738 285
701 3939 3939
1449 3137 2778
552 2321 2084
701 3442 3442
411 701 411
701 3261 3261
506 701 506
701 1919 1919
256 701 256
120 2019 928
701 1298 1298
2157 3945 3082
346 451 2582
2153 3877 2488
653 2635 2973
512 1987 1882
3740 3796 247
749 3349 1314
3000 3597 3135
1596 3887 967
394 1467 840
701 1272 1272
701 1725 1725
1749 3741 838
701 1843 1843
701 2336 2336
690 701 690
446 1053 1038
701 2541 2541
448 3146 3240
3643 4083 771
2381 3187 651
698 1902 178
701 1598 1598
1078 3163 2716
701 3215 3215
701 2022 2022
2388 3508 323
449 3230 3208
969 2117 2537
2573 3730 3673
701 1776 1776
701 3989 3989
701 3082 3082
701 1913 1913
3560 4039 2747
1548 2975 1079
701 2825 2825
701 3575 3575
701 1357 1357
701 2219 2219
493 3162 1842
70 701 70
552 701 552
3352 3482 411
701 3960 3960
545 701 545
701 3970 3970
701 1455 1455
420 701 420
1129 3696 1868
701 2691 2691
2056 2205 535
1131 2545 2492
701 3685 3685
889 3023 1666
2561 3310 3145
701 1554 1554
293 3523 4062
701 2029 2029
2894 3896 2297
421 1506 174
413 3815 2506
27 2758 858
648 701 648
115 701 115
360 3437 3109
701 1906 1906
701 2420 2420
863 2622 1925
701 2523 2523
701 2416 2416
1577 3722 1515
701 774 774
1570 3852 2484
487 2781 3559
535 580 1078
701 2888 2888
1270 2685 3959
1386 1660 120
3430 3707 2761
701 3861 3861
701 1564 1564
744 2287 3181
489 701 489
701 1011 1011
701 1391 1391
294 3757 821
701 3413 3413
67 2192 339
701 2043 2043
701 2064 2064
701 718 718
48 701 48
1194 2360 28
825 3795 1261
880 1898 1288
3235 3503 419
2339 3308 3481
2744 3557 2166
192 3378 3457
2782 3505 3382
2352 3012 371
701 1162 1162
701 1400 1400
642 1500 819
157 760 3442
1171 3287 108
1371 3837 3625
236 945 3583
701 2076 2076
701 3787 3787
701 860 860
203 2207 2439
701 1976 1976
701 2807 2807
634 701 634
701 2221 2221
1886 2681 392
701 1401 1401
515 1451 3086
135 3045 3000
701 1513 1513
701 3728 3728
701 2306 2306
701 3461 3461
1262 2172 1640
2842 3115 860
701 1209 1209
23 2156 3490
390 911 1542
1717 3940 1650
3469 3951 2578
2449 2535 3213
1269 2652 991
1059 2670 424
3052 3813 157
701 2622 2622
2581 3733 1498
701 3239 3239
2429 3097 1252
323 1569 2342
701 3594 3594
2246 3391 3644
701 2837 2837
701 2490 2490
701 3089 3089
701 4067 4067
3326 4063 1188
3955 4091 1423
1168 1424 591
701 3374 3374
286 2980 1637
701 4091 4091
1682 2589 1794
53 1391 1211
272 701 272
701 1937 1937
701 3010 3010
2691 3165 2162
387 3280 3225
228 701 228
379 3041 2388
701 2890 2890
2152 3363 3980
738 3718 4002
5 701 5
701 1925 1925
1700 2647 2832
701 1504 1504
150 3210 1214
2730 3157 3486
701 3482 3482
701 1808 1808
701 3549 3549
701 2468 2468
701 1084 1084
2686 4024 1265
701 4072 4072
559 4025 217
701 2212 2212
1878 2096 2975
701 2223 2223
701 2479 2479
371 701 371
701 1027 1027
672 701 672
1315 2066 2422
1158 3660 1413
3025 3703 1208
313 701 313
2644 3413 3316
701 2538 2538
782 2797 1865
701 1574 1574
701 998 998
1307 2688 3305
701 1402 1402
659 701 659
701 2383 2383
219 701 219
2905 3167 1064
701 1538 1538
701 1642 1642
1490 2373 3367
2088 2420 2164
701 3699 3699
701 4062 4062
701 1643 1643
701 2300 2300
480 929 1893
1530 3732 1559
701 1965 1965
2254 3300 2710
1026 1420 1011
2658 3630 1165
811 2884 1743
2017 2196 140
701 2485 2485
930 2300 3136
1710 2780 3224
701 2561 2561
454 4066 2948
701 3305 3305
2790 3099 1241
701 2252 2252
701 2279 2279
2326 3316 220
701 1778 1778
1260 2272 3971
701 3943 3943
701 3075 3075
701 3406 3406
1305 3237 822
2371 3388 805
565 4053 3511
701 1058 1058
2164 2964 1103
631 701 631
1211 1636 2916
701 1349 1349
232 701 232
2823 3856 1573
105 4050 2690
701 3541 3541
2568 2911 1347
676 885 864
588 2738 400
1862 2071 794
78 2878 355
2875 3689 656
701 2712 2712
1083 2304 1750
1688 3075 3680
701 1261 1261
319 3360 552
701 1456 1456
336 1479 1698
2048 2301 584
32 1524 1341
376 701 376
267 343 3656
701 1771 1771
241 701 241
183 3652 1415
1829 2504 2966
753 961 2110
1882 3515 1845
632 2344 2237
701 3850 3850
2674 3828 2298
299 701 299
701 3744 3744
1280 3869 1060
701 1764 1764
701 2916 2916
701 3182 3182
866 3083 3010
2751 3279 2306
2366 3017 1296
2451 2482 3682
701 1318 1318
701 2739 2739
701 3452 3452
3356 3525 3303
330 3728 3267
1694 2826 1495
701 3379 3379
342 1901 2787
1433 3943 3916
920 1507 3716
701 2628 2628
701 3278 3278
1415 2063 1870
497 701 497
2284 3995 3551
701 1501 1501
1795 1883 3824
701 2666 2666
402 1412 362
2754 3591 312
79 1891 3631
701 4005 4005
701 3068 3068
701 2989 2989
1624 2950 2780
608 701 608
701 2959 2959
701 1316 1316
30 1198 2888
701 3297 3297
701 2415 2415
734 1167 2840
341 701 341
701 4070 4070
572 701 572
375 4026 2240
701 3988 3988
244 3658 1213
633 997 3001
512 701 512
701 2164 2164
256 3582 2782
1060 2047 2485
1014 1052 2336
701 3595 3595
52 3032 2906
1718 3640 2529
567 2639 2729
701 2270 2270
170 877 3507
701 3126 3126
41 530 1997
1012 2182 2809
1672 2244 107
2229 3552 4065
559 701 559
25 2942 402
701 3115 3115
710 1486 2977
1221 1496 3937
701 1252 1252
522 701 522
701 2941 2941
701 3848 3848
701 895 895
2033 3538 1771
701 941 941
701 3959 3959
514 1087 407
3038 3499 1788
701 3219 3219
701 3152 3152
701 3395 3395
73 701 73
701 3465 3465
701 2226 2226
754 2731 3484
701 3802 3802
701 3559 3559
2709 3085 185
1284 3521 2692
701 1079 1079
740 2528 1450
1785 2651 3117
701 3661 3661
380 701 380
231 701 231
557 765 1574
701 1659 1659
813 3338 1473
701 3259 3259
701 967 967
1726 3398 1232
701 2254 2254
701 1176 1176
171 701 171
1380 3109 3727
701 2824 2824
1766 2271 3126
701 838 838
517 873 608
303 701 303
701 3690 3690
701 1286 1286
432 3088 2180
3335 3463 4052
701 1817 1817
494 701 494
644 3374 2059
2224 2517 3770
701 2859 2859
2274 2466 1833
701 1900 1900
701 3570 3570
701 3546 3546
1239 3821 2056
937 2698 3133
692 701 692
701 2686 2686
701 2381 2381
701 2737 2737
1639 3619 2963
1337 3629 3713
237 500 3828
66 2576 1485
701 3540 3540
701 3624 3624
86 1483 70
2708 3291 1714
684 906 566
701 2121 2121
526 1542 1779
4010 4072 1067
719 1354 579
36 4047 1947
701 1950 1950
701 3512 3512
521 701 521
925 1029 25
1612 3559 2112
314 700 1157
99 3709 2581
701 3435 3435
701 3778 3778
2534 2848 2356
701 1192 1192
2282 3423 748
656 701 656
1544 3809 3852
701 2323 2323
151 701 151
701 2877 2877
625 1676 2386
701 3208 3208
701 1842 1842
701 1825 1825
141 2599 2616
701 3364 3364
701 2103 2103
2723 3107 2576
1860 2541 2852
701 3574 3574
361 1655 1950
2175 3219 2074
701 2790 2790
689 1475 2245
434 2241 3527
558 3256 59
701 2914 2914
1324 2749 1762
721 2194 1684
701 1788 1788
701 903 903
324 701 324
701 3995 3995
2455 2970 84
472 701 472
2641 3739 3747
701 1968 1968
462 3381 3588
2097 3682 543
701 3269 3269
1142 3907 1949
2104 3450 494
549 1701 1081
1460 3182 767
389 701 389
1983 2789 493
701 2804 2804
177 2952 4067
701 3763 3763
2941 3234 2268
2218 2540 3964
701 3947 3947
701 4061 4061
701 1989 1989
701 3881 3881
1223 3254 1885
519 701 519
2866 3029 2646
701 1588 1588
1236 2131 3447
701 2313 2313
1189 3900 3272
518 3998 3342
239 701 239
701 2117 2117
1276 3312 1719
2143 3638 322
701 909 909
436 2552 3594
701 3812 3812
460 3827 3028
1635 3572 3513
701 2936 2936
2757 3952 2502
701 3279 3279
701 1479 1479
1458 3076 3355
701 1131 1131
1425 2347 1945
701 1128 1128
701 3710 3710
563 701 563
701 2324 2324
361 701 361
701 2365 2365
424 701 424
172 3030 3315
1179 1352 765
2550 3808 2552
701 1703 1703
849 907 2573
701 2017 2017
701 2030 2030
1555 2003 3603
1852 2537 2125
2257 3040 3979
701 3420 3420
971 3221 1194
171 1721 1096
701 2373 2373
579 701 579
701 2261 2261
701 3902 3902
5 3804 176
358 3074 2026
701 1577 1577
701 3411 3411
420 939 3714
701 1136 1136
1961 2323 2764
743 3704 1256
1101 4093 2261
701 3128 3128
1397 3723 2030
1990 3148 2777
701 2767 2767
263 701 263
701 1305 1305
2968 3999 1919
91 701 91
701 2590 2590
2463 2854 3783
250 1698 1465
701 2534 2534
2440 3662 3887
1573 2123 292
701 2069 2069
667 3719 441
701 3391 3391
701 872 872
2160 2785 117
701 968 968
701 772 772
607 2831 1594
3749 3774 1155
1585 3862 3079
111 381 1480
1934 2741 2510
112 3991 2803
1202 2199 1545
543 701 543
701 2787 2787
216 441 1127
658 1123 239
701 2244 2244
478 701 478
701 3029 3029
646 1957 1010
701 2108 2108
701 1685 1685
1085 3923 491
701 3571 3571
701 3107 3107
701 1463 1463
701 1568 1568
547 1908 1539
1999 3563 548
975 3431 3638
65 2462 1027
1446 3511 213
1188 3153 513
139 701 139
2348 3843 434
3106 3649 2011
701 2831 2831
2678 2737 171
2887 3688 18
701 1497 1497
701 853 853
701 2301 2301
2055 2981 241
701 2662 2662
701 2186 2186
701 3210 3210
289 701 289
3357 3583 3190
551 3714 1681
701 793 793
826 2353 1319
701 3159 3159
701 1942 1942
10 18 2564
605 701 605
701 2429 2429
2570 2944 1514
701 2537 2537
701 739 739
845 956 3501
156 701 156
2725 4073 1943
701 2580 2580
1024 3497 1434
701 2245 2245
120 701 120
187 701 187
701 3447 3447
2324 3773 1118
1633 4002 2109
3290 3604 382
473 3096 2089
140 701 140
127 701 127
45 1696 2619
701 3086 3086
701 2856 2856
1907 2390 3914
701 1970 1970
701 3628 3628
2255 2881 3627
2180 2839 1324
988 1662 2339
701 3542 3542
107 741 1016
701 2529 2529
1529 2743 3178
701 3271 3271
737 2212 3216
571 701 571
701 4053 4053
110 701 110
707 2845 598
701 3940 3940
701 3834 3834
661 1800 3255
701 3360 3360
622 4088 2904
701 1361 1361
701 1531 1531
701 2673 2673
419 1821 1924
701 2832 2832
701 4083 4083
701 3190 3190
701 2904 2904
488 701 488
701 1644 1644
701 2965 2965
701 2332 2332
1495 2183 2283
1348 1464 1120
701 3254 3254
701 2585 2585
1537 3535 3083
701 2616 2616
392 3882 556
701 1047 1047
234 701 234
701 2510 2510
2235 3720 3212
215 1515 2633
33 701 33
28 1532 834
701 925 925
194 3947 998
1848 3105 1876
368 2704 110
175 701 175
248 946 3503
701 1157 1157
701 3937 3937
701 1973 1973
742 2508 2654
701 3680 3680
1668 3823 2952
751 1505 2830
11 1243 945
2425 2683 3169
701 1671 1671
701 1573 1573
701 3209 3209
701 2838 2838
701 1916 1916
701 1713 1713
1498 2278 717
701 3408 3408
861 1871 2878
1299 1703 1582
419 701 419
1699 2948 1501
1823 2426 40
657 1023 1709
1019 2261 145
702 4003 663
701 3754 3754
701 3375 3375
701 1329 1329
362 3368 2427
701 938 938
331 1051 408
130 701 130
3026 3155 3039
452 3770 1305
1013 4058 438
701 2950 2950
1522 2438 3818
1459 1531 1445
2406 3414 375
701 3502 3502
701 1876 1876
2040 2860 1222
1374 1975 273
3126 3130 3775
568 701 568
1807 3392 2323
820 1090 3745
785 2899 1287
892 4056 1901
779 2035 3493
1988 3958 3873
701 4017 4017
3959 3963 524
3570 3794 2681
365 1540 3465
701 3342 3342
701 2846 2846
701 4001 4001
2682 3090 432
2879 3899 2557
701 2049 2049
701 2298 2298
1708 3462 1881
701 1082 1082
312 701 312
747 2634 2255
265 2662 1402
701 3262 3262
701 1306 1306
208 2435 1551
701 3576 3576
639 1136 738
927 3222 1880
1653 2346 1903
100 701 100
684 701 684
701 3640 3640
518 701 518
3260 3635 909
1521 3777 1353
1150 1193 2131
2337 3831 2260
835 1973 3198
1875 3579 2824
701 3405 3405
3394 3406 3280
175 3194 99
701 4068 4068
731 2216 870
3452 3889 2371
701 3101 3101
1725 3978 3523
1100 3331 1521
701 991 991
1070 1121 109
701 2834 2834
701 1924 1924
1322 2764 2829
701 1096 1096
701 2354 2354
701 2743 2743
724 3690 144
51 55 2540
701 3941 3941
1788 2620 2312
701 2023 2023
572 1069 2913
1128 2193 33
3208 3380 3666
934 2083 630
339 701 339
222 701 222
226 1704 2018
251 701 251
701 3181 3181
3712 4089 4037
1610 2783 826
701 2203 2203
149 4020 359
701 3183 3183
701 2114 2114
701 1081 1081
701 3353 3353
701 1662 1662
701 2778 2778
867 1946 1298
701 2318 2318
701 3539 3539
516 2401 2033
71 701 71
1080 2630 2959
79 701 79
2013 3868 3706
701 3547 3547
2121 2533 1809
701 2268 2268
1915 2376 2203
1224 2141 1579
2263 3743 303
340 3150 237
701 1134 1134
701 4065 4065
701 2919 2919
635 4080 2223
701 915 915
701 961 961
3058 3060 197
701 2271 2271
701 4018 4018
491 701 491
701 2211 2211
429 1643 3653
638 1562 3565
1556 2607 1386
1583 2846 1472
579 783 2997
335 3190 1918
445 2696 2320
701 1829 1829
701 2166 2166
701 2906 2906
979 2362 1234
701 2809 2809
507 1039 2419
701 3201 3201
2621 2966 2788
701 2081 2081
701 2665 2665
590 701 590
701 2758 2758
701 3160 3160
1509 2818 2712
701 2497 2497
1835 1932 3188
701 1503 1503
701 2833 2833
701 1792 1792
456 3772 3984
701 1870 1870
1417 1581 1588
800 1411 3645
665 701 665
1246 3382 2023
26 701 26
3024 3294 1158
220 701 220
2765 3061 809
283 3504 2994
701 1835 1835
1773 3631 3670
701 2026 2026
1693 1962 2813
894 2018 1745
1504 2707 2428
109 1365 1772
399 3819 1829
701 1621 1621
21 701 21
460 701 460
701 3312 3312
399 701 399
569 3870 2818
675 1465 3056
701 3351 3351
715 3716 490
701 1188 1188
701 2876 2876
701 3931 3931
1938 3050 3405
701 1474 1474
701 1689 1689
2259 2706 2195
1770 3678 511
2208 3108 610
921 3212 3560
1924 3415 2589
701 1888 1888
155 189 705
701 2457 2457
792 2189 2429
69 3778 3571
701 2740 2740
701 2041 2041
539 1970 2186
3046 3275 2443
2100 2578 380
701 2122 2122
701 3704 3704
701 1219 1219
1016 3760 3539
2720 3236 2031
1063 1865 2649
904 3651 1568
1252 2961 4073
701 3462 3462
701 2445 2445
1009 1092 190
575 701 575
3366 3403 2274
1855 2114 3239
1214 2827 3908
1033 3425 1957
2370 3677 189
1278 3031 3661
662 3454 368
836 2583 1646
188 3188 2304
2230 3534 974
701 2716 2716
322 701 322
709 2394 92
36 701 36
701 2021 2021
701 1926 1926
1794 3093 3536
566 3441 1329
125 769 2127
701 3034 3034
843 1984 4056
1887 3307 1802
812 3493 3831
2538 3377 88
701 3077 3077
701 2113 2113
1613 3702 1933
261 795 3592
2329 2735 152
3748 3803 2968
1709 3863 44
1015 2659 1080
2564 3488 1848
838 1953 2448
701 3294 3294
701 2401 2401
2265 4090 1179
