256 6154
66 219 1
65 218 1
20 53 2
214 235 2
10 130 3
10 136 3
73 230 4
93 236 4
29 59 5
29 111 5
76 109 6
124 188 6
20 95 7
18 77 8
18 91 8
67 202 9
67 78 9
112 125 11
40 133 11
109 113 12
113 188 12
24 43 13
43 73 13
177 178 14
138 173 14
32 148 15
162 248 16
143 194 17
120 195 19
30 81 20
30 142 20
42 132 21
138 190 21
76 187 23
73 91 24
54 91 24
51 55 25
55 93 26
55 114 27
78 101 33
153 155 34
235 252 37
64 110 38
64 147 38
183 254 39
68 189 40
150 171 40
200 206 41
115 168 44
116 176 44
86 243 45
180 243 45
131 215 46
99 182 46
85 186 47
84 152 54
106 163 60
142 175 61
74 234 62
203 221 65
98 247 66
100 208 68
207 241 70
224 234 71
174 234 71
175 185 75
164 212 76
105 212 76
130 154 79
130 201 79
169 200 80
205 228 82
197 250 86
184 238 88
143 236 89
135 240 90
135 233 90
200 232 92
202 248 94
156 160 96
102 107 100
140 227 104
146 163 108
145 166 117
166 209 117
173 225 119
171 207 125
192 228 129
139 204 137
191 219 141
205 244 172
210 246 177
109 188 12
208 250 1
89 194 17
25 114 25
1 32 1
6 69 1
71 151 1
1 67 1
1 36 1
200 233 1
28 217 3
194 236 17
107 208 68
109 252 4
192 231 82
179 198 1
1 153 1
24 91 24
224 226 62
187 239 23
78 241 1
2 30 2
121 147 1
59 111 5
2 174 2
12 188 12
84 194 4
2 235 2
145 209 117
25 135 6
140 177 104
3 255 3
37 122 1
48 252 4
28 125 2
1 129 1
25 131 1
157 229 3
74 226 74
92 100 1
3 165 3
68 70 40
70 237 70
65 221 65
3 114 3
192 223 82
60 115 1
126 142 2
116 197 44
37 216 1
1 195 1
15 68 2
187 217 3
129 231 82
99 131 46
24 58 4
133 224 2
9 119 1
1 34 1
114 256 25
148 175 7
41 120 19
134 206 41
152 245 54
97 168 44
132 136 21
128 238 88
1 133 1
1 141 1
77 255 8
11 106 1
159 183 11
4 222 4
15 63 2
154 180 1
1 216 1
79 145 79
204 249 13
92 122 1
107 165 2
117 198 117
149 153 9
115 121 44
13 249 13
204 236 4
103 146 103
118 197 1
52 245 2
91 222 24
153 160 9
169 232 80
37 252 37
9 152 1
149 248 9
38 139 4
118 210 14
40 100 40
123 157 3
28 41 1
100 227 2
227 246 177
128 213 88
233 240 90
76 156 1
40 217 2
111 202 1
85 123 47
58 194 17
1 11 1
10 101 1
2 128 2
154 201 79
44 137 1
134 200 80
1 251 1
162 202 16
83 142 2
9 16 9
64 178 38
153 226 1
26 51 25
33 101 33
154 192 3
71 234 71
139 181 137
84 255 13
135 142 2
136 138 21
130 199 1
108 146 108
64 182 1
25 90 6
35 158 35
1 58 1
33 57 1
34 153 34
35 243 35
218 225 1
35 168 35
9 177 1
186 230 47
55 256 25
2 52 2
108 160 60
4 187 4
125 237 70
11 107 11
71 74 62
54 209 3
39 207 11
44 168 44
4 84 4
195 239 1
158 243 44
2 251 2
205 223 172
39 127 11
157 239 3
1 188 1
100 127 40
84 247 1
97 243 45
227 236 4
145 171 2
156 163 60
175 237 2
8 168 1
193 195 1
122 205 1
2 100 2
1 60 1
32 238 2
5 59 5
145 170 117
154 170 117
34 104 1
2 53 2
166 229 166
184 213 88
3 57 3
214 228 2
1 53 1
2 185 2
24 99 1
83 188 2
1 183 1
132 138 21
1 182 1
4 239 4
41 167 1
140 210 104
79 154 79
102 208 68
22 159 1
79 201 79
43 44 1
231 244 172
38 155 1
150 212 2
87 175 75
95 148 15
2 159 2
64 68 2
137 181 137
2 10 2
122 218 122
175 190 2
60 200 1
111 179 5
1 226 1
6 8 6
51 157 3
85 118 47
161 170 2
144 221 65
173 180 1
51 114 25
112 197 1
4 26 4
69 131 46
88 238 88
72 99 41
181 202 1
110 147 38
7 52 7
46 155 1
165 252 37
27 256 25
4 178 4
8 155 1
69 173 1
135 235 4
85 225 47
151 158 44
194 227 4
35 246 1
164 187 23
6 13 6
40 171 40
39 183 39
1 203 1
53 74 53
72 182 41
44 63 1
6 240 6
8 76 6
30 185 20
2 172 2
49 250 49
126 135 6
74 224 62
3 231 3
128 182 1
54 246 4
23 221 1
197 218 1
131 182 46
143 156 1
1 255 1
169 206 41
100 107 100
173 240 4
82 231 82
108 133 1
75 142 61
3 14 3
105 187 23
93 220 1
154 229 117
1 94 1
38 125 2
3 170 3
20 178 2
93 256 25
119 186 47
16 176 1
49 101 1
219 244 1
1 31 1
113 190 4
171 237 70
23 55 6
6 93 6
211 213 88
1 29 1
11 169 1
9 199 9
184 224 2
4 58 4
3 253 3
108 156 60
43 56 2
9 155 9
55 185 2
216 255 1
134 195 80
9 149 9
101 141 9
27 120 1
72 120 19
62 71 62
171 208 40
10 256 3
9 162 9
59 179 5
1 127 1
168 180 44
2 186 2
31 81 20
151 250 86
44 99 1
137 159 2
7 77 2
18 90 6
47 138 14
1 62 1
48 143 4
91 101 1
63 133 39
99 232 46
41 69 41
169 195 80
6 256 6
59 225 1
63 65 1
130 166 79
2 223 2
120 238 1
24 138 4
1 189 1
64 175 2
236 254 2
23 131 1
174 186 2
74 133 2
41 99 41
1 22 1
169 170 1
6 48 6
3 47 3
90 191 1
1 2 1
107 203 1
2 252 2
19 200 19
33 82 1
8 204 8
99 226 1
3 239 3
159 161 11
42 138 21
154 198 117
36 203 1
158 167 1
52 256 2
37 230 14
3 21 3
2 112 2
99 215 46
1 159 1
142 148 7
4 225 4
7 169 1
31 52 20
126 127 2
3 244 3
108 204 1
170 209 170
19 131 19
189 201 2
19 88 1
9 22 9
76 245 6
8 24 8
67 93 1
1 63 1
65 113 1
2 110 2
11 159 11
32 52 7
96 208 1
22 103 22
158 168 44
124 240 90
69 110 1
5 111 5
154 209 117
1 4 1
91 181 13
111 149 1
106 160 96
11 12 2
55 193 26
98 115 44
1 52 1
117 209 117
1 51 1
109 200 1
1 154 1
142 208 2
1 131 1
4 77 4
101 249 1
60 96 60
31 75 20
55 90 6
90 124 90
19 215 19
1 87 1
50 113 6
85 243 1
1 14 1
13 91 13
174 224 71
100 122 1
35 220 1
112 159 112
14 104 14
142 185 61
1 167 1
34 248 9
189 207 70
39 161 39
17 178 4
43 255 43
174 232 1
157 238 2
1 9 1
80 232 80
20 28 2
198 201 79
83 224 71
132 249 4
86 155 1
54 152 54
14 38 14
35 45 35
107 146 1
206 232 41
11 63 11
124 135 124
2 87 2
1 16 1
27 150 2
8 181 8
1 192 1
198 229 117
14 253 14
116 121 44
186 244 3
2 15 2
72 206 72
30 75 20
117 124 3
160 243 1
25 145 3
98 116 66
2 184 2
8 109 6
91 234 2
171 241 70
109 233 6
22 60 22
88 213 88
119 165 14
213 238 213
178 202 1
91 173 4
47 230 47
1 35 1
159 166 2
44 86 44
106 210 1
1 109 1
16 228 1
4 14 4
29 179 29
196 203 1
55 133 2
24 234 2
1 28 1
128 237 2
21 36 1
55 107 2
60 243 1
53 62 53
223 231 172
3 252 3
18 204 8
58 177 4
38 74 2
136 228 3
3 233 3
9 202 9
182 215 46
76 212 76
84 175 2
4 255 4
141 153 9
3 129 3
85 172 3
121 192 1
28 83 2
50 255 13
136 178 14
15 101 1
9 198 1
1 207 1
121 240 1
18 45 1
1 65 1
228 229 3
106 156 106
69 99 46
2 207 2
44 176 44
152 222 54
115 158 44
22 156 22
204 242 1
173 230 173
186 203 1
125 189 70
211 238 88
62 138 2
83 174 71
107 197 1
4 152 4
11 251 11
10 205 3
1 19 1
3 134 1
63 106 1
48 58 4
4 42 4
14 168 1
14 243 1
172 228 82
93 193 93
169 215 46
75 91 2
30 31 20
107 256 2
4 186 4
130 229 79
19 69 19
46 72 41
20 70 2
53 234 53
1 130 1
9 141 9
89 143 89
93 114 26
62 243 1
94 106 9
10 32 2
9 34 9
221 248 1
2 28 2
128 184 128
113 126 12
3 119 3
42 47 14
14 86 1
90 218 1
103 106 60
97 158 44
58 143 58
72 172 1
61 215 1
171 181 2
48 113 12
5 88 1
38 194 4
36 122 36
3 204 3
51 159 2
20 52 20
120 134 19
220 235 1
163 212 1
21 147 14
172 245 3
66 98 66
56 150 11
78 125 1
2 3 2
222 225 4
210 225 14
70 102 40
88 128 88
24 229 3
9 219 9
117 128 2
167 254 11
9 153 9
6 137 6
2 188 2
155 199 9
7 175 7
1 198 1
55 171 2
4 90 4
40 42 2
3 51 3
38 122 1
1 177 1
158 245 1
2 70 2
1 44 1
80 209 1
79 98 1
149 219 9
43 58 4
46 48 1
2 209 2
27 51 25
126 224 2
11 207 11
129 228 129
193 255 6
39 167 11
218 252 1
80 206 41
126 256 6
11 150 11
6 24 6
31 83 2
3 73 3
65 71 1
17 142 2
4 123 4
96 100 1
2 181 2
1 117 1
228 231 82
1 116 1
139 221 1
48 109 48
7 98 1
4 249 4
17 126 4
1 5 1
86 111 1
2 14 2
56 58 2
72 85 1
25 33 1
1 30 1
123 225 119
1 248 1
57 90 3
18 234 2
10 227 3
136 146 1
32 75 7
50 84 13
126 163 1
45 49 45
46 118 1
12 233 6
165 235 165
2 213 2
22 115 1
65 247 1
48 126 12
2 4 2
136 166 3
108 236 1
32 51 2
81 175 20
27 93 26
146 160 60
83 85 2
173 186 47
104 234 2
77 162 1
53 70 2
1 230 1
110 196 38
141 242 9
71 243 1
2 64 2
161 254 39
65 66 1
7 240 2
120 232 19
95 146 1
18 181 8
57 63 2
126 229 3
10 29 1
1 66 1
183 213 2
140 246 104
3 110 3
165 247 1
75 176 1
141 250 1
25 51 25
168 176 44
7 148 7
69 182 46
82 129 82
13 158 1
37 106 1
62 232 1
55 161 2
71 224 71
1 250 1
183 214 11
109 247 1
15 142 7
18 218 1
2 88 2
147 156 1
156 208 1
100 125 40
110 116 1
195 232 92
59 149 1
47 225 47
113 225 4
64 77 4
2 105 2
124 253 4
10 30 2
157 231 3
1 114 1
120 182 19
2 20 2
15 35 1
170 201 79
113 141 1
127 171 40
50 132 4
46 62 1
96 163 60
207 246 2
9 60 9
158 180 44
199 217 1
202 220 9
63 251 39
3 6 3
2 11 2
88 251 2
14 205 3
25 208 2
12 238 2
1 238 1
98 111 1
48 89 4
5 247 1
21 190 21
90 109 6
1 125 1
1 71 1
1 88 1
77 222 8
92 134 80
116 247 116
141 219 141
200 243 1
80 169 80
20 30 20
2 147 2
56 100 11
1 170 1
49 57 1
43 77 8
133 185 2
91 152 24
177 179 1
1 86 1
42 64 14
54 64 4
15 113 2
57 66 1
145 252 3
1 215 1
154 166 117
71 83 71
39 133 39
28 169 1
191 245 1
28 100 2
2 7 2
4 21 4
153 218 1
1 223 1
1 201 1
145 229 117
58 246 4
87 142 61
213 243 1
136 190 21
168 189 1
77 137 8
133 241 11
121 144 1
21 177 14
4 80 1
34 186 1
57 217 3
51 219 1
69 190 1
55 173 4
61 95 7
26 246 4
92 195 92
173 183 2
44 45 44
108 168 1
223 228 82
1 89 1
1 21 1
19 182 19
3 192 3
82 118 3
228 244 82
59 218 1
67 220 9
192 224 2
46 182 46
82 205 82
72 170 1
60 124 1
6 139 6
1 132 1
41 67 1
1 145 1
225 230 119
20 131 1
4 13 4
28 57 3
44 115 44
12 240 6
157 217 3
66 107 1
99 218 1
116 214 1
102 137 2
81 178 2
164 239 76
26 64 4
1 156 1
27 193 26
213 236 2
56 63 11
81 95 7
153 167 1
53 253 2
5 179 5
23 113 6
20 35 1
66 78 1
1 59 1
2 130 2
1 105 1
2 127 2
158 165 1
1 78 1
5 29 5
1 146 1
158 250 44
181 193 6
159 177 2
1 142 1
87 224 2
85 151 1
24 64 4
137 139 137
179 241 1
1 128 1
50 222 13
63 167 11
103 108 103
61 68 2
93 194 4
207 237 70
113 182 1
1 37 1
2 42 2
40 117 2
150 234 2
38 58 4
65 144 65
203 252 1
44 180 44
134 182 46
6 113 6
94 208 1
48 188 12
54 233 6
4 105 4
18 137 8
118 225 118
202 204 1
33 96 9
1 72 1
4 150 2
118 232 1
11 39 11
6 26 6
62 174 62
3 212 3
17 235 4
1 179 1
243 247 44
36 218 36
71 226 62
116 142 1
6 91 6
105 135 6
41 72 41
129 244 82
38 107 2
40 68 40
1 172 1
113 165 4
10 14 3
38 180 1
26 114 26
158 176 44
147 153 1
127 207 40
85 164 4
184 211 184
73 152 24
47 85 47
45 67 1
33 242 9
141 222 1
166 170 117
85 157 3
62 95 2
13 41 1
1 234 1
61 178 2
64 79 3
47 103 1
117 170 117
98 185 1
4 55 4
1 33 1
78 175 1
9 12 1
2 114 2
122 232 1
123 212 4
37 165 37
114 193 26
177 227 177
53 174 53
151 219 1
23 49 1
131 156 1
7 81 7
147 173 14
94 192 1
1 149 1
143 198 3
13 139 13
177 210 177
1 144 1
61 241 2
172 192 82
63 161 39
196 225 14
172 231 172
123 186 47
1 120 1
23 164 23
180 250 45
126 250 1
2 38 2
121 158 44
83 256 2
155 214 1
14 140 14
193 212 6
33 66 1
146 156 60
61 184 2
155 220 9
83 176 1
70 241 70
42 190 21
6 12 6
14 165 14
15 31 7
3 236 3
73 84 24
1 3 1
115 155 1
40 145 2
34 146 9
3 187 3
87 232 1
173 251 2
110 178 38
1 47 1
214 248 1
67 219 9
156 231 1
1 217 1
13 77 8
12 27 6
76 132 4
2 244 2
4 139 4
1 228 1
1 184 1
49 197 49
1 240 1
4 165 4
142 234 2
9 204 1
223 242 1
14 234 2
47 241 2
28 223 3
34 136 1
131 175 1
121 134 1
14 132 14
74 113 2
96 183 1
2 165 2
24 240 6
133 231 2
105 113 6
46 67 1
39 223 2
123 187 4
73 241 2
1 205 1
201 220 1
1 92 1
17 104 4
40 112 11
28 157 28
8 13 8
92 120 19
30 146 1
81 83 2
37 119 14
199 247 1
15 49 1
51 105 6
79 127 2
142 200 1
22 44 1
66 198 1
44 197 44
61 87 61
1 178 1
9 78 9
79 105 3
3 109 3
113 193 6
49 86 49
141 162 9
3 79 3
63 183 39
227 256 4
121 172 1
67 135 1
158 247 44
166 201 79
131 169 46
103 107 1
182 206 41
8 54 8
187 212 23
1 79 1
87 95 7
232 239 1
6 18 6
107 127 40
6 148 2
4 93 4
1 27 1
103 160 60
154 223 3
145 246 3
4 64 4
153 211 1
119 213 2
37 196 14
109 250 1
25 72 1
96 196 1
138 253 21
90 135 90
1 219 1
2 179 1
30 78 1
1 55 1
21 132 21
152 249 54
4 114 4
2 6 2
31 64 2
108 136 1
38 66 1
61 175 61
40 125 40
132 183 2
215 253 1
77 204 8
96 125 1
9 213 1
66 121 44
84 110 4
45 250 45
2 81 2
23 37 4
14 19 1
97 197 45
134 160 1
51 93 25
1 80 1
49 243 45
105 164 76
49 155 1
72 215 41
84 149 1
36 69 1
52 61 20
95 189 2
237 241 237
84 177 4
54 142 2
72 169 41
58 187 4
32 115 1
30 123 2
208 214 11
1 253 1
114 255 6
1 208 1
14 227 14
121 221 1
69 120 19
45 243 45
91 255 13
81 143 2
13 236 4
74 174 62
117 130 79
162 209 1
139 249 13
37 69 1
127 189 40
97 223 1
113 243 1
3 12 3
13 73 13
35 44 35
68 150 40
197 243 45
172 244 172
1 42 1
147 196 38
105 240 6
176 218 1
203 248 1
1 83 1
120 206 19
50 63 2
108 126 1
54 147 4
72 200 41
92 97 1
8 50 8
40 195 1
141 208 1
67 94 9
1 227 1
40 107 40
118 138 14
151 195 1
75 81 20
22 96 22
58 236 58
118 159 2
115 231 1
72 195 41
61 148 7
37 40 2
125 150 40
31 175 20
22 106 22
137 255 13
14 118 14
15 145 2
8 145 3
2 193 2
56 97 1
153 216 9
20 148 7
3 178 3
176 232 1
82 219 1
145 236 3
184 241 2
106 220 9
53 150 2
9 216 9
63 241 11
204 228 3
33 78 33
194 196 4
3 24 3
45 96 1
4 104 4
73 245 24
181 209 3
15 81 7
191 231 1
41 182 41
56 113 2
25 26 25
8 222 8
111 185 1
14 226 2
2 108 1
93 155 1
75 186 2
103 202 9
6 245 6
128 142 2
45 105 1
25 49 1
54 137 13
2 138 2
10 147 3
1 202 1
68 233 2
118 186 47
62 240 2
222 255 13
120 131 19
20 61 20
119 242 1
2 43 2
11 18 2
107 218 1
124 233 90
12 211 2
159 254 11
54 73 24
176 210 1
7 104 2
4 73 4
38 47 14
37 178 14
120 213 1
199 240 1
167 177 2
162 173 1
84 251 2
70 179 1
15 28 2
150 237 40
1 10 1
12 235 4
4 130 3
225 245 4
50 201 3
41 63 1
192 205 82
35 152 1
22 92 1
11 208 11
92 112 1
186 236 4
227 237 2
2 145 2
95 118 2
89 105 4
60 106 60
97 179 1
170 217 3
61 120 1
172 225 3
1 17 1
95 184 2
83 226 62
3 113 3
73 222 24
2 236 2
143 186 4
54 176 1
15 100 2
56 189 11
155 163 9
46 92 46
88 109 2
12 126 12
129 172 82
7 50 2
102 189 40
27 57 3
183 196 2
3 60 1
92 169 80
1 176 1
235 248 1
91 115 1
76 217 3
109 160 1
48 204 6
60 94 9
37 118 14
5 178 1
24 183 2
10 49 1
76 240 6
99 195 46
1 221 1
132 190 132
134 232 80
117 189 2
1 161 1
2 157 2
234 247 1
138 213 2
203 220 1
8 139 8
1 7 1
147 178 38
21 247 1
41 134 41
1 46 1
61 203 1
30 95 7
212 239 76
42 56 2
11 92 1
122 163 1
85 119 47
141 195 1
17 25 4
76 90 6
7 251 2
124 212 6
104 110 14
38 89 4
34 163 9
161 167 11
215 222 1
96 181 1
40 70 40
212 251 2
129 144 1
134 218 1
155 192 1
1 134 1
199 220 199
45 58 1
93 218 1
126 220 1
14 37 14
44 243 44
90 197 1
1 185 1
44 158 44
141 167 1
114 234 2
7 75 7
118 177 14
21 235 14
97 155 1
50 181 13
125 207 125
33 146 9
14 196 14
64 123 14
83 255 2
35 176 35
52 75 20
3 143 3
45 115 44
44 189 1
2 175 2
2 32 2
41 80 41
123 163 1
150 208 40
72 130 1
45 95 1
150 207 40
2 177 2
95 161 2
195 230 1
110 145 3
186 225 47
39 192 2
172 211 2
160 163 60
3 227 3
92 239 1
13 213 2
158 160 1
19 46 19
216 233 1
125 171 125
78 176 1
26 198 3
171 251 11
148 151 1
30 32 7
91 179 1
228 247 1
49 151 49
137 166 3
57 58 3
64 196 38
75 87 75
6 233 6
35 66 35
149 216 149
40 189 40
3 186 3
2 61 2
89 252 4
52 180 1
205 229 3
75 175 75
60 164 1
3 64 3
188 235 4
90 182 1
37 101 1
242 247 1
2 115 1
2 79 2
11 241 11
148 169 1
49 216 1
189 203 1
108 254 1
135 182 1
16 66 1
62 250 1
147 253 14
77 193 6
45 77 1
2 228 2
35 250 35
96 155 9
170 198 170
67 150 1
3 10 3
35 164 1
109 207 2
116 168 44
1 211 1
4 147 4
12 232 1
33 70 1
183 227 2
24 245 24
29 102 1
6 51 6
81 142 20
26 256 25
6 43 6
3 228 3
4 98 1
94 162 16
93 151 1
51 226 2
23 105 23
178 196 178
50 245 13
51 85 4
41 209 1
47 70 2
77 181 8
102 138 2
208 251 11
56 235 2
4 124 4
121 176 121
46 99 46
125 130 2
103 221 1
132 253 21
1 186 1
42 136 42
74 83 62
6 27 6
2 211 2
111 114 1
7 185 7
2 58 2
1 43 1
14 249 4
16 35 1
2 56 2
91 249 24
165 175 2
9 173 1
6 181 6
40 101 1
43 54 13
103 163 103
105 132 4
189 228 2
8 71 2
3 126 3
141 155 9
68 126 2
22 181 1
82 217 3
11 175 2
23 114 6
95 176 1
209 219 1
157 159 2
9 103 9
2 231 2
13 43 13
198 238 2
19 169 19
14 96 1
1 252 1
48 85 4
20 142 20
149 166 1
18 159 2
45 86 45
71 154 2
113 233 6
30 135 2
13 24 13
106 146 60
112 156 1
203 229 1
1 97 1
123 211 2
131 171 1
84 162 1
23 212 23
76 201 3
35 225 1
2 148 2
89 254 2
24 80 1
70 112 11
14 138 14
55 148 2
8 164 6
12 201 3
1 213 1
72 197 1
110 237 2
119 123 119
139 194 4
34 103 9
120 215 19
83 234 71
86 197 86
1 24 1
184 228 2
93 150 2
14 29 1
71 174 71
4 6 4
41 210 1
38 147 38
2 39 2
38 88 2
174 231 2
40 127 40
93 214 2
47 233 4
34 219 9
3 229 3
26 115 1
15 211 2
227 253 14
112 251 11
31 144 1
132 188 4
14 119 14
189 218 1
13 227 4
22 94 9
60 105 1
1 243 1
110 161 2
183 237 11
8 82 3
95 124 2
104 140 104
3 246 3
3 147 3
3 240 3
9 94 9
46 247 1
4 193 4
75 140 2
1 155 1
148 185 7
43 50 13
179 234 1
21 55 4
85 252 14
109 157 3
68 241 40
40 214 11
130 209 79
35 126 1
3 172 3
22 89 1
50 136 4
80 204 1
1 233 1
6 81 2
170 223 3
3 58 3
37 187 4
2 224 2
90 222 6
24 55 6
69 206 41
100 151 1
79 229 79
73 249 24
29 45 1
193 256 25
1 122 1
2 208 2
157 163 1
139 228 3
42 178 14
97 180 97
2 21 2
85 230 47
111 256 1
30 151 1
18 152 8
50 228 3
45 152 1
30 52 20
167 214 167
76 124 6
143 214 2
52 74 2
79 148 2
11 189 11
122 217 1
3 8 3
129 192 129
150 241 40
22 163 22
10 201 3
3 145 3
2 187 2
137 191 1
57 166 3
125 167 11
25 85 4
167 211 2
121 168 44
80 92 80
198 243 1
184 216 1
148 163 1
54 58 4
1 6 1
80 157 1
39 102 11
18 62 2
84 156 1
159 214 159
200 215 46
153 249 1
120 239 1
73 124 6
31 156 1
1 12 1
85 247 1
1 74 1
109 120 1
1 239 1
130 215 1
12 142 2
25 234 2
4 118 4
1 200 1
114 224 2
139 245 13
35 180 35
48 248 1
14 64 14
2 13 2
128 197 1
52 95 7
99 120 19
3 117 3
38 140 14
156 178 1
34 160 9
21 25 4
139 152 13
94 241 1
18 245 8
31 61 20
11 82 2
23 38 4
39 63 39
182 232 46
55 146 1
47 191 1
11 53 2
46 120 19
120 169 19
92 248 1
34 155 34
19 249 1
108 162 9
70 170 2
65 133 1
62 83 62
1 206 1
62 81 2
131 232 46
178 225 14
191 242 9
39 145 2
46 195 46
16 248 16
9 191 9
24 232 1
2 150 2
137 204 137
1 70 1
107 109 2
3 138 3
144 180 1
56 255 2
41 140 1
11 38 2
4 216 1
176 230 1
41 197 1
6 23 6
192 244 82
176 197 44
1 163 1
3 201 3
43 204 13
2 160 1
111 196 1
102 127 40
16 116 1
22 227 1
52 81 52
16 92 1
38 64 38
25 256 25
128 211 128
67 203 1
35 116 35
72 80 41
31 231 2
63 104 2
1 166 1
3 168 1
226 234 62
1 171 1
180 245 1
125 241 70
22 36 1
144 176 1
5 134 1
213 252 2
189 237 189
41 92 41
17 173 4
141 247 1
97 151 45
104 135 4
190 210 14
131 145 1
66 116 66
60 108 60
2 217 2
75 226 2
136 255 4
2 198 2
2 161 2
21 253 21
6 77 6
124 164 6
13 189 2
44 250 44
117 240 3
185 218 1
38 177 14
70 111 1
6 84 6
11 254 11
1 168 1
64 190 14
9 108 9
48 242 1
8 132 4
195 215 46
157 197 1
64 161 2
4 210 4
127 151 1
44 200 1
104 122 1
42 55 4
50 75 2
66 173 1
4 109 4
102 155 1
96 146 60
27 55 27
207 214 11
6 109 6
166 198 117
1 85 1
37 52 2
4 8 4
4 194 4
42 116 1
100 133 11
119 182 1
10 217 3
46 80 46
161 230 2
110 242 1
11 172 2
135 164 6
29 97 1
13 152 13
39 93 2
8 43 8
182 203 1
43 172 3
75 77 2
80 120 19
19 159 1
88 246 2
131 200 46
2 140 2
33 173 1
106 172 1
4 240 4
108 189 1
1 81 1
153 187 1
12 246 4
77 239 6
77 139 8
190 243 1
25 193 25
37 130 3
122 248 1
1 138 1
74 128 2
74 139 2
11 161 11
27 207 2
148 154 2
5 76 1
89 96 1
84 91 24
167 243 1
126 202 1
22 132 1
17 176 1
24 228 3
145 193 3
4 89 4
38 54 4
3 135 3
95 185 7
170 196 3
58 244 3
2 234 2
108 143 1
162 199 9
86 176 44
3 188 3
137 171 2
192 241 2
5 180 1
44 66 44
144 203 144
33 141 9
71 215 1
92 217 1
84 164 6
127 183 11
224 243 1
89 109 4
152 156 1
1 220 1
138 152 4
154 157 3
136 248 1
1 121 1
1 69 1
174 190 2
135 239 6
43 245 13
229 233 3
2 31 2
15 95 15
44 98 44
4 246 4
19 81 1
9 101 9
1 124 1
3 82 3
75 211 2
11 244 2
6 193 6
3 26 3
23 143 4
4 76 4
122 184 1
49 131 1
30 175 20
1 39 1
11 151 1
115 144 1
75 93 2
15 108 1
189 242 1
10 237 2
47 146 1
125 247 1
33 199 9
5 12 1
27 195 1
32 124 2
51 186 4
217 229 3
132 161 2
91 109 6
205 217 3
188 239 6
9 106 9
23 187 23
68 107 68
24 143 4
99 225 1
16 167 1
2 133 2
2 102 2
128 227 2
128 204 2
27 132 4
179 200 1
53 71 53
151 197 151
108 213 1
177 196 14
2 240 2
57 126 3
17 89 17
1 174 1
15 148 15
102 165 2
13 245 13
21 225 14
21 138 21
86 91 1
1 115 1
228 250 1
3 40 2
118 172 3
60 175 1
96 106 96
1 106 1
1 165 1
160 182 1
32 81 7
59 144 1
1 118 1
60 220 9
56 214 56
35 92 1
68 127 40
193 233 6
19 41 19
153 223 1
37 169 1
133 142 2
174 220 1
120 253 1
77 152 8
166 217 3
30 148 7
45 150 1
6 223 3
59 171 1
53 67 1
188 254 2
1 8 1
25 187 6
46 219 1
96 156 96
127 159 11
61 103 1
86 139 1
3 54 3
49 97 45
212 231 3
70 131 1
105 160 1
12 23 6
86 87 1
161 251 39
2 239 2
172 214 2
17 60 1
23 52 2
95 175 7
155 195 1
123 222 4
6 212 6
183 234 2
149 197 1
125 127 40
140 181 4
97 115 44
56 169 1
174 226 62
212 244 3
29 247 1
4 132 4
181 224 2
11 183 11
7 15 7
147 158 1
82 83 2
104 227 104
17 58 17
9 67 9
11 100 11
99 155 1
1 158 1
114 239 6
71 206 1
34 191 9
72 131 41
46 131 46
182 204 1
56 153 1
13 38 4
1 199 1
124 218 1
18 255 8
161 183 161
99 206 41
35 247 35
38 110 38
112 127 11
38 186 14
76 164 76
123 151 1
50 196 4
126 184 2
57 103 1
181 230 4
22 146 22
68 100 68
31 92 1
20 224 2
87 148 7
106 243 1
7 138 2
94 197 1
216 242 216
63 214 11
1 218 1
1 41 1
14 154 3
136 147 14
121 200 1
189 204 2
78 208 1
37 181 4
69 164 1
183 233 2
201 227 3
243 252 1
1 111 1
96 103 60
20 181 2
17 214 2
217 228 3
14 225 14
193 249 6
27 201 3
90 241 2
113 244 3
154 182 1
11 237 11
9 163 9
1 98 1
94 179 1
49 180 45
47 108 1
90 240 90
143 144 1
16 94 16
86 119 1
69 225 1
32 157 2
172 207 2
173 216 1
1 151 1
84 141 1
159 178 2
181 219 1
119 184 2
12 98 1
165 193 4
102 150 40
20 253 2
72 132 1
169 182 46
131 248 1
79 117 79
243 250 45
111 218 1
96 108 60
5 18 1
3 43 3
77 241 2
54 215 1
115 226 1
86 121 44
40 192 2
48 64 4
46 206 41
79 255 3
206 253 1
49 77 1
1 75 1
13 242 1
46 249 1
201 250 1
129 174 2
6 152 6
39 96 1
18 37 4
1 242 1
2 117 2
110 228 3
39 211 2
23 231 3
59 99 1
80 180 1
184 230 2
32 125 2
3 118 3
144 187 1
145 190 3
2 238 2
142 178 2
14 57 3
62 74 62
36 52 1
1 56 1
11 40 11
44 121 44
2 89 2
181 196 4
4 149 1
52 99 1
139 255 13
3 23 3
17 143 17
146 203 1
155 204 1
56 186 2
18 249 8
61 146 1
31 32 7
101 205 1
151 162 1
119 151 1
91 137 13
180 191 1
2 241 2
34 64 1
37 209 3
158 212 1
68 243 1
71 87 2
137 252 4
105 193 6
92 164 1
33 128 1
1 164 1
27 239 6
178 204 4
1 244 1
126 188 126
41 55 1
1 193 1
146 251 1
130 145 79
121 197 44
116 192 1
73 76 6
127 208 40
3 105 3
49 176 44
23 73 6
60 156 60
14 85 14
3 132 3
55 76 6
102 183 11
57 148 2
6 162 1
7 30 7
1 15 1
151 153 1
147 217 3
127 163 1
96 187 1
39 208 11
64 109 4
26 137 6
77 88 2
79 135 3
122 141 1
68 158 1
1 236 1
137 144 1
116 134 1
122 237 1
53 241 2
48 101 1
106 108 60
136 145 3
103 176 1
157 245 3
141 160 9
28 215 1
96 160 96
81 186 2
48 117 3
89 251 2
8 18 8
60 233 1
42 187 4
2 167 2
38 207 2
55 138 4
36 183 1
2 63 2
138 177 14
142 224 2
102 169 1
18 105 6
119 196 14
9 33 9
16 202 16
84 245 84
133 161 39
46 69 46
132 252 14
183 251 39
130 198 79
41 206 41
124 249 6
101 128 1
48 123 4
16 82 1
225 246 14
3 173 3
97 221 1
76 197 1
1 210 1
3 37 3
64 132 14
110 137 4
71 138 2
2 166 2
106 256 1
206 215 41
2 55 2
31 95 7
171 189 70
3 130 3
7 79 2
13 204 13
3 38 3
17 189 2
121 225 1
130 170 79
32 204 2
66 88 1
77 237 2
58 190 4
80 150 1
190 195 1
12 113 12
73 77 8
20 87 20
57 158 1
32 246 2
19 147 1
39 254 39
128 252 2
169 228 1
141 241 1
69 72 41
134 148 1
2 12 2
1 99 1
2 119 2
48 209 3
68 196 2
3 223 3
2 54 2
172 203 1
194 235 4
1 95 1
46 215 46
110 238 2
33 67 9
107 133 11
190 232 1
12 110 4
11 23 2
1 77 1
89 228 3
30 61 20
148 241 2
129 223 82
181 254 2
1 246 1
25 93 25
4 138 4
54 202 1
21 136 21
38 109 4
167 195 1
7 87 7
15 20 7
101 155 9
3 245 3
82 151 1
45 182 1
154 160 1
117 147 3
28 255 3
4 27 4
141 213 1
58 75 2
92 183 1
127 226 2
36 57 1
179 239 1
3 90 3
93 249 6
122 193 1
8 137 8
85 139 4
126 167 2
130 202 1
147 254 2
82 127 2
144 183 1
10 55 3
51 126 6
87 154 2
91 93 6
123 152 4
38 212 4
73 129 3
23 24 6
95 142 7
1 232 1
42 256 4
102 133 11
70 150 40
4 188 4
13 70 2
19 80 19
75 115 1
2 82 2
109 189 2
71 180 1
30 113 2
156 242 9
27 233 6
116 158 44
26 227 4
86 252 1
70 95 2
118 211 2
160 246 1
64 111 1
34 169 1
45 124 1
126 170 3
45 185 1
206 217 1
37 167 2
35 86 35
132 143 4
73 150 2
128 245 2
117 166 117
87 165 2
112 191 1
16 86 1
181 194 4
40 230 2
4 227 4
96 101 9
117 145 117
39 67 1
204 233 6
40 160 1
3 157 3
107 204 2
70 146 1
63 254 39
1 225 1
112 133 11
61 172 2
83 254 2
72 180 1
84 85 4
199 252 1
91 256 6
23 27 6
6 73 6
145 154 145
97 183 1
141 178 1
38 178 38
13 240 6
75 193 2
126 207 2
114 148 2
205 251 2
32 57 2
9 96 9
92 110 1
4 140 4
150 155 1
17 120 1
70 207 70
5 50 1
50 145 3
70 216 1
2 83 2
51 90 6
29 94 1
113 164 6
203 216 1
116 157 1
7 213 2
56 167 56
73 114 6
2 152 2
207 229 2
181 217 3
53 201 2
210 235 14
4 48 4
26 242 1
137 140 4
109 219 1
85 236 4
9 160 9
63 194 2
102 148 2
25 132 4
156 172 1
26 34 1
89 147 4
106 241 1
6 42 4
112 216 1
91 151 1
12 45 1
18 149 1
17 191 1
7 199 1
3 17 3
1 84 1
52 128 2
82 172 82
98 126 1
105 217 3
194 203 1
184 206 1
129 205 82
156 223 1
24 222 24
39 238 2
171 246 2
249 256 6
30 176 1
207 208 40
41 215 41
61 141 1
10 166 3
65 225 1
80 195 80
9 205 1
2 230 2
89 181 4
61 249 2
50 54 13
31 192 2
46 166 1
175 213 2
76 102 2
11 248 1
14 190 14
11 133 11
91 163 1
188 224 2
120 149 1
4 143 4
46 212 1
44 247 44
19 120 19
141 191 141
37 110 14
8 90 6
211 230 2
2 57 2
70 246 2
148 204 2
6 239 6
159 189 11
14 252 14
79 220 1
190 230 14
1 113 1
93 104 4
133 214 11
50 73 13
102 251 11
61 185 61
135 244 3
195 221 1
86 133 1
25 196 4
46 169 46
91 105 6
112 167 112
147 197 1
29 112 1
21 42 21
152 244 3
141 146 9
37 227 14
1 235 1
52 235 2
41 43 1
91 150 2
64 206 1
7 142 7
107 189 40
10 26 3
58 161 2
49 139 1
223 227 3
134 203 1
44 97 44
189 251 11
66 215 1
2 74 2
103 156 60
70 137 2
32 224 2
85 190 14
7 92 1
52 244 2
8 169 1
52 211 2
14 147 14
7 32 7
18 240 6
215 242 1
16 93 1
1 245 1
37 234 2
19 170 1
8 194 4
14 186 14
3 28 3
1 25 1
72 236 1
122 224 1
59 201 1
24 164 6
51 61 2
20 81 20
25 211 2
72 134 41
37 64 14
57 91 3
51 193 25
3 4 3
23 108 1
35 121 35
170 229 117
126 157 3
49 91 1
3 136 3
112 207 11
6 76 6
134 231 1
155 203 1
196 234 2
193 204 6
120 141 1
13 84 13
171 184 2
148 166 2
100 243 1
182 200 46
98 175 1
73 242 1
117 174 2
1 162 1
24 249 24
48 181 6
121 228 1
208 231 2
33 207 1
72 232 41
70 107 40
69 215 46
69 228 1
151 180 45
107 183 11
48 236 4
118 235 14
19 232 19
25 137 6
45 251 1
151 243 45
180 212 1
64 143 4
150 248 1
224 254 2
196 239 4
26 55 26
211 248 1
118 123 118
217 231 3
170 188 3
176 234 1
86 250 86
93 199 1
73 231 3
160 192 1
85 245 4
7 254 2
150 195 1
28 79 3
58 192 3
24 73 24
18 73 8
53 110 2
157 189 2
2 191 1
9 221 1
61 200 1
26 56 2
3 166 3
1 181 1
173 238 2
26 240 6
12 141 1
60 160 60
131 141 1
2 8 2
165 168 1
32 42 2
85 113 4
125 159 11
157 193 3
91 238 2
120 201 1
101 246 1
29 188 1
109 126 12
13 92 1
178 193 4
69 169 46
124 255 6
107 152 2
35 237 1
18 84 8
89 172 3
19 163 1
2 250 1
200 204 1
130 247 1
2 23 2
189 241 189
218 248 1
52 218 1
91 169 1
219 242 9
9 167 1
95 195 1
103 155 9
38 136 14
27 211 2
222 243 1
37 71 2
101 250 1
158 185 1
1 102 1
56 79 2
75 185 75
65 122 1
27 149 1
168 252 1
124 163 1
63 208 11
7 61 7
34 200 1
50 77 8
16 207 1
52 175 20
3 18 3
109 167 2
200 249 1
115 138 1
42 246 14
23 161 2
68 149 1
24 215 1
61 219 1
12 17 4
45 121 44
153 254 1
49 221 1
6 110 4
108 214 1
56 112 56
88 153 1
29 217 1
178 247 1
12 74 2
9 218 1
45 168 44
80 196 1
20 256 2
246 252 14
213 223 2
132 194 4
181 186 4
125 138 2
18 93 6
29 39 1
15 175 7
44 49 44
137 249 13
240 256 6
179 191 1
168 251 1
104 177 104
221 234 1
203 209 1
110 114 4
3 205 3
37 211 2
83 88 2
150 238 2
23 195 1
39 184 2
112 161 11
133 237 11
4 25 4
180 218 1
48 187 6
32 239 2
190 237 2
1 13 1
36 214 1
9 254 1
197 244 1
43 137 13
118 136 14
13 114 6
132 140 14
45 140 1
146 234 1
121 252 1
177 205 3
84 228 3
4 236 4
58 110 4
58 128 2
84 213 2
1 18 1
129 222 3
35 98 35
68 167 11
83 244 2
44 116 44
40 240 2
26 162 1
64 210 14
70 125 70
40 183 11
119 230 119
35 97 35
134 162 1
172 185 2
4 126 4
84 249 84
140 189 2
155 256 1
20 175 20
108 120 1
77 118 4
19 72 19
125 254 11
123 235 14
34 67 9
36 134 1
77 160 1
15 61 7
1 212 1
57 218 1
26 39 2
204 220 1
29 40 1
58 166 3
60 216 9
18 139 8
10 246 3
92 204 1
153 162 9
123 154 3
20 185 20
66 243 44
11 57 2
91 97 1
4 245 4
36 156 1
255 256 6
47 74 2
66 103 1
60 169 1
27 96 1
124 132 4
2 50 2
69 208 1
103 166 1
8 120 1
17 249 4
97 156 1
21 109 4
107 237 40
135 197 1
15 87 7
69 166 1
233 252 4
58 73 4
207 254 11
29 99 1
74 88 2
25 100 2
24 50 13
105 205 3
168 170 1
33 136 1
63 102 11
131 229 1
89 236 89
36 179 1
181 249 13
76 91 6
67 119 1
82 202 1
115 179 1
136 245 4
36 92 1
11 127 11
139 198 3
7 66 1
177 235 14
21 90 4
7 90 2
69 115 1
49 212 1
41 97 1
14 200 1
35 156 1
73 243 1
66 115 44
6 7 2
217 256 3
45 97 45
203 214 1
15 52 7
28 219 1
2 124 2
70 169 1
34 89 1
143 225 4
5 106 1
25 240 6
4 91 4
151 247 44
8 86 1
122 212 1
4 217 3
229 241 2
197 240 1
198 244 3
149 240 1
233 244 3
3 206 1
142 167 2
25 175 2
4 12 4
98 238 1
126 236 4
4 68 2
18 135 6
15 109 2
59 229 1
126 144 1
110 158 1
1 157 1
88 224 2
111 194 1
159 207 11
90 239 6
1 229 1
31 160 1
2 47 2
92 111 1
57 216 1
4 182 1
150 209 2
201 221 1
17 156 1
39 70 11
11 112 11
229 245 3
41 169 41
110 143 4
135 241 2
4 157 3
19 92 19
32 142 7
166 228 3
115 181 1
90 242 1
26 43 6
110 252 14
141 233 1
201 251 2
16 158 1
166 248 1
72 79 1
159 193 2
66 145 1
103 158 1
24 186 4
155 243 1
147 198 3
88 185 2
1 119 1
183 247 1
79 170 79
83 159 2
152 204 13
2 222 2
52 58 2
103 209 1
18 54 8
67 206 1
130 180 1
105 147 4
173 248 1
6 124 6
11 198 2
16 236 1
4 102 2
113 200 1
16 52 1
91 188 6
26 217 3
164 254 2
141 171 1
65 179 1
27 245 6
18 214 2
28 37 3
239 240 6
17 29 1
3 217 3
180 247 44
81 124 2
159 163 1
146 155 9
36 153 1
128 210 2
45 48 1
10 154 3
1 73 1
7 38 2
131 206 41
217 223 3
3 193 3
2 91 2
193 242 1
77 91 8
189 196 2
84 89 4
8 213 2
52 87 20
1 160 1
70 78 1
66 203 1
127 156 1
62 224 62
78 181 1
11 52 2
47 162 1
15 42 2
80 197 1
16 162 16
11 245 2
53 224 53
94 157 1
156 233 1
3 128 2
135 225 4
34 120 1
129 208 2
58 93 4
98 144 1
80 104 1
245 249 245
163 196 1
246 251 2
145 198 117
113 187 6
1 107 1
80 86 1
3 42 3
61 118 2
118 134 1
89 123 4
89 133 2
10 157 3
22 45 1
27 189 2
234 253 2
180 197 45
1 90 1
43 148 2
50 139 13
112 224 2
42 202 1
37 241 2
36 126 1
52 229 2
73 138 4
219 246 1
188 229 3
2 154 2
17 114 4
26 124 6
18 43 8
202 219 9
170 181 3
19 99 19
110 225 14
24 95 2
130 235 3
77 223 3
226 245 2
61 85 2
35 68 1
23 239 23
107 135 2
120 233 1
8 91 8
23 238 2
17 124 4
22 247 1
67 126 1
173 228 3
207 233 2
8 38 4
43 46 1
29 108 1
139 179 1
8 216 1
95 119 2
58 89 58
7 163 1
13 86 1
246 248 1
56 221 1
48 246 4
2 164 2
1 152 1
13 35 1
125 181 2
195 206 41
169 194 1
40 237 40
54 57 3
30 238 2
59 220 1
13 178 4
63 175 2
168 245 1
58 240 4
92 232 92
133 135 2
67 80 1
146 151 1
46 66 1
175 245 2
55 154 3
8 207 2
89 235 4
110 117 3
148 152 2
2 40 2
86 211 1
60 172 1
33 212 1
67 199 9
86 255 1
63 229 2
122 179 1
180 236 1
96 191 9
57 108 1
2 68 2
191 250 1
2 90 2
55 143 4
48 189 2
143 221 1
156 158 1
2 229 2
2 178 2
1 82 1
35 49 35
108 163 108
28 222 3
31 246 2
9 140 1
10 180 1
37 173 14
209 217 3
1 139 1
83 112 2
19 173 1
127 137 2
31 142 20
60 153 9
84 240 6
40 98 1
24 27 6
55 144 1
50 227 4
110 247 1
117 201 79
74 183 2
119 246 14
36 248 1
91 242 1
89 204 4
23 235 4
156 240 1
45 102 1
17 76 4
142 184 2
113 135 6
51 136 4
44 113 1
151 252 1
30 237 2
195 218 1
50 91 13
130 248 1
53 123 2
102 125 40
176 195 1
2 25 2
151 185 1
34 216 9
21 196 14
61 234 2
5 163 1
56 183 11
92 146 1
80 205 1
225 228 3
130 207 2
165 246 14
93 245 6
114 203 1
11 102 11
9 45 1
151 163 1
120 228 1
145 201 79
169 184 1
177 202 1
161 189 11
17 166 3
89 136 4
11 49 1
10 51 3
136 246 14
178 226 2
131 199 1
103 150 1
76 105 76
8 73 8
84 193 6
133 183 39
3 48 3
68 208 68
102 249 2
207 228 2
41 46 41
31 122 1
88 142 2
180 225 1
40 111 1
9 248 9
142 215 1
31 167 2
50 236 4
52 241 2
174 250 1
150 196 2
150 192 2
11 179 1
131 136 1
183 228 2
8 129 3
1 68 1
85 92 1
12 173 4
63 222 2
226 235 2
11 68 11
78 106 9
12 187 6
58 228 3
70 171 70
142 172 2
103 118 1
150 163 1
4 253 4
119 232 1
104 230 14
44 95 1
20 31 20
17 74 2
67 231 1
66 104 1
41 66 1
156 175 1
22 233 1
184 221 1
148 189 2
26 193 26
29 69 1
195 246 1
61 110 2
12 217 3
15 47 2
116 203 1
3 154 3
190 253 21
65 186 1
79 83 2
143 159 2
225 247 1
97 101 1
60 163 60
103 148 1
76 191 1
173 219 1
30 180 1
1 169 1
54 169 1
211 222 2
70 93 2
23 141 1
43 225 4
225 227 14
141 226 1
117 229 117
90 193 6
218 221 1
178 234 2
143 238 2
88 200 1
84 227 4
70 120 1
42 170 3
182 195 46
148 180 1
7 115 1
161 214 11
158 191 1
41 214 1
63 220 1
127 205 2
47 140 14
2 210 2
18 69 1
168 243 44
11 70 11
74 78 1
172 189 2
93 124 6
140 249 4
127 234 2
83 89 2
124 230 4
40 161 11
87 195 1
143 157 3
181 204 181
67 245 1
39 212 2
38 213 2
78 149 9
94 202 94
90 195 1
61 142 61
131 143 1
35 190 1
130 221 1
58 196 4
163 197 1
54 66 1
7 227 2
31 87 20
120 164 1
49 116 44
72 220 1
48 197 1
75 138 2
100 128 2
14 246 14
9 19 1
198 209 198
59 248 1
63 112 11
113 181 6
69 130 1
52 129 2
39 214 11
81 108 1
149 176 1
8 47 4
112 214 112
15 25 2
122 165 1
64 220 1
169 217 1
22 129 1
1 57 1
3 140 3
95 169 1
189 208 40
233 250 1
104 165 14
4 113 4
34 113 1
10 170 3
23 76 23
157 177 3
37 243 1
94 180 1
32 160 1
24 124 6
136 168 1
25 123 4
8 201 3
115 243 44
102 246 2
111 182 1
11 148 2
147 240 4
135 231 3
12 21 4
103 226 1
223 250 1
104 180 1
97 192 1
134 169 134
62 228 2
86 158 44
203 256 1
95 245 2
49 170 1
107 141 1
72 122 1
2 85 2
11 56 11
51 256 51
113 140 4
80 134 80
10 28 3
20 251 2
211 235 2
198 222 3
188 212 6
163 179 1
123 173 123
41 218 1
115 219 1
15 128 2
8 42 4
58 230 4
21 26 4
51 106 1
13 129 3
60 132 1
172 179 1
1 147 1
158 188 1
104 246 104
2 201 2
136 165 14
147 174 2
45 119 1
14 42 14
207 231 2
147 250 1
150 222 2
100 255 2
151 198 1
20 147 2
2 107 2
118 208 2
4 135 4
65 203 65
159 205 2
57 69 1
1 101 1
59 94 1
132 217 3
142 219 1
99 159 1
67 237 1
129 249 3
40 85 2
35 186 1
80 237 1
107 169 1
1 45 1
43 249 13
17 236 17
59 100 1
84 241 2
46 235 1
4 7 2
15 30 7
12 212 6
53 104 2
218 235 1
26 220 1
206 220 1
124 198 3
4 204 4
2 227 2
78 117 1
103 180 1
54 94 1
23 122 1
71 162 1
21 130 3
40 242 1
34 232 1
110 165 14
1 190 1
2 93 2
1 214 1
191 201 1
82 131 1
66 247 66
15 235 2
7 150 2
164 171 2
115 116 44
52 198 2
45 151 45
30 205 2
103 218 1
144 158 1
192 233 3
191 236 1
64 73 4
68 102 68
15 79 2
9 146 9
133 159 11
9 21 1
169 226 1
164 190 4
215 233 1
173 236 4
88 211 88
14 221 1
2 135 2
6 143 4
143 148 2
57 60 1
83 128 2
50 239 6
101 209 1
43 222 13
210 211 2
128 225 2
13 33 1
40 208 40
131 213 1
52 234 2
251 254 251
17 135 4
94 248 94
159 191 1
167 208 11
33 164 1
16 27 1
4 177 4
34 152 1
147 236 4
111 184 1
146 208 1
3 123 3
46 222 1
1 194 1
8 152 8
167 189 11
39 159 11
20 75 20
121 247 44
59 65 1
54 171 2
146 212 1
219 237 1
1 49 1
7 179 1
100 102 100
79 114 3
4 158 1
133 254 133
92 181 1
82 168 1
59 232 1
131 211 1
39 41 1
192 217 3
49 136 1
39 237 11
22 153 9
5 147 1
89 158 1
9 156 9
49 65 1
71 211 2
234 235 2
59 167 1
182 191 1
217 253 3
124 142 2
130 220 1
84 111 1
57 198 3
34 91 1
1 123 1
4 18 4
108 141 9
68 254 11
172 234 2
48 90 6
9 121 1
48 249 6
81 217 2
51 69 1
2 203 1
41 131 41
51 110 4
97 165 1
133 243 1
74 184 2
53 218 1
92 249 1
17 129 3
41 195 41
171 223 2
88 130 2
169 224 1
109 212 6
76 239 76
1 26 1
51 163 1
241 251 11
235 250 1
199 204 1
164 193 6
198 227 3
39 125 11
45 62 1
63 195 1
171 199 1
2 214 2
78 144 1
69 119 1
1 180 1
60 209 1
77 245 8
45 101 1
73 109 6
4 154 3
3 139 3
86 143 1
16 208 1
187 196 4
72 92 41
119 156 1
91 198 3
174 185 2
4 17 4
74 219 1
47 132 14
146 242 9
34 162 9
27 75 2
2 256 2
67 242 9
24 105 6
173 210 14
19 206 19
57 209 3
142 156 1
97 167 1
106 147 1
60 146 60
58 183 2
77 90 6
77 109 6
11 117 2
63 213 2
52 249 2
149 236 1
202 209 1
68 240 2
25 27 25
149 155 9
226 227 2
2 253 2
82 86 1
70 238 2
8 249 8
123 160 1
1 61 1
5 11 1
84 205 3
28 193 3
163 202 9
169 220 1
133 186 2
3 85 3
35 115 35
101 153 9
220 248 9
14 173 14
9 61 1
32 245 2
4 137 4
82 228 82
166 213 2
130 143 3
126 195 1
29 198 1
4 237 2
92 166 1
43 207 2
32 210 2
9 30 1
97 144 1
19 198 1
27 235 4
80 151 1
10 187 3
178 194 4
118 205 3
129 178 3
8 190 4
54 222 54
152 189 2
39 45 1
120 251 1
77 125 2
93 213 2
61 75 61
29 41 1
133 177 2
126 247 1
49 158 44
28 90 3
3 249 3
50 249 13
8 203 1
45 50 1
47 143 4
97 105 1
53 251 2
47 125 2
29 221 1
64 146 1
67 216 9
47 210 14
146 199 9
147 228 3
186 210 14
5 105 1
14 21 14
27 176 1
3 124 3
19 44 1
53 65 1
77 84 8
199 211 1
143 245 4
15 255 2
76 224 2
167 184 2
85 173 47
43 196 4
196 218 1
44 143 1
40 241 40
126 203 1
81 98 1
74 120 1
23 226 2
79 159 2
92 206 41
77 202 1
2 173 2
242 252 1
149 220 9
16 231 1
12 46 1
155 191 9
133 247 1
15 75 7
100 131 1
36 199 1
66 99 1
52 64 2
67 163 9
27 140 4
70 164 2
30 109 2
2 26 2
62 165 2
21 128 2
69 98 1
171 230 2
44 208 1
18 147 4
4 38 4
15 247 1
95 137 2
12 76 6
177 238 2
186 219 1
71 218 1
4 190 4
112 190 2
11 125 11
11 171 11
159 229 2
46 248 1
52 78 1
104 183 2
223 256 3
116 131 1
138 180 1
47 186 47
38 67 1
102 241 40
119 255 4
110 219 1
130 253 3
8 240 6
52 148 7
116 199 1
119 225 119
85 90 4
16 166 1
23 98 1
110 213 2
31 188 2
71 119 2
9 43 1
201 226 2
102 245 2
98 207 1
65 185 1
79 166 79
1 241 1
35 36 1
131 209 1
110 198 3
17 227 4
124 190 4
162 239 1
20 126 2
131 244 1
100 124 2
3 181 3
14 90 4
143 173 4
21 85 14
212 214 2
1 136 1
97 121 44
70 185 2
18 222 8
4 164 4
61 227 2
103 152 1
28 165 3
125 256 2
57 70 2
4 50 4
235 253 14
230 255 4
90 243 1
42 158 1
155 174 1
91 245 24
79 130 79
56 171 11
181 246 4
3 50 3
118 168 1
90 217 3
44 170 1
70 127 40
161 202 1
78 166 1
56 70 11
113 168 1
190 215 1
84 186 4
79 118 3
191 223 1
18 180 1
119 189 2
3 70 2
25 48 6
25 138 4
183 206 1
234 249 2
25 80 1
2 104 2
127 157 2
14 178 14
125 157 2
74 192 2
71 133 2
87 243 1
10 57 10
201 209 79
2 204 2
92 99 46
114 188 6
6 188 6
89 139 4
71 200 1
81 229 2
33 46 1
89 140 4
7 12 2
1 175 1
34 109 1
188 221 1
73 133 2
44 89 1
2 170 2
22 191 9
84 239 6
42 253 42
138 217 3
86 166 1
86 231 1
150 219 1
9 242 9
79 209 79
135 250 1
92 131 46
119 179 1
40 232 1
12 186 4
107 231 2
156 247 1
78 202 9
37 74 2
25 154 3
160 227 1
149 165 1
4 256 4
102 194 2
46 154 1
19 32 1
159 241 11
49 195 1
191 256 1
17 241 2
58 141 1
104 136 14
25 139 6
6 187 6
28 53 2
100 214 11
2 51 2
179 254 1
13 156 1
229 238 2
63 226 2
20 176 1
53 83 53
1 112 1
45 180 45
211 231 2
111 154 1
58 124 4
3 116 1
98 134 1
6 79 3
34 173 1
24 84 24
84 135 6
85 163 1
138 178 14
90 230 4
115 233 1
166 231 3
64 195 1
3 91 3
72 98 1
58 178 4
129 189 2
28 129 3
31 232 1
163 180 1
15 185 7
70 154 2
152 216 1
95 246 2
231 256 3
94 184 1
98 221 1
29 60 1
22 252 1
1 54 1
55 157 3
83 206 1
187 207 2
189 233 2
123 165 14
110 235 14
125 208 40
65 130 1
88 184 88
115 160 1
149 242 149
45 107 1
94 229 1
141 158 1
30 60 1
46 203 1
40 220 1
4 47 4
90 152 6
5 211 1
215 226 1
54 84 54
11 16 1
14 50 4
107 222 2
81 199 1
153 220 9
12 22 1
98 168 44
131 220 1
30 133 2
26 76 6
99 128 1
23 101 1
104 228 3
1 173 1
18 158 1
60 248 9
67 228 1
70 157 2
150 189 40
218 245 1
165 170 3
188 190 4
4 173 4
54 105 6
70 103 1
35 178 1
9 122 1
168 247 44
94 118 1
140 183 2
124 185 2
46 189 1
56 191 1
92 190 1
26 74 2
134 215 46
32 87 7
39 100 11
102 214 11
94 231 1
199 202 9
59 131 1
165 180 1
17 79 3
124 223 3
13 119 4
7 95 7
10 223 3
84 112 2
67 141 9
144 153 1
22 51 1
8 33 1
76 123 4
2 192 2
68 238 2
163 253 1
123 184 2
17 133 2
2 48 2
35 122 1
200 217 1
167 203 1
196 236 4
31 163 1
105 225 4
76 228 3
44 111 1
87 226 2
40 102 40
118 178 14
119 135 4
104 233 4
1 224 1
185 223 2
76 137 6
7 196 2
136 210 14
80 163 1
208 254 11
38 149 1
151 225 1
34 111 1
61 128 2
205 248 1
235 255 4
206 250 1
66 245 1
239 249 6
56 160 1
30 220 1
93 246 4
37 238 2
159 240 2
40 81 2
92 197 1
88 100 2
180 201 1
72 233 1
36 231 1
83 139 2
22 225 1
59 96 1
82 140 3
29 248 1
94 217 1
10 207 2
127 174 2
39 112 11
74 132 2
232 249 1
81 85 2
25 41 1
102 207 40
198 250 1
26 186 4
14 89 4
26 249 6
243 253 1
16 199 9
44 151 44
132 142 2
176 187 1
5 218 1
1 20 1
30 229 2
43 215 1
47 212 4
38 168 1
207 245 2
89 114 4
178 250 1
8 255 8
15 167 2
197 226 1
1 104 1
85 110 14
115 248 1
104 247 1
124 173 4
4 233 4
48 230 4
76 77 6
196 200 1
219 248 9
15 241 2
88 171 2
167 186 2
199 206 1
136 217 3
121 242 1
4 160 1
90 199 1
2 254 2
190 196 14
42 122 1
150 246 2
145 159 2
100 189 40
108 183 1
204 222 13
43 83 2
125 136 2
123 230 123
19 40 1
51 227 4
208 234 2
145 185 2
129 145 3
167 251 11
120 188 1
168 178 1
44 61 1
2 17 2
55 238 2
107 207 40
3 185 2
12 69 1
3 89 3
84 127 2
29 200 1
169 203 1
115 225 1
6 235 4
79 172 3
41 101 1
3 13 3
17 110 4
212 215 1
24 77 8
81 219 1
2 71 2
100 145 2
191 203 1
193 228 3
83 143 2
43 119 4
104 194 4
87 204 2
108 242 9
86 218 1
110 169 1
106 202 9
3 77 3
162 219 9
66 68 1
31 57 2
212 233 6
78 96 9
2 245 2
69 126 1
187 224 2
113 170 3
12 50 6
210 252 14
40 255 2
1 204 1
7 154 2
2 73 2
28 250 1
214 216 1
105 256 6
122 203 1
161 213 2
160 244 1
61 213 2
14 177 14
107 150 40
200 218 1
177 223 3
25 55 25
92 182 46
34 119 1
182 235 1
83 219 1
57 229 3
147 192 3
97 191 1
108 253 1
6 208 2
19 134 19
183 184 2
53 238 2
48 149 1
66 184 1
122 155 1
150 161 11
107 174 2
43 183 2
199 242 9
70 249 2
77 86 1
20 99 1
51 147 4
204 247 1
48 114 6
7 245 2
132 222 4
107 125 40
70 114 2
176 179 1
56 184 2
133 251 133
32 208 2
51 68 2
22 195 1
162 251 1
175 209 2
14 22 1
48 103 1
24 135 6
183 201 2
175 179 1
135 246 4
99 222 1
12 194 4
109 180 1
29 36 1
63 166 2
48 60 1
90 252 4
166 246 3
74 187 2
165 227 14
74 84 2
5 115 1
140 195 1
11 129 2
89 216 1
192 194 3
34 79 1
1 126 1
31 129 2
137 236 4
163 241 1
46 116 1
131 250 1
33 167 1
175 219 1
50 162 1
88 207 2
8 239 6
83 133 2
12 35 1
24 125 2
86 215 1
63 215 1
68 125 40
1 254 1
83 252 2
152 185 2
153 219 9
198 211 2
90 177 4
1 91 1
5 112 1
177 224 2
45 158 44
85 166 3
47 253 14
58 107 2
54 249 54
89 131 1
50 102 2
37 189 2
2 77 2
20 161 2
27 173 4
31 185 20
201 229 79
5 62 1
116 249 1
88 247 1
57 113 3
135 150 2
2 129 2
13 44 1
222 245 222
9 84 1
101 193 1
89 135 4
58 251 2
13 218 1
57 107 2
63 128 2
4 181 4
46 251 1
186 222 4
35 144 1
1 38 1
50 89 4
70 195 1
1 231 1
26 99 1
35 151 35
165 196 14
86 157 1
59 101 1
114 182 1
12 124 6
114 172 3
86 97 45
91 160 1
93 105 6
122 249 1
138 169 1
17 194 17
52 137 2
80 171 1
31 248 1
139 201 3
2 27 2
1 222 1
96 249 1
49 127 1
32 229 2
80 103 1
13 222 13
187 232 1
21 140 14
24 154 3
249 255 13
188 227 4
80 102 1
189 220 1
108 172 1
136 156 1
33 34 9
95 193 2
90 110 4
80 243 1
61 81 20
146 224 1
2 194 2
50 199 1
96 104 1
35 165 1
12 56 2
180 200 1
90 211 2
3 31 2
2 113 2
127 150 127
42 193 4
175 252 2
4 252 4
90 136 4
1 40 1
48 233 6
73 253 4
206 240 1
63 159 11
61 121 1
36 230 1
105 153 1
118 154 3
201 216 1
30 200 1
57 123 3
5 206 1
5 92 1
68 187 2
65 164 1
171 185 2
19 184 1
139 227 4
58 102 2
15 45 1
114 127 2
6 31 2
13 180 1
170 206 1
32 110 2
245 252 4
96 248 9
136 152 4
61 181 2
1 197 1
194 214 2
68 95 2
81 253 2
137 152 13
22 108 22
98 122 1
8 93 6
86 192 1
40 249 2
90 149 1
163 168 1
33 84 1
27 251 2
24 236 4
80 85 1
97 176 44
73 81 2
70 201 2
147 230 14
157 192 3
100 150 40
20 252 2
61 88 2
55 242 1
135 187 6
7 59 1
126 204 6
4 23 4
22 160 22
55 113 6
23 186 4
123 256 4
22 65 1
4 235 4
6 249 6
82 156 1
85 140 14
17 150 2
163 216 9
45 174 1
75 133 2
61 143 2
41 114 1
5 133 1
39 46 1
12 197 1
14 55 4
47 119 47
20 64 2
222 249 222
107 153 1
81 238 2
105 249 6
31 169 1
41 231 1
105 177 4
47 177 14
89 122 1
132 169 1
51 84 6
50 252 4
119 172 3
189 226 2
94 200 1
100 148 2
2 16 1
65 249 1
90 236 4
48 184 2
124 239 6
63 236 2
32 176 1
124 155 1
60 222 1
95 196 2
4 51 4
6 38 4
94 198 1
6 123 4
11 178 2
72 255 1
115 247 44
63 93 2
144 168 1
39 80 1
98 191 1
68 227 2
95 129 2
94 128 1
234 237 2
11 240 2
1 140 1
176 184 1
16 205 1
189 254 11
145 256 3
39 75 2
211 246 2
91 144 1
1 143 1
89 245 4
171 217 2
30 79 2
41 170 1
84 180 1
132 198 3
75 88 2
2 171 2
108 202 9
12 44 1
147 212 4
51 86 1
71 81 2
1 209 1
157 180 1
96 137 1
72 81 1
235 240 4
200 221 1
30 224 2
2 136 2
179 180 1
117 223 3
58 169 1
38 196 38
223 244 223
61 233 2
141 200 1
33 233 1
180 230 1
1 23 1
26 148 2
77 117 3
13 252 4
13 18 8
14 110 14
2 196 2
157 223 3
23 252 4
4 110 4
210 231 3
12 249 6
190 254 2
106 181 1
161 218 1
123 161 2
9 57 1
147 249 4
52 174 2
29 42 1
106 227 1
107 223 2
3 22 1
35 197 35
2 139 2
57 61 2
36 182 1
206 248 1
8 19 1
67 196 1
80 161 1
42 71 2
26 82 3
195 237 1
28 254 2
8 11 2
33 215 1
77 142 2
27 215 1
49 111 1
145 240 3
5 130 1
90 176 1
37 123 14
42 218 1
55 227 4
54 85 4
16 141 9
113 234 2
172 247 1
60 173 1
57 224 2
112 174 2
78 216 9
14 256 4
127 237 40
2 76 2
50 81 2
159 208 11
38 197 1
28 43 3
119 173 119
204 255 13
35 213 1
51 53 2
24 54 24
65 80 1
39 225 2
121 210 1
21 175 2
24 171 2
68 111 1
84 244 3
89 157 3
155 158 1
29 206 1
34 253 1
79 163 1
106 137 1
12 175 2
140 237 2
89 177 4
80 155 1
90 165 4
16 149 9
53 63 2
121 145 1
120 204 1
19 34 1
178 236 4
79 202 1
33 216 9
123 132 14
40 190 2
9 220 9
48 192 3
100 221 1
14 117 3
139 211 2
82 148 2
29 218 1
125 231 2
7 20 7
120 200 19
14 175 2
44 129 1
16 253 1
115 162 1
82 106 1
172 216 1
179 207 1
61 107 2
216 237 1
56 180 1
190 246 14
20 33 1
45 116 44
133 148 2
38 57 3
70 206 1
47 136 14
141 220 9
100 188 2
115 176 44
50 243 1
61 222 2
12 84 6
192 200 1
43 101 1
75 181 2
3 256 3
131 191 1
8 173 4
38 116 1
155 173 1
2 143 2
3 84 3
41 232 41
2 95 2
2 233 2
59 174 1
159 238 2
98 158 44
27 114 27
59 98 1
42 252 14
60 219 9
95 228 2
1 110 1
172 241 2
33 118 1
31 253 2
84 88 2
194 232 1
66 131 1
91 190 4
202 216 9
113 202 1
2 246 2
165 230 14
28 225 3
90 256 6
89 110 4
114 175 2
60 240 1
100 167 11
229 236 3
176 256 1
24 255 13
128 167 2
44 136 1
147 246 14
183 205 2
61 74 2
20 109 2
62 91 2
185 194 2
25 54 6
160 219 9
56 238 2
130 237 2
67 69 1
87 184 2
7 49 1
2 190 2
196 210 14
14 47 14
108 212 1
39 229 2
39 152 2
89 224 2
79 198 79
101 242 9
32 146 1
95 117 2
8 245 8
18 118 4
5 34 1
122 170 1
23 132 4
58 68 2
215 255 1
71 248 1
164 242 1
32 162 1
17 204 4
9 228 1
41 179 1
10 197 1
147 193 4
162 181 1
111 190 1
51 109 6
61 218 1
112 143 2
143 223 3
119 227 14
21 207 2
19 87 1
148 211 2
51 154 3
153 165 1
46 211 1
16 37 1
7 209 2
56 237 11
62 142 2
89 93 4
44 67 1
160 191 9
44 118 1
145 196 3
22 30 1
164 210 4
68 213 2
2 118 2
1 64 1
123 193 4
7 112 2
45 89 1
51 238 2
47 93 4
72 234 1
69 114 1
61 217 2
40 226 2
86 180 45
139 218 1
210 256 4
16 115 1
19 139 1
36 113 1
1 100 1
23 53 2
98 176 44
64 197 1
148 245 2
102 198 2
69 105 1
63 144 1
43 199 1
18 71 2
117 206 1
32 182 1
154 217 3
67 83 1
80 215 46
92 141 1
174 253 2
177 191 1
147 177 14
59 114 1
17 177 4
35 249 1
36 204 1
58 186 4
237 254 11
95 236 2
186 217 3
45 176 44
58 174 2
41 158 1
1 187 1
49 159 1
66 255 1
165 173 14
140 222 4
38 161 2
65 202 1
40 235 2
168 254 1
83 102 2
33 172 1
214 237 11
220 236 1
49 229 1
154 208 2
4 202 1
208 225 2
28 167 2
106 240 1
74 167 2
14 230 14
108 182 1
69 80 46
116 120 1
77 173 4
128 254 2
68 175 2
154 243 1
19 116 1
102 116 1
76 158 1
171 253 2
181 213 2
111 227 1
53 230 2
6 50 6
47 96 1
91 153 1
120 151 1
40 164 2
199 219 9
13 120 1
12 190 4
39 252 2
96 206 1
64 253 14
52 107 2
26 27 26
84 138 4
62 199 1
250 252 1
209 248 1
70 225 2
60 116 1
127 241 40
170 176 1
144 161 1
122 162 1
18 142 2
188 241 2
14 214 2
195 200 195
208 238 2
1 256 1
89 198 3
167 194 2
160 206 1
155 193 1
36 80 1
140 253 14
82 117 3
82 170 3
71 212 2
155 200 1
36 73 1
4 54 4
162 236 1
39 242 1
20 163 1
36 39 1
111 170 1
248 251 1
2 249 2
96 111 1
126 243 1
115 175 1
4 43 4
13 22 1
122 201 1
36 132 1
115 124 1
85 176 1
81 131 1
71 233 2
76 127 2
38 45 1
26 164 6
37 43 4
82 244 82
44 242 1
38 229 3
24 219 1
66 158 44
208 219 1
6 55 6
6 209 3
25 30 2
84 214 2
108 176 1
10 151 1
67 193 1
171 239 2
32 181 2
97 205 1
78 160 9
177 204 4
167 230 2
14 16 1
12 193 6
160 242 9
84 109 6
3 161 2
6 119 4
110 112 2
44 46 1
39 251 39
101 154 1
19 209 1
58 84 4
58 218 1
238 240 2
81 148 7
155 182 1
85 97 1
103 151 1
183 209 2
71 190 2
57 117 3
83 167 2
174 209 2
100 241 40
63 238 2
140 235 14
214 251 11
43 213 2
46 134 46
85 135 4
10 140 3
2 97 1
50 74 2
56 133 11
178 239 4
161 242 1
110 180 1
17 67 1
80 244 1
84 184 2
55 234 2
41 204 1
153 199 9
10 111 1
77 182 1
4 230 4
15 88 2
106 230 1
32 128 2
91 139 13
97 247 44
21 186 14
5 110 1
22 255 1
7 203 1
181 207 2
44 252 1
171 228 2
29 228 1
42 140 14
68 105 2
101 216 9
167 212 2
101 225 1
57 232 1
23 127 2
80 200 80
16 247 1
17 103 1
11 88 2
99 167 1
125 252 2
105 239 105
88 199 1
26 75 2
42 78 1
32 175 7
143 180 1
123 217 3
116 141 1
110 203 1
155 242 9
86 203 1
132 223 3
150 227 2
81 128 2
4 40 2
122 223 1
85 208 2
38 169 1
75 148 7
146 217 1
205 231 205
29 131 1
9 233 1
123 213 2
28 142 2
25 202 1
107 136 2
124 162 1
71 116 1
239 252 4
39 40 11
131 158 1
101 115 1
90 194 4
158 236 1
46 83 1
2 205 2
236 246 4
10 181 3
40 207 40
133 172 2
119 216 1
121 218 1
78 182 1
202 256 1
20 139 2
149 196 1
99 244 1
109 170 3
177 180 1
173 222 4
201 208 2
61 64 2
6 222 6
98 166 1
109 190 4
112 183 11
42 45 1
12 57 3
203 212 1
126 249 6
91 202 1
1 93 1
219 226 1
12 39 2
48 150 2
97 236 1
135 185 2
57 228 3
73 135 6
32 119 2
103 112 1
72 241 1
84 242 1
3 194 3
54 144 1
64 119 14
137 241 2
48 107 2
48 212 6
63 169 1
48 213 2
4 196 4
138 252 14
93 225 4
6 99 1
98 183 1
66 254 1
106 173 1
82 192 82
123 194 4
172 184 2
7 46 1
26 66 1
115 151 44
8 106 1
24 214 2
124 229 3
27 196 4
63 125 11
107 251 11
85 220 1
170 251 2
190 231 3
161 256 2
69 152 1
49 230 1
29 116 1
65 215 1
86 246 1
114 192 3
52 220 1
146 150 1
16 103 9
108 171 1
169 241 1
139 171 2
28 244 3
3 248 1
58 221 1
190 227 14
204 240 6
235 242 1
71 111 1
89 209 3
99 200 46
112 227 2
189 214 11
67 154 1
30 37 2
218 228 1
13 217 3
77 124 6
138 209 3
20 165 2
130 175 2
45 126 1
55 240 6
16 179 1
140 230 14
56 110 2
56 69 1
86 204 1
106 199 9
5 144 1
23 33 1
193 230 4
107 241 40
10 134 1
49 255 1
76 136 4
245 253 4
11 83 2
60 218 1
152 182 1
121 232 1
23 145 3
100 224 2
128 198 2
100 106 1
13 172 3
4 62 2
22 148 1
108 167 1
112 237 11
172 223 172
86 144 1
35 146 1
44 117 1
162 242 9
34 60 9
150 210 2
20 166 2
166 173 3
38 218 1
136 140 14
91 126 6
180 229 1
124 241 2
19 152 1
106 233 1
53 227 2
16 131 1
119 195 1
47 157 3
113 177 4
75 145 2
32 185 7
10 18 3
3 210 3
37 183 2
103 188 1
182 220 1
55 111 1
133 253 2
107 232 1
252 253 14
67 149 9
70 153 1
76 114 6
23 58 4
73 104 4
18 252 4
182 221 1
67 208 1
2 75 2
36 245 1
83 221 1
18 184 2
19 129 1
81 213 2
4 85 4
3 251 2
19 100 1
85 235 14
191 216 9
117 234 2
70 250 1
151 217 1
177 221 1
167 209 2
13 188 6
176 189 1
194 253 4
66 224 1
142 253 2
19 23 1
92 159 1
87 107 2
48 207 2
164 196 4
76 101 1
70 88 2
102 124 2
34 222 1
53 147 2
35 161 1
64 85 14
100 178 2
155 171 1
243 254 1
2 109 2
56 203 1
64 103 1
69 107 1
18 97 1
126 173 4
42 224 2
26 128 2
149 164 1
47 118 47
160 181 1
80 178 1
20 73 2
107 226 2
28 128 2
130 194 3
53 163 1
75 95 7
63 230 2
40 153 1
128 224 2
27 131 1
138 165 14
101 106 9
115 129 1
25 229 3
47 123 47
8 89 4
120 125 1
116 154 1
10 251 2
120 237 1
11 120 1
158 175 1
64 86 1
134 221 1
96 216 9
117 216 1
98 173 1
93 100 2
12 112 2
4 156 1
143 202 1
61 102 2
194 217 3
91 171 2
50 204 13
31 120 1
34 47 1
198 231 3
30 186 2
104 125 2
59 152 1
131 222 1
79 205 3
45 145 1
26 234 2
6 20 2
60 168 1
32 228 2
82 157 3
68 237 40
93 190 4
111 206 1
15 32 15
212 219 1
210 230 14
50 226 2
45 112 1
24 178 4
78 255 1
83 114 2
10 210 3
2 212 2
110 173 14
222 256 6
83 177 2
167 248 1
8 172 3
63 69 1
32 234 2
109 239 6
183 207 11
51 212 6
129 150 2
43 139 13
231 246 3
36 99 1
46 253 1
205 252 3
43 211 2
147 222 4
27 102 2
57 245 3
164 219 1
205 243 1
10 131 1
203 218 1
11 216 1
162 216 9
197 221 1
88 156 1
34 206 1
134 229 1
67 158 1
1 103 1
125 165 2
55 109 6
178 216 1
238 241 2
100 177 2
188 244 3
48 176 1
70 214 11
52 82 2
197 215 1
2 84 2
105 134 1
70 161 11
173 243 1
35 232 1
94 172 1
11 156 1
164 215 1
99 149 1
1 191 1
45 165 1
28 75 2
27 249 6
170 220 1
66 171 1
123 210 14
244 247 1
19 51 1
38 171 2
150 230 2
105 131 1
59 158 1
16 233 1
83 238 2
94 110 1
21 64 14
3 198 3
149 203 1
97 110 1
225 235 14
75 136 2
126 129 3
73 147 4
95 209 2
143 227 4
164 188 6
59 181 1
90 233 90
40 113 2
156 202 9
193 194 4
3 225 3
237 242 1
9 249 1
23 31 2
143 165 4
132 210 14
4 88 2
159 234 2
18 72 1
53 173 2
30 54 2
208 252 2
14 199 1
119 204 4
55 189 2
104 109 4
20 230 2
38 79 3
107 171 40
92 211 1
12 256 6
102 115 1
3 93 3
50 109 6
159 218 1
4 221 1
14 39 2
28 50 3
98 165 1
64 207 2
110 189 2
7 68 2
127 217 2
17 88 2
237 244 2
189 193 2
23 249 6
52 85 2
90 215 1
39 146 1
42 209 3
54 96 1
217 244 3
85 104 14
83 163 1
126 212 6
58 95 2
37 83 2
86 186 1
201 206 1
1 48 1
55 95 2
1 237 1
101 208 1
36 38 1
142 203 1
143 147 4
83 186 2
73 139 13
213 229 2
146 154 1
61 246 2
33 220 9
136 141 1
204 241 2
20 170 2
43 197 1
87 233 2
33 228 1
45 197 45
124 228 3
121 143 1
155 167 1
58 203 1
28 196 3
86 98 44
94 141 9
5 39 1
197 238 1
21 178 14
63 130 2
83 91 2
2 216 1
209 229 117
118 173 118
238 242 1
159 167 159
23 103 1
179 238 1
9 102 1
149 194 1
35 93 1
34 58 1
36 51 1
24 230 4
8 115 1
35 83 1
118 161 2
36 56 1
25 36 1
50 137 13
4 206 1
143 218 1
146 183 1
18 20 2
68 83 2
78 199 9
118 253 14
3 75 2
46 214 1
52 217 2
193 239 6
101 142 1
81 87 20
41 186 1
19 123 1
12 139 6
62 192 2
1 196 1
76 139 6
3 230 3
119 235 14
134 233 1
12 48 12
134 143 1
26 143 4
231 255 3
128 216 1
89 124 4
5 131 1
93 140 4
98 231 1
88 235 2
132 212 4
30 165 2
47 194 4
71 225 2
116 135 1
128 173 2
69 111 1
207 240 2
43 181 13
87 144 1
157 215 1
40 104 2
136 253 136
91 241 2
3 184 2
43 250 1
76 121 1
105 124 6
182 209 1
5 33 1
38 201 3
38 148 2
3 104 3
80 176 1
45 63 1
20 106 1
144 166 1
126 254 2
33 153 9
150 220 1
118 206 1
163 252 1
49 191 1
190 222 4
149 228 1
28 239 3
94 201 1
129 136 3
13 95 2
70 129 2
75 139 2
22 138 1
110 153 1
58 213 2
27 158 1
17 168 1
78 254 1
81 122 1
6 90 6
1 150 1
67 153 9
98 100 1
202 224 1
12 26 6
101 244 1
38 237 2
73 201 3
75 242 1
64 252 14
12 117 3
90 166 3
13 62 2
158 221 1
129 242 1
196 224 2
36 206 1
179 190 1
119 187 4
13 134 1
92 186 1
108 125 1
44 141 1
154 238 2
42 171 2
31 148 7
14 251 2
137 151 1
28 211 2
18 176 1
127 182 1
213 228 2
141 248 9
3 76 3
7 109 2
110 140 14
112 150 11
153 241 1
14 236 4
113 209 3
33 148 1
17 23 4
21 88 2
2 24 2
42 215 1
63 188 2
61 80 1
132 171 2
56 256 2
97 100 1
91 221 1
113 174 2
112 128 2
40 150 40
71 145 2
132 250 1
54 77 8
3 55 3
65 157 1
139 208 2
6 54 6
16 78 9
42 54 4
96 189 1
81 256 2
5 165 1
47 196 14
112 160 1
193 236 4
209 233 3
43 231 3
4 205 3
4 37 4
181 188 6
106 141 9
148 153 1
65 213 1
83 96 1
80 99 46
72 223 1
13 64 4
36 158 1
179 245 1
134 237 1
26 89 4
71 251 2
33 120 1
63 115 1
68 161 11
12 42 4
149 205 1
69 238 1
22 74 1
184 234 2
126 146 1
48 93 6
57 164 3
90 160 1
150 170 2
165 191 1
165 224 2
207 213 2
11 222 2
213 239 2
43 166 3
174 223 2
21 72 1
8 124 6
14 123 14
8 84 8
127 179 1
30 116 1
145 241 2
24 152 24
77 244 3
125 213 2
60 155 9
56 141 1
132 146 1
27 179 1
17 225 4
102 199 1
161 176 1
21 214 2
47 68 2
94 98 1
29 168 1
67 191 9
7 69 1
6 126 6
9 83 1
93 242 1
70 189 70
18 22 1
111 147 1
24 123 4
79 245 3
29 136 1
163 190 1
10 44 1
112 116 1
27 70 2
198 226 2
25 61 2
201 245 3
164 173 4
240 255 6
134 159 1
198 232 1
134 156 1
32 249 2
74 246 2
24 139 13
114 208 2
136 194 4
1 108 1
10 230 3
143 178 4
94 96 9
27 143 4
172 196 3
130 205 3
8 184 2
65 234 1
21 159 2
25 142 2
63 146 1
58 227 4
58 63 2
59 82 1
171 221 1
135 245 6
18 24 8
13 123 4
12 109 12
155 219 9
42 165 14
201 228 3
24 148 2
123 162 1
116 193 1
51 64 4
34 133 1
104 112 2
44 152 1
8 175 2
3 177 3
122 247 1
32 84 2
55 239 6
30 214 2
18 157 3
89 239 4
73 118 4
86 159 1
172 253 3
23 45 1
68 204 2
126 156 1
49 63 1
120 207 1
77 167 2
77 166 3
179 210 1
50 142 2
74 186 2
104 133 2
53 226 53
24 199 1
138 249 4
86 168 44
196 252 14
92 226 1
82 112 2
39 228 2
222 229 3
188 233 6
9 115 1
115 184 1
82 95 2
199 256 1
108 211 1
101 191 9
104 221 1
41 115 1
92 200 92
36 124 1
34 223 1
115 202 1
157 194 3
26 93 26
35 179 1
54 154 3
39 136 2
24 163 1
107 254 11
26 238 2
24 137 13
108 255 1
47 117 3
45 79 1
10 77 3
234 238 2
113 148 2
112 255 2
160 237 1
63 223 2
233 248 1
23 117 3
2 126 2
122 145 1
70 208 40
195 204 1
137 256 6
63 216 1
17 138 4
108 216 9
153 256 1
38 85 14
187 225 4
22 62 1
49 50 1
55 233 6
160 224 1
95 123 2
28 221 1
136 254 2
14 76 4
142 217 2
37 192 3
71 142 2
43 88 2
65 240 1
117 236 3
57 129 3
52 206 1
56 136 2
93 197 1
72 213 1
90 114 6
163 191 9
140 143 4
112 252 2
71 91 2
10 82 3
41 212 1
61 149 1
63 240 2
28 175 2
109 216 1
114 197 1
16 195 1
36 150 1
128 250 1
2 225 2
20 32 7
34 121 1
89 230 4
42 89 4
60 134 1
43 129 3
111 153 1
110 230 14
127 167 11
34 235 1
5 63 1
63 184 2
181 247 1
85 111 1
8 77 8
61 109 2
80 131 46
44 56 1
92 216 1
39 54 2
108 159 1
33 149 9
116 130 1
28 205 3
179 249 1
163 256 1
79 232 1
38 102 2
139 142 2
62 166 2
153 208 1
6 114 6
44 81 1
55 217 3
69 229 1
6 25 6
163 200 1
3 25 3
63 127 11
93 148 2
94 121 1
49 115 44
163 233 1
23 193 6
82 223 82
34 102 1
121 123 1
64 104 14
72 166 1
12 234 2
31 117 2
14 92 1
113 133 2
79 183 2
26 175 2
58 114 4
73 186 4
141 204 1
14 27 4
160 218 1
105 141 1
155 161 1
51 66 1
61 252 2
34 82 1
2 132 2
25 78 1
67 124 1
69 218 1
128 220 1
133 248 1
229 252 3
76 202 1
1 50 1
6 211 2
42 254 2
33 75 1
12 136 4
64 134 1
52 243 1
44 231 1
93 110 4
21 248 1
11 24 2
141 151 1
73 74 2
106 185 1
75 94 1
180 206 1
32 161 2
85 196 14
199 253 1
217 249 3
193 220 1
209 212 3
73 82 3
40 179 1
197 201 1
133 150 11
103 195 1
125 155 1
64 151 1
71 167 2
63 237 11
148 183 2
30 87 20
33 227 1
76 199 1
87 180 1
67 249 1
118 119 118
6 85 4
2 255 2
31 93 2
67 178 1
141 232 1
19 65 1
141 207 1
80 114 1
183 215 1
34 73 1
80 236 1
104 196 14
74 240 2
68 207 40
10 117 3
199 236 1
46 88 1
53 215 1
153 233 1
205 238 2
