256 8438
55 215 55
81 236 81
94 250 40
91 236 37
160 234 212
35 158 4
94 150 198
30 214 189
76 143 140
18 90 140
32 116 37
196 203 213
182 192 213
51 153 109
17 120 1
55 77 55
22 138 28
220 243 34
57 204 231
10 132 10
7 146 127
104 122 10
109 182 182
1 212 1
6 75 34
214 255 214
31 228 189
116 181 81
4 250 4
34 93 34
169 180 180
115 199 231
179 253 211
186 208 180
129 131 40
38 136 240
176 245 39
178 196 196
87 209 87
25 195 121
107 206 163
98 142 180
158 229 101
49 54 211
17 248 39
59 65 65
34 81 34
180 193 180
194 202 198
52 181 66
79 229 163
6 39 34
59 140 140
167 199 231
89 206 81
1 10 1
154 176 39
91 117 37
4 184 4
13 181 1
65 181 65
61 86 130
182 235 182
114 149 109
193 242 242
73 193 4
209 225 71
26 109 109
66 181 66
34 57 34
12 33 127
49 210 211
10 94 10
170 244 37
246 256 28
179 243 180
129 192 213
140 172 140
16 223 196
104 136 10
181 203 213
85 119 186
113 128 211
119 236 186
32 55 37
216 252 25
40 154 40
103 212 212
103 211 182
54 229 101
34 52 34
97 216 71
92 124 34
114 228 109
22 203 213
225 226 71
221 244 37
68 227 212
205 211 211
101 223 196
113 244 211
15 86 240
10 253 10
136 182 182
95 226 80
66 170 186
122 211 211
79 165 163
5 195 121
73 79 4
10 219 10
130 255 130
127 225 127
13 78 1
88 158 65
225 248 39
191 246 140
182 225 182
63 191 217
12 45 97
1 7 1
9 108 213
181 219 28
113 160 212
68 109 109
34 47 1
114 242 109
75 197 242
129 224 212
52 109 109
33 37 37
143 234 140
10 123 10
87 233 65
87 150 198
108 179 127
63 108 217
217 242 242
148 195 65
168 247 34
65 225 65
76 205 123
116 184 81
194 228 189
7 61 130
155 226 197
1 182 1
1 134 1
58 84 130
86 94 86
64 186 109
7 181 127
59 147 123
30 182 182
133 152 10
8 62 121
19 49 80
88 197 65
172 202 198
33 99 127
80 179 80
94 160 212
170 249 196
143 162 140
61 181 130
27 155 34
212 256 212
24 193 25
10 100 10
32 231 231
140 204 231
84 207 130
84 178 130
222 243 180
74 115 109
61 64 109
118 183 10
136 157 28
96 208 180
203 215 213
174 199 231
188 225 71
159 237 40
4 34 34
56 189 189
128 237 163
70 198 198
101 245 39
127 255 127
63 131 40
59 214 123
231 250 231
116 246 140
58 254 182
145 241 87
122 244 37
90 235 140
165 174 217
51 213 213
97 101 101
164 230 55
32 50 37
167 241 81
189 211 211
191 253 211
29 119 25
107 255 214
22 209 25
94 130 130
136 226 240
181 252 25
204 234 231
3 239 211
109 191 109
72 165 217
136 253 211
52 169 40
28 65 28
181 212 212
4 88 65
33 199 231
82 108 130
126 230 55
61 211 211
154 214 66
9 215 213
225 232 71
30 211 211
97 197 197
80 87 80
104 172 10
26 59 123
78 185 1
56 227 212
71 186 186
90 193 140
153 177 4
2 43 10
89 242 81
25 215 197
206 218 240
55 70 55
45 168 66
180 181 180
23 95 80
75 158 242
127 211 211
37 81 37
44 175 163
10 32 10
195 222 121
45 185 40
112 179 140
107 122 123
245 248 39
137 156 28
14 73 4
143 249 140
97 156 28
146 181 214
126 203 213
68 226 214
81 206 81
143 239 140
131 143 140
46 167 81
162 205 123
24 50 55
28 55 28
4 181 4
51 89 109
101 248 39
87 202 198
92 244 34
77 248 39
69 158 121
60 108 198
103 215 182
34 203 34
4 29 4
150 202 198
60 99 198
72 193 217
121 155 121
1 55 1
15 185 240
155 222 121
41 58 130
161 196 196
119 184 180
145 182 182
112 181 140
16 165 196
93 235 10
173 239 211
178 232 71
131 242 242
66 215 197
17 66 66
181 197 197
25 127 127
107 213 213
6 168 34
73 81 81
142 181 180
59 116 81
3 196 196
53 140 140
1 202 1
196 229 196
79 248 39
4 192 213
85 125 186
229 256 28
10 231 10
191 252 25
179 256 28
23 28 28
58 72 130
22 197 197
52 165 217
33 80 80
83 235 213
52 72 217
45 234 189
169 174 40
145 228 189
59 126 123
41 62 121
164 241 127
146 180 180
35 100 4
220 237 34
19 54 80
182 189 182
147 210 123
179 211 211
10 202 10
131 248 40
87 158 87
3 213 213
84 175 130
4 233 65
7 231 231
94 253 211
107 224 212
135 193 25
2 122 10
113 204 231
4 11 198
56 176 4
167 192 213
40 215 40
129 229 101
106 156 28
41 165 217
1 131 1
144 237 39
35 118 10
38 209 55
59 89 81
171 194 109
29 130 130
80 212 212
10 244 10
153 192 213
77 79 163
183 238 66
154 195 121
68 107 214
87 162 121
142 198 198
94 210 123
215 218 240
97 153 4
55 130 55
17 223 196
165 184 180
67 231 231
109 127 109
181 182 182
78 167 1
81 252 81
107 125 214
52 184 180
55 131 55
161 182 182
181 230 55
114 233 109
7 164 127
39 146 39
13 146 1
16 212 212
132 204 231
144 249 196
80 218 80
236 244 37
114 115 109
145 190 123
81 255 81
76 80 80
12 61 130
149 203 213
10 11 10
63 231 231
66 159 40
26 41 197
142 211 211
16 224 212
117 160 212
109 150 109
55 233 55
69 193 121
12 154 66
7 224 212
106 246 140
60 182 182
74 133 81
125 213 213
3 9 213
182 226 182
144 189 189
210 228 189
91 97 37
101 118 10
176 185 40
74 212 212
109 121 109
107 226 214
180 235 180
30 66 189
10 101 10
71 135 24
148 168 65
12 97 97
31 212 212
1 248 1
112 145 140
10 230 10
90 214 140
53 84 240
76 244 37
6 175 34
159 213 213
144 167 81
164 197 127
1 136 1
197 215 197
129 197 197
26 146 197
173 174 37
20 213 213
197 207 197
31 69 130
44 135 86
32 110 37
29 196 196
181 204 231
139 245 212
131 247 34
101 192 213
19 231 80
8 197 197
163 206 163
52 89 81
179 251 231
33 114 109
18 203 213
35 49 211
36 184 196
76 108 217
80 216 80
55 136 240
79 180 180
218 225 240
188 209 97
22 97 25
178 233 65
76 113 211
87 118 10
52 121 121
179 215 127
4 66 4
33 178 127
11 104 10
70 187 196
94 174 197
43 57 231
55 207 55
142 208 180
67 174 182
66 185 40
173 198 37
121 238 121
63 153 4
151 235 212
67 254 182
28 123 28
123 207 123
24 223 196
190 236 123
182 197 182
53 114 240
80 227 212
198 228 189
17 126 242
15 68 240
181 205 123
11 124 198
124 254 182
192 213 213
21 28 28
180 255 180
120 226 1
105 243 211
39 149 242
130 202 198
119 158 24
100 158 24
78 120 1
61 197 130
91 157 28
174 256 28
179 210 123
138 240 28
55 196 196
54 163 163
108 225 217
3 91 37
132 181 101
170 198 198
79 87 163
118 203 213
28 256 28
38 238 55
192 227 212
77 92 34
31 75 130
197 213 213
224 247 212
80 164 80
158 242 242
33 179 127
106 213 213
137 153 4
135 241 87
112 119 140
125 252 25
144 179 127
100 130 130
214 229 214
1 145 1
15 24 240
37 247 34
14 105 211
12 35 4
12 181 97
34 134 34
148 176 65
9 76 213
89 183 81
189 217 189
143 177 140
67 135 182
36 52 196
34 247 34
119 140 140
164 243 180
80 184 80
219 225 28
41 178 25
164 212 212
70 148 65
79 100 163
147 207 87
23 218 80
6 136 34
52 238 66
1 27 1
118 186 10
33 238 127
161 181 55
88 233 65
67 201 182
19 80 80
31 123 123
145 165 217
158 208 180
10 233 10
41 195 121
28 90 28
198 229 198
49 105 211
53 162 240
164 194 65
108 161 55
10 134 10
72 241 217
78 101 1
183 213 213
165 197 217
176 179 127
128 220 34
142 186 180
75 159 242
51 184 109
24 124 87
41 251 231
72 108 217
107 150 198
27 213 34
210 237 123
85 198 198
102 195 80
40 170 186
38 159 55
144 222 39
141 217 240
2 106 10
100 241 87
63 148 65
88 123 65
211 239 211
127 162 127
178 235 217
110 206 37
60 189 189
189 227 212
7 34 34
6 37 34
193 217 217
183 206 163
125 253 211
43 233 182
65 150 198
13 250 1
35 252 4
67 241 182
6 99 34
160 227 212
107 145 214
118 193 10
69 215 121
2 121 10
84 125 130
1 99 1
159 250 40
136 141 240
40 81 81
65 163 65
60 142 198
26 39 39
16 28 28
54 183 101
26 97 197
28 186 28
118 178 10
108 137 186
51 199 231
19 102 80
103 142 182
80 196 80
174 210 123
94 181 86
4 94 4
66 174 197
71 237 24
8 225 86
1 203 1
214 227 212
46 212 212
80 148 80
11 141 240
174 186 186
168 214 66
46 176 81
191 248 39
37 82 37
110 205 37
86 174 197
129 181 86
74 214 66
14 98 242
158 188 24
7 123 123
122 224 212
50 240 240
146 229 214
27 168 34
55 60 55
72 180 180
1 6 1
25 188 25
132 200 65
93 212 212
76 91 37
64 231 231
11 182 182
140 251 231
36 250 196
190 212 212
54 161 55
25 72 217
107 212 212
88 191 65
178 202 198
3 231 231
153 171 109
112 171 140
1 138 1
119 151 212
75 129 242
192 212 212
216 220 34
145 186 186
199 251 231
24 184 180
156 186 28
106 181 189
76 158 87
46 73 81
70 208 180
110 179 37
45 221 97
71 213 213
86 229 101
3 32 37
26 150 198
25 192 213
152 174 10
140 216 140
218 245 240
32 249 37
81 156 28
18 121 182
203 207 213
163 182 182
16 60 196
67 204 231
54 117 101
40 47 1
102 213 213
197 233 65
19 36 80
209 218 240
75 213 213
80 240 80
102 147 80
60 100 198
118 140 10
89 243 81
101 241 101
104 153 10
34 60 34
145 159 40
167 206 81
22 121 121
101 123 123
58 64 109
111 203 213
144 170 186
150 250 198
50 246 140
200 246 140
1 176 1
199 200 231
113 144 211
140 201 140
135 181 24
32 216 37
211 250 211
173 189 37
38 40 55
140 242 140
142 241 180
93 140 10
60 177 198
40 83 213
74 210 123
108 182 182
141 207 240
121 213 213
1 249 1
15 102 80
58 81 81
70 209 180
169 185 40
47 224 1
176 207 39
39 236 186
8 174 197
181 210 123
61 213 213
209 241 87
29 199 231
10 110 10
175 233 65
55 141 240
38 140 140
33 245 127
210 225 123
144 217 39
4 220 34
14 255 214
66 242 242
81 215 81
31 182 182
1 167 1
92 153 34
54 241 101
29 179 127
125 143 140
73 207 4
195 248 39
15 77 240
93 149 10
127 215 127
72 247 34
55 199 231
17 145 101
181 242 242
29 108 217
104 183 10
159 180 180
8 179 127
95 173 80
71 147 24
218 222 240
135 174 197
50 182 182
55 107 55
21 70 140
10 41 10
178 252 25
93 210 10
81 85 81
158 230 55
19 141 80
100 247 34
44 229 101
140 164 140
85 251 231
145 181 87
37 159 37
84 124 130
72 211 211
26 177 4
38 45 55
87 148 65
135 173 37
109 183 109
155 188 197
25 207 87
140 221 140
8 14 214
8 29 86
66 140 140
71 174 197
150 221 198
40 235 40
170 228 189
130 140 140
28 182 28
80 109 80
73 181 4
34 197 34
221 224 212
5 155 197
134 251 231
78 212 1
74 119 66
188 192 213
1 199 1
75 149 242
34 136 34
2 104 10
128 137 186
87 97 87
89 161 55
71 236 186
101 195 121
167 175 81
11 170 198
70 81 81
16 240 196
10 43 10
179 195 127
158 214 214
130 196 196
1 36 1
28 189 28
29 77 163
62 113 211
34 256 34
119 165 217
94 207 86
30 174 189
4 241 4
45 155 197
17 117 101
46 144 81
71 168 66
100 237 24
107 233 65
37 142 37
124 241 87
187 220 34
5 149 242
126 180 180
124 129 86
51 80 80
190 229 123
81 115 109
183 240 240
10 195 10
10 76 10
145 253 211
54 146 214
16 171 196
184 202 198
1 58 1
37 153 37
31 114 109
10 156 10
132 208 180
67 139 212
112 146 140
43 140 140
158 221 24
48 177 4
7 204 231
180 226 180
34 141 34
10 226 10
181 188 97
52 230 55
96 181 242
15 173 37
5 125 197
123 127 123
41 102 80
48 250 40
56 141 240
67 211 182
147 184 180
29 193 25
40 162 40
53 138 28
46 106 81
21 206 140
207 213 213
236 252 186
92 114 34
47 95 1
135 237 24
128 212 212
42 120 1
140 199 231
97 208 180
80 105 80
141 204 231
102 210 80
61 110 37
69 221 121
54 123 123
219 249 28
34 126 34
7 234 189
6 184 34
81 169 81
37 220 34
156 195 28
24 165 217
171 200 109
26 180 180
249 256 28
64 123 109
116 159 81
65 124 65
3 44 186
109 161 55
28 235 28
7 18 182
180 213 213
121 135 121
171 230 55
216 235 217
48 92 34
41 191 25
140 169 140
48 227 212
231 234 231
80 98 80
182 254 182
196 211 211
136 213 213
86 252 86
36 180 196
72 166 80
30 178 189
64 171 109
11 195 198
189 197 189
74 111 213
71 79 163
14 165 217
33 226 127
43 182 182
163 211 211
172 235 198
88 211 211
180 197 180
124 208 180
24 44 86
29 44 86
85 194 65
97 255 214
34 230 34
10 178 10
99 170 186
13 172 1
96 196 196
17 89 81
130 235 130
151 208 212
115 150 109
231 252 231
59 181 123
97 238 66
9 29 213
34 210 34
140 253 140
30 121 189
101 225 101
127 179 127
157 217 28
57 94 231
10 222 10
3 254 182
50 105 211
131 213 213
80 235 80
31 53 240
42 135 1
209 210 123
81 98 81
17 218 240
146 231 231
126 159 242
72 179 127
20 37 37
19 207 80
197 234 189
229 252 101
46 138 28
57 225 231
121 128 163
181 217 217
183 201 55
88 124 65
33 181 127
20 83 213
74 105 211
17 125 101
142 177 4
165 189 189
200 213 213
43 196 182
164 237 127
86 183 86
182 211 182
3 160 212
64 109 109
33 57 231
157 255 28
116 190 81
71 255 214
31 72 130
62 91 37
160 235 212
203 217 213
242 243 180
10 40 10
188 226 97
80 239 80
86 117 101
76 121 121
45 97 97
66 67 182
79 117 163
8 210 123
34 131 34
156 170 28
191 209 97
228 237 189
9 20 213
50 196 196
174 236 186
71 253 211
88 109 109
6 21 34
21 252 140
13 145 1
119 241 87
1 150 1
16 30 196
106 157 28
115 118 10
99 124 127
159 207 40
5 242 242
35 103 182
10 163 10
155 229 197
129 226 86
104 190 10
144 159 40
35 230 55
109 233 109
158 227 212
200 240 240
69 222 121
86 202 198
23 85 80
24 214 214
13 139 1
100 147 24
11 46 81
7 11 198
40 48 40
182 212 212
75 153 4
183 208 180
63 125 217
172 182 182
141 173 37
2 5 10
23 94 80
128 250 40
41 250 40
53 245 240
110 221 37
88 177 65
40 254 182
41 128 163
26 237 197
5 182 182
93 161 10
145 236 186
176 205 123
99 250 127
77 121 163
140 243 140
32 151 212
92 105 34
30 196 196
75 212 212
50 125 55
211 241 211
14 232 214
106 231 231
101 170 186
10 212 212
10 224 212
89 94 81
55 182 182
101 214 214
34 166 34
47 112 1
97 178 71
5 74 197
37 127 37
80 154 80
144 163 39
66 213 213
35 156 28
123 255 123
19 87 80
9 203 213
50 109 55
108 210 123
181 241 87
10 175 10
147 174 197
34 90 34
9 54 213
97 119 71
22 244 37
55 164 55
33 111 213
130 213 213
19 77 80
47 254 1
159 179 127
1 234 1
33 230 55
80 165 80
50 55 55
50 141 240
88 187 196
3 127 186
136 212 212
112 150 140
182 246 140
115 159 109
143 167 140
24 222 121
26 99 127
47 247 1
72 253 211
43 235 182
1 218 1
124 197 197
130 230 55
179 242 127
2 232 10
10 82 10
47 137 1
79 84 130
26 185 40
60 74 198
53 165 240
1 240 1
98 151 212
212 214 212
135 253 211
140 231 231
10 190 10
29 242 242
12 221 97
109 196 196
115 211 211
99 242 127
14 26 197
30 111 213
80 144 80
37 39 37
37 230 37
64 239 211
30 78 1
184 225 180
24 66 66
60 83 213
105 134 231
183 248 39
146 166 80
75 76 242
235 250 40
75 219 28
61 177 4
133 232 81
172 203 213
50 160 212
10 93 10
217 222 121
26 87 197
185 252 40
137 253 211
48 54 39
78 233 1
12 132 101
27 80 34
169 252 40
180 245 180
29 168 66
84 103 182
80 219 28
157 202 28
214 238 66
192 204 213
50 208 55
156 161 28
113 220 34
76 241 87
230 231 231
90 231 231
10 63 10
98 129 242
138 183 28
16 59 196
109 168 109
130 164 130
67 219 28
171 204 231
142 189 189
165 244 37
67 171 182
207 227 212
64 184 109
109 197 109
10 209 10
132 154 66
60 212 212
231 235 231
75 93 10
248 252 39
36 57 231
14 130 130
177 212 212
87 232 87
46 150 81
62 86 121
202 242 198
1 192 1
51 75 109
135 229 101
166 189 80
21 111 213
39 246 140
10 91 10
52 214 66
87 185 40
212 220 212
107 163 163
30 203 213
160 179 212
80 195 80
149 231 231
163 245 39
17 27 34
76 89 81
1 119 1
214 237 214
43 103 182
110 220 34
80 228 80
33 45 127
12 229 101
5 39 39
184 211 211
14 114 109
81 234 81
34 204 34
4 251 231
17 71 101
11 196 196
73 140 140
36 249 196
45 212 212
21 195 140
111 192 213
6 11 34
94 97 86
52 206 163
45 150 198
120 190 1
24 80 80
140 143 140
123 165 123
4 71 4
63 189 189
123 164 123
204 212 212
17 179 127
45 132 101
210 231 231
157 209 28
45 77 163
86 135 86
76 159 40
51 156 28
34 116 34
14 125 214
183 229 101
110 173 37
79 121 163
155 211 211
70 91 37
117 185 40
214 217 217
130 210 123
79 196 196
75 135 242
35 233 65
109 165 109
34 189 34
142 209 180
73 96 4
39 180 180
34 70 34
73 134 231
98 155 242
88 182 182
166 202 80
5 88 65
3 81 81
119 138 28
60 160 212
12 38 55
117 181 101
121 194 65
181 248 39
20 244 37
198 243 198
95 183 80
45 251 231
26 183 197
219 223 28
130 237 130
135 240 240
32 184 37
130 142 130
28 118 10
22 102 80
181 183 86
46 110 37
119 198 198
68 127 127
109 129 109
112 134 231
135 179 127
107 168 66
207 214 214
3 172 198
67 159 182
235 253 211
101 217 217
42 169 1
207 222 121
27 225 34
45 121 121
214 221 214
39 62 39
96 186 186
151 231 212
188 247 34
96 155 242
178 242 242
87 204 231
76 217 217
61 160 212
20 182 182
81 205 81
203 212 212
62 123 123
41 119 25
42 121 1
10 83 213
109 156 28
50 211 211
34 128 34
185 198 198
1 241 1
8 231 231
37 172 37
3 170 186
146 238 66
34 106 34
82 181 130
31 177 4
40 141 240
66 97 66
84 210 123
83 223 213
12 213 213
22 172 198
2 147 10
110 140 140
128 210 123
139 212 212
28 143 28
97 151 212
109 235 109
16 45 196
28 223 28
38 211 211
61 117 130
196 201 196
98 244 37
120 236 1
10 198 10
120 134 1
74 175 163
197 250 40
138 212 212
154 216 66
15 96 240
23 197 80
113 224 212
66 168 66
80 253 80
138 249 28
146 221 214
1 235 1
114 222 109
106 123 189
5 211 211
61 184 130
64 133 109
175 245 39
145 255 214
82 183 130
137 198 198
53 141 240
37 65 37
73 233 65
9 83 213
119 209 71
166 186 80
117 152 10
88 234 189
28 197 28
174 239 211
99 102 80
109 171 109
12 176 39
85 144 186
109 184 109
146 233 65
159 244 37
26 145 197
96 217 242
23 73 80
36 93 10
148 221 65
94 107 214
14 38 55
171 240 240
86 163 163
57 131 231
29 30 189
110 141 37
56 245 4
33 116 81
51 115 109
51 196 196
27 179 34
41 216 25
23 173 80
146 235 217
44 198 198
71 205 123
54 180 180
25 221 25
172 208 198
168 175 163
17 79 163
10 28 10
41 121 121
228 248 189
34 53 34
65 79 65
56 97 4
209 242 242
62 88 65
16 87 196
85 206 186
99 180 180
186 189 189
95 245 80
21 84 140
105 138 28
10 81 10
88 135 65
123 181 123
91 129 37
154 191 66
65 92 34
182 223 182
40 183 40
47 102 1
88 121 65
85 131 186
38 49 211
25 237 25
162 193 121
28 238 28
175 206 163
47 161 1
29 66 66
77 105 211
20 211 211
87 163 163
137 213 213
134 231 231
186 252 186
191 255 214
207 229 101
50 68 55
10 128 10
28 116 28
39 117 39
60 250 198
68 173 37
29 84 130
152 212 212
52 235 217
1 160 1
124 166 80
154 158 66
11 93 10
61 250 130
177 231 231
209 224 212
154 181 66
94 186 186
233 252 65
80 238 80
146 216 214
153 251 231
5 40 40
52 98 242
123 200 65
187 243 196
68 231 231
173 217 37
17 209 101
23 231 80
11 172 198
14 31 130
29 37 37
201 214 55
27 128 34
57 252 231
165 173 37
68 174 197
13 144 1
55 117 55
105 182 182
171 182 182
147 213 213
109 244 37
152 194 10
125 151 212
49 239 211
56 95 80
104 149 10
145 247 34
155 175 163
58 220 34
56 103 182
158 237 24
181 201 55
181 194 65
45 207 87
125 215 197
54 225 101
4 70 4
103 226 182
97 117 101
77 246 140
58 240 240
223 239 211
28 170 28
100 145 87
28 165 28
10 151 212
3 137 186
26 178 197
16 119 196
76 242 242
130 175 130
173 219 28
202 253 211
7 55 55
93 118 10
148 155 65
1 34 1
25 124 87
73 153 4
39 143 140
81 217 81
24 25 25
24 207 87
40 68 40
10 251 10
136 249 196
124 145 87
55 69 55
33 41 127
63 197 217
104 212 212
39 84 130
54 140 140
1 232 1
138 214 28
17 41 101
27 228 34
181 221 97
94 117 101
97 235 217
44 76 86
118 254 10
28 161 28
62 66 121
48 85 186
96 225 242
128 193 163
1 57 1
79 224 212
28 134 28
56 248 4
127 154 127
145 198 198
154 245 39
218 227 212
67 162 182
163 176 39
181 193 25
28 155 28
121 231 231
1 141 1
125 184 180
90 246 140
22 148 65
89 104 10
51 138 28
126 249 196
129 243 180
1 137 1
36 73 196
7 37 37
48 75 242
139 193 212
99 221 127
34 227 212
20 252 189
26 215 197
67 85 182
21 154 140
129 211 211
173 181 37
80 211 80
82 196 196
163 252 163
51 235 109
86 88 65
76 139 212
74 116 81
37 165 37
22 224 212
35 65 65
60 84 198
60 145 198
146 224 212
181 216 71
68 212 212
56 217 4
11 129 198
4 140 140
29 72 217
157 256 28
14 166 80
1 83 1
27 92 34
108 197 217
66 93 10
28 199 28
37 154 37
26 79 163
5 158 197
45 141 240
54 203 213
30 219 28
119 162 121
154 199 231
143 224 212
114 246 140
109 116 109
107 221 214
124 187 196
238 247 34
44 217 217
88 156 28
215 252 197
20 253 211
159 160 212
66 186 186
26 130 130
131 234 189
72 146 217
38 150 55
168 234 189
61 126 130
32 213 213
108 241 217
37 49 211
142 212 212
8 198 198
134 245 231
36 62 196
61 82 130
78 256 1
26 211 211
37 198 37
80 199 80
238 256 28
200 202 198
226 256 28
169 240 240
35 222 4
16 187 196
193 237 25
237 245 39
2 35 10
89 217 81
59 171 109
191 221 97
89 197 81
96 114 109
111 213 213
10 211 10
34 219 34
6 38 34
70 161 55
10 98 10
2 7 10
95 256 28
167 232 81
93 248 10
29 123 123
21 136 140
62 154 121
45 75 242
1 173 1
228 234 189
169 213 213
77 161 55
3 255 186
34 83 34
121 183 121
55 178 55
48 191 39
1 142 1
14 189 189
160 229 212
140 154 140
165 235 217
9 231 213
183 226 86
43 227 212
82 102 80
67 126 182
29 133 81
87 164 127
78 94 1
87 222 121
68 181 214
24 69 121
157 170 28
178 185 40
191 199 231
70 206 180
11 58 198
87 191 87
170 189 189
82 177 4
45 193 25
117 165 217
162 219 28
43 241 182
167 196 196
67 105 182
87 126 242
181 249 196
4 107 4
113 155 211
84 140 140
53 83 213
60 217 198
87 94 86
70 123 123
188 196 196
98 149 242
233 237 65
32 37 37
83 213 213
98 103 182
93 190 10
34 214 34
109 131 109
196 238 196
17 188 101
64 83 213
40 175 40
140 171 140
71 148 65
11 202 198
38 62 55
76 221 87
80 103 80
21 76 140
94 234 189
193 249 196
184 252 180
22 72 217
68 250 40
65 248 65
1 109 1
22 34 34
95 232 80
172 220 34
112 186 140
127 226 127
58 184 130
134 185 231
36 154 196
114 225 109
115 232 109
48 153 4
22 147 25
82 217 130
84 208 130
100 197 197
2 247 34
158 181 24
15 20 240
70 244 37
71 131 40
66 192 213
56 200 65
79 195 163
11 97 198
39 181 39
26 155 197
56 67 182
46 213 213
58 231 231
187 223 196
61 212 212
5 62 121
175 232 163
134 188 231
77 156 28
144 171 109
102 154 80
186 239 211
37 73 37
240 248 240
17 30 189
134 212 212
178 215 197
87 178 87
143 181 140
51 242 109
179 241 127
22 124 87
5 179 127
41 65 65
35 73 4
85 181 186
61 155 130
128 178 163
142 228 189
37 197 37
208 223 196
7 222 127
200 205 65
29 107 214
238 246 140
124 144 39
67 181 182
40 174 40
164 206 127
55 127 55
65 176 65
222 253 211
68 232 214
83 156 213
11 96 198
1 90 1
6 181 34
61 179 130
212 244 212
32 236 37
39 235 39
225 237 24
10 65 10
48 58 130
19 43 80
144 176 39
80 106 80
53 251 231
100 148 65
143 220 34
86 96 242
86 222 121
54 76 101
103 136 182
88 203 213
34 86 34
168 248 39
133 239 211
7 232 127
70 221 180
139 192 212
126 219 28
31 246 140
34 121 34
195 236 186
100 248 39
172 254 182
45 135 24
5 150 198
10 181 10
49 233 211
172 214 198
12 17 101
59 111 213
4 180 4
211 244 211
155 215 197
8 172 198
88 160 212
126 196 196
49 62 211
226 232 97
54 155 197
47 218 1
118 129 10
89 181 81
20 171 109
172 228 189
100 133 81
37 182 182
80 243 80
52 239 211
59 148 65
191 206 163
1 37 1
91 225 37
72 82 130
95 135 80
131 223 196
73 129 4
143 164 140
20 122 189
51 181 109
46 121 81
28 104 10
132 140 140
29 219 28
5 135 197
183 214 214
167 183 81
95 231 80
148 228 189
190 198 198
93 170 10
60 216 198
1 215 1
47 127 1
4 148 65
67 213 213
135 228 189
12 105 211
39 175 39
29 206 163
174 225 197
44 241 86
16 80 80
122 205 123
171 210 109
39 196 196
75 127 127
77 153 4
98 117 242
121 158 121
51 256 28
141 209 240
37 51 37
28 148 28
29 211 211
173 254 182
224 230 212
204 254 231
176 236 186
117 168 66
69 103 182
119 169 40
199 211 231
13 232 1
132 233 65
46 241 81
38 219 28
156 194 28
174 235 217
146 149 242
99 123 123
133 225 81
76 197 197
150 176 198
100 193 25
81 178 81
170 216 186
138 247 34
35 85 4
119 225 71
81 123 81
40 209 40
101 188 101
243 251 231
224 237 212
184 208 180
70 189 189
116 202 81
196 223 196
55 231 231
112 231 231
66 155 197
105 253 211
54 216 101
41 209 25
229 231 231
119 238 66
59 205 123
111 206 213
81 141 240
14 201 55
2 56 10
1 220 1
81 173 37
54 147 101
28 177 28
126 173 37
92 250 34
67 68 182
43 214 182
190 218 240
110 212 212
98 211 211
52 168 66
146 174 197
41 252 25
6 251 34
5 163 163
80 113 80
174 240 240
141 222 240
13 87 1
31 157 28
69 117 121
231 236 231
125 186 186
35 81 81
136 240 240
1 18 1
43 213 213
111 181 213
109 240 240
80 140 80
29 207 87
153 203 213
10 18 10
53 143 140
14 29 214
47 245 1
16 140 140
51 237 109
139 181 212
122 131 123
47 54 1
153 182 182
94 114 109
94 182 182
58 76 130
5 73 4
45 187 196
85 170 186
55 197 55
67 124 182
107 162 121
41 42 1
141 194 240
23 245 80
79 197 163
82 118 10
151 219 212
75 229 242
137 142 180
162 180 180
66 163 163
80 88 80
215 240 240
10 64 10
197 235 217
30 231 231
189 213 213
5 36 196
20 28 28
149 223 196
11 231 231
131 159 40
42 204 1
165 166 80
9 166 213
121 130 130
181 190 123
90 182 140
10 85 10
55 120 1
6 214 34
147 240 240
12 68 214
118 152 10
113 225 211
147 201 55
94 194 65
15 83 213
43 124 182
123 217 123
94 163 163
74 159 40
190 205 123
25 224 212
2 88 10
71 207 87
28 121 28
79 107 163
28 102 28
156 179 28
54 172 198
85 145 186
58 149 130
16 182 182
25 92 34
165 195 121
70 117 180
119 135 24
99 182 182
58 197 130
29 173 37
54 86 101
52 215 197
40 222 40
8 208 180
82 131 130
96 161 55
56 204 231
8 168 66
130 198 198
45 120 1
2 189 10
17 34 34
36 68 196
7 30 189
102 138 28
197 252 197
133 142 81
173 204 231
46 122 81
163 230 55
6 240 34
62 181 121
8 135 86
62 241 121
10 166 10
144 183 39
229 237 101
24 186 186
122 169 123
44 230 55
119 147 24
53 80 80
181 244 37
68 122 123
208 225 180
33 127 127
131 185 40
160 166 212
34 167 34
28 61 28
69 236 186
124 168 66
100 119 24
21 161 140
131 197 40
8 46 81
162 181 121
142 184 180
156 167 28
8 162 121
1 79 1
100 215 197
129 232 86
19 118 10
64 174 109
30 168 189
80 206 80
142 243 180
24 41 25
19 74 80
14 136 240
105 147 211
109 167 109
163 253 211
212 251 212
23 80 80
80 181 80
59 122 123
68 209 214
64 252 109
151 224 212
55 159 55
81 139 212
121 185 40
169 226 40
166 190 80
122 230 55
8 247 34
205 227 212
181 255 214
24 101 101
40 119 40
42 62 1
51 207 109
49 124 211
164 182 182
21 40 140
217 225 217
108 201 55
3 186 186
81 106 81
238 249 196
161 248 55
19 161 80
121 198 198
146 214 214
81 122 81
22 95 80
165 218 240
7 236 186
189 200 189
3 71 186
52 94 66
38 241 55
57 228 231
77 209 163
49 134 231
152 172 10
44 183 86
34 138 34
209 221 97
95 163 80
37 108 37
33 219 28
31 34 34
96 126 242
183 252 86
81 168 81
123 231 231
52 172 198
64 128 109
14 15 240
20 243 189
93 126 10
18 242 182
37 119 37
117 245 39
221 232 97
130 174 130
181 207 87
34 79 34
19 95 80
154 217 217
118 212 212
128 147 163
132 178 101
1 54 1
4 126 4
91 196 37
12 118 10
39 220 34
145 172 198
27 34 34
11 61 198
125 141 240
68 156 28
6 62 34
36 150 196
139 227 212
89 157 28
207 244 37
35 214 4
61 215 130
5 80 80
19 175 80
95 207 80
119 235 217
117 154 66
105 125 211
37 113 211
32 91 37
19 246 80
101 211 211
158 235 217
239 253 211
119 193 25
123 248 123
169 250 40
88 200 65
149 212 212
114 144 109
34 190 34
185 225 40
56 73 4
116 210 81
18 193 182
113 250 211
87 181 87
131 134 231
195 212 212
93 116 10
14 107 214
1 206 1
72 213 213
94 123 123
83 114 213
28 171 28
13 207 1
142 167 81
101 181 101
31 41 130
213 237 213
57 135 231
147 217 217
22 193 25
98 214 242
173 251 231
88 145 65
4 169 4
77 206 163
105 113 211
3 65 65
166 212 212
9 190 213
70 72 180
37 116 37
25 39 39
55 125 55
149 198 198
52 100 66
99 248 127
35 127 4
137 170 186
65 239 211
30 93 10
33 246 140
74 114 109
163 221 163
130 158 130
133 164 81
89 167 81
84 119 130
39 54 39
72 245 39
7 14 127
77 171 109
29 250 40
76 147 87
12 180 180
81 212 212
17 22 101
175 197 163
80 187 80
172 251 231
40 145 40
114 125 109
156 219 28
108 235 217
38 67 182
178 237 24
142 232 180
79 181 163
3 204 231
81 196 196
28 132 28
122 153 4
144 229 39
28 93 10
7 130 130
66 239 211
15 243 240
28 46 28
168 182 182
141 154 240
37 241 37
192 203 213
30 74 189
144 184 180
133 189 81
15 234 240
46 236 81
157 225 28
31 193 130
25 157 28
109 126 109
25 197 197
39 165 39
109 175 109
135 252 25
28 68 28
141 240 240
45 125 71
1 179 1
113 169 211
42 48 1
111 242 213
56 194 65
22 90 140
13 89 1
45 192 213
98 124 242
98 197 242
126 144 242
69 170 186
33 197 127
12 116 81
3 180 180
82 165 130
94 98 242
61 240 240
140 167 140
33 231 231
4 137 4
223 228 196
84 152 10
38 50 55
182 218 182
132 142 180
149 180 180
190 251 231
131 146 40
13 68 1
67 118 10
204 251 231
66 195 121
76 176 39
201 239 211
2 248 10
49 88 211
72 164 127
1 143 1
24 185 40
22 223 196
28 201 28
35 68 4
181 185 40
135 222 121
52 216 66
7 136 240
119 159 40
107 129 214
43 205 182
58 180 130
46 127 81
65 206 65
58 82 130
13 162 1
36 191 196
74 243 180
83 181 213
20 225 189
34 114 34
60 170 198
157 213 213
204 231 231
29 197 197
36 211 211
48 168 39
1 113 1
79 160 212
34 182 34
39 213 213
10 172 10
127 146 127
129 175 163
61 84 130
94 224 212
100 174 197
77 102 80
3 163 186
82 130 130
68 247 34
16 111 213
108 117 217
46 202 81
37 80 80
91 188 37
102 184 80
186 226 186
93 213 213
65 159 65
28 244 28
83 104 213
83 203 213
226 240 240
181 206 163
230 251 231
136 191 240
28 109 28
119 181 71
50 185 55
108 180 180
90 204 231
81 190 81
2 61 10
1 67 1
82 99 130
80 214 80
123 154 123
12 135 24
135 209 24
179 184 180
194 212 212
39 167 81
99 193 127
80 131 80
83 164 213
213 248 213
55 218 240
84 243 130
90 206 140
1 81 1
185 217 40
77 197 163
80 174 80
53 73 240
15 141 240
153 197 4
66 172 198
29 221 25
80 84 80
81 249 196
180 238 180
119 222 121
56 185 4
110 244 37
26 61 130
12 147 24
138 219 28
212 232 212
213 253 213
81 109 109
43 121 182
191 193 25
63 99 127
8 206 163
8 218 240
48 206 39
131 235 40
181 256 28
34 209 34
26 83 213
96 252 242
194 211 211
24 74 66
180 229 180
111 246 213
84 116 81
75 228 189
154 226 66
77 107 163
34 144 34
46 163 81
164 179 127
72 163 163
164 187 196
52 74 66
8 216 86
118 217 10
69 82 130
87 159 40
28 167 28
24 183 86
140 182 140
236 251 231
57 213 213
197 200 65
145 230 55
74 238 66
201 230 55
11 150 198
169 198 198
123 218 240
81 189 81
65 193 65
127 210 123
105 199 231
33 150 198
49 118 10
48 176 39
8 241 86
124 228 189
5 164 127
70 103 182
76 227 212
181 222 121
91 253 211
227 233 212
28 89 28
150 172 198
119 124 87
98 109 109
5 121 121
11 243 198
14 74 66
141 213 213
25 245 39
141 224 212
170 237 186
28 84 28
17 240 240
41 151 212
44 194 65
17 60 198
5 184 180
31 238 130
14 104 10
92 140 34
189 252 189
43 211 182
45 241 87
87 188 87
153 161 55
140 235 140
32 73 37
40 75 242
14 88 65
78 150 1
4 39 4
7 53 240
12 29 25
159 165 40
211 238 211
140 234 140
184 194 65
221 241 87
105 244 211
80 244 80
162 174 121
40 111 213
128 135 163
170 232 186
73 124 4
145 222 121
2 139 212
234 243 189
88 163 65
81 213 213
71 175 163
130 159 130
120 186 1
32 212 212
10 107 10
171 186 109
131 145 40
179 228 189
222 251 231
46 231 231
146 251 231
72 115 109
140 220 34
30 234 189
85 235 186
35 137 4
65 116 81
94 191 86
37 256 28
21 213 213
164 181 127
123 213 213
24 159 40
29 255 214
148 237 65
28 53 28
124 157 28
97 181 97
65 256 28
184 249 196
8 211 211
54 129 101
100 141 240
178 187 196
59 215 123
22 32 37
49 164 211
22 195 121
53 185 240
78 90 1
180 214 180
36 222 196
65 165 65
29 201 55
51 214 109
126 226 242
14 32 37
151 220 212
145 207 87
140 148 140
71 154 66
145 217 217
181 246 140
87 96 242
119 199 231
71 80 80
55 235 55
101 232 101
10 80 10
68 175 163
109 201 55
74 154 66
232 241 87
45 200 65
130 165 130
127 176 127
68 178 214
121 186 186
83 206 213
212 246 212
30 243 189
136 202 240
163 169 40
27 185 34
102 219 28
80 161 80
80 226 80
145 148 65
220 240 34
90 181 140
223 242 196
59 109 109
10 143 10
54 228 189
60 150 198
177 181 4
23 49 80
124 232 87
79 134 231
53 181 240
178 225 71
212 254 212
181 247 34
73 119 4
47 94 1
174 226 197
4 213 213
87 123 123
72 129 217
1 73 1
116 200 81
49 143 140
35 177 4
138 253 28
8 13 1
38 43 182
196 251 231
40 202 198
15 218 240
38 201 55
134 148 231
107 181 214
57 127 231
95 155 80
22 61 130
72 92 34
147 209 24
109 202 109
16 207 196
53 146 240
121 165 121
74 174 197
72 124 217
133 159 81
68 237 214
2 212 212
220 245 34
16 147 196
103 163 182
167 209 81
28 230 28
26 76 197
121 241 121
181 223 196
32 199 231
17 94 101
2 14 10
129 240 240
80 236 80
180 195 180
147 254 182
24 187 196
53 161 240
180 222 180
197 242 242
15 202 240
3 121 186
41 64 109
5 37 37
81 84 81
14 196 196
29 100 25
49 189 211
44 209 86
255 256 28
146 191 214
48 154 39
24 72 217
63 218 240
35 176 4
204 256 28
4 144 4
199 214 231
24 199 231
52 188 66
24 197 197
178 210 123
134 209 231
37 181 37
26 236 186
116 133 81
26 106 189
160 181 212
28 77 28
68 251 231
6 230 34
188 199 231
5 35 4
165 176 39
70 95 80
154 230 55
72 182 182
86 131 40
95 242 80
123 191 123
177 254 182
85 224 212
160 224 212
50 212 212
45 240 240
97 229 101
142 220 34
109 133 109
60 224 212
172 213 213
57 212 212
101 117 101
138 170 28
86 166 80
146 187 196
7 118 10
235 255 217
39 93 10
92 195 34
30 197 189
153 222 4
50 84 55
63 181 217
66 117 66
37 167 37
146 164 127
105 130 211
198 205 198
101 179 127
21 39 140
84 106 189
20 42 1
37 105 211
121 181 121
149 256 28
45 147 24
64 197 109
203 222 213
3 89 81
127 248 127
22 65 65
12 216 71
123 149 123
214 241 214
51 121 109
40 195 40
114 227 212
109 210 109
183 188 86
39 86 39
14 115 109
132 232 101
27 208 34
1 106 1
213 254 213
19 166 80
61 128 130
181 229 101
47 120 1
46 191 81
83 142 213
34 78 1
169 172 198
60 231 231
84 253 211
202 213 213
119 213 213
181 202 198
56 255 4
228 236 189
28 225 28
97 123 123
148 200 65
3 232 186
96 149 242
195 217 121
61 191 130
123 178 123
171 172 109
85 186 186
59 149 123
123 182 182
12 124 87
99 134 231
13 174 1
215 254 182
10 46 10
116 173 37
12 30 189
8 140 140
30 127 189
55 63 55
9 234 213
48 135 39
48 130 130
63 81 81
26 110 37
1 231 1
196 197 196
19 201 80
70 185 180
28 243 28
117 239 211
183 232 86
123 225 123
177 182 182
121 247 34
27 175 34
106 234 189
25 181 25
212 223 212
2 158 10
70 186 180
128 161 55
181 236 186
52 213 213
30 67 182
64 168 109
155 213 213
237 240 240
60 213 213
48 202 198
136 209 240
10 21 10
51 81 109
163 189 189
118 149 10
43 159 182
26 52 197
60 232 198
147 155 197
32 189 37
26 195 121
87 132 101
134 199 231
20 39 189
75 89 81
36 126 196
156 213 213
194 203 213
23 117 80
70 183 180
206 240 240
215 251 231
21 229 140
173 231 231
211 224 212
141 190 240
27 159 34
36 177 196
199 233 231
28 29 28
92 106 34
150 231 231
9 236 213
53 136 240
49 246 140
47 96 1
2 16 10
66 128 163
55 101 55
159 181 40
46 82 81
38 161 55
1 118 1
140 163 140
43 202 182
115 206 109
102 159 80
65 178 65
99 195 127
4 157 28
80 217 80
15 33 240
122 155 123
211 227 212
89 115 109
90 169 140
70 144 180
33 101 127
99 211 211
74 164 127
196 204 231
80 126 80
121 153 4
99 179 127
148 205 65
92 232 34
62 85 186
13 43 1
93 104 10
27 193 34
10 170 10
109 255 109
47 228 1
96 104 10
216 237 24
102 250 80
26 72 217
23 212 212
103 196 182
208 246 140
21 112 140
252 255 214
62 202 198
36 119 196
207 221 87
106 109 109
140 222 140
56 181 4
192 248 213
128 214 163
159 245 40
195 242 242
93 249 10
37 129 37
36 161 196
122 198 198
124 215 197
131 216 40
43 210 182
138 167 28
89 249 196
131 186 186
4 205 4
122 187 196
160 243 212
102 124 80
56 107 4
32 68 37
165 198 198
145 238 66
36 143 140
28 96 28
211 218 211
34 231 34
169 178 40
164 227 212
119 216 71
76 186 186
9 34 34
51 212 212
59 190 123
126 208 180
166 206 80
62 222 121
34 148 34
6 205 34
237 253 211
36 248 196
40 121 40
66 184 180
65 234 189
19 171 80
165 237 217
166 239 80
104 245 10
53 126 240
9 213 213
209 238 66
129 183 86
77 181 163
221 229 101
171 196 196
2 237 10
53 90 140
189 238 189
105 173 211
8 41 86
14 248 39
16 229 196
92 197 34
94 231 231
190 208 123
122 178 123
89 116 81
80 102 80
55 56 55
162 242 242
90 112 140
146 246 140
143 157 28
124 223 196
87 231 231
86 224 212
177 252 4
189 210 189
80 256 28
132 198 198
175 188 163
140 150 140
54 242 242
167 191 81
113 239 211
136 143 140
80 136 80
231 245 231
89 216 81
213 219 213
41 103 182
239 251 231
76 218 240
186 215 186
1 126 1
13 40 1
21 140 140
76 192 213
30 181 189
36 172 196
19 226 80
48 112 140
119 221 71
8 220 34
109 124 109
4 235 4
60 247 34
173 244 37
72 126 242
57 151 212
49 183 211
99 198 198
189 236 189
57 234 231
80 123 80
63 74 217
41 91 37
223 240 196
28 108 28
50 213 213
187 195 196
110 203 213
35 104 10
69 157 28
29 178 25
75 190 123
100 159 40
84 196 196
181 251 231
34 212 212
55 106 55
102 166 80
92 120 1
176 240 240
146 255 214
66 188 66
84 169 130
29 243 180
114 156 28
52 63 217
48 243 180
168 198 198
40 206 40
5 142 180
164 242 127
219 222 28
34 172 34
119 125 71
32 244 37
74 181 66
29 113 211
65 85 65
8 184 180
41 222 121
39 168 39
102 188 80
41 90 140
156 160 212
77 182 182
103 231 231
153 240 240
161 195 55
20 141 240
37 189 37
65 132 65
33 141 240
22 242 242
181 195 121
75 126 242
24 132 101
48 72 39
25 149 242
4 40 4
30 95 80
117 215 197
39 186 186
49 126 211
3 183 186
89 132 81
185 196 196
188 197 197
5 110 37
146 182 182
243 250 180
132 161 55
46 49 211
46 174 81
64 181 109
126 181 242
10 109 10
23 128 80
108 231 231
105 128 211
7 82 130
200 233 65
34 75 34
5 244 37
233 250 65
31 115 109
180 208 180
55 226 55
28 54 28
89 208 81
39 231 231
26 181 197
202 217 198
208 216 180
54 79 163
118 204 10
37 135 37
214 216 214
162 241 121
77 230 55
111 250 213
125 181 71
153 181 4
46 199 231
85 250 186
28 156 28
17 199 231
145 160 212
96 142 180
63 223 196
13 189 1
48 245 39
70 240 240
4 17 4
123 190 123
64 147 109
110 230 37
177 219 28
78 186 1
17 85 186
10 67 10
13 193 1
28 219 28
103 227 212
216 221 71
26 248 39
66 235 217
37 89 37
172 221 198
34 178 34
29 80 80
102 231 80
17 86 101
128 240 240
166 256 28
104 214 10
116 207 81
124 130 130
67 87 182
157 181 28
85 137 186
19 199 80
82 110 37
26 182 182
140 162 140
125 226 71
68 182 182
13 25 1
61 245 130
80 149 80
160 239 212
148 160 212
122 138 28
114 207 109
24 180 180
109 147 109
128 195 163
28 45 28
147 181 24
211 248 211
14 222 121
27 76 34
96 101 242
147 218 240
127 212 212
28 246 28
51 133 109
149 159 242
93 217 10
124 220 34
27 37 34
77 81 81
33 113 211
87 236 186
77 226 163
196 250 196
147 154 66
75 77 242
175 216 163
37 184 37
117 176 39
19 140 80
22 75 242
135 178 24
164 165 127
243 252 180
17 101 101
81 182 182
150 181 198
44 128 163
137 166 80
115 208 109
122 179 123
137 140 140
19 55 80
5 54 197
5 139 212
227 253 212
32 179 37
24 117 101
197 216 197
29 39 39
34 254 34
50 112 140
126 248 242
118 133 10
17 146 214
152 213 213
50 82 55
180 185 180
39 232 39
96 239 211
16 112 140
83 237 213
1 205 1
66 200 65
170 186 186
21 115 140
37 55 37
180 206 180
117 255 214
88 215 65
81 211 211
183 189 189
12 54 101
186 211 211
88 166 80
117 213 213
77 128 163
175 178 163
87 137 186
11 137 198
109 230 55
36 140 140
124 212 212
60 225 198
117 193 101
21 150 140
176 222 39
64 151 212
117 183 101
197 253 211
105 140 140
19 65 80
131 182 182
222 225 121
134 141 231
99 126 127
104 121 10
35 200 65
9 102 213
150 245 198
3 215 186
124 243 180
88 159 65
81 148 81
69 131 40
99 154 127
44 254 182
5 245 39
73 220 34
82 255 130
39 57 231
217 249 196
36 107 196
108 186 186
226 229 101
28 195 28
16 185 196
23 34 34
66 202 198
15 80 80
162 179 127
73 188 4
126 214 242
144 207 39
21 182 140
28 142 28
131 181 40
132 207 101
55 230 55
46 252 81
170 187 196
119 167 81
30 228 189
108 154 217
89 133 81
196 244 37
51 131 109
162 231 231
29 146 214
64 235 109
198 213 213
15 37 37
136 139 212
6 7 34
106 202 189
19 23 80
168 208 180
20 106 189
231 241 231
59 218 240
21 53 140
25 28 28
145 183 86
6 156 34
144 253 211
71 225 71
12 201 55
103 137 182
105 207 211
12 140 140
155 212 212
79 168 163
34 218 34
140 189 140
179 180 180
34 196 34
63 97 217
37 121 37
143 246 140
56 231 231
45 178 71
46 188 81
193 207 87
82 84 130
140 214 140
100 255 214
188 253 211
44 212 212
147 171 109
60 249 196
13 46 1
32 134 231
51 182 182
174 196 196
24 65 65
136 181 240
216 255 214
29 68 214
7 62 127
27 52 34
76 119 87
68 204 231
9 84 213
77 240 240
87 146 214
74 232 66
77 80 80
38 207 55
136 156 28
147 180 180
196 216 196
10 240 10
32 54 37
20 87 189
126 179 127
87 139 212
196 235 196
107 211 211
46 57 231
94 101 101
55 217 55
171 181 109
38 130 55
27 216 34
60 109 109
2 135 10
45 126 242
104 171 10
32 146 37
32 158 37
55 155 55
6 27 34
71 89 81
160 250 212
73 104 10
81 187 196
203 230 213
3 205 123
239 240 211
27 86 34
137 148 65
28 241 28
92 213 34
99 181 127
40 176 40
154 238 66
190 239 211
14 91 37
178 183 86
1 89 1
46 132 81
68 80 80
140 248 140
127 201 55
82 126 130
150 208 198
245 255 39
213 223 213
64 156 28
199 212 212
151 237 212
64 97 109
207 233 65
181 211 211
110 178 37
10 131 10
56 213 213
40 178 40
66 191 66
28 72 28
42 131 1
63 186 186
28 185 28
41 218 240
4 195 4
213 239 213
216 231 231
20 27 34
2 10 10
7 252 127
37 185 37
203 227 212
48 248 39
52 55 55
76 255 214
9 11 213
1 213 1
31 88 65
9 179 213
182 196 182
6 23 34
59 106 189
150 219 28
31 101 130
20 33 189
3 57 231
39 48 39
104 180 10
182 203 213
48 181 39
28 70 28
124 216 87
212 233 212
56 178 4
40 181 40
58 239 211
41 214 214
68 176 39
73 166 80
213 233 213
168 243 180
45 67 182
55 73 55
112 214 140
130 242 130
126 245 242
3 35 4
8 188 86
97 136 240
102 202 80
138 164 28
29 101 101
92 117 34
20 158 189
36 112 140
134 252 231
116 141 240
67 140 140
140 236 140
12 212 212
26 221 197
178 188 71
87 167 81
3 198 198
106 250 189
45 245 39
33 155 127
99 148 65
11 109 109
127 152 10
75 144 242
96 156 28
69 191 121
67 157 28
44 193 86
65 87 65
4 99 4
80 251 80
178 181 71
240 241 240
40 255 40
106 180 189
38 76 55
13 214 1
122 171 109
2 28 10
122 140 140
28 181 28
19 150 80
87 199 231
49 69 211
1 146 1
154 255 66
8 125 86
29 192 213
4 28 28
111 147 213
96 249 196
195 240 240
58 147 130
127 144 127
127 156 28
34 181 34
51 185 109
68 186 186
55 251 231
168 242 242
8 111 213
74 162 121
163 214 163
17 171 109
13 30 1
49 57 231
52 255 66
88 249 196
207 254 182
141 184 240
135 218 240
44 191 86
100 213 213
100 183 86
155 219 28
59 130 123
136 192 213
90 166 80
37 131 37
133 147 81
44 231 231
27 211 34
28 231 28
178 227 212
56 96 4
80 166 80
97 225 71
149 154 242
126 231 231
143 231 231
68 142 180
138 162 28
97 135 24
144 221 39
186 187 196
36 181 196
168 238 66
39 131 40
44 79 163
34 194 34
11 240 240
166 181 80
34 151 212
12 119 71
37 215 37
14 96 242
13 32 1
37 50 37
25 80 80
17 119 101
97 158 24
9 237 213
71 116 81
40 226 40
9 65 213
55 71 55
202 231 231
1 2 1
57 130 231
55 211 211
12 87 87
105 181 211
38 237 55
26 136 240
55 165 55
107 195 121
148 198 198
80 213 213
145 215 197
121 206 163
194 213 213
158 247 34
184 217 180
116 196 196
84 242 130
35 147 4
157 226 28
38 89 55
48 63 39
107 185 40
83 168 213
184 213 213
57 187 231
17 212 212
146 204 231
28 138 28
189 218 240
215 239 211
6 255 34
4 207 4
44 168 66
190 252 123
82 175 130
72 202 198
22 252 25
99 157 28
49 211 211
140 141 140
144 248 39
108 233 65
5 21 140
50 161 55
199 204 231
6 98 34
128 206 163
174 181 197
13 204 1
65 144 65
72 135 217
123 146 123
96 105 211
89 215 81
16 43 182
134 213 213
32 174 37
5 9 213
4 65 65
214 220 34
108 183 217
106 187 196
123 194 65
76 98 242
89 165 81
56 126 4
167 188 81
139 241 212
6 155 34
13 42 1
40 109 109
7 40 127
113 182 182
3 247 34
23 40 80
99 133 81
93 206 10
12 22 25
127 236 186
191 212 212
30 253 211
168 189 189
57 218 231
74 127 127
44 252 86
34 205 34
189 242 189
84 237 130
208 243 180
150 211 211
34 104 34
240 253 211
69 188 121
171 201 55
35 182 182
24 123 123
83 192 213
20 152 10
162 169 40
37 140 140
124 193 87
135 231 231
117 120 1
124 238 66
108 196 196
83 121 213
32 132 37
52 252 66
70 243 180
27 111 34
57 188 231
206 223 196
60 80 80
51 206 109
183 191 86
21 25 140
121 195 121
32 207 37
1 53 1
65 211 211
133 213 213
110 194 37
48 193 39
147 196 196
86 209 86
165 207 217
73 182 182
179 181 127
1 190 1
179 189 189
215 231 231
154 168 66
126 158 242
134 216 231
71 87 87
130 180 130
146 212 212
148 252 65
54 249 196
91 127 37
205 233 65
137 249 196
161 246 140
38 230 55
8 12 86
74 221 66
221 240 240
69 137 186
86 144 39
96 226 242
12 226 97
122 182 182
43 212 212
181 189 189
119 137 186
91 182 182
44 158 86
209 226 97
71 187 196
127 170 186
28 232 28
194 233 65
87 107 214
26 140 140
41 130 130
1 236 1
80 249 80
37 126 37
22 234 189
80 134 80
33 242 127
68 150 198
195 225 121
66 132 66
144 198 198
14 83 213
4 84 4
14 236 186
143 212 212
4 194 65
74 218 240
155 192 213
10 69 10
37 161 37
28 37 28
123 130 123
68 101 214
96 197 242
43 223 182
18 211 182
28 151 212
141 146 240
242 255 242
45 110 37
180 189 189
29 185 40
6 146 34
198 255 198
62 71 121
96 237 242
112 177 140
39 97 39
80 177 80
29 105 211
33 189 189
134 165 231
28 87 28
45 208 180
72 96 242
163 228 189
55 132 55
99 241 127
134 136 231
234 236 189
7 114 109
85 208 180
34 192 34
158 225 24
56 168 4
81 125 81
178 207 87
224 242 212
73 142 4
138 228 28
8 45 86
39 50 55
127 256 28
1 224 1
37 148 37
212 231 212
98 242 242
80 108 80
9 123 213
45 202 198
2 178 10
91 166 80
158 186 186
180 234 189
55 74 55
85 121 186
152 173 10
87 101 101
80 142 80
112 125 140
42 226 1
43 131 182
209 247 34
216 232 71
27 120 1
169 181 40
83 119 213
144 164 127
1 227 1
81 243 81
27 58 34
11 213 213
149 199 231
46 136 240
157 232 28
71 192 213
40 78 1
97 132 101
2 181 10
106 189 189
139 151 212
50 248 55
28 91 28
97 100 24
73 210 4
141 243 240
41 141 240
20 181 189
117 127 127
115 127 109
109 222 109
164 248 127
218 229 240
124 252 87
156 191 28
74 144 39
172 238 198
54 74 66
87 198 198
123 212 212
85 143 140
161 240 240
35 238 4
100 109 109
127 192 213
87 183 86
131 251 231
39 188 39
10 99 10
6 212 212
97 206 163
31 209 130
81 144 81
108 130 130
176 181 39
145 220 34
8 228 189
43 46 182
68 91 37
240 249 196
169 195 40
14 251 231
71 104 10
104 132 10
44 238 66
30 151 212
188 210 123
244 248 37
87 130 130
3 85 186
36 65 196
40 234 189
4 208 4
15 189 240
66 161 55
68 143 140
85 231 231
52 129 66
85 176 186
16 141 196
186 191 186
207 247 34
176 213 213
34 73 34
117 194 65
141 178 240
10 221 10
14 64 109
27 57 34
198 207 198
41 47 1
206 253 211
130 168 130
59 175 123
139 149 212
9 32 213
115 242 109
171 192 213
34 111 34
99 171 109
50 110 37
11 21 140
76 132 101
110 256 28
17 132 101
91 255 37
52 174 197
34 228 34
32 173 37
119 226 71
164 213 213
5 247 34
40 96 242
32 39 37
135 202 198
26 64 109
112 198 140
34 80 34
102 122 80
207 248 39
22 98 242
205 224 212
26 34 34
130 151 212
102 106 80
30 238 189
120 194 1
117 249 196
74 245 39
10 223 10
72 235 217
62 142 180
181 215 197
153 164 4
60 176 198
39 191 39
137 232 186
128 164 127
120 181 1
172 191 198
89 236 81
1 93 1
99 114 109
5 145 197
108 209 217
175 177 4
54 65 65
8 134 231
181 184 180
45 216 71
34 158 34
28 187 28
11 143 140
15 231 231
36 223 196
29 159 40
181 245 39
127 232 127
41 177 4
11 221 198
1 5 1
146 147 214
125 232 71
147 188 24
31 196 196
129 187 196
196 241 196
10 199 10
107 154 66
123 126 123
20 234 189
99 185 127
27 220 34
82 231 231
52 163 163
78 122 1
20 176 189
172 229 198
1 41 1
230 252 55
75 231 231
127 147 127
142 190 123
147 252 25
171 250 109
18 251 231
10 56 10
160 231 212
124 176 39
120 240 1
80 116 80
5 123 123
18 164 182
72 174 217
132 220 34
45 82 130
115 204 231
96 238 242
15 156 28
39 53 240
121 148 65
213 231 213
41 213 213
48 169 40
10 36 10
62 165 121
155 214 197
40 217 40
177 214 4
5 174 197
34 171 34
72 181 217
44 54 101
142 236 180
21 246 140
139 209 212
4 155 4
1 244 1
46 89 81
196 206 196
61 91 37
115 171 109
22 199 231
10 31 10
191 217 217
37 233 37
79 182 182
41 198 198
3 53 240
124 188 87
49 140 140
227 246 212
164 231 231
94 230 55
13 117 1
38 196 196
54 56 4
75 181 242
37 60 37
84 193 130
174 246 140
10 72 10
107 207 214
31 78 1
125 126 242
84 161 55
145 191 87
4 119 4
8 100 86
132 136 240
145 149 242
1 251 1
88 179 65
88 193 65
211 243 211
247 252 34
80 141 80
181 209 209
13 185 1
85 127 186
168 196 196
64 112 140
213 228 213
95 222 80
15 183 240
132 196 196
79 213 213
66 198 198
72 242 242
145 168 66
159 211 211
30 99 189
111 232 213
143 170 140
90 203 213
22 94 86
10 39 10
73 191 4
57 140 231
34 110 34
44 107 214
26 66 197
2 93 10
138 203 213
218 228 240
69 128 163
54 222 121
80 163 80
227 256 212
148 225 65
197 241 197
25 56 4
75 256 28
76 193 87
11 181 198
162 189 189
81 228 81
61 229 130
55 252 55
85 196 196
231 256 28
69 162 121
75 206 242
110 182 182
97 127 127
95 102 80
66 197 197
44 214 214
27 32 34
1 111 1
74 99 127
101 190 123
55 237 55
62 153 4
223 252 196
122 237 123
46 55 55
18 231 231
66 116 81
69 195 121
12 188 97
159 192 213
89 147 81
77 201 55
68 123 123
165 193 217
210 224 212
24 233 65
55 98 55
183 251 231
79 215 163
15 225 240
57 175 231
181 253 211
123 170 123
20 126 189
6 30 34
143 144 140
195 235 121
125 225 71
162 164 127
88 128 65
24 162 121
217 255 217
28 150 28
49 51 211
27 145 34
173 224 212
13 195 1
39 169 40
200 255 65
9 94 213
121 140 140
65 126 65
118 156 10
135 162 121
170 240 240
56 179 4
100 111 213
191 226 97
195 255 121
121 232 121
197 244 37
62 236 186
108 153 4
46 185 81
71 100 24
57 80 80
55 87 55
69 139 212
225 252 25
149 227 212
24 181 24
1 47 1
113 213 213
45 188 97
51 64 109
162 182 182
48 111 213
112 162 140
116 226 81
57 192 213
63 217 217
7 208 180
165 170 186
7 42 1
4 79 4
90 228 140
195 233 65
10 248 10
66 158 66
21 45 140
70 196 196
65 140 140
117 235 217
57 141 231
92 151 212
90 94 140
163 180 180
1 198 1
144 245 39
16 194 196
155 198 198
1 108 1
142 210 123
53 173 37
44 108 217
18 181 182
1 130 1
233 236 65
123 159 123
190 215 123
68 213 213
135 148 65
93 137 10
60 246 140
84 111 213
122 181 123
76 162 121
21 123 140
56 138 28
145 179 127
28 133 28
212 227 212
31 179 130
54 132 101
117 147 101
34 198 34
8 33 127
24 250 40
55 175 55
88 146 65
47 243 1
127 221 127
50 218 240
155 171 109
78 254 1
44 159 40
178 212 212
80 112 80
212 247 212
10 139 212
92 141 34
6 97 34
145 196 196
62 160 212
154 244 37
121 230 55
83 146 213
81 121 81
29 228 189
7 193 127
1 247 1
47 128 1
105 197 211
34 160 212
183 195 121
167 181 81
30 140 140
116 189 81
49 181 211
176 255 39
82 146 130
33 121 127
28 71 28
49 177 211
48 171 109
142 224 212
210 220 34
125 140 140
209 252 25
79 206 163
98 232 242
39 81 81
246 252 140
41 94 86
146 169 40
82 213 213
13 47 1
20 249 196
70 167 81
93 152 10
35 186 4
106 198 189
84 234 189
14 182 182
47 186 1
79 127 127
116 162 81
125 176 39
148 181 65
81 127 81
70 165 180
212 224 212
42 47 1
58 142 130
128 175 163
64 81 109
24 182 182
65 210 65
55 212 212
133 186 81
79 188 163
16 192 213
11 128 198
127 169 127
245 249 196
25 96 242
149 196 196
76 181 87
20 130 189
175 198 198
147 237 24
73 206 4
39 130 130
59 238 123
36 187 196
41 43 182
144 223 196
44 62 121
5 12 197
116 126 81
55 61 55
90 125 140
194 240 240
17 163 163
9 214 213
201 212 212
95 215 80
162 217 121
38 216 55
22 163 163
110 174 37
90 98 140
151 238 212
5 56 4
120 121 1
2 255 10
35 249 196
118 240 10
191 215 197
91 213 213
175 179 127
131 254 182
53 187 196
13 128 1
140 179 140
72 228 189
45 114 109
108 200 65
39 58 130
181 198 198
198 242 198
46 255 81
136 218 240
134 195 231
208 212 212
98 145 242
113 181 211
51 146 109
129 146 214
73 74 4
127 182 182
20 81 81
108 221 217
79 172 198
43 80 80
125 146 214
55 209 55
56 242 4
78 249 1
66 205 123
127 229 127
57 195 231
130 193 130
31 151 212
164 186 186
64 216 109
198 234 189
38 134 231
35 241 4
24 108 217
122 190 123
182 239 182
40 132 40
56 57 231
35 90 140
131 179 127
182 214 182
201 213 213
89 199 231
126 234 189
74 195 121
155 207 197
5 130 130
100 239 211
181 250 40
141 238 240
56 104 10
7 147 127
37 253 211
93 129 10
28 60 28
175 183 163
40 126 242
94 154 66
79 130 130
100 139 212
1 149 1
178 216 71
52 153 4
40 110 37
81 145 81
34 43 34
92 239 34
86 95 80
40 163 40
8 48 39
11 140 140
76 114 109
56 84 4
89 173 37
112 203 213
69 166 80
140 170 140
18 240 182
1 120 1
128 215 163
200 247 34
74 197 197
182 209 182
208 220 34
23 214 80
85 154 186
112 143 140
112 193 140
167 213 213
37 173 37
12 131 40
131 148 65
10 133 10
137 238 186
144 196 196
22 106 189
40 193 40
138 181 28
75 168 242
69 179 127
129 145 86
161 229 55
193 255 214
63 193 217
94 241 86
7 108 127
80 118 10
97 172 198
41 207 87
96 185 242
84 184 130
175 236 186
42 251 1
5 94 197
24 110 37
80 200 80
100 221 24
41 175 163
22 241 87
8 79 163
62 189 189
47 136 1
112 164 140
69 154 121
4 153 4
223 234 196
132 229 101
148 233 65
211 225 211
158 178 24
122 125 123
105 231 231
1 42 1
183 230 55
94 109 109
4 58 4
20 134 231
71 99 127
25 191 25
65 238 65
219 231 28
56 250 4
96 212 212
118 154 10
66 193 66
139 187 212
10 55 10
89 117 81
42 78 1
121 221 121
41 158 25
165 217 217
42 44 1
3 158 186
48 185 40
44 130 130
97 239 211
50 201 55
7 28 28
71 158 24
89 196 196
34 50 34
9 212 212
188 191 97
19 193 80
241 252 87
17 151 212
37 42 1
17 210 123
22 129 86
37 205 37
76 85 186
157 212 212
45 226 97
14 92 34
104 107 10
48 214 39
134 230 231
95 181 80
185 255 40
53 225 240
2 77 10
181 225 71
94 106 189
129 170 186
91 181 37
138 165 28
46 108 81
229 240 240
77 191 163
162 244 37
25 196 196
168 207 66
87 241 87
101 132 101
185 195 40
139 237 212
23 88 80
85 177 4
18 23 80
21 135 140
10 192 213
77 136 240
118 192 213
138 154 28
45 124 87
5 189 189
4 237 4
22 221 25
213 246 213
177 240 240
11 70 198
50 230 55
44 124 86
58 213 213
125 221 71
106 224 212
60 137 198
231 255 231
136 150 240
190 210 123
73 127 4
85 229 186
81 197 81
99 203 213
80 192 213
136 214 240
180 190 123
142 152 10
33 39 127
128 234 189
48 163 39
99 158 127
40 123 123
125 216 71
128 228 189
51 189 109
129 249 196
29 117 101
15 248 240
8 181 86
1 35 1
143 182 140
3 75 186
134 150 231
199 224 212
11 165 198
9 10 213
25 239 211
182 217 182
4 131 4
211 234 211
99 196 196
56 188 4
178 198 198
128 130 130
56 130 4
102 129 80
1 246 1
200 218 240
10 16 10
12 62 121
4 134 231
47 141 1
213 249 213
68 92 34
22 235 217
58 61 130
68 163 163
37 180 37
6 247 34
84 180 130
124 125 87
194 214 65
79 147 163
180 212 212
11 192 213
52 108 217
27 41 34
76 124 87
146 210 123
191 225 71
130 132 130
58 109 109
1 169 1
130 181 130
215 221 197
192 202 213
182 221 182
66 70 180
181 228 189
180 187 196
195 208 180
141 197 240
36 79 196
147 163 163
46 189 81
178 193 25
201 237 55
39 159 40
160 200 212
112 113 140
35 153 4
4 96 4
28 75 28
128 169 40
71 224 212
25 175 163
151 173 212
2 117 10
108 109 109
87 200 65
186 193 186
135 217 217
18 198 182
211 230 211
21 239 140
31 181 130
29 147 25
40 184 180
58 198 198
222 252 121
51 117 109
81 245 81
136 168 240
103 140 140
8 170 186
83 166 213
90 131 140
81 107 81
64 69 109
81 250 81
247 248 34
44 144 39
15 196 196
33 164 127
111 202 213
50 194 55
195 247 34
140 244 140
160 212 212
188 248 39
184 221 180
7 33 127
80 168 80
181 226 97
34 186 34
189 193 189
191 232 97
11 148 198
183 254 182
67 240 182
81 200 81
28 57 28
69 201 55
14 101 214
154 213 213
132 186 186
28 196 28
11 206 198
34 139 212
16 256 28
230 235 55
150 212 212
74 108 217
244 245 37
132 182 182
178 191 71
162 239 211
34 146 34
103 229 182
16 83 213
102 212 212
13 17 1
15 47 1
123 223 196
51 179 109
135 156 28
36 188 196
59 217 123
27 174 34
79 131 40
50 231 231
34 249 34
138 156 28
50 64 55
6 13 1
44 102 80
121 201 55
28 212 212
3 206 186
125 147 24
60 136 240
26 156 28
17 39 39
136 151 212
123 168 123
130 146 130
7 31 130
182 205 182
74 249 196
1 128 1
66 137 186
5 251 231
48 70 180
181 191 97
124 225 87
135 255 214
101 102 80
51 201 55
67 74 182
123 124 123
12 149 242
91 126 37
138 200 28
87 223 196
18 175 182
149 255 242
23 246 80
29 45 25
140 178 140
10 157 10
43 122 182
18 156 28
65 73 65
103 213 213
159 248 40
198 208 198
66 240 240
41 60 198
204 233 231
30 195 189
73 240 240
123 206 123
66 212 212
48 246 140
6 167 34
106 228 189
18 212 212
117 233 65
77 154 163
42 211 1
10 158 10
45 237 24
194 200 65
25 173 37
198 252 198
9 140 213
33 166 80
18 206 182
109 236 109
10 180 10
63 65 65
171 197 109
99 191 127
229 254 182
22 100 25
70 256 28
127 245 127
168 201 55
60 173 37
31 58 130
28 92 34
128 181 163
77 135 163
90 134 231
188 235 217
94 116 81
94 125 86
154 242 242
38 253 211
213 251 213
154 186 186
73 94 4
4 14 4
5 213 213
56 177 4
57 181 231
85 140 140
120 212 1
4 64 109
100 153 4
155 221 197
162 233 65
123 236 123
107 225 214
17 213 213
109 211 211
90 143 140
40 224 212
39 74 39
146 254 182
228 240 240
76 107 214
54 252 101
31 153 4
34 49 34
90 136 140
152 233 10
40 233 65
15 136 240
87 175 163
181 239 211
59 211 211
24 252 25
48 97 39
76 86 86
72 149 242
54 212 212
102 180 80
28 249 28
11 101 198
7 199 231
158 216 24
65 253 211
99 197 127
44 145 86
21 240 140
34 38 34
67 80 80
69 181 121
29 200 65
138 169 28
185 239 211
133 181 81
28 30 28
18 51 182
14 79 163
123 235 123
31 180 130
145 232 87
73 196 196
168 237 66
1 92 1
8 112 140
3 193 186
7 91 37
36 229 196
179 254 182
69 80 80
43 138 28
132 158 101
128 216 163
96 187 196
35 53 240
32 214 37
144 231 231
22 125 25
47 233 1
119 129 86
106 136 240
19 213 213
147 149 242
45 225 71
30 123 189
81 133 81
44 221 86
162 240 240
40 221 40
97 134 231
92 247 34
65 80 80
107 237 214
99 212 212
222 245 39
6 19 34
1 59 1
80 237 80
98 102 80
24 127 127
203 231 213
46 80 80
117 132 101
121 237 121
69 199 231
62 65 65
73 225 4
96 106 189
121 152 10
65 117 65
1 166 1
27 97 34
56 75 4
65 129 65
24 255 214
27 110 34
52 195 121
164 215 127
223 232 196
98 185 242
157 205 28
177 192 213
54 107 214
148 219 28
135 223 196
82 123 123
15 45 240
70 94 180
114 172 109
37 115 37
135 147 24
85 153 4
39 174 39
25 155 197
183 228 189
55 114 55
171 174 109
23 213 213
190 211 211
213 230 213
105 216 211
49 204 231
65 177 65
12 198 198
42 207 1
77 114 109
21 102 80
174 187 196
144 240 240
1 140 1
97 114 109
186 198 198
83 96 213
27 75 34
182 255 182
150 154 198
181 208 180
68 100 214
219 246 28
75 252 242
34 84 34
139 238 212
14 176 39
3 252 186
193 252 25
185 201 55
214 231 231
87 109 109
62 81 81
164 254 182
44 181 86
202 209 198
119 188 71
54 60 198
43 95 80
68 245 39
28 119 28
30 106 189
28 48 28
64 124 109
124 149 242
22 246 140
3 236 186
122 126 123
82 139 212
8 34 34
71 169 40
93 181 10
80 173 80
83 113 213
204 223 231
76 188 87
10 203 213
41 169 40
10 37 10
92 242 34
191 216 71
187 229 196
182 213 213
6 58 34
12 150 198
17 37 37
76 145 87
148 194 65
123 163 123
158 217 217
44 45 86
91 110 37
12 241 87
122 157 28
9 199 213
92 167 34
35 195 4
2 112 10
90 116 140
71 227 212
126 202 198
26 174 197
4 81 81
179 186 186
69 102 80
82 103 182
154 179 127
7 137 186
77 190 123
119 152 10
45 145 87
104 226 10
205 225 123
74 242 242
126 198 198
6 104 34
209 223 196
60 196 196
129 151 212
142 191 180
27 166 34
53 226 240
107 140 140
25 241 87
148 216 65
1 19 1
74 240 240
35 123 4
230 234 55
166 231 80
5 52 197
10 60 10
34 224 212
4 123 4
36 130 196
30 107 189
20 101 189
166 168 80
55 185 55
20 58 189
132 255 214
48 144 39
94 240 240
155 242 242
48 131 40
182 230 182
62 150 198
63 202 198
227 252 212
139 224 212
39 71 39
123 198 198
17 222 121
181 234 189
61 180 130
90 148 140
153 173 37
18 103 182
134 240 231
152 228 10
63 118 10
5 61 130
4 128 4
105 167 211
40 232 40
57 239 231
119 178 71
125 177 4
115 166 80
17 88 65
104 118 10
128 209 163
50 228 55
113 254 182
66 96 242
98 213 213
114 196 196
104 114 10
89 202 81
80 201 80
61 115 109
16 47 1
1 15 1
168 187 196
46 243 81
7 45 127
121 208 180
101 146 214
90 140 140
231 246 231
57 251 231
206 252 163
52 242 242
84 231 231
212 225 212
41 245 39
3 142 180
8 215 197
207 219 28
45 83 213
145 180 180
65 72 65
77 256 28
42 193 1
19 242 80
101 107 214
86 237 86
47 180 1
10 120 1
64 199 231
32 178 37
28 152 10
108 242 242
75 115 109
81 170 81
163 195 163
191 235 217
121 144 39
117 118 10
2 216 10
180 248 180
94 223 196
56 123 4
22 41 25
37 53 37
18 22 182
39 155 39
77 155 163
167 234 81
13 84 1
64 212 212
46 214 81
23 102 80
1 43 1
63 184 180
210 211 211
213 243 213
193 203 213
149 238 242
86 156 28
59 67 182
63 235 217
9 45 213
182 248 182
1 178 1
5 205 123
100 135 24
62 144 39
55 184 55
9 232 213
147 212 212
120 158 1
188 221 97
107 175 163
68 242 242
11 65 198
65 162 65
207 242 242
107 146 214
64 115 109
113 158 211
138 175 28
175 231 231
43 226 182
198 211 211
61 137 130
43 188 182
21 35 140
124 209 87
1 115 1
65 229 65
33 77 127
127 222 127
185 191 40
170 213 213
135 169 40
9 13 1
22 216 25
148 196 196
28 40 28
25 76 87
91 219 28
48 117 39
114 199 231
115 213 213
80 180 80
179 232 127
83 174 213
151 251 212
169 225 40
34 201 34
212 228 212
40 60 198
56 230 55
107 196 196
163 175 163
124 158 87
30 35 189
70 110 37
46 129 81
15 66 240
129 209 86
151 160 212
82 133 81
178 241 87
16 237 196
31 84 130
189 194 189
46 101 81
8 44 86
100 129 86
86 102 80
144 181 39
53 183 240
25 65 65
28 211 28
182 184 182
222 242 242
108 237 217
86 108 217
8 158 86
161 212 212
187 211 211
34 153 34
212 217 212
125 198 198
86 132 101
130 138 28
62 105 211
33 140 140
90 128 140
10 179 10
45 181 209
3 189 189
42 194 1
44 112 140
88 115 109
7 179 127
52 90 140
10 153 10
199 243 231
177 251 231
202 240 240
74 168 66
233 254 182
69 133 81
139 243 212
69 239 211
168 178 66
140 190 140
83 212 212
27 181 34
135 149 242
10 245 10
37 174 37
4 240 240
98 233 65
4 162 4
175 181 163
118 163 10
26 93 10
76 178 87
179 217 127
32 229 37
153 255 4
112 212 212
73 173 37
183 203 213
36 228 196
81 114 109
205 210 123
116 167 81
10 184 10
34 109 34
34 226 34
170 181 186
112 127 140
125 192 213
131 250 40
21 231 231
67 212 212
134 158 231
22 229 101
95 151 212
3 45 186
17 65 65
225 229 101
124 141 240
34 156 34
13 238 1
16 204 231
34 180 34
108 132 217
145 158 87
224 225 212
69 105 211
179 197 127
68 211 211
78 105 1
1 38 1
14 22 214
218 235 240
51 245 109
201 205 55
186 222 186
218 239 211
136 140 140
96 174 242
98 235 242
1 88 1
1 72 1
71 72 217
168 180 180
45 182 182
154 180 180
53 199 231
25 99 127
35 181 4
1 76 1
28 198 28
153 202 198
40 159 40
86 211 211
34 137 34
1 23 1
170 176 186
28 200 28
60 206 198
42 250 1
112 182 140
164 225 127
135 191 24
167 171 109
97 242 242
22 214 214
66 80 80
39 87 39
53 196 196
116 219 28
41 153 4
72 122 123
120 251 1
82 240 240
240 252 240
19 21 80
12 110 37
47 181 1
55 142 55
113 253 211
54 168 66
36 106 196
74 219 28
24 29 25
66 183 66
160 206 212
119 255 214
25 40 40
16 242 196
12 101 101
1 28 1
130 207 130
47 212 1
38 235 55
43 231 231
142 158 180
15 184 240
122 196 196
12 125 71
181 238 66
33 188 127
74 215 197
17 198 198
137 177 4
10 17 10
89 145 81
198 256 28
140 196 140
11 60 198
14 216 214
3 126 186
17 157 28
75 81 81
35 167 81
53 142 240
96 230 55
89 244 37
70 184 180
217 235 217
58 77 130
213 250 213
63 205 123
5 137 186
105 235 211
25 74 66
39 225 39
115 181 109
30 189 189
49 197 211
70 247 34
10 218 10
17 152 10
32 181 37
20 196 196
184 243 180
38 97 55
149 214 242
12 189 189
58 167 81
82 180 130
186 225 186
96 112 140
140 188 140
29 58 130
212 242 212
4 175 4
140 184 140
122 226 123
57 231 231
25 66 66
108 171 109
37 239 211
168 193 66
142 213 213
18 254 182
157 165 28
178 245 39
45 86 86
46 81 81
9 68 213
76 206 163
54 66 66
31 33 130
63 130 130
19 126 80
109 216 109
126 241 242
156 212 212
155 235 217
214 248 39
105 226 211
181 186 186
51 140 140
28 95 28
82 238 130
55 62 55
21 207 140
144 211 211
5 201 55
4 198 198
40 240 240
65 242 65
34 113 34
187 198 196
50 142 55
153 212 212
80 197 80
75 174 242
31 147 130
62 131 40
19 210 80
120 155 1
53 198 240
102 119 80
153 211 211
123 174 123
169 239 211
62 240 240
81 96 81
122 213 213
85 214 186
36 182 182
158 206 163
21 143 140
127 214 127
40 169 40
151 181 212
193 216 25
168 228 189
8 128 163
28 253 28
69 101 121
34 185 34
34 175 34
39 45 39
161 237 55
12 177 4
155 216 197
43 181 182
34 157 34
65 133 81
1 125 1
141 212 212
70 90 140
2 45 10
149 186 186
93 211 10
142 218 240
123 177 4
26 31 130
196 227 212
142 200 65
189 255 189
100 181 24
59 232 123
15 53 240
70 224 212
113 140 140
153 170 4
197 221 197
107 178 214
163 222 163
70 85 180
1 165 1
15 99 240
39 65 65
98 171 109
12 251 231
15 240 240
56 137 4
6 220 34
130 211 211
91 103 182
185 227 212
58 246 140
94 255 214
37 176 37
156 256 28
60 205 198
97 252 25
214 243 180
130 217 130
75 186 186
25 105 211
34 246 34
100 127 127
82 176 130
133 161 55
185 220 34
15 207 240
50 78 1
71 107 214
61 69 130
86 207 86
146 213 213
19 98 80
7 190 123
180 217 180
4 32 37
132 216 101
161 251 231
80 231 80
80 182 80
67 142 182
164 201 55
142 192 213
37 150 37
141 171 240
94 251 231
75 96 242
8 237 86
123 195 123
49 212 212
127 202 198
123 240 240
2 118 10
90 100 140
114 170 109
75 215 242
15 182 182
100 225 24
197 226 197
60 180 198
29 224 212
108 165 217
187 224 212
176 180 180
36 251 231
125 142 180
77 89 81
62 98 242
18 77 182
97 146 214
46 205 81
162 218 240
30 185 189
203 213 213
56 109 109
91 140 140
39 238 39
100 207 87
97 125 71
137 202 198
171 238 109
83 216 213
69 122 123
135 158 24
80 143 80
12 178 71
187 249 196
2 233 10
63 169 40
22 250 40
13 222 1
68 130 130
34 88 34
41 172 198
169 232 40
93 192 213
1 103 1
38 240 240
197 202 198
61 109 109
25 231 231
37 183 37
149 247 34
30 120 1
36 123 196
61 145 130
129 198 198
26 214 197
8 35 4
58 212 212
136 186 240
105 160 212
97 186 186
52 182 182
103 138 28
160 175 212
134 181 231
111 210 213
3 145 186
215 229 197
94 144 39
71 74 66
120 144 1
131 211 211
29 252 25
57 199 231
132 251 231
54 250 40
20 34 34
17 80 80
67 129 182
107 182 182
122 188 123
1 211 1
178 244 37
199 213 213
189 248 189
191 227 212
40 74 40
22 29 25
11 174 198
84 236 130
63 109 109
109 213 213
123 210 123
16 181 196
81 131 81
134 138 28
36 110 37
193 246 140
87 129 86
137 143 140
10 34 34
184 240 240
32 163 37
14 20 189
7 186 186
15 212 212
32 172 37
73 91 37
202 225 198
85 249 196
102 227 212
206 235 163
38 129 55
97 249 196
59 93 10
1 78 1
18 37 182
100 186 186
106 207 189
181 237 24
29 35 4
29 125 25
73 162 4
147 226 24
37 226 37
13 183 1
169 176 40
153 228 189
182 234 182
101 139 212
46 74 81
97 232 97
78 106 1
63 216 217
23 86 80
91 124 37
176 244 37
231 249 231
171 208 109
53 182 182
90 219 28
116 131 81
39 248 39
103 254 182
92 166 34
35 97 4
159 215 40
67 145 182
126 149 242
92 243 34
29 181 25
135 188 24
148 214 65
64 110 37
108 215 217
140 223 140
20 202 189
56 192 213
84 114 109
121 174 121
74 87 66
141 149 240
32 211 211
28 209 28
12 252 25
223 237 196
68 111 213
136 211 211
116 211 211
52 232 66
82 107 130
69 229 121
218 238 240
114 217 109
70 126 180
68 140 140
185 238 40
69 109 109
73 197 4
98 126 242
61 159 130
48 207 39
44 215 197
48 143 140
79 256 28
53 220 34
188 252 25
20 30 189
44 234 189
195 211 211
63 180 180
29 143 140
103 256 28
163 207 163
26 122 123
96 248 242
43 128 182
80 115 80
132 135 101
159 231 231
25 53 240
171 221 109
32 159 37
163 213 213
174 215 197
85 199 231
170 246 140
161 230 55
35 154 4
82 115 109
109 205 109
24 52 66
164 184 180
181 213 213
17 211 211
177 223 196
112 233 140
12 39 39
30 104 10
8 214 214
104 213 213
100 232 24
226 239 211
65 141 240
109 180 109
158 233 65
91 230 37
103 253 182
33 60 198
31 187 196
202 211 211
81 181 81
157 219 28
66 214 66
8 196 196
40 66 40
73 85 4
53 231 231
22 178 25
103 180 182
142 147 180
213 256 213
73 212 212
31 42 1
30 116 81
9 193 213
24 242 242
64 74 109
7 111 213
168 232 66
109 125 109
122 210 123
89 142 81
65 146 65
36 98 196
8 182 182
127 161 55
70 142 180
18 142 182
87 189 189
134 172 231
91 212 212
143 236 140
211 232 211
46 133 81
14 57 231
169 175 40
92 212 212
80 130 80
79 242 242
223 249 196
102 247 34
33 165 127
5 24 197
216 222 121
24 195 121
106 177 189
36 219 28
70 231 231
45 231 231
88 231 231
24 251 231
71 200 65
13 34 1
147 178 24
15 213 213
85 236 186
117 229 101
189 205 189
10 111 213
117 216 101
125 127 127
14 25 214
78 231 1
167 212 212
169 214 40
116 177 81
231 242 231
240 250 240
59 210 123
59 212 212
63 172 198
212 243 212
16 249 196
16 17 196
13 85 1
120 180 1
26 121 121
1 3 1
222 226 121
40 179 127
65 196 196
48 162 39
81 167 81
48 194 65
130 212 212
35 191 4
109 207 109
68 87 214
129 154 66
34 132 34
90 232 140
124 189 189
28 180 28
14 209 214
159 173 37
20 153 189
28 56 28
80 124 80
31 61 130
141 169 240
28 32 28
4 61 4
2 111 213
56 86 4
39 207 39
33 106 189
135 216 24
98 146 242
56 148 65
135 236 186
17 229 101
78 144 1
64 105 211
71 180 180
10 173 10
87 176 39
40 65 65
69 156 28
39 221 39
68 162 121
93 173 10
213 216 213
8 226 86
127 163 127
150 186 198
161 183 55
96 137 186
43 87 182
124 207 87
36 240 196
1 254 1
33 66 127
189 216 189
98 136 240
136 198 240
19 212 212
82 201 55
34 71 34
34 130 34
9 242 213
184 223 196
46 130 81
59 174 123
57 163 231
62 114 109
89 119 81
34 96 34
139 153 212
77 91 37
171 180 109
41 225 25
123 222 123
18 209 182
84 206 130
39 209 39
175 234 189
94 108 217
13 120 1
34 95 34
54 61 130
191 207 87
107 132 214
126 150 198
159 169 40
94 165 217
40 238 40
26 193 197
56 203 213
196 243 196
224 227 212
220 233 34
146 185 40
6 92 34
88 107 65
143 174 140
183 250 40
29 97 25
45 129 86
28 202 28
108 232 217
25 110 37
39 76 39
43 67 182
130 190 123
63 79 163
18 186 182
10 137 10
82 121 130
116 158 81
65 231 231
126 166 80
74 233 65
89 162 81
97 203 213
119 161 55
197 210 123
112 156 28
140 181 140
97 176 39
40 98 242
39 105 211
29 94 86
87 133 81
37 84 37
55 208 55
10 150 10
44 256 28
61 164 130
147 157 28
67 182 182
55 240 240
84 215 130
9 37 213
154 248 39
29 63 217
23 164 80
19 223 80
143 187 140
116 231 231
152 167 10
28 73 28
149 181 242
206 219 28
22 194 65
10 249 10
53 99 240
3 165 186
108 127 127
70 135 180
1 110 1
45 71 71
34 235 34
31 139 212
127 165 127
176 246 140
155 240 240
32 140 140
131 169 40
172 252 198
109 132 109
88 243 65
144 192 213
26 158 197
165 245 39
152 179 10
94 164 127
41 237 25
211 212 212
39 52 39
86 236 186
10 52 10
150 190 198
14 211 211
1 164 1
34 220 34
31 82 130
179 224 212
145 214 214
76 216 87
33 232 127
5 44 197
12 158 24
71 181 71
26 175 163
62 112 140
28 166 28
208 231 231
139 214 212
196 218 196
56 153 4
192 201 213
197 248 39
15 236 240
43 165 182
73 123 4
86 130 130
93 242 10
18 59 182
60 101 198
60 85 198
103 200 182
66 107 66
88 186 65
84 189 189
2 223 10
81 157 28
6 144 34
166 228 80
98 181 242
8 160 212
114 160 212
182 186 182
76 202 198
89 232 81
97 131 40
106 155 189
94 237 86
7 174 127
62 67 182
158 169 40
9 31 213
101 229 101
79 175 163
217 221 217
179 239 211
1 91 1
94 200 65
75 124 242
49 171 211
22 36 196
126 246 140
80 204 80
156 181 28
95 197 80
21 34 34
99 164 127
94 183 86
132 171 109
11 238 198
133 219 28
1 69 1
1 237 1
125 209 71
28 31 28
76 180 180
159 186 186
11 126 198
64 234 109
18 144 182
46 200 81
110 181 37
123 129 123
25 142 180
188 216 71
231 238 231
142 196 196
19 106 80
56 65 65
118 248 10
46 233 81
38 95 80
177 232 4
130 205 123
46 181 81
77 140 140
78 252 1
24 171 109
55 116 55
83 165 213
165 181 217
39 250 40
147 236 186
4 186 4
53 70 240
115 196 196
97 168 66
101 255 214
102 226 80
106 233 189
116 171 109
113 172 211
38 128 55
158 187 196
140 202 140
110 119 37
17 251 231
14 191 214
83 214 213
190 237 123
15 211 211
38 163 55
111 130 213
136 216 240
25 198 198
19 88 80
96 180 180
85 245 186
101 154 66
126 170 186
124 140 140
155 210 123
6 86 34
87 165 217
10 204 10
52 217 217
38 106 55
110 219 28
46 72 81
181 214 214
65 245 65
121 127 127
184 212 212
97 211 211
10 201 10
4 150 198
133 144 81
180 241 180
17 135 101
74 228 189
52 205 123
37 210 37
60 92 34
96 216 242
147 158 24
71 231 231
212 240 212
72 219 28
79 163 163
1 139 1
105 239 211
98 240 240
35 185 4
45 119 71
4 232 4
27 255 34
209 233 65
130 245 130
35 216 4
100 184 180
217 256 28
47 78 1
28 190 28
88 181 65
91 94 37
109 151 212
198 238 198
64 80 80
27 229 34
153 156 28
232 256 28
24 190 123
48 255 39
95 149 80
162 197 121
17 44 101
73 214 4
20 250 189
216 225 71
38 114 55
58 188 130
39 129 39
23 99 80
27 187 34
26 86 197
45 219 28
148 204 231
195 215 121
66 238 66
14 179 127
56 161 55
196 213 213
132 164 127
22 256 28
3 73 4
100 242 242
207 249 196
23 92 34
46 203 213
111 216 213
6 239 34
15 90 140
68 108 217
211 249 211
7 9 213
99 216 127
33 162 127
7 251 231
66 102 80
50 180 55
56 197 4
144 162 39
10 51 10
63 72 217
101 180 180
176 228 189
206 211 211
166 236 80
139 162 212
64 75 109
91 173 37
11 72 198
133 167 81
105 132 211
115 205 109
29 182 182
165 180 180
162 195 121
10 237 10
22 91 37
196 212 212
164 204 231
136 231 231
10 38 10
63 83 213
2 83 213
44 60 198
66 218 240
226 236 186
19 50 80
114 173 37
25 158 25
173 221 37
66 157 28
216 236 186
11 98 198
80 138 28
201 216 55
21 153 140
45 133 81
30 162 189
173 247 34
103 104 10
49 253 211
63 210 123
147 153 4
60 114 109
117 207 101
33 198 198
49 195 211
2 215 10
101 109 109
18 107 182
3 37 37
166 180 80
45 140 140
107 176 39
65 169 65
132 168 66
66 68 66
71 119 71
86 101 101
62 231 231
79 128 163
125 188 71
8 85 186
71 211 211
125 191 71
69 76 121
17 51 109
135 165 217
107 123 123
38 56 55
139 155 212
155 184 180
132 193 101
70 105 211
173 185 37
12 191 97
89 213 213
53 253 211
11 59 198
140 168 140
88 213 213
7 99 127
109 234 109
39 127 127
18 252 182
75 146 242
15 208 240
3 82 130
28 168 28
120 149 1
35 231 231
139 160 212
181 224 212
185 228 189
140 229 140
56 212 212
133 240 240
55 186 55
14 234 189
27 131 34
24 39 39
110 211 211
124 239 211
116 128 81
49 154 211
181 231 231
72 143 140
139 145 212
46 116 81
121 180 180
163 181 163
23 91 80
12 72 217
235 245 39
63 225 217
117 119 101
54 231 231
127 145 127
46 140 140
141 172 240
131 221 40
72 145 217
71 212 212
80 153 80
60 63 198
43 206 182
140 246 140
26 151 212
82 212 212
97 175 163
207 241 87
95 116 80
100 110 37
84 247 34
80 157 28
128 170 186
199 231 231
26 234 189
17 123 123
56 81 81
31 154 130
25 123 123
162 212 212
52 53 240
9 134 213
53 228 240
10 236 10
165 168 217
10 186 10
136 138 28
33 143 140
64 167 109
86 146 214
34 162 34
41 117 101
151 203 212
104 256 10
12 209 97
1 13 1
91 244 37
71 163 163
66 87 66
171 224 212
214 256 28
109 243 109
95 225 80
65 243 65
125 199 231
5 27 34
64 243 109
182 198 182
1 9 1
99 245 127
118 167 10
13 103 1
152 169 10
81 163 81
155 174 197
16 105 211
186 212 212
251 253 231
55 129 55
168 177 4
103 222 182
11 41 198
97 124 87
81 138 28
10 49 10
1 21 1
104 146 10
3 242 186
160 201 212
86 195 121
123 169 123
192 225 213
58 100 130
81 231 231
15 55 240
10 235 10
88 148 65
59 185 123
158 163 163
125 165 217
62 109 109
69 217 121
84 182 182
121 248 39
1 197 1
7 59 123
48 242 242
238 244 37
59 155 123
191 254 182
127 186 186
74 255 66
16 64 196
44 87 86
147 256 28
2 213 213
42 181 1
30 130 189
75 98 242
219 256 28
5 196 196
5 176 39
76 213 213
98 182 182
65 241 65
77 175 163
18 207 182
68 198 198
24 246 140
69 204 231
135 182 182
116 136 240
1 219 1
169 205 123
178 186 186
1 181 1
114 256 28
50 242 55
84 181 130
96 158 242
180 243 180
103 241 182
26 73 4
14 249 196
154 174 197
23 166 80
56 71 4
23 140 80
8 178 86
51 171 109
150 240 240
25 109 109
26 148 65
72 99 127
7 253 211
165 209 217
48 124 39
78 180 1
14 163 163
55 148 55
141 179 240
58 251 231
40 167 81
4 200 65
1 102 1
37 250 37
70 158 180
62 200 65
34 164 34
43 119 182
94 248 39
28 217 28
158 241 87
149 207 242
145 233 65
25 235 217
135 150 198
10 242 10
64 131 109
61 148 65
211 231 231
31 55 55
137 188 186
163 226 163
232 236 186
66 245 39
56 233 65
78 102 1
20 231 231
28 218 28
89 139 212
106 237 189
124 213 213
33 182 182
178 213 213
27 44 34
49 243 211
44 174 197
38 93 10
111 118 213
137 187 196
124 132 101
4 222 4
86 176 39
34 217 34
117 250 40
43 152 10
62 163 163
190 240 240
92 189 34
134 204 231
122 142 123
181 232 209
169 173 37
134 226 231
121 132 121
31 81 81
80 133 80
9 147 213
14 50 55
1 214 1
196 222 196
54 245 39
91 177 37
56 76 4
97 237 24
176 237 39
179 196 196
148 209 65
16 42 1
139 147 212
11 85 198
43 170 182
225 230 55
62 76 121
82 112 140
117 242 242
10 71 10
100 229 101
86 188 86
175 217 163
76 228 189
44 94 86
10 167 10
114 171 109
58 222 130
31 141 240
7 216 127
25 232 25
191 214 214
30 241 189
135 238 66
14 99 127
41 188 25
157 167 28
180 210 123
91 246 140
85 212 212
8 183 86
205 218 240
55 108 55
19 217 80
82 182 182
29 253 211
19 70 80
159 170 186
37 91 37
34 82 34
8 36 196
101 137 186
165 187 196
30 212 212
53 218 240
88 225 65
86 140 140
106 245 189
198 246 140
63 160 212
188 207 87
82 211 211
40 168 40
23 199 80
34 37 34
89 182 182
50 163 55
47 182 1
85 228 189
80 89 80
109 181 109
41 168 66
62 217 121
95 166 80
45 232 209
145 162 121
52 154 66
22 181 25
208 215 180
6 196 34
123 250 123
101 216 101
137 146 186
30 236 189
172 212 212
159 185 40
9 66 213
15 75 240
38 181 55
172 181 198
212 230 212
61 217 130
57 155 231
34 173 34
15 228 240
30 215 189
69 160 212
131 210 123
174 176 39
137 181 186
86 180 180
163 183 163
48 91 37
49 113 211
166 201 80
158 252 25
75 232 242
37 213 213
28 157 28
121 131 40
49 133 211
203 248 213
137 186 186
181 227 212
54 189 189
82 132 130
75 240 240
36 234 196
44 121 121
52 75 242
115 200 109
12 182 182
77 163 163
60 102 80
102 168 80
117 171 109
64 114 109
57 238 231
130 169 130
110 231 231
108 174 217
67 161 182
129 167 81
35 235 4
165 186 186
18 223 182
174 198 198
16 117 196
14 34 34
103 130 182
71 86 86
30 109 109
153 178 4
57 201 231
14 148 65
188 238 66
65 131 65
187 214 196
37 231 231
48 184 180
33 247 34
192 206 213
67 223 182
101 226 101
198 231 231
237 252 25
24 152 10
47 221 1
117 188 101
14 46 81
110 222 37
70 229 180
61 182 182
124 150 198
83 116 213
221 252 25
163 251 231
39 245 39
39 145 39
78 181 1
10 105 10
153 213 213
24 113 211
15 38 240
22 226 25
136 224 212
123 205 123
101 129 101
39 164 127
115 148 109
37 96 37
132 177 4
156 157 28
76 252 87
202 246 140
217 229 217
128 163 163
53 105 211
101 185 40
162 222 121
182 210 182
198 212 212
123 252 123
21 232 140
18 34 34
53 102 80
10 243 10
68 235 217
175 196 196
109 194 109
191 201 55
44 49 211
156 246 28
112 215 140
55 150 55
81 221 81
113 126 211
80 191 80
174 243 180
3 123 123
85 158 186
98 189 189
19 200 80
74 206 163
37 68 37
76 200 65
32 196 37
47 160 1
86 238 66
210 219 28
34 76 34
65 130 65
82 219 28
83 117 213
28 140 28
9 111 213
229 241 101
31 40 130
81 233 81
54 55 55
46 175 81
170 236 186
23 181 80
77 242 242
97 183 86
91 96 37
90 106 140
29 226 25
163 250 40
181 187 196
123 125 123
36 196 196
175 211 211
233 238 65
28 125 28
92 181 34
19 28 28
213 247 34
55 135 55
94 124 86
177 253 211
104 152 10
44 74 66
36 216 196
108 181 217
216 238 66
100 137 186
3 28 28
29 132 101
142 179 180
22 119 25
107 238 66
115 209 109
74 155 197
94 134 231
38 180 55
14 190 123
28 204 28
90 126 140
174 248 39
75 254 182
82 159 130
124 253 211
68 93 10
31 239 211
125 163 163
161 201 55
67 179 182
10 238 10
25 43 182
150 164 198
32 94 37
1 151 1
177 198 198
55 216 55
64 204 231
112 131 140
43 219 28
54 138 28
5 133 81
211 228 211
129 179 127
209 231 231
174 231 231
133 140 140
132 230 55
163 186 186
70 111 213
85 172 198
138 196 28
183 198 198
117 187 196
137 240 240
9 99 213
129 168 66
6 108 34
159 161 55
19 182 80
165 238 217
35 117 4
15 126 240
34 108 34
136 217 240
219 252 28
82 236 130
76 247 34
28 149 28
132 252 101
28 64 28
54 215 197
57 178 231
89 211 211
22 56 4
8 101 101
52 152 10
175 251 231
65 172 198
187 235 196
68 76 214
63 247 34
75 238 242
173 196 37
170 184 180
134 157 28
29 171 109
77 255 163
89 103 182
76 195 121
167 211 211
123 184 123
146 241 214
51 149 109
147 241 87
24 63 217
37 211 211
116 140 140
118 213 213
117 232 101
205 231 231
159 209 40
68 94 214
125 240 240
184 185 180
4 54 4
1 148 1
2 54 10
82 203 213
80 167 80
179 219 28
45 214 214
163 248 39
4 42 1
76 234 189
10 213 213
193 211 211
12 73 4
20 178 189
60 93 10
60 172 198
34 211 34
44 129 86
18 80 80
118 123 10
107 252 214
244 251 231
182 187 182
3 211 211
139 159 212
57 105 231
58 103 182
52 248 39
96 159 242
134 254 231
187 226 196
89 240 240
60 221 198
137 236 186
115 129 109
74 172 198
116 182 182
22 135 25
44 117 101
7 242 127
144 212 212
41 132 101
132 187 196
54 170 186
1 104 1
96 240 240
4 141 240
174 212 212
144 246 140
178 228 189
59 192 213
35 217 4
121 217 121
130 131 130
212 222 212
1 8 1
107 151 212
28 43 28
165 183 217
167 189 81
96 233 65
10 90 10
68 97 214
40 223 196
126 130 130
182 252 182
85 241 186
1 117 1
56 108 4
159 168 40
21 90 140
24 138 28
58 96 130
61 253 211
124 205 123
6 55 34
8 87 86
10 104 10
30 198 189
36 175 196
23 93 10
5 45 197
233 240 240
12 237 24
58 166 80
136 243 240
86 155 197
34 85 34
16 48 196
45 100 24
61 80 80
52 198 198
40 62 40
63 117 217
39 185 40
121 159 40
95 125 80
18 109 182
73 200 65
52 251 231
57 134 231
55 181 55
9 119 213
193 243 180
197 229 197
125 238 66
200 241 65
45 55 55
3 147 186
2 228 10
178 197 197
40 242 242
10 53 10
199 234 231
52 119 66
148 189 189
194 220 34
71 97 71
52 135 66
243 247 34
4 37 37
33 206 127
173 213 213
34 92 34
239 256 28
183 193 86
199 203 213
185 243 180
34 161 34
77 186 186
108 247 34
107 134 231
121 196 196
154 188 66
56 85 4
17 54 101
81 88 81
217 238 217
88 188 65
45 209 209
73 187 196
1 25 1
153 189 189
17 181 101
187 230 196
31 241 130
52 130 130
181 218 240
34 174 34
110 126 37
13 135 1
83 158 213
235 237 217
217 240 240
69 89 81
94 193 86
195 221 121
73 216 4
42 212 1
160 174 212
218 231 231
140 239 140
50 181 55
138 256 28
81 204 231
33 68 127
4 196 196
101 199 231
28 178 28
40 182 182
196 225 196
80 156 28
43 116 182
30 81 81
214 235 217
41 125 25
4 255 4
131 170 186
67 152 10
4 87 4
69 123 123
43 81 182
5 217 217
89 118 10
54 190 123
120 217 1
143 192 213
141 214 240
119 252 25
93 135 10
73 157 28
142 226 180
8 213 213
67 185 182
73 112 140
2 34 34
141 181 240
50 129 55
111 200 213
24 116 81
124 147 87
121 161 55
96 98 242
12 186 186
52 69 121
5 8 197
3 178 186
49 213 213
19 181 80
77 108 163
10 59 10
142 159 180
2 92 34
113 232 211
25 26 197
6 59 34
53 254 182
49 159 211
226 231 231
77 179 127
49 203 213
132 185 40
46 237 81
199 240 231
50 75 55
51 211 211
11 222 198
7 158 127
38 109 55
52 92 34
140 224 212
47 71 1
1 105 1
70 232 180
138 213 213
7 80 80
43 215 182
20 120 1
206 212 212
149 190 123
44 227 212
21 120 1
53 55 240
51 186 109
13 188 1
29 56 4
79 221 163
198 249 196
60 72 198
59 168 123
184 216 180
200 243 65
79 231 231
118 144 10
71 242 242
76 207 87
66 154 66
182 191 182
10 78 1
125 231 231
157 162 28
121 175 163
163 194 65
78 91 1
16 22 196
29 216 25
180 250 180
27 247 34
159 188 40
226 227 212
140 153 140
153 166 80
128 242 242
31 222 130
86 241 86
123 142 123
57 179 231
141 166 80
144 219 28
105 155 211
117 224 212
103 181 182
121 145 121
112 175 140
150 213 213
35 226 4
193 196 196
33 241 127
65 202 198
110 163 37
122 242 123
60 79 198
74 157 28
198 233 198
76 141 240
43 113 182
10 216 10
175 193 163
95 221 80
10 171 10
65 149 65
88 194 65
98 143 140
28 110 28
40 156 28
142 253 211
50 241 55
33 240 240
195 244 37
183 197 197
83 98 213
34 143 34
73 198 198
33 187 196
55 200 55
30 239 211
40 148 65
6 24 34
65 81 81
160 205 212
25 172 198
48 212 212
46 87 81
181 192 213
99 233 65
15 18 182
51 165 109
106 113 211
102 174 80
54 194 65
137 224 212
26 100 197
202 216 198
14 146 214
26 253 211
74 186 186
74 112 140
91 192 213
18 202 182
3 181 186
5 202 198
34 140 34
10 162 10
51 113 211
66 113 211
57 242 231
83 111 213
20 228 189
10 68 10
44 188 86
16 36 196
148 213 213
72 197 217
24 81 81
30 251 231
12 100 24
153 176 4
18 149 182
8 94 86
71 128 163
2 152 10
148 244 37
77 208 180
14 217 217
5 26 197
211 254 182
62 182 182
43 254 182
74 185 40
179 221 127
117 178 101
5 19 80
181 235 217
55 234 55
1 133 1
82 111 213
58 250 130
129 195 121
34 200 34
105 133 211
17 200 65
34 213 34
231 251 231
63 165 217
104 241 10
120 169 1
130 234 189
58 65 65
76 245 39
77 84 130
52 150 198
22 166 80
84 131 130
107 198 198
4 82 4
117 128 163
108 129 217
34 63 34
50 198 55
5 108 217
89 214 81
134 159 231
130 147 130
96 227 212
12 232 97
81 185 81
79 115 109
118 181 10
63 215 217
124 183 86
28 239 28
64 211 211
21 254 140
105 120 1
134 140 231
87 149 242
108 213 213
117 196 196
21 250 140
86 242 242
117 186 186
197 211 211
66 216 66
1 56 1
169 184 180
131 141 240
73 76 4
94 102 80
85 128 186
18 43 182
15 206 240
147 194 65
63 240 240
80 183 80
101 189 189
66 241 66
26 89 81
203 220 34
102 215 80
10 19 10
180 207 180
37 194 37
36 213 213
150 153 198
77 117 163
49 185 211
118 153 10
56 124 4
135 215 197
156 162 28
43 49 182
40 228 189
85 126 186
129 228 189
70 84 130
72 98 242
84 123 123
34 39 34
37 179 37
6 213 34
1 49 1
15 203 213
114 181 109
37 41 37
5 183 197
35 189 189
78 223 1
123 253 211
132 189 189
34 107 34
44 192 213
17 92 34
75 109 109
15 34 34
69 225 121
21 222 140
45 162 121
64 196 196
1 129 1
44 216 86
130 141 240
52 219 28
79 85 186
201 236 55
61 225 130
216 242 242
14 133 81
166 175 80
182 190 182
9 12 213
31 109 109
122 256 28
119 229 101
68 146 214
20 198 189
54 100 101
22 24 25
12 47 1
155 191 197
80 194 80
105 121 211
126 182 182
188 193 25
124 169 40
176 250 40
65 235 65
44 137 186
106 211 211
167 249 196
108 169 40
95 99 80
170 206 186
4 206 4
48 127 127
61 147 130
90 191 140
2 71 10
88 97 65
32 133 37
26 124 197
159 222 40
87 172 198
141 218 240
188 232 97
100 151 212
102 181 80
34 255 34
35 168 4
80 110 80
55 238 55
71 144 39
9 181 213
180 224 212
29 189 189
94 158 86
63 162 121
55 86 55
137 178 186
157 252 28
96 243 180
129 196 196
33 191 127
21 181 140
109 212 212
5 180 180
60 202 198
19 252 80
206 231 231
181 243 180
98 121 242
212 253 212
37 101 37
185 250 40
30 256 28
67 242 182
214 223 196
7 127 127
5 215 197
212 218 212
92 183 34
195 205 123
4 133 81
154 250 40
174 197 197
26 189 189
50 171 55
153 157 28
45 115 109
12 179 127
41 180 180
41 44 86
176 197 39
6 67 34
65 70 65
56 165 4
23 154 80
18 67 182
24 37 37
84 150 198
11 232 198
28 80 28
59 76 123
181 254 182
127 137 186
211 223 211
181 196 196
131 162 40
85 230 55
172 178 198
80 91 80
145 226 87
86 244 37
160 233 212
47 62 1
7 129 127
212 226 212
36 169 196
33 196 196
130 150 198
24 89 81
185 240 240
117 158 101
99 159 127
27 101 34
65 180 65
75 107 242
12 34 34
103 235 182
184 186 180
11 178 198
55 85 55
112 246 140
177 239 211
137 193 186
15 242 240
12 128 163
23 63 80
118 170 10
22 185 40
192 198 213
27 212 212
97 115 109
220 235 34
141 200 240
45 70 180
45 63 217
104 227 212
58 120 1
105 215 211
1 32 1
24 245 39
72 212 212
56 155 4
10 57 10
85 160 212
55 195 55
1 135 1
61 119 130
52 131 40
58 181 130
33 190 123
61 68 130
49 76 211
37 228 37
30 158 189
159 210 123
80 202 80
2 162 10
6 35 34
81 186 81
33 177 4
93 193 10
94 129 86
172 249 196
112 141 140
127 181 127
8 52 66
69 223 196
68 255 214
140 161 140
15 181 240
78 158 1
3 237 186
130 240 240
189 235 189
224 239 212
58 146 130
171 193 109
171 245 109
195 231 231
60 65 198
187 206 196
37 40 37
196 249 196
26 126 242
191 231 231
44 186 186
205 212 212
67 167 182
8 53 240
91 248 37
190 247 34
99 251 231
7 226 127
64 190 109
44 240 240
88 255 65
198 245 198
9 202 213
79 125 163
3 115 109
131 245 40
64 227 212
222 250 40
7 166 80
26 47 1
21 125 140
108 217 217
117 246 140
34 251 34
65 185 65
187 215 196
167 210 81
98 127 127
10 118 10
14 181 214
1 39 1
69 77 163
5 216 197
110 196 37
175 214 163
61 194 65
54 207 101
73 77 4
17 239 211
158 179 127
56 98 4
10 88 10
46 91 37
1 85 1
152 222 10
176 248 39
7 131 127
59 63 123
26 75 242
66 138 28
74 161 55
72 153 4
1 16 1
17 170 186
90 192 213
28 85 28
181 220 34
31 66 130
45 148 65
12 145 87
41 182 182
221 225 71
138 157 28
52 200 65
193 210 123
76 104 10
226 238 66
74 117 66
35 169 4
37 236 37
145 227 212
25 84 130
67 106 182
13 212 1
215 232 197
51 114 109
52 186 186
34 67 34
32 61 37
137 180 180
153 215 4
198 218 240
27 88 34
143 255 140
130 214 130
10 246 10
75 189 189
96 179 127
79 132 163
46 86 81
119 145 87
4 72 4
198 250 198
17 185 40
135 221 24
90 213 213
198 220 34
189 202 189
127 242 127
41 186 186
1 256 1
91 231 231
103 108 182
28 210 28
69 178 121
135 146 214
179 252 127
121 176 39
40 149 242
106 201 55
172 198 198
221 226 97
131 255 40
22 126 242
108 202 198
14 68 214
186 243 180
101 252 101
28 98 28
58 194 65
95 212 212
126 128 242
172 227 212
86 243 180
212 239 212
110 172 37
125 178 71
177 242 4
68 220 34
1 201 1
40 171 109
205 216 123
42 91 1
216 245 39
14 178 214
91 245 37
165 212 212
49 224 212
44 195 121
27 171 34
117 221 101
62 69 121
8 180 180
20 140 140
190 196 196
143 243 140
100 201 55
8 173 37
114 212 212
51 221 109
32 40 37
34 102 34
4 139 212
149 226 242
28 97 28
7 184 180
146 223 196
23 211 80
58 245 130
45 156 28
198 214 198
112 213 213
21 52 140
41 181 25
54 213 213
27 112 34
14 228 189
151 212 212
123 216 123
41 193 25
52 67 182
179 205 123
220 247 34
88 218 240
29 34 34
213 220 34
225 240 240
141 241 240
55 161 55
71 232 71
164 199 231
52 101 66
10 70 10
68 168 66
108 236 186
8 40 40
10 161 10
59 97 123
15 113 211
124 181 87
144 255 39
84 198 198
22 85 186
122 130 123
139 216 212
66 121 121
209 239 211
17 136 240
53 212 212
35 212 212
8 77 163
184 209 180
171 206 109
208 229 180
5 66 197
50 128 55
147 160 212
86 160 212
1 194 1
156 202 28
96 150 198
100 191 24
83 176 213
73 177 4
33 183 127
181 200 65
151 185 212
181 240 240
107 171 109
80 223 80
101 197 197
5 181 197
36 125 196
45 191 97
52 189 189
195 229 121
45 47 1
167 198 81
219 242 28
196 242 196
152 182 10
216 227 212
8 76 86
91 99 37
89 122 81
167 176 81
28 34 34
170 178 186
25 187 196
37 201 37
87 229 101
37 186 37
7 81 81
175 222 163
109 172 109
22 103 182
54 77 163
106 212 212
23 175 80
29 54 101
139 250 212
148 211 211
46 246 140
107 230 55
104 144 10
81 179 81
215 224 212
176 186 186
15 204 231
29 191 25
44 236 186
85 101 186
28 113 28
71 193 25
46 182 182
55 109 55
57 172 231
39 88 65
29 41 25
4 23 80
84 163 130
25 145 87
74 217 217
104 181 10
180 209 180
41 143 140
212 213 212
8 242 242
16 211 211
230 240 240
17 215 197
75 91 37
28 207 28
81 150 81
232 240 240
181 233 65
180 228 189
1 123 1
70 155 180
14 135 214
1 159 1
245 254 182
174 190 123
129 201 55
21 225 140
79 108 163
30 187 196
6 161 34
112 140 140
203 223 213
10 112 10
60 198 198
42 81 1
61 120 1
99 199 231
8 144 39
71 179 127
19 172 80
63 185 40
187 240 196
140 218 140
121 133 81
7 188 127
224 249 212
215 234 189
97 219 28
87 115 109
209 237 24
70 181 180
42 92 1
41 54 101
71 122 123
92 220 34
168 181 66
60 181 198
75 114 109
150 236 198
105 236 211
73 159 4
25 50 55
12 130 130
119 183 86
92 225 34
171 203 213
86 172 198
64 84 109
205 234 189
59 81 81
183 236 186
150 182 182
141 211 211
112 154 140
25 82 130
69 94 121
156 245 28
38 121 55
23 76 80
21 248 140
45 107 214
50 77 55
70 213 213
186 214 186
161 220 34
162 190 123
89 234 81
58 59 123
200 227 212
24 87 87
9 192 213
36 104 10
34 152 34
51 82 109
188 237 24
54 181 101
179 202 198
86 181 86
24 76 87
7 198 198
8 244 37
77 120 1
76 225 87
18 230 182
159 249 196
57 198 231
109 153 109
79 189 189
140 210 140
62 121 121
82 162 130
119 253 211
52 71 66
29 81 81
84 217 130
34 253 34
165 254 182
1 156 1
30 82 189
214 233 65
23 182 80
188 217 217
70 121 180
3 154 186
28 105 28
45 56 4
109 254 182
17 236 186
40 157 28
42 50 1
24 94 86
20 56 189
4 5 4
59 229 123
86 152 10
62 162 121
89 212 212
55 140 140
118 191 10
182 249 182
60 203 213
106 152 10
114 165 109
54 69 121
135 141 240
246 253 140
62 195 121
89 189 81
72 121 121
46 164 81
144 173 37
133 247 34
65 84 65
204 213 213
62 74 121
180 240 240
107 147 214
35 56 4
80 245 80
211 253 211
61 76 130
96 256 28
72 159 40
211 216 211
37 242 37
100 252 25
173 225 37
228 245 189
33 184 180
19 152 10
6 34 34
136 196 196
128 173 37
91 170 37
55 58 55
1 121 1
23 244 80
8 25 86
128 213 213
16 206 196
35 160 212
155 181 197
52 158 66
75 211 211
64 140 140
173 216 37
22 238 66
83 196 213
66 190 123
122 185 123
34 187 34
37 223 37
182 222 182
181 199 231
123 153 4
19 30 80
22 232 25
187 213 213
4 59 4
1 80 1
81 171 109
10 95 10
166 177 80
131 198 198
180 227 212
59 85 123
65 119 65
203 250 213
202 223 196
129 150 198
154 235 217
85 234 189
94 151 212
237 255 214
173 179 37
67 103 182
12 108 217
152 246 10
62 211 211
102 171 80
93 239 10
187 244 37
131 144 40
60 91 37
209 211 211
128 248 39
169 186 186
40 166 80
37 88 37
53 115 240
81 142 81
5 101 197
82 116 81
17 189 189
55 213 213
100 124 87
17 249 196
151 227 212
85 155 186
192 242 213
170 231 231
27 100 34
71 197 197
33 124 127
111 212 212
117 211 211
32 147 37
132 238 66
8 129 86
48 182 182
152 181 10
