256 8438
2 3 1
2 4 1
2 5 1
2 6 1
2 7 1
8 9 2
8 10 2
8 11 2
8 12 2
8 13 2
14 15 8
14 16 8
14 17 8
14 18 8
14 19 8
20 21 14
20 22 14
20 23 14
20 24 14
20 25 14
26 27 20
26 28 20
26 29 20
26 30 20
26 31 20
32 33 26
32 34 26
32 35 26
32 36 26
32 37 26
38 39 32
38 40 32
38 41 32
38 42 32
38 43 32
44 45 38
44 46 38
44 47 38
44 48 38
44 49 38
50 51 44
50 52 44
50 53 44
50 54 44
50 55 44
56 57 50
56 58 50
56 59 50
56 60 50
56 61 50
62 63 56
62 64 56
62 65 56
62 66 56
62 67 56
68 69 62
68 70 62
68 71 62
68 72 62
68 73 62
74 75 68
74 76 68
74 77 68
74 78 68
74 79 68
80 81 74
80 82 74
80 83 74
80 84 74
80 85 74
86 87 80
86 88 80
86 89 80
86 90 80
86 91 80
92 93 86
92 94 86
92 95 86
92 96 86
92 97 86
98 99 92
98 100 92
98 101 92
98 102 92
98 103 92
104 105 98
104 106 98
104 107 98
104 108 98
104 109 98
110 111 104
110 112 104
110 113 104
110 114 104
110 115 104
116 117 110
116 118 110
116 119 110
116 120 110
116 121 110
122 123 116
122 124 116
122 125 116
122 126 116
122 127 116
128 129 122
128 130 122
128 131 122
128 132 122
128 133 122
134 135 128
134 136 128
134 137 128
134 138 128
134 139 128
140 141 134
140 142 134
140 143 134
140 144 134
140 145 134
146 147 140
146 148 140
146 149 140
146 150 140
146 151 140
152 153 146
152 154 146
152 155 146
152 156 146
152 157 146
158 159 152
158 160 152
158 161 152
158 162 152
158 163 152
164 165 158
164 166 158
164 167 158
164 168 158
164 169 158
170 171 164
170 172 164
170 173 164
170 174 164
170 175 164
176 177 170
176 178 170
176 179 170
176 180 170
176 181 170
182 183 176
182 184 176
182 185 176
182 186 176
182 187 176
188 189 182
188 190 182
188 191 182
188 192 182
188 193 182
194 195 188
194 196 188
194 197 188
194 198 188
194 199 188
200 201 194
200 202 194
200 203 194
200 204 194
200 205 194
206 207 200
206 208 200
206 209 200
206 210 200
206 211 200
212 213 206
212 214 206
212 215 206
212 216 206
212 217 206
218 219 212
218 220 212
218 221 212
218 222 212
218 223 212
224 225 218
224 226 218
224 227 218
224 228 218
224 229 218
230 231 224
230 232 224
230 233 224
230 234 224
230 235 224
236 237 230
236 238 230
236 239 230
236 240 230
236 241 230
242 243 236
242 244 236
242 245 236
242 246 236
242 247 236
248 249 242
248 250 242
248 251 242
248 252 242
248 253 242
254 255 248
254 256 248
3 254 1
4 254 1
5 254 1
6 254 1
7 254 1
9 254 2
10 254 2
11 254 2
12 254 2
13 254 2
15 254 8
16 254 8
17 254 8
18 254 8
19 254 8
21 254 14
22 254 14
23 254 14
24 254 14
25 254 14
27 254 20
28 254 20
29 254 20
30 254 20
31 254 20
33 254 26
34 254 26
35 254 26
36 254 26
37 254 26
39 254 32
40 254 32
41 254 32
42 254 32
43 254 32
45 254 38
46 254 38
47 254 38
48 254 38
49 254 38
51 254 44
52 254 44
53 254 44
54 254 44
55 254 44
57 254 50
58 254 50
59 254 50
60 254 50
61 254 50
63 254 56
64 254 56
65 254 56
66 254 56
67 254 56
69 254 62
70 254 62
71 254 62
72 254 62
73 254 62
75 254 68
76 254 68
77 254 68
78 254 68
79 254 68
81 254 74
82 254 74
83 254 74
84 254 74
85 254 74
87 254 80
88 254 80
89 254 80
90 254 80
91 254 80
93 254 86
94 254 86
95 254 86
96 254 86
97 254 86
99 254 92
100 254 92
101 254 92
102 254 92
103 254 92
105 254 98
106 254 98
107 254 98
108 254 98
109 254 98
111 254 104
112 254 104
113 254 104
114 254 104
115 254 104
117 254 110
118 254 110
119 254 110
120 254 110
121 254 110
123 254 116
124 254 116
125 254 116
126 254 116
127 254 116
129 254 122
130 254 122
131 254 122
132 254 122
133 254 122
135 254 128
136 254 128
137 254 128
138 254 128
139 254 128
141 254 134
142 254 134
143 254 134
144 254 134
145 254 134
147 254 140
148 254 140
149 254 140
150 254 140
151 254 140
153 254 146
154 254 146
155 254 146
156 254 146
157 254 146
159 254 152
160 254 152
161 254 152
162 254 152
163 254 152
165 254 158
166 254 158
167 254 158
168 254 158
169 254 158
171 254 164
172 254 164
173 254 164
174 254 164
175 254 164
177 254 170
178 254 170
179 254 170
180 254 170
181 254 170
183 254 176
184 254 176
185 254 176
186 254 176
187 254 176
189 254 182
190 254 182
191 254 182
192 254 182
193 254 182
195 254 188
196 254 188
197 254 188
198 254 188
199 254 188
201 254 194
202 254 194
203 254 194
204 254 194
205 254 194
207 254 200
208 254 200
209 254 200
210 254 200
211 254 200
213 254 206
214 254 206
215 254 206
216 254 206
217 254 206
219 254 212
220 254 212
221 254 212
222 254 212
223 254 212
225 254 218
226 254 218
227 254 218
228 254 218
229 254 218
231 254 224
232 254 224
233 254 224
234 254 224
235 254 224
237 254 230
238 254 230
239 254 230
240 254 230
241 254 230
243 254 236
244 254 236
245 254 236
246 254 236
247 254 236
249 254 242
250 254 242
251 254 242
252 254 242
253 254 242
1 254 1
2 254 2
8 254 8
14 254 14
20 254 20
26 254 26
32 254 32
38 254 38
44 254 44
50 254 50
56 254 56
62 254 62
68 254 68
74 254 74
80 254 80
86 254 86
92 254 92
98 254 98
104 254 104
110 254 110
116 254 116
122 254 122
128 254 128
134 254 134
140 254 140
146 254 146
152 254 152
158 254 158
164 254 164
170 254 170
176 254 176
182 254 182
188 254 188
194 254 194
200 254 200
206 254 206
212 254 212
218 254 218
224 254 224
230 254 230
236 254 236
242 254 242
248 254 248
29 47 20
64 67 56
14 150 14
167 169 158
16 160 8
85 217 74
93 192 86
196 198 188
44 190 44
20 92 20
83 229 74
205 237 194
14 65 14
192 193 182
180 237 170
215 217 206
86 138 86
62 124 62
198 199 188
20 127 20
31 55 20
22 24 14
14 36 14
83 128 74
69 242 62
13 21 2
1 7 1
63 67 56
93 186 86
58 147 50
10 11 2
158 222 158
88 242 80
54 55 44
58 61 50
68 181 68
30 130 20
63 101 56
15 19 8
225 228 218
14 73 14
32 40 32
66 69 56
39 72 32
11 12 2
147 151 140
228 246 218
41 43 32
46 48 38
163 225 152
9 232 2
245 247 236
10 13 2
38 51 38
155 157 146
46 164 38
20 87 20
85 100 74
182 200 182
68 129 68
177 178 170
185 187 176
65 66 56
1 180 1
223 240 212
76 214 68
20 45 20
111 113 104
111 118 104
201 204 194
121 237 110
135 138 128
56 209 56
93 202 86
184 185 176
50 122 50
42 170 32
128 220 128
77 79 68
177 181 170
84 85 74
52 200 44
103 141 92
38 152 38
237 247 230
219 221 212
192 222 182
197 220 188
2 46 2
243 247 236
178 181 170
178 200 170
82 85 74
208 211 200
156 171 146
80 205 80
1 102 1
48 108 38
177 180 170
58 195 50
110 164 110
130 131 122
82 168 74
93 95 86
51 52 44
144 176 134
165 205 158
110 224 110
247 256 236
70 73 62
70 71 62
64 74 56
95 96 86
20 40 20
189 239 182
160 163 152
96 97 86
32 74 32
29 31 20
220 232 212
201 243 194
126 127 116
87 233 80
203 232 194
61 66 50
40 90 32
38 58 38
169 171 158
183 251 176
4 6 1
3 6 1
84 228 74
251 252 242
78 108 68
76 79 68
154 157 146
113 114 104
116 194 116
156 177 146
101 103 92
20 161 20
14 29 14
104 141 104
1 25 1
164 248 164
124 127 116
18 234 8
46 49 38
101 102 92
140 179 140
26 116 26
197 243 188
116 159 116
171 173 164
143 144 134
1 80 1
121 158 110
30 164 20
255 256 248
10 12 2
233 250 224
32 128 32
78 122 68
87 90 80
93 97 86
2 37 2
44 213 44
179 181 170
93 109 86
2 28 2
165 167 158
26 58 26
183 252 176
210 255 200
45 53 38
8 36 8
1 10 1
107 187 98
1 26 1
232 235 224
14 77 14
169 174 158
26 40 26
8 131 8
26 111 26
69 72 62
135 139 128
21 127 14
35 125 26
79 85 68
105 108 98
51 53 44
1 15 1
173 174 164
188 252 188
20 147 20
173 175 164
88 102 80
155 219 146
13 245 2
105 107 98
237 239 230
143 168 134
60 199 50
180 181 170
200 232 200
50 198 50
85 179 74
100 103 92
83 92 74
166 186 158
32 189 32
126 137 116
14 62 14
10 177 2
189 222 182
237 238 230
2 102 2
108 220 98
141 145 134
94 95 86
184 187 176
116 157 116
4 69 1
1 112 1
74 118 74
26 71 26
46 155 38
27 29 20
33 137 26
186 226 176
40 107 32
51 54 44
21 173 14
21 25 14
56 98 56
88 256 80
30 31 20
165 169 158
20 89 20
30 77 20
243 248 236
80 181 80
46 67 38
47 96 38
8 55 8
1 11 1
49 89 38
75 216 68
98 190 98
50 159 50
26 33 26
222 223 212
26 161 26
68 139 68
88 248 80
87 238 80
88 201 80
40 43 32
169 188 158
76 77 68
106 108 98
161 163 152
89 216 80
221 222 212
220 233 212
32 230 32
202 205 194
39 43 32
195 198 188
158 234 158
196 213 188
215 219 206
120 155 110
114 205 104
103 118 92
100 102 92
239 240 230
1 51 1
115 186 104
21 22 14
87 89 80
111 188 104
34 79 26
141 144 134
53 169 44
40 106 32
204 206 194
48 74 38
55 199 44
44 173 44
98 107 98
225 234 218
14 176 14
3 105 1
133 185 122
94 135 86
148 246 140
157 191 146
121 248 110
72 182 62
96 120 86
34 68 26
231 233 224
184 186 176
54 174 44
1 24 1
82 136 74
26 54 26
47 48 38
176 192 176
75 139 68
59 138 50
134 208 134
50 79 50
8 24 8
2 9 2
50 233 50
252 255 242
32 63 32
200 251 200
77 209 68
75 140 68
113 193 104
2 209 2
61 138 50
119 121 110
61 125 50
14 72 14
14 101 14
20 131 20
69 71 62
38 256 38
32 43 32
93 210 86
111 247 104
232 252 224
9 20 2
204 205 194
2 39 2
45 48 38
2 71 2
67 166 56
93 96 86
84 177 74
191 192 182
160 250 152
100 101 92
20 56 20
216 235 206
144 214 134
236 247 236
9 12 2
34 36 26
130 133 122
43 203 32
201 240 194
227 253 218
140 251 140
11 248 2
208 209 200
103 146 92
80 201 80
95 97 86
3 4 1
75 76 68
110 180 110
12 65 2
95 199 86
77 167 68
81 83 74
190 193 182
15 193 8
101 116 92
140 162 140
61 118 50
191 193 182
228 234 218
167 168 158
202 203 194
188 215 188
44 176 44
144 145 134
81 82 74
14 21 14
32 179 32
4 249 1
6 103 1
249 250 242
118 119 110
1 151 1
9 11 2
34 222 26
39 41 32
42 188 32
100 111 92
74 131 74
36 139 26
56 75 56
164 171 164
225 246 218
17 19 8
45 47 38
187 232 176
32 102 32
129 165 122
215 216 206
2 35 2
26 50 26
20 28 20
29 30 20
55 172 44
14 49 14
81 85 74
94 183 86
125 146 116
154 155 146
42 123 32
186 249 176
131 132 122
172 174 164
117 120 110
31 40 20
74 83 74
74 217 74
48 73 38
45 124 38
111 114 104
34 35 26
8 241 8
220 221 212
107 157 98
32 94 32
122 133 122
226 228 218
99 252 92
131 163 122
72 245 62
17 226 8
189 233 182
14 78 14
77 106 68
134 176 134
199 220 188
62 90 62
22 23 14
251 255 242
124 126 116
209 210 200
8 22 8
154 156 146
56 121 56
208 210 200
54 211 44
38 164 38
14 214 14
56 84 56
147 239 140
142 143 134
78 79 68
153 156 146
154 216 146
2 17 2
214 217 206
98 235 98
113 115 104
228 245 218
92 99 92
186 187 176
155 223 146
14 170 14
173 179 164
14 151 14
137 138 128
77 126 68
203 205 194
159 161 152
201 202 194
15 93 8
175 186 164
220 223 212
95 230 86
97 200 86
8 67 8
8 150 8
29 170 20
110 219 110
245 246 236
143 223 134
1 189 1
114 212 104
14 25 14
72 127 62
33 35 26
159 166 152
92 253 92
140 250 140
20 103 20
41 42 32
49 127 38
249 253 242
14 92 14
234 235 224
122 192 122
83 85 74
35 158 26
8 47 8
107 108 98
109 202 98
50 146 50
239 241 230
162 212 152
202 204 194
54 77 44
57 61 50
209 237 200
80 119 80
123 173 116
126 255 116
178 250 170
25 108 14
112 154 104
201 205 194
210 211 200
194 218 194
189 192 182
97 177 86
92 151 92
110 232 110
89 90 80
2 186 2
166 246 158
5 112 1
1 6 1
45 49 38
158 185 158
2 119 2
225 226 218
104 131 104
121 247 110
8 59 8
98 211 98
141 143 134
83 182 74
14 106 14
3 5 1
213 214 206
86 134 86
81 98 74
155 210 146
117 119 110
75 79 68
189 193 182
116 130 116
148 149 140
249 251 242
123 125 116
124 125 116
39 40 32
145 195 134
80 149 80
91 189 80
45 59 38
214 244 206
229 233 218
47 49 38
146 174 146
29 214 20
9 10 2
111 182 104
5 129 1
170 180 170
14 102 14
10 223 2
38 126 38
1 150 1
2 99 2
8 31 8
115 178 104
14 31 14
86 161 86
1 13 1
159 160 152
170 218 170
189 191 182
56 90 56
1 239 1
8 223 8
23 65 14
140 242 140
49 222 38
134 155 134
250 251 242
167 178 158
57 58 50
151 238 140
125 127 116
137 169 128
209 211 200
108 198 98
128 232 128
214 216 206
47 68 38
79 99 68
1 19 1
8 72 8
114 115 104
67 88 56
37 182 26
15 18 8
147 150 140
207 233 200
207 209 200
106 109 98
71 231 62
49 169 38
46 47 38
111 191 104
187 231 176
216 229 206
28 102 20
149 151 140
215 227 206
9 243 2
177 179 170
142 144 134
134 236 134
244 250 236
87 88 80
60 123 50
207 249 200
52 53 44
244 247 236
152 245 152
76 174 68
75 244 68
6 7 1
68 159 68
44 121 44
252 253 242
103 148 92
178 180 170
197 222 188
82 124 74
8 149 8
20 62 20
106 130 98
44 63 44
100 156 92
140 244 140
2 86 2
131 235 122
181 252 170
92 123 92
82 84 74
53 54 44
17 200 8
170 179 170
244 245 236
63 144 56
145 242 134
94 96 86
35 36 26
44 84 44
134 227 134
192 240 182
42 253 32
100 131 92
164 214 164
43 158 32
16 17 8
41 81 32
26 151 26
238 239 230
239 244 230
20 236 20
1 5 1
211 233 200
60 106 50
246 247 236
163 177 152
44 112 44
39 42 32
88 89 80
159 162 152
183 213 176
117 143 110
245 252 236
172 218 164
94 235 86
89 205 80
2 145 2
74 147 74
69 126 62
9 46 2
121 169 110
69 73 62
121 133 110
1 124 1
115 232 104
64 72 56
15 217 8
107 128 98
119 208 110
58 224 50
122 142 122
126 150 116
1 208 1
163 241 152
44 105 44
13 68 2
86 95 86
187 228 176
193 236 182
166 176 158
209 255 200
51 55 44
80 245 80
32 64 32
74 173 74
105 106 98
219 256 212
20 46 20
25 151 14
45 88 38
183 184 176
112 115 104
214 215 206
79 162 68
187 212 176
46 58 38
173 188 164
3 45 1
49 208 38
2 16 2
63 250 56
5 7 1
153 154 146
1 48 1
185 186 176
74 249 74
104 165 104
111 115 104
143 158 134
157 187 146
44 203 44
92 141 92
48 49 38
35 212 26
173 180 164
14 129 14
32 65 32
110 213 110
15 209 8
81 212 74
63 184 56
64 140 56
77 109 68
49 131 38
233 234 224
145 223 134
170 197 170
118 188 110
250 253 242
62 148 62
218 241 218
219 220 212
129 243 122
31 101 20
250 256 242
154 178 146
33 37 26
147 148 140
74 109 74
91 239 80
38 80 38
137 139 128
21 24 14
202 214 194
119 157 110
221 243 212
64 65 56
172 211 164
4 7 1
1 2 1
189 205 182
112 113 104
80 139 80
82 164 74
199 208 188
63 65 56
19 125 8
1 9 1
232 244 224
75 89 68
102 177 92
115 253 104
238 240 230
75 78 68
112 114 104
129 130 122
74 138 74
13 56 2
197 206 188
26 55 26
111 112 104
50 125 50
32 177 32
174 175 164
235 239 224
176 205 176
115 144 104
207 211 200
201 225 194
58 65 50
191 242 182
20 53 20
145 162 134
152 196 152
22 76 14
117 121 110
120 247 110
22 202 14
138 139 128
30 107 20
87 154 80
197 199 188
80 144 80
70 198 62
161 162 152
107 109 98
15 214 8
156 244 146
240 245 230
123 126 116
136 195 128
213 235 206
122 187 122
94 99 86
50 184 50
132 199 122
119 120 110
63 99 56
180 207 170
189 230 182
59 65 50
136 138 128
76 217 68
86 219 86
23 256 14
220 253 212
157 193 146
131 142 122
106 156 98
80 187 80
155 156 146
173 235 164
183 185 176
20 33 20
69 151 62
23 24 14
81 148 74
152 202 152
16 118 8
116 227 116
250 252 242
160 249 152
232 234 224
214 255 206
251 253 242
16 101 8
91 146 80
82 83 74
102 148 92
68 188 68
73 151 62
26 32 26
188 199 188
10 151 2
24 233 14
12 221 2
135 246 128
32 76 32
20 71 20
214 241 206
110 172 110
145 176 134
33 132 26
205 219 194
95 117 86
122 170 122
250 255 242
213 216 206
136 137 128
57 60 50
8 228 8
182 234 182
35 55 26
2 10 2
74 101 74
88 176 80
37 62 26
158 224 158
253 255 242
148 151 140
51 91 44
30 234 20
2 157 2
3 7 1
201 203 194
171 172 164
39 157 32
165 168 158
109 168 98
33 34 26
124 225 116
80 212 80
122 154 122
129 132 122
194 251 194
134 141 134
50 90 50
31 142 20
122 128 122
120 195 110
128 216 128
150 151 140
149 150 140
8 17 8
182 204 182
13 220 2
157 171 146
56 135 56
224 251 224
41 252 32
94 97 86
23 239 14
171 174 164
160 224 152
127 191 116
132 188 122
108 109 98
190 252 182
116 190 116
1 160 1
88 166 80
74 168 74
168 169 158
63 64 56
2 106 2
20 91 20
32 97 32
122 209 122
64 66 56
60 88 50
108 203 98
96 102 86
112 184 104
132 252 122
169 236 158
30 159 20
43 111 32
2 58 2
1 188 1
102 198 92
54 148 44
166 168 158
106 196 98
83 204 74
180 218 170
227 228 218
213 217 206
247 253 236
82 223 74
44 149 44
50 132 50
28 30 20
46 146 38
3 107 1
160 161 152
70 135 62
186 229 176
25 155 14
76 238 68
54 149 44
103 137 92
40 78 32
53 109 44
1 81 1
17 171 8
77 78 68
27 244 20
27 76 20
2 24 2
168 251 158
107 241 98
118 121 110
50 76 50
23 191 14
213 227 206
247 251 236
148 150 140
129 142 122
34 230 26
50 103 50
237 241 230
196 202 188
9 13 2
165 208 158
2 49 2
13 94 2
200 222 200
137 181 128
165 166 158
46 170 38
213 228 206
13 58 2
69 146 62
115 242 104
1 39 1
65 167 56
225 227 218
57 97 50
8 83 8
106 122 98
62 168 62
155 236 146
77 186 68
52 126 44
29 206 20
102 103 92
15 179 8
95 207 86
26 34 26
120 211 110
24 50 14
54 85 44
35 37 26
211 246 200
86 106 86
2 117 2
44 65 44
101 255 92
23 162 14
249 252 242
50 114 50
123 159 116
93 229 86
171 175 164
92 207 92
127 195 116
40 42 32
28 210 20
56 210 56
78 206 68
216 233 206
38 218 38
1 130 1
99 100 92
32 41 32
8 44 8
190 192 182
81 247 74
175 253 164
157 227 146
8 90 8
38 82 38
24 247 14
199 240 188
127 237 116
94 203 86
32 61 32
203 236 194
59 60 50
134 230 134
103 218 92
146 204 146
87 91 80
147 149 140
13 162 2
190 211 182
122 184 122
80 188 80
125 186 116
220 222 212
211 214 200
44 154 44
8 85 8
193 240 182
246 256 236
66 111 56
20 144 20
231 235 224
57 111 50
180 213 170
43 87 32
149 174 140
38 49 38
207 220 200
44 165 44
220 228 212
14 236 14
62 96 62
71 72 62
92 101 92
10 166 2
74 178 74
144 215 134
243 245 236
119 207 110
31 212 20
233 243 224
19 74 8
45 116 38
2 38 2
1 244 1
78 239 68
53 243 44
123 124 116
136 177 128
216 217 206
226 227 218
211 228 200
74 163 74
44 73 44
183 204 176
227 229 218
141 142 134
166 203 158
233 242 224
223 233 212
10 90 2
172 175 164
11 60 2
26 64 26
187 215 176
29 32 20
217 252 206
2 26 2
63 66 56
88 210 80
103 106 92
17 21 8
179 233 170
47 59 38
17 18 8
182 251 182
184 202 176
140 155 140
235 253 224
151 241 140
32 78 32
124 146 116
198 226 188
98 205 98
56 169 56
56 141 56
99 102 92
10 135 2
18 203 8
47 123 38
26 41 26
27 31 20
114 244 104
223 227 212
40 110 32
146 208 146
94 178 86
107 200 98
40 41 32
4 5 1
90 142 80
81 179 74
220 226 212
102 217 92
9 73 2
71 228 62
232 246 224
5 6 1
16 241 8
63 190 56
71 253 62
188 227 188
17 223 8
36 238 26
30 152 20
166 167 158
129 131 122
50 210 50
110 116 110
104 201 104
195 255 188
215 239 206
19 80 8
87 137 80
14 34 14
227 238 218
24 177 14
68 91 68
2 225 2
118 120 110
45 46 38
170 205 170
52 55 44
20 143 20
59 86 50
190 194 182
55 208 44
201 212 194
56 181 56
188 195 188
36 37 26
200 215 200
26 98 26
90 104 80
34 66 26
38 46 38
132 146 122
50 249 50
89 91 80
72 224 62
95 105 86
140 235 140
26 82 26
61 136 50
98 206 98
189 190 182
35 86 26
125 165 116
64 249 56
22 152 14
66 107 56
96 145 86
44 246 44
240 241 230
91 176 80
69 174 62
138 174 128
229 252 218
1 120 1
130 132 122
56 97 56
159 227 152
32 121 32
38 154 38
108 120 98
164 190 164
43 181 32
22 132 14
77 124 68
82 91 74
66 233 56
71 172 62
221 234 212
34 37 26
183 241 176
41 111 32
169 211 158
239 252 230
134 162 134
16 209 8
22 25 14
38 220 38
209 228 200
26 160 26
97 168 86
18 105 8
196 212 188
103 219 92
218 230 218
1 4 1
219 223 212
11 13 2
11 127 2
185 199 176
112 148 104
26 196 26
38 223 38
62 169 62
179 214 170
42 72 32
129 236 122
96 135 86
125 241 116
38 248 38
71 73 62
12 13 2
183 186 176
150 162 140
16 18 8
153 241 146
80 113 80
70 72 62
60 87 50
102 255 92
146 164 146
79 213 68
20 183 20
9 168 2
217 246 206
2 202 2
69 70 62
28 29 20
2 185 2
27 210 20
140 228 140
62 81 62
32 122 32
14 60 14
92 133 92
132 142 122
62 155 62
175 239 164
85 140 74
148 189 140
17 62 8
196 199 188
5 206 1
83 105 74
176 196 176
29 219 20
62 100 62
81 210 74
116 187 116
36 99 26
178 214 170
26 188 26
38 54 38
22 255 14
119 161 110
210 223 200
63 82 56
193 224 182
14 105 14
24 115 14
107 148 98
9 85 2
146 253 146
2 52 2
175 215 164
207 210 200
5 106 1
40 114 32
39 69 32
100 250 92
90 168 80
160 208 152
103 129 92
29 99 20
188 202 188
104 220 104
25 131 14
155 240 146
218 250 218
74 143 74
25 197 14
207 219 200
143 248 134
53 231 44
8 114 8
44 82 44
26 163 26
70 253 62
44 130 44
32 71 32
10 35 2
144 174 134
116 218 116
45 221 38
84 223 74
44 143 44
88 90 80
108 195 98
106 107 98
47 76 38
18 181 8
80 219 80
238 241 230
12 153 2
140 214 140
182 247 182
179 180 170
156 250 146
25 44 14
116 135 116
77 181 68
50 248 50
1 33 1
38 243 38
173 203 164
68 190 68
8 105 8
94 188 86
226 229 218
2 11 2
225 250 218
249 255 242
79 214 68
32 135 32
216 255 206
61 150 50
71 105 62
241 245 230
188 233 188
232 233 224
197 205 188
64 195 56
126 203 116
219 255 212
132 134 122
122 182 122
80 103 80
28 31 20
143 145 134
167 174 158
69 225 62
57 175 50
100 241 92
181 200 170
122 165 122
157 253 146
188 219 188
14 104 14
113 167 104
76 192 68
112 209 104
219 225 212
101 157 92
184 212 176
33 101 26
232 243 224
33 152 26
69 171 62
136 139 128
44 61 44
50 235 50
2 19 2
46 156 38
183 187 176
212 235 212
149 200 140
75 208 68
102 151 92
62 110 62
87 106 80
239 242 230
228 235 218
12 208 2
105 109 98
110 244 110
14 79 14
173 198 164
103 239 92
200 231 200
98 140 98
246 253 236
2 142 2
18 245 8
126 152 116
243 246 236
50 86 50
32 233 32
57 59 50
14 111 14
245 253 236
161 228 152
145 256 134
92 168 92
220 251 212
111 256 104
86 186 86
50 207 50
146 200 146
112 218 104
154 197 146
86 184 86
170 186 170
192 210 182
14 188 14
49 153 38
37 249 26
75 77 68
134 185 134
14 173 14
26 76 26
215 237 206
50 140 50
21 23 14
111 240 104
156 176 146
132 247 122
81 168 74
68 197 68
2 207 2
42 43 32
185 207 176
40 67 32
243 249 236
78 231 68
110 158 110
164 218 164
2 18 2
247 255 236
123 161 116
160 240 152
41 249 32
128 171 128
130 182 122
76 218 68
106 126 98
132 166 122
40 44 32
68 84 68
56 67 56
16 197 8
97 163 86
170 210 170
52 155 44
140 226 140
72 73 62
136 243 128
92 131 92
225 235 218
1 133 1
8 87 8
1 50 1
14 147 14
20 78 20
201 220 194
10 133 2
148 226 140
20 26 20
48 252 38
23 35 14
8 124 8
132 133 122
147 255 140
229 238 218
94 138 86
180 195 170
221 229 212
140 172 140
67 213 56
26 37 26
38 145 38
155 255 146
98 121 98
54 193 44
1 82 1
195 251 188
153 155 146
197 241 188
14 208 14
20 248 20
207 221 200
227 240 218
169 183 158
241 246 230
143 155 134
197 256 188
62 195 62
74 102 74
86 133 86
162 163 152
72 104 62
58 60 50
229 232 218
49 91 38
19 181 8
76 229 68
56 111 56
123 172 116
56 110 56
243 244 236
210 248 200
1 17 1
67 168 56
107 250 98
50 256 50
86 115 86
95 157 86
80 239 80
2 34 2
122 144 122
33 193 26
8 81 8
219 248 212
68 186 68
122 137 122
7 134 1
108 128 98
19 62 8
159 193 152
29 244 20
26 65 26
115 121 104
32 190 32
197 240 188
14 97 14
27 30 20
193 227 182
68 81 68
23 190 14
237 240 230
73 221 62
190 199 182
196 197 188
2 125 2
82 104 74
8 18 8
11 20 2
52 54 44
1 27 1
97 229 86
78 109 68
114 215 104
74 235 74
125 126 116
37 107 26
55 175 44
123 127 116
161 255 152
26 122 26
62 137 62
92 130 92
134 170 134
108 210 98
77 205 68
46 201 38
42 88 32
36 69 26
9 198 2
164 205 164
98 155 98
89 170 80
24 25 14
110 184 110
30 173 20
240 252 230
38 177 38
92 142 92
109 213 98
151 192 140
118 205 110
178 179 170
87 148 80
29 204 20
78 191 68
124 246 116
128 199 128
2 41 2
135 136 128
229 230 218
89 207 80
10 183 2
6 240 1
31 105 20
78 145 68
142 184 134
149 180 140
140 153 140
72 175 62
8 109 8
209 233 200
175 212 164
55 174 44
86 113 86
122 217 122
98 142 98
120 210 110
17 91 8
132 189 122
71 212 62
158 166 158
26 73 26
216 228 206
151 204 140
149 241 140
152 169 152
117 118 110
55 118 44
217 220 206
28 125 20
171 193 164
90 152 80
86 92 86
4 169 1
111 228 104
97 217 86
68 78 68
172 199 164
139 206 128
84 192 74
208 243 200
150 237 140
176 184 176
238 244 230
195 199 188
79 202 68
231 245 224
25 238 14
20 164 20
23 25 14
127 188 116
40 197 32
227 255 218
62 176 62
86 101 86
122 208 122
2 64 2
74 88 74
83 123 74
1 12 1
136 224 128
181 232 170
56 163 56
114 242 104
65 165 56
221 241 212
190 251 182
136 169 128
119 133 110
78 200 68
45 180 38
124 252 116
206 227 206
211 226 200
21 50 14
1 73 1
212 228 212
27 256 20
102 195 92
187 222 176
1 65 1
219 237 212
63 178 56
12 142 2
239 247 230
138 233 128
61 190 50
157 204 146
26 139 26
23 142 14
19 164 8
164 198 164
213 215 206
64 162 56
177 190 170
2 109 2
162 218 152
92 230 92
78 183 68
190 224 182
20 35 20
2 255 2
45 52 38
119 229 110
15 16 8
198 253 188
73 80 62
33 156 26
199 204 188
117 154 110
18 52 8
38 215 38
235 240 224
30 132 20
14 115 14
114 191 104
8 104 8
14 213 14
43 150 32
129 252 122
18 199 8
97 152 86
30 198 20
103 170 92
31 199 20
99 103 92
220 241 212
93 152 86
56 120 56
8 144 8
10 119 2
206 218 206
139 158 128
24 173 14
110 173 110
111 218 104
76 78 68
8 216 8
84 171 74
50 69 50
235 251 224
66 67 56
178 244 170
103 223 92
195 197 188
48 118 38
80 146 80
113 206 104
214 238 206
86 159 86
44 185 44
141 212 134
182 189 182
98 217 98
16 19 8
173 204 164
195 220 188
152 209 152
8 32 8
1 84 1
83 84 74
50 173 50
235 241 224
221 242 212
44 127 44
66 177 56
198 228 188
68 199 68
77 243 68
21 120 14
246 250 236
50 59 50
80 153 80
134 159 134
18 196 8
140 230 140
98 111 98
63 141 56
165 240 158
27 58 20
36 111 26
144 222 134
172 192 164
168 207 158
20 157 20
16 237 8
37 200 26
59 61 50
158 184 158
111 127 104
172 173 164
23 210 14
59 154 50
146 209 146
45 112 38
8 65 8
1 61 1
98 175 98
1 232 1
161 205 152
38 132 38
50 107 50
38 163 38
8 54 8
108 136 98
40 91 32
47 153 38
150 218 140
118 122 110
14 137 14
1 53 1
29 160 20
153 199 146
84 191 74
84 195 74
176 228 176
99 222 92
128 192 128
27 213 20
41 157 32
197 245 188
98 210 98
90 163 80
8 60 8
135 228 128
8 233 8
104 151 104
134 192 134
123 228 116
17 168 8
44 223 44
4 153 1
131 179 122
130 199 122
134 213 134
62 105 62
56 248 56
65 114 56
92 124 92
51 85 44
8 38 8
80 190 80
72 233 62
60 130 50
188 224 188
35 256 26
64 248 56
88 91 80
11 102 2
38 144 38
2 23 2
154 239 146
128 225 128
13 229 2
32 44 32
68 88 68
34 103 26
54 64 44
110 227 110
50 161 50
25 228 14
44 132 44
32 45 32
38 208 38
104 209 104
62 142 62
170 187 170
106 171 98
204 249 194
104 124 104
45 83 38
158 197 158
142 145 134
176 201 176
150 153 140
112 253 104
86 181 86
22 177 14
26 48 26
14 117 14
14 33 14
38 63 38
66 226 56
105 247 98
26 158 26
151 163 140
69 148 62
92 169 92
20 193 20
29 125 20
84 130 74
195 196 188
34 82 26
38 60 38
80 213 80
25 194 14
139 183 128
40 144 32
247 249 236
112 167 104
97 169 86
206 221 206
7 162 1
130 149 122
62 192 62
27 28 20
88 106 80
110 175 110
190 244 182
177 241 170
78 230 68
233 235 224
8 181 8
163 208 152
190 209 182
85 88 74
129 133 122
32 136 32
95 132 86
120 121 110
2 21 2
13 61 2
26 144 26
31 246 20
14 86 14
227 246 218
170 178 170
26 63 26
70 117 62
69 211 62
38 245 38
56 108 56
196 200 188
115 116 104
12 219 2
158 177 158
197 198 188
98 151 98
205 252 194
44 54 44
127 147 116
98 152 98
164 228 164
198 225 188
36 249 26
122 183 122
64 185 56
8 39 8
53 221 44
90 178 80
28 171 20
80 202 80
149 178 140
128 211 128
8 189 8
158 181 158
121 150 110
129 159 122
1 3 1
146 192 146
32 175 32
40 95 32
152 179 152
26 112 26
33 107 26
211 242 200
32 50 32
15 188 8
32 58 32
14 245 14
17 190 8
43 208 32
51 144 44
143 235 134
233 256 224
135 166 128
225 255 218
24 104 14
136 244 128
176 222 176
95 175 86
20 241 20
190 231 182
128 237 128
47 78 38
56 131 56
65 67 56
64 78 56
100 202 92
2 247 2
56 142 56
223 250 212
87 197 80
67 184 56
98 117 98
216 240 206
86 117 86
90 209 80
50 58 50
154 185 146
38 53 38
26 201 26
237 253 230
50 124 50
42 247 32
25 250 14
26 209 26
1 45 1
156 206 146
27 197 20
227 235 218
52 202 44
68 245 68
133 187 122
97 127 86
29 153 20
74 227 74
194 234 194
8 58 8
15 225 8
161 208 152
46 77 38
86 130 86
123 192 116
164 199 164
29 191 20
170 177 170
203 213 194
18 212 8
88 219 80
116 186 116
2 8 2
110 234 110
191 243 182
68 210 68
67 225 56
100 130 92
98 118 98
131 133 122
159 178 152
39 71 32
180 187 170
2 140 2
228 229 218
41 212 32
2 220 2
129 168 122
116 239 116
184 228 176
73 155 62
218 248 218
59 215 50
42 231 32
8 132 8
8 15 8
1 34 1
64 94 56
145 215 134
130 198 122
39 221 32
26 153 26
11 167 2
8 34 8
138 238 128
146 155 146
101 140 92
67 188 56
29 250 20
79 92 68
14 67 14
68 79 68
4 176 1
58 59 50
184 250 176
185 227 176
43 83 32
33 163 26
224 239 224
99 227 92
38 176 38
202 211 194
93 114 86
161 221 152
172 210 164
104 121 104
60 107 50
233 249 224
91 178 80
15 44 8
35 251 26
23 246 14
3 176 1
48 96 38
198 205 188
201 249 194
52 195 44
32 199 32
200 220 200
38 90 38
10 212 2
13 123 2
24 256 14
209 244 200
2 192 2
36 127 26
38 112 38
70 246 62
68 99 68
245 251 236
122 224 122
161 190 152
84 215 74
245 255 236
38 199 38
76 117 68
96 218 86
1 246 1
147 157 140
125 251 116
170 194 170
83 131 74
122 225 122
74 256 74
199 209 188
60 205 50
26 124 26
189 221 182
32 81 32
116 177 116
10 121 2
4 220 1
134 180 134
23 241 14
51 96 44
25 221 14
81 84 74
83 186 74
8 19 8
37 163 26
18 197 8
170 221 170
74 220 74
231 234 224
10 125 2
144 175 134
1 54 1
228 241 218
122 207 122
36 185 26
68 137 68
1 28 1
84 194 74
23 176 14
207 208 200
125 203 116
110 141 110
70 77 62
2 178 2
26 100 26
186 213 176
25 62 14
26 203 26
1 40 1
140 165 140
29 222 20
3 117 1
56 78 56
42 171 32
172 250 164
93 94 86
19 200 8
35 99 26
171 181 164
11 166 2
215 235 206
176 241 176
1 104 1
14 99 14
18 19 8
216 232 206
83 169 74
89 204 80
141 200 134
50 158 50
10 167 2
36 106 26
190 208 182
2 31 2
192 243 182
162 166 152
120 178 110
63 128 56
14 23 14
187 253 176
37 47 26
27 195 20
56 130 56
35 91 26
174 200 164
112 156 104
155 253 146
26 91 26
122 159 122
158 253 158
38 185 38
36 147 26
44 200 44
62 127 62
74 162 74
38 240 38
98 161 98
58 100 50
30 209 20
166 192 158
68 110 68
1 153 1
139 238 128
52 162 44
178 239 170
56 146 56
35 146 26
147 178 140
159 163 152
226 246 218
237 251 230
158 201 158
119 185 110
228 230 218
45 74 38
41 129 32
158 194 158
52 65 44
167 233 158
44 91 44
148 212 140
2 131 2
207 247 200
109 193 98
140 247 140
50 115 50
136 234 128
122 233 122
72 93 62
231 237 224
85 161 74
138 164 128
52 76 44
33 36 26
213 237 206
187 195 176
146 238 146
1 178 1
176 239 176
13 41 2
201 245 194
177 228 170
38 151 38
41 166 32
8 21 8
38 191 38
12 207 2
2 208 2
38 61 38
14 20 14
101 166 92
159 175 152
17 164 8
182 220 182
74 95 74
4 47 1
107 185 98
202 213 194
44 225 44
91 179 80
101 218 92
76 83 68
51 229 44
43 231 32
26 53 26
190 214 182
186 196 176
172 204 164
26 110 26
78 152 68
1 243 1
56 170 56
32 99 32
95 134 86
74 124 74
124 219 116
214 253 206
223 244 212
34 185 26
72 159 62
166 195 158
163 201 152
38 211 38
168 174 158
79 201 68
92 147 92
142 248 134
6 200 1
128 229 128
52 174 44
90 94 80
7 50 1
167 190 158
38 125 38
26 35 26
10 113 2
169 176 158
86 222 86
197 223 188
123 242 116
24 69 14
14 118 14
15 64 8
27 238 20
107 125 98
8 211 8
50 139 50
86 190 86
20 57 20
2 56 2
62 87 62
20 130 20
86 132 86
99 125 92
12 231 2
38 108 38
81 88 74
9 237 2
11 183 2
126 135 116
158 190 158
95 216 86
121 176 110
143 194 134
20 171 20
50 63 50
152 248 152
11 234 2
33 58 26
231 240 224
14 96 14
188 244 188
143 153 134
124 197 116
31 176 20
226 241 218
37 180 26
219 222 212
29 59 20
16 62 8
82 249 74
127 129 116
9 161 2
41 206 32
147 175 140
54 79 44
140 149 140
146 161 146
208 238 200
41 246 32
150 252 140
80 196 80
59 208 50
69 147 62
20 249 20
33 202 26
49 77 38
70 89 62
97 253 86
49 197 38
69 209 62
153 157 146
15 167 8
20 148 20
145 241 134
40 234 32
50 127 50
46 75 38
1 88 1
56 80 56
26 103 26
83 225 74
223 224 212
128 154 128
240 253 230
44 209 44
104 126 104
115 153 104
30 147 20
9 38 2
3 15 1
94 131 86
110 166 110
45 105 38
19 91 8
203 233 194
26 78 26
213 245 206
14 138 14
32 204 32
2 217 2
1 83 1
80 145 80
159 173 152
126 200 116
103 119 92
105 111 98
123 162 116
123 213 116
85 111 74
25 256 14
193 225 182
6 61 1
26 69 26
227 244 218
20 76 20
63 94 56
162 239 152
75 249 68
14 98 14
8 205 8
9 86 2
64 131 56
233 251 224
38 70 38
207 256 200
98 198 98
231 232 224
26 89 26
133 197 122
14 119 14
68 162 68
44 186 44
71 129 62
37 255 26
24 30 14
110 144 110
87 95 80
15 113 8
6 149 1
92 188 92
151 236 140
20 79 20
160 162 152
43 69 32
234 244 224
38 85 38
84 202 74
88 228 80
11 237 2
64 155 56
104 157 104
202 230 194
58 177 50
14 222 14
48 160 38
8 46 8
59 82 50
26 141 26
110 128 110
2 73 2
107 202 98
146 226 146
14 30 14
134 249 134
202 255 194
122 190 122
148 235 140
62 73 62
171 214 164
244 246 236
98 234 98
38 187 38
32 203 32
23 43 14
114 200 104
2 68 2
110 177 110
14 48 14
170 238 170
119 167 110
1 60 1
2 81 2
68 144 68
211 236 200
48 141 38
141 233 134
2 84 2
60 184 50
120 184 110
238 252 230
184 204 176
75 190 68
200 226 200
16 201 8
2 90 2
14 41 14
166 193 158
221 223 212
31 214 20
109 203 98
171 244 164
23 28 14
216 256 206
158 244 158
22 137 14
34 123 26
57 153 50
37 211 26
68 227 68
95 167 86
14 122 14
77 245 68
243 250 236
74 122 74
116 134 116
37 238 26
66 142 56
128 221 128
87 176 80
14 50 14
137 148 128
82 157 74
62 188 62
127 205 116
187 204 176
12 144 2
19 64 8
91 202 80
104 153 104
86 169 86
50 97 50
207 218 200
177 242 170
44 110 44
73 116 62
120 197 110
151 195 140
134 191 134
142 249 134
2 76 2
117 176 110
20 221 20
121 253 110
99 175 92
82 205 74
68 100 68
86 216 86
31 146 20
181 202 170
63 176 56
204 241 194
67 222 56
73 244 62
52 124 44
129 152 122
62 82 62
67 101 56
82 151 74
225 241 218
107 233 98
8 113 8
182 228 182
171 192 164
70 224 62
80 184 80
12 67 2
202 218 194
184 223 176
26 104 26
43 183 32
41 199 32
33 60 26
112 219 104
131 185 122
4 117 1
162 241 152
53 55 44
26 62 26
38 180 38
62 153 62
80 229 80
122 230 122
128 233 128
56 99 56
128 190 128
90 91 80
20 77 20
31 72 20
153 249 146
58 249 50
34 200 26
56 112 56
62 159 62
157 225 146
26 70 26
6 209 1
95 179 86
26 36 26
77 197 68
197 213 188
19 212 8
80 244 80
126 174 116
13 244 2
98 156 98
96 112 86
105 129 98
62 98 62
62 89 62
20 112 20
61 161 50
136 179 128
97 208 86
55 230 44
87 219 80
1 123 1
2 146 2
38 92 38
2 93 2
158 211 158
26 113 26
156 196 146
102 246 92
62 166 62
195 213 188
86 251 86
103 124 92
18 232 8
20 36 20
38 79 38
21 229 14
171 230 164
156 225 146
119 202 110
83 160 74
32 75 32
61 227 50
36 225 26
26 179 26
1 20 1
32 251 32
206 250 206
110 208 110
225 231 218
46 87 38
129 196 122
85 113 74
101 142 92
109 148 98
14 144 14
60 61 50
86 211 86
52 77 44
134 177 134
88 112 80
171 202 164
104 176 104
190 191 182
147 158 140
2 94 2
199 212 188
92 167 92
50 180 50
34 118 26
178 238 170
182 241 182
2 162 2
186 245 176
185 228 176
177 207 170
104 140 104
244 252 236
61 249 50
129 169 122
38 89 38
70 94 62
38 57 38
62 119 62
2 29 2
62 227 62
31 58 20
220 230 212
7 198 1
168 214 158
104 217 104
99 101 92
89 129 80
23 200 14
34 85 26
57 235 50
52 104 44
146 170 146
12 158 2
56 86 56
26 242 26
120 166 110
93 228 86
164 203 164
235 247 224
18 242 8
81 194 74
127 176 116
3 160 1
16 203 8
32 224 32
79 143 68
128 239 128
14 39 14
44 198 44
128 153 128
58 67 50
14 32 14
9 221 2
114 145 104
62 162 62
8 35 8
62 120 62
216 244 206
62 240 62
122 203 122
57 142 50
87 189 80
176 232 176
156 251 146
77 112 68
105 235 98
148 238 140
30 72 20
220 225 212
60 168 50
74 247 74
30 64 20
119 188 110
181 207 170
1 183 1
160 211 152
3 134 1
27 106 20
163 231 152
208 215 200
2 130 2
207 243 200
15 106 8
170 207 170
62 156 62
81 143 74
166 239 158
168 191 158
140 220 140
138 171 128
21 78 14
127 154 116
83 156 74
213 247 206
157 236 146
62 167 62
215 246 206
63 196 56
97 160 86
1 223 1
156 255 146
37 110 26
134 151 134
48 153 38
62 222 62
87 183 80
83 228 74
218 236 218
26 134 26
246 249 236
20 99 20
118 227 110
168 202 158
76 168 68
35 127 26
141 235 134
94 143 86
8 200 8
149 243 140
66 239 56
5 8 1
46 221 38
56 184 56
28 123 20
122 157 122
83 141 74
21 103 14
24 47 14
52 204 44
32 85 32
56 77 56
60 63 50
207 253 200
153 210 146
1 16 1
53 85 44
137 172 128
182 253 182
136 164 128
20 137 20
121 144 110
180 191 170
92 112 92
225 229 218
52 119 44
12 20 2
1 128 1
168 201 158
202 253 194
221 251 212
170 231 170
14 87 14
44 147 44
166 169 158
24 206 14
169 219 158
92 107 92
59 114 50
132 238 122
145 225 134
20 150 20
134 188 134
66 74 56
2 27 2
88 128 80
124 142 116
30 160 20
41 51 32
42 196 32
103 210 92
165 244 158
116 145 116
105 210 98
20 209 20
20 54 20
42 58 32
132 178 122
42 107 32
205 245 194
199 247 188
54 232 44
2 238 2
136 225 128
173 217 164
104 156 104
16 27 8
64 214 56
189 247 182
117 149 110
145 153 134
215 231 206
222 237 212
164 174 164
8 14 8
154 164 146
39 200 32
169 208 158
123 233 116
247 248 236
144 192 134
164 197 164
65 178 56
176 240 176
127 179 116
55 66 44
6 201 1
124 151 116
46 196 38
37 201 26
3 217 1
135 247 128
166 194 158
54 99 44
56 140 56
131 160 122
218 251 218
201 252 194
147 192 140
25 105 14
46 128 38
80 207 80
104 205 104
82 96 74
151 222 140
108 188 98
55 69 44
68 207 68
181 186 170
166 228 158
3 49 1
70 250 62
24 194 14
54 228 44
21 222 14
104 235 104
167 188 158
196 215 188
118 142 110
85 104 74
29 74 20
14 28 14
8 168 8
115 177 104
64 194 56
114 202 104
145 247 134
41 187 32
142 251 134
26 44 26
1 219 1
142 148 134
153 235 146
2 67 2
98 233 98
81 256 74
183 205 176
165 187 158
45 171 38
24 85 14
103 181 92
6 11 1
126 149 116
223 241 212
71 144 62
139 163 128
126 156 116
23 82 14
123 168 116
37 220 26
93 147 86
63 249 56
20 58 20
43 53 32
3 135 1
32 159 32
14 66 14
74 86 74
7 52 1
8 68 8
158 216 158
196 256 188
156 194 146
18 217 8
1 57 1
2 137 2
143 191 134
243 255 236
50 203 50
34 45 26
44 170 44
36 202 26
18 226 8
123 252 116
46 151 38
171 239 164
10 63 2
155 181 146
251 256 242
122 160 122
102 236 92
179 196 170
79 229 68
182 206 182
114 224 104
122 136 122
26 187 26
56 219 56
180 220 170
29 251 20
38 147 38
203 204 194
124 251 116
49 148 38
84 240 74
92 140 92
39 50 32
10 43 2
62 104 62
3 138 1
66 193 56
169 185 158
6 199 1
99 246 92
43 210 32
128 210 128
39 228 32
94 190 86
165 232 158
128 189 128
49 216 38
14 58 14
16 169 8
104 116 104
6 175 1
100 126 92
71 197 62
14 27 14
92 116 92
84 131 74
125 172 116
112 145 104
1 8 1
2 141 2
74 165 74
24 152 14
228 244 218
30 131 20
27 185 20
70 144 62
53 57 44
163 228 152
78 143 68
8 106 8
174 229 164
160 204 152
41 113 32
65 230 56
139 194 128
28 93 20
103 128 92
28 114 20
156 185 146
180 188 170
143 156 134
35 240 26
132 208 122
62 232 62
86 120 86
7 91 1
52 137 44
86 119 86
62 80 62
188 206 188
1 56 1
127 189 116
154 173 146
159 200 152
1 197 1
142 216 134
167 170 158
1 117 1
149 215 140
109 222 98
38 200 38
91 136 80
116 164 116
121 236 110
20 169 20
11 218 2
214 222 206
170 229 170
156 223 146
50 60 50
74 134 74
73 241 62
32 68 32
1 22 1
27 241 20
118 221 110
66 188 56
65 106 56
214 220 206
40 77 32
68 97 68
68 156 68
2 59 2
73 215 62
45 114 38
44 53 44
1 62 1
69 179 62
35 52 26
90 230 80
7 8 1
174 193 164
125 190 116
199 236 188
113 157 104
138 162 128
141 202 134
27 239 20
173 178 164
48 63 38
103 189 92
114 180 104
1 29 1
221 233 212
45 241 38
181 236 170
122 206 122
241 244 230
159 171 152
98 188 98
249 256 242
89 125 80
39 55 32
44 107 44
214 233 206
162 188 152
14 120 14
144 256 134
37 61 26
152 213 152
140 189 140
91 187 80
186 232 176
110 124 110
48 154 38
72 192 62
55 138 44
25 209 14
237 256 230
51 243 44
75 82 68
96 163 86
19 143 8
68 224 68
135 143 128
28 124 20
83 248 74
207 228 200
74 219 74
27 179 20
15 174 8
208 240 200
113 126 104
13 55 2
125 168 116
146 163 146
105 218 98
191 230 182
163 188 152
50 137 50
92 129 92
50 85 50
133 191 122
34 192 26
68 105 68
86 198 86
80 235 80
144 255 134
13 235 2
252 256 242
54 243 44
38 171 38
148 236 140
126 250 116
61 231 50
36 247 26
223 237 212
22 27 14
110 168 110
32 217 32
95 171 86
69 252 62
53 205 44
141 174 134
44 115 44
38 123 38
155 159 146
241 242 230
92 177 92
134 173 134
32 197 32
209 250 200
189 255 182
85 112 74
53 144 44
140 202 140
69 210 62
8 25 8
18 56 8
8 33 8
128 137 128
122 167 122
3 179 1
223 243 212
103 216 92
92 226 92
220 245 212
110 218 110
30 190 20
3 18 1
74 156 74
8 84 8
12 48 2
90 179 80
192 205 182
64 84 56
104 224 104
92 165 92
167 230 158
68 136 68
77 122 68
44 52 44
72 155 62
23 214 14
8 185 8
138 160 128
53 200 44
115 201 104
2 199 2
168 218 158
67 159 56
174 204 164
150 178 140
44 152 44
160 164 152
31 50 20
83 115 74
141 199 134
199 223 188
37 215 26
113 149 104
19 211 8
2 22 2
74 222 74
42 100 32
14 38 14
234 251 224
170 243 170
64 242 56
41 137 32
32 183 32
110 246 110
164 255 164
104 219 104
185 218 176
38 201 38
150 197 140
12 72 2
127 232 116
140 234 140
116 150 116
234 246 224
226 256 218
111 212 104
75 230 68
12 248 2
152 187 152
231 255 224
119 239 110
56 223 56
182 190 182
104 246 104
89 159 80
150 255 140
183 195 176
155 182 146
110 216 110
23 208 14
164 252 164
159 198 152
8 178 8
32 120 32
98 184 98
152 194 152
91 162 80
24 142 14
107 199 98
83 200 74
183 206 176
223 256 212
92 109 92
159 249 152
23 154 14
51 158 44
135 137 128
20 27 20
70 199 62
1 30 1
119 235 110
50 108 50
60 149 50
58 176 50
48 103 38
97 137 86
104 222 104
146 237 146
75 120 68
95 174 86
62 72 62
68 215 68
14 40 14
20 114 20
74 112 74
89 235 80
199 237 188
147 217 140
73 98 62
2 12 2
56 109 56
1 79 1
8 43 8
2 43 2
43 98 32
192 226 182
57 152 50
26 99 26
110 165 110
1 87 1
57 74 50
35 57 26
14 161 14
32 39 32
62 140 62
151 256 140
86 94 86
120 226 110
137 151 128
50 136 50
29 147 20
40 218 32
50 113 50
152 204 152
8 188 8
231 250 224
50 179 50
235 237 224
11 171 2
87 97 80
201 216 194
11 75 2
113 237 104
32 46 32
8 250 8
8 23 8
12 253 2
135 212 128
49 64 38
217 221 206
56 245 56
136 246 128
246 248 236
176 226 176
152 174 152
32 70 32
29 140 20
96 248 86
33 229 26
222 249 212
155 185 146
101 176 92
56 73 56
34 194 26
160 197 152
21 38 14
47 72 38
139 232 128
20 60 20
222 252 212
37 79 26
84 201 74
56 62 56
142 243 134
124 202 116
190 196 182
107 194 98
20 74 20
13 154 2
135 197 128
137 193 128
239 256 230
34 97 26
236 246 236
240 250 230
182 197 182
154 195 146
11 160 2
1 21 1
103 193 92
153 252 146
26 101 26
128 205 128
67 126 56
146 214 146
80 93 80
55 91 44
48 251 38
186 240 176
116 185 116
38 56 38
178 245 170
44 76 44
183 215 176
52 83 44
32 84 32
156 188 146
203 214 194
146 247 146
26 168 26
60 159 50
140 151 140
61 232 50
39 214 32
38 81 38
68 116 68
138 232 128
35 198 26
3 249 1
10 149 2
50 188 50
172 225 164
2 13 2
26 136 26
140 150 140
181 182 170
242 250 242
3 80 1
194 214 194
20 134 20
198 239 188
44 252 44
24 175 14
102 183 92
146 255 146
176 187 176
233 237 224
206 233 206
82 144 74
147 206 140
78 248 68
1 131 1
36 129 26
116 144 116
149 223 140
172 229 164
45 157 38
65 196 56
91 123 80
199 238 188
140 236 140
203 229 194
151 239 140
62 113 62
168 182 158
19 49 8
194 230 194
214 232 206
155 204 146
110 123 110
172 207 164
64 237 56
96 151 86
2 194 2
99 181 92
125 197 116
144 149 134
8 231 8
170 209 170
122 243 122
179 240 170
66 88 56
77 128 68
25 139 14
90 134 80
242 256 242
13 32 2
145 222 134
81 105 74
109 155 98
42 195 32
182 201 182
195 243 188
68 177 68
8 159 8
148 240 140
118 189 110
78 255 68
87 245 80
1 49 1
20 201 20
56 173 56
21 95 14
66 122 56
225 238 218
233 253 224
57 248 50
44 204 44
147 166 140
41 143 32
1 59 1
50 131 50
50 232 50
56 151 56
168 256 158
54 156 44
113 172 104
51 224 44
26 66 26
64 101 56
20 51 20
132 234 122
124 245 116
116 162 116
188 225 188
149 204 140
164 247 164
142 227 134
44 60 44
6 187 1
74 202 74
38 62 38
44 131 44
155 187 146
36 224 26
29 101 20
1 157 1
72 168 62
23 94 14
8 217 8
70 133 62
81 152 74
214 230 206
80 249 80
2 143 2
69 231 62
194 216 194
45 242 38
157 198 146
17 225 8
50 193 50
68 95 68
152 178 152
122 245 122
42 229 32
57 78 50
107 244 98
118 124 110
21 234 14
1 173 1
21 68 14
62 249 62
140 243 140
189 195 182
96 152 86
2 15 2
134 160 134
32 170 32
8 27 8
66 175 56
47 67 38
192 214 182
56 85 56
52 246 44
148 217 140
110 152 110
171 209 164
32 48 32
111 174 104
35 81 26
10 155 2
25 48 14
113 217 104
52 146 44
162 210 152
75 154 68
108 148 98
20 244 20
20 49 20
156 157 146
195 244 188
11 239 2
101 237 92
25 122 14
36 182 26
86 111 86
177 222 170
86 108 86
186 212 176
196 253 188
198 208 188
215 220 206
131 210 122
208 217 200
201 222 194
20 67 20
8 88 8
112 198 104
132 223 122
149 246 140
112 116 104
110 125 110
137 159 128
227 231 218
172 176 164
2 124 2
86 100 86
122 158 122
128 181 128
2 196 2
105 141 98
8 42 8
132 239 122
107 217 98
3 140 1
150 244 140
17 75 8
24 224 14
66 251 56
235 244 224
39 181 32
89 247 80
122 132 122
67 98 56
50 133 50
237 250 230
90 95 80
185 226 176
98 192 98
200 223 200
168 235 158
15 17 8
98 148 98
103 235 92
204 245 194
158 170 158
1 106 1
121 200 110
227 248 218
93 182 86
1 99 1
2 128 2
136 145 128
5 99 1
96 210 86
62 133 62
44 111 44
21 242 14
68 149 68
200 241 200
112 205 104
98 125 98
66 243 56
202 210 194
109 178 98
185 202 176
174 223 164
48 99 38
74 90 74
243 252 236
4 229 1
32 60 32
194 203 194
73 213 62
2 152 2
12 133 2
110 231 110
31 106 20
32 187 32
116 140 116
134 171 134
44 67 44
97 192 86
48 149 38
129 193 122
66 85 56
2 70 2
92 144 92
134 226 134
75 224 68
51 64 44
67 228 56
29 122 20
16 136 8
115 161 104
120 164 110
176 227 176
114 149 104
173 251 164
140 163 140
225 245 218
14 90 14
20 32 20
46 109 38
215 253 206
21 231 14
44 95 44
8 100 8
56 227 56
110 170 110
131 153 122
181 222 170
225 237 218
112 128 104
36 157 26
32 69 32
66 198 56
220 235 212
18 205 8
195 202 188
190 204 182
155 217 146
51 173 44
74 255 74
150 201 140
86 209 86
30 219 20
9 15 2
134 232 134
50 91 50
28 77 20
2 244 2
126 198 116
162 173 152
165 172 158
60 78 50
105 138 98
151 226 140
34 246 26
98 144 98
81 157 74
31 136 20
98 216 98
32 228 32
95 189 86
78 158 68
2 182 2
108 141 98
134 248 134
160 225 152
74 194 74
122 186 122
157 224 146
86 245 86
128 208 128
151 255 140
152 212 152
62 91 62
87 179 80
94 210 86
109 244 98
110 149 110
135 154 128
92 98 92
32 245 32
6 185 1
103 206 92
13 249 2
32 110 32
11 27 2
1 46 1
124 162 116
176 256 176
17 124 8
173 237 164
6 178 1
142 150 134
23 198 14
140 176 140
140 192 140
165 200 158
152 230 152
124 179 116
56 105 56
32 83 32
219 226 212
110 201 110
99 177 92
20 181 20
16 252 8
50 223 50
184 194 176
173 210 164
182 240 182
69 89 62
7 12 1
233 245 224
91 102 80
227 237 218
146 215 146
62 172 62
6 114 1
13 28 2
149 226 140
2 80 2
62 219 62
72 81 62
238 248 230
47 216 38
44 243 44
50 70 50
96 193 86
94 225 86
236 242 236
74 144 74
2 25 2
202 220 194
46 169 38
194 200 194
47 218 38
30 115 20
185 234 176
41 219 32
160 218 152
20 97 20
14 59 14
122 199 122
8 28 8
68 155 68
115 162 104
166 237 158
181 244 170
81 145 74
65 184 56
20 80 20
69 221 62
16 34 8
38 224 38
106 119 98
16 113 8
34 41 26
48 156 38
68 151 68
111 189 104
80 142 80
28 162 20
104 211 104
75 107 68
155 206 146
8 208 8
70 90 62
18 62 8
168 208 158
86 141 86
76 177 68
21 160 14
47 121 38
233 246 224
99 158 92
111 150 104
73 231 62
158 248 158
203 223 194
68 85 68
149 217 140
72 124 62
50 89 50
160 229 152
84 186 74
55 103 44
42 152 32
48 200 38
5 235 1
58 169 50
102 130 92
79 175 68
81 229 74
80 128 80
59 220 50
113 220 104
65 194 56
121 187 110
80 183 80
20 191 20
48 233 38
92 122 92
104 167 104
74 161 74
216 234 206
184 232 176
168 187 158
82 125 74
51 164 44
75 134 68
93 243 86
149 228 140
2 20 2
182 226 182
12 155 2
103 176 92
38 235 38
83 237 74
120 208 110
108 181 98
109 170 98
71 187 62
169 245 158
241 252 230
161 219 152
77 173 68
104 149 104
16 41 8
109 147 98
26 86 26
75 187 68
93 119 86
164 184 164
87 203 80
89 220 80
218 242 218
32 153 32
171 213 164
86 237 86
56 198 56
1 193 1
16 131 8
80 214 80
4 76 1
37 144 26
24 220 14
51 112 44
135 188 128
56 133 56
93 175 86
11 226 2
104 250 104
20 104 20
80 91 80
80 166 80
35 183 26
23 199 14
169 191 158
88 158 80
20 232 20
219 246 212
78 175 68
82 171 74
64 138 56
2 89 2
234 237 224
80 89 80
116 127 116
219 231 212
232 248 224
141 154 134
165 189 158
86 238 86
86 224 86
79 217 68
123 236 116
95 145 86
44 253 44
245 250 236
108 256 98
12 224 2
34 231 26
164 253 164
5 107 1
185 209 176
44 216 44
158 176 158
34 147 26
74 196 74
209 242 200
140 205 140
18 95 8
144 168 134
75 129 68
166 175 158
8 182 8
80 182 80
189 220 182
115 130 104
135 214 128
22 29 14
104 159 104
121 130 110
224 253 224
16 187 8
20 69 20
2 163 2
92 148 92
125 209 116
70 155 62
38 45 38
148 255 140
49 210 38
11 227 2
14 196 14
115 141 104
57 81 50
27 129 20
6 58 1
131 199 122
55 179 44
221 232 212
202 246 194
180 215 170
128 234 128
56 214 56
36 235 26
180 223 170
146 186 146
20 141 20
108 221 98
227 241 218
20 140 20
194 233 194
200 206 200
26 43 26
8 236 8
79 102 68
79 171 68
134 157 134
117 138 110
76 215 68
86 176 86
134 238 134
65 233 56
86 192 86
3 20 1
139 193 128
216 230 206
178 183 170
96 137 86
162 206 152
19 230 8
28 134 20
186 235 176
112 250 104
47 95 38
77 231 68
80 135 80
13 134 2
32 155 32
147 172 140
50 240 50
1 192 1
82 159 74
2 193 2
67 141 56
96 121 86
103 115 92
163 166 152
25 213 14
77 223 68
14 68 14
36 248 26
20 43 20
92 163 92
11 238 2
55 147 44
152 231 152
67 154 56
2 92 2
130 228 122
1 71 1
28 222 20
78 160 68
108 159 98
158 186 158
33 175 26
118 217 110
53 190 44
17 82 8
16 72 8
147 159 140
122 251 122
35 147 26
50 156 50
194 227 194
8 51 8
71 201 62
20 72 20
68 93 68
39 44 32
107 146 98
203 225 194
6 98 1
205 223 194
98 213 98
110 136 110
64 87 56
85 153 74
36 92 26
9 201 2
197 202 188
50 68 50
26 189 26
77 143 68
14 180 14
116 136 116
127 242 116
32 118 32
14 89 14
41 231 32
68 180 68
65 159 56
82 93 74
77 110 68
33 177 26
85 245 74
84 217 74
140 237 140
66 190 56
74 175 74
118 236 110
68 115 68
106 231 98
107 141 98
119 226 110
53 81 44
50 75 50
75 192 68
189 197 182
50 82 50
105 164 98
89 108 80
33 38 26
155 250 146
50 77 50
17 138 8
17 142 8
14 243 14
76 256 68
98 127 98
14 154 14
99 132 92
11 92 2
179 211 170
94 116 86
222 234 212
46 103 38
51 167 44
14 238 14
176 253 176
130 242 122
33 100 26
158 202 158
207 239 200
203 209 194
107 201 98
95 201 86
70 170 62
4 92 1
118 233 110
6 252 1
120 225 110
102 185 92
32 109 32
221 239 212
76 130 68
52 184 44
74 195 74
157 234 146
96 202 86
132 248 122
104 119 104
59 229 50
1 138 1
33 233 26
11 201 2
150 194 140
14 52 14
2 174 2
118 228 110
24 126 14
224 241 224
21 57 14
120 207 110
50 226 50
46 104 38
60 152 50
1 155 1
44 215 44
10 65 2
38 73 38
8 41 8
14 193 14
48 217 38
146 211 146
48 199 38
210 231 200
149 190 140
27 236 20
57 86 50
11 197 2
80 206 80
206 235 206
29 40 20
18 228 8
64 139 56
109 127 98
178 234 170
122 204 122
208 245 200
185 230 176
207 226 200
217 231 206
153 238 146
52 140 44
139 204 128
168 233 158
63 188 56
8 248 8
131 215 122
130 191 122
26 80 26
89 176 80
183 247 176
73 143 62
204 211 194
253 256 242
86 205 86
74 239 74
142 155 134
64 165 56
44 116 44
2 149 2
177 202 170
203 216 194
32 86 32
142 209 134
14 229 14
29 96 20
115 206 104
56 155 56
54 161 44
133 247 122
32 72 32
88 239 80
9 72 2
195 226 188
35 106 26
95 130 86
60 95 50
2 139 2
149 175 140
38 69 38
21 157 14
189 227 182
18 169 8
74 116 74
32 103 32
14 80 14
152 188 152
43 138 32
48 230 38
122 229 122
135 213 128
66 170 56
52 181 44
35 209 26
7 236 1
164 201 164
207 229 200
107 122 98
83 232 74
31 230 20
171 232 164
59 225 50
116 196 116
222 251 212
73 90 62
32 117 32
80 248 80
167 204 158
73 135 62
47 92 38
100 249 92
137 224 128
162 168 152
20 30 20
143 197 134
18 166 8
152 180 152
114 201 104
58 76 50
8 50 8
20 120 20
32 142 32
44 108 44
94 101 86
26 227 26
22 158 14
79 120 68
68 201 68
120 176 110
142 151 134
8 137 8
47 208 38
35 162 26
154 218 146
238 250 230
20 88 20
98 147 98
82 208 74
27 211 20
206 255 206
38 189 38
67 183 56
198 237 188
152 211 152
74 240 74
2 30 2
1 165 1
119 158 110
143 238 134
26 147 26
164 173 164
44 70 44
19 157 8
86 225 86
90 170 80
144 248 134
153 234 146
68 94 68
7 83 1
62 164 62
1 227 1
49 126 38
24 196 14
7 109 1
1 213 1
80 123 80
117 214 110
35 187 26
32 126 32
151 244 140
44 207 44
50 98 50
193 231 182
20 48 20
184 220 176
2 177 2
14 127 14
32 54 32
55 113 44
8 57 8
38 48 38
186 218 176
20 70 20
53 237 44
63 195 56
9 207 2
60 227 50
74 243 74
200 229 200
84 109 74
67 220 56
61 68 50
110 185 110
2 127 2
92 184 92
10 238 2
31 119 20
111 117 104
54 233 44
111 159 104
210 243 200
102 163 92
243 256 236
46 252 38
25 111 14
136 181 128
63 233 56
113 253 104
112 207 104
123 155 116
14 225 14
138 186 128
161 188 152
188 236 188
206 219 206
122 148 122
97 176 86
39 57 32
50 205 50
144 240 134
50 135 50
215 249 206
92 170 92
2 133 2
12 233 2
112 221 104
86 146 86
184 197 176
163 255 152
46 114 38
56 167 56
217 240 206
77 215 68
134 200 134
110 171 110
139 155 128
39 158 32
53 234 44
58 103 50
80 86 80
196 229 188
72 165 62
131 226 122
20 190 20
11 116 2
113 255 104
1 38 1
128 134 128
174 213 164
211 251 200
187 219 176
26 174 26
106 229 98
48 94 38
11 139 2
49 107 38
44 64 44
52 95 44
182 211 182
17 239 8
74 80 74
43 193 32
14 45 14
96 177 86
152 236 152
120 251 110
18 22 8
208 218 200
28 107 20
80 240 80
24 87 14
100 230 92
3 74 1
92 119 92
161 214 152
194 245 194
103 175 92
78 221 68
19 153 8
116 133 116
14 103 14
38 175 38
129 155 122
194 204 194
69 159 62
98 203 98
216 250 206
144 193 134
38 221 38
66 110 56
159 218 152
225 230 218
104 128 104
73 210 62
14 47 14
185 246 176
20 139 20
34 63 26
143 154 134
175 184 164
48 218 38
51 177 44
18 211 8
23 203 14
156 256 146
24 166 14
231 248 224
1 149 1
104 129 104
78 218 68
71 223 62
135 209 128
134 204 134
157 166 146
120 188 110
55 159 44
87 250 80
22 51 14
206 212 206
180 238 170
1 177 1
8 16 8
92 243 92
123 197 116
201 242 194
109 117 98
208 227 200
5 69 1
161 168 152
1 190 1
27 123 20
35 85 26
104 203 104
174 251 164
56 196 56
69 232 62
38 195 38
198 212 188
86 123 86
109 121 98
70 83 62
14 109 14
104 199 104
65 241 56
93 162 86
92 103 92
207 235 200
135 215 128
6 214 1
225 248 218
39 212 32
147 169 140
15 39 8
104 181 104
112 136 104
8 89 8
41 221 32
104 218 104
5 140 1
146 224 146
43 212 32
36 183 26
2 126 2
13 228 2
24 54 14
108 110 98
116 229 116
191 251 182
92 171 92
134 190 134
18 138 8
136 239 128
124 132 116
123 163 116
28 207 20
168 194 158
50 250 50
63 229 56
40 249 32
125 223 116
135 155 128
20 187 20
68 247 68
61 85 50
140 170 140
26 149 26
21 114 14
50 157 50
14 113 14
103 172 92
158 174 158
94 141 86
20 95 20
86 221 86
126 181 116
171 224 164
68 113 68
59 171 50
207 238 200
132 202 122
69 163 62
135 183 128
132 136 122
50 81 50
99 219 92
101 137 92
121 123 110
61 128 50
63 210 56
68 131 68
109 225 98
26 256 26
63 164 56
193 208 182
125 187 116
75 200 68
162 224 152
220 227 212
50 143 50
156 222 146
107 137 98
38 47 38
117 122 110
26 51 26
29 127 20
51 127 44
10 199 2
56 70 56
214 245 206
208 219 200
14 142 14
134 186 134
157 241 146
209 248 200
62 246 62
23 78 14
98 170 98
122 146 122
102 205 92
111 155 104
113 232 104
27 125 20
198 210 188
50 200 50
32 192 32
74 187 74
50 104 50
118 125 110
14 112 14
58 133 50
179 248 170
19 28 8
10 87 2
36 211 26
162 196 152
83 155 74
157 173 146
127 186 116
13 114 2
119 230 110
40 179 32
163 215 152
131 148 122
95 114 86
26 182 26
93 247 86
80 140 80
43 131 32
162 245 152
30 79 20
140 164 140
38 251 38
74 221 74
8 176 8
32 249 32
147 219 140
204 238 194
212 229 212
124 210 116
5 53 1
173 176 164
79 159 68
177 233 170
161 225 152
163 195 152
36 133 26
6 223 1
125 151 116
84 142 74
134 193 134
44 194 44
96 242 86
194 252 194
68 107 68
207 236 200
72 98 62
210 244 200
144 241 134
42 212 32
93 157 86
62 112 62
69 135 62
110 230 110
54 141 44
62 197 62
3 131 1
100 169 92
149 172 140
84 232 74
66 221 56
115 193 104
93 160 86
195 205 188
119 214 110
84 238 74
181 196 170
12 75 2
48 97 38
10 214 2
214 234 206
14 207 14
2 112 2
31 165 20
106 198 98
206 216 206
106 136 98
86 135 86
50 197 50
92 233 92
188 222 188
121 203 110
9 139 2
95 100 86
85 203 74
36 255 26
78 240 68
128 238 128
1 169 1
61 183 50
68 226 68
14 35 14
60 74 50
133 225 122
123 182 116
27 98 20
68 252 68
216 225 206
113 226 104
69 214 62
26 213 26
74 111 74
32 106 32
53 165 44
67 125 56
213 222 206
57 231 50
149 177 140
195 235 188
188 223 188
188 230 188
82 139 74
68 82 68
12 54 2
84 247 74
158 203 158
152 186 152
8 70 8
52 154 44
66 225 56
50 92 50
62 209 62
44 148 44
208 212 200
50 112 50
202 236 194
95 214 86
2 55 2
134 189 134
38 249 38
153 184 146
163 174 152
47 209 38
82 224 74
35 97 26
123 256 116
68 121 68
125 235 116
2 40 2
50 105 50
94 122 86
113 177 104
34 129 26
76 152 68
79 113 68
53 159 44
137 182 128
194 209 194
36 116 26
140 166 140
40 50 32
76 246 68
173 247 164
30 113 20
74 199 74
26 68 26
114 223 104
95 253 86
174 240 164
8 120 8
49 57 38
211 245 200
38 111 38
2 114 2
125 140 116
139 156 128
231 244 224
166 218 158
234 240 224
10 181 2
14 24 14
92 211 92
87 200 80
76 113 68
53 121 44
172 186 164
127 172 116
197 250 188
190 242 182
77 207 68
160 200 152
50 208 50
107 188 98
134 228 134
121 231 110
62 69 62
56 175 56
141 155 134
108 133 98
123 149 116
190 246 182
38 84 38
155 158 146
3 51 1
142 162 134
26 126 26
14 143 14
211 240 200
194 201 194
176 194 176
8 20 8
6 186 1
117 200 110
26 102 26
8 99 8
61 189 50
9 246 2
109 223 98
38 153 38
122 235 122
181 188 170
14 46 14
159 217 152
125 245 116
56 81 56
163 203 152
45 63 38
194 241 194
49 209 38
25 246 14
45 249 38
147 244 140
22 130 14
58 119 50
7 253 1
174 203 164
166 233 158
143 205 134
244 251 236
26 105 26
2 104 2
100 159 92
50 221 50
44 58 44
217 250 206
50 230 50
99 108 92
80 108 80
1 14 1
58 218 50
97 239 86
88 227 80
190 239 182
208 242 200
170 235 170
93 184 86
42 249 32
184 236 176
51 255 44
7 232 1
17 114 8
113 156 104
60 185 50
36 124 26
104 147 104
65 71 56
2 50 2
86 183 86
18 163 8
16 226 8
80 192 80
46 63 38
110 134 110
87 251 80
223 245 212
122 147 122
60 166 50
148 187 140
126 139 116
8 118 8
223 232 212
158 209 158
73 238 62
3 196 1
26 75 26
36 217 26
54 126 44
135 198 128
228 247 218
206 242 206
19 133 8
194 222 194
89 221 80
12 247 2
22 107 14
25 152 14
73 199 62
85 200 74
132 169 122
56 132 56
201 246 194
146 172 146
56 89 56
2 187 2
185 223 176
77 161 68
70 244 62
138 237 128
164 236 164
26 47 26
99 251 92
81 222 74
39 178 32
134 168 134
189 216 182
181 255 170
77 165 68
193 226 182
138 188 128
52 223 44
24 228 14
54 147 44
192 229 182
40 58 32
205 221 194
80 179 80
29 175 20
58 88 50
68 160 68
56 201 56
37 104 26
127 193 116
116 143 116
68 164 68
145 149 134
29 67 20
116 246 116
112 256 104
187 202 176
33 126 26
1 240 1
226 250 218
123 225 116
9 128 2
164 217 164
11 245 2
52 208 44
46 152 38
104 114 104
22 55 14
94 108 86
136 165 128
68 203 68
51 204 44
8 86 8
14 228 14
44 85 44
152 234 152
48 93 38
53 255 44
16 141 8
13 24 2
44 244 44
1 41 1
32 47 32
50 216 50
74 179 74
64 225 56
6 73 1
60 225 50
128 165 128
229 237 218
119 216 110
181 224 170
86 218 86
180 216 170
29 44 20
56 129 56
248 256 248
160 201 152
110 130 110
13 66 2
2 85 2
31 114 20
62 152 62
14 205 14
193 219 182
199 202 188
232 241 224
161 176 152
80 121 80
20 123 20
104 169 104
8 45 8
43 64 32
41 179 32
51 247 44
13 93 2
215 218 206
80 256 80
155 226 146
21 67 14
62 233 62
156 192 146
170 222 170
135 153 128
14 121 14
2 61 2
121 240 110
55 111 44
189 212 182
121 210 110
134 145 134
41 95 32
28 200 20
20 170 20
68 141 68
196 249 188
86 243 86
142 238 134
38 104 38
122 219 122
205 211 194
121 235 110
68 96 68
50 182 50
148 153 140
8 116 8
98 133 98
168 231 158
89 123 80
69 162 62
49 138 38
92 164 92
62 230 62
63 90 56
180 253 170
45 89 38
191 247 182
241 253 230
68 214 68
60 142 50
175 236 164
155 179 146
6 19 1
38 94 38
79 104 68
119 162 110
96 133 86
35 94 26
14 123 14
71 102 62
175 221 164
92 162 92
29 137 20
6 8 1
58 78 50
165 225 158
204 252 194
12 214 2
122 143 122
109 142 98
188 245 188
26 216 26
113 213 104
119 201 110
189 202 182
152 185 152
92 191 92
244 256 236
56 206 56
84 118 74
77 252 68
8 82 8
124 149 116
14 22 14
1 44 1
205 230 194
155 197 146
68 234 68
22 245 14
50 84 50
35 120 26
94 238 86
67 119 56
104 133 104
54 209 44
61 144 50
105 128 98
124 166 116
155 193 146
60 202 50
56 187 56
72 253 62
154 247 146
71 75 62
122 131 122
77 159 68
54 164 44
114 226 104
44 62 44
151 159 140
40 161 32
197 226 188
142 224 134
148 249 140
46 83 38
71 204 62
144 221 134
163 179 152
175 229 164
44 129 44
38 115 38
10 184 2
47 81 38
26 236 26
121 198 110
168 247 158
101 247 92
191 245 182
65 81 56
44 256 44
8 136 8
195 253 188
122 218 122
74 119 74
32 49 32
114 218 104
21 195 14
173 199 164
21 182 14
182 238 182
14 194 14
86 114 86
206 214 206
56 137 56
16 229 8
118 216 110
119 189 110
40 112 32
14 85 14
8 98 8
178 240 170
38 44 38
176 198 176
19 115 8
134 223 134
166 230 158
11 196 2
123 207 116
109 163 98
83 143 74
209 221 200
51 205 44
66 246 56
85 182 74
1 142 1
109 219 98
120 122 110
51 197 44
38 122 38
114 165 104
1 255 1
82 109 74
98 201 98
133 194 122
62 151 62
63 202 56
35 150 26
109 149 98
153 255 146
1 55 1
38 159 38
44 99 44
98 245 98
188 242 188
124 229 116
128 166 128
132 191 122
114 232 104
117 123 110
56 255 56
210 251 200
63 162 56
114 213 104
1 121 1
166 220 158
68 223 68
26 45 26
116 193 116
37 93 26
104 136 104
6 226 1
67 95 56
69 153 62
160 226 152
8 62 8
104 171 104
110 247 110
51 187 44
32 218 32
102 222 92
20 63 20
7 16 1
91 101 80
60 155 50
110 214 110
22 136 14
107 207 98
7 140 1
5 90 1
24 111 14
218 244 218
116 178 116
74 185 74
1 32 1
84 120 74
175 182 164
16 176 8
125 182 116
24 243 14
16 173 8
108 231 98
165 255 158
35 93 26
171 197 164
120 234 110
32 161 32
65 97 56
178 232 170
58 192 50
75 225 68
4 184 1
4 165 1
33 247 26
152 182 152
20 158 20
5 158 1
105 206 98
97 155 86
90 219 80
32 148 32
14 81 14
1 70 1
108 228 98
112 127 104
22 128 14
91 216 80
134 211 134
40 51 32
113 133 104
226 249 218
8 127 8
62 199 62
180 243 170
80 112 80
97 98 86
32 79 32
161 210 152
111 184 104
32 62 32
8 207 8
14 250 14
235 242 224
103 252 92
241 247 230
98 136 98
98 106 98
19 99 8
239 250 230
38 136 38
189 228 182
44 101 44
85 210 74
158 226 158
203 220 194
20 66 20
176 231 176
70 230 62
50 209 50
216 241 206
158 249 158
18 206 8
14 37 14
200 208 200
89 226 80
206 223 206
1 101 1
172 242 164
97 101 86
191 233 182
167 186 158
81 141 74
86 127 86
159 231 152
59 72 50
132 155 122
40 182 32
59 158 50
180 210 170
195 215 188
20 205 20
211 237 200
166 248 158
43 148 32
8 75 8
47 151 38
34 154 26
33 78 26
2 236 2
57 229 50
10 226 2
37 97 26
188 249 188
50 95 50
186 210 176
23 192 14
194 213 194
10 215 2
96 256 86
44 179 44
116 233 116
130 160 122
241 250 230
181 220 170
134 250 134
42 255 32
5 175 1
17 145 8
161 200 152
190 205 182
205 235 194
45 166 38
106 111 98
7 85 1
35 171 26
174 177 164
183 230 176
12 113 2
44 77 44
80 168 80
95 188 86
146 230 146
240 256 230
100 229 92
51 240 44
70 186 62
208 253 200
14 237 14
80 90 80
208 213 200
26 247 26
162 199 152
148 172 140
168 198 158
92 244 92
176 182 176
173 205 164
29 234 20
3 256 1
54 199 44
49 149 38
47 83 38
85 216 74
79 150 68
107 176 98
109 210 98
44 51 44
98 218 98
205 246 194
155 227 146
125 214 116
128 209 128
120 217 110
226 237 218
13 200 2
28 216 20
127 139 116
37 129 26
34 99 26
36 54 26
1 35 1
74 150 74
175 211 164
66 155 56
93 156 86
32 222 32
53 251 44
164 208 164
104 150 104
63 243 56
90 136 80
26 46 26
75 214 68
172 243 164
12 134 2
152 228 152
76 107 68
92 149 92
46 244 38
130 181 122
1 214 1
17 116 8
93 163 86
135 250 128
8 92 8
37 162 26
149 171 140
19 107 8
92 161 92
171 256 164
58 227 50
26 95 26
119 124 110
2 154 2
148 184 140
146 152 146
54 185 44
116 165 116
102 228 92
86 163 86
142 241 134
206 215 206
201 208 194
74 238 74
48 56 38
225 242 218
72 82 62
119 181 110
42 243 32
92 121 92
150 189 140
80 106 80
110 151 110
20 113 20
231 238 224
176 197 176
12 85 2
226 251 218
146 189 146
27 78 20
135 195 128
83 158 74
41 132 32
12 76 2
71 244 62
75 104 68
63 76 56
32 91 32
124 188 116
88 229 80
98 191 98
236 255 236
122 177 122
44 97 44
144 194 134
123 189 116
67 103 56
212 227 212
8 91 8
166 226 158
56 92 56
26 192 26
99 218 92
56 100 56
109 226 98
210 233 200
187 205 176
142 255 134
128 182 128
161 231 152
119 148 110
118 141 110
88 184 80
14 204 14
220 256 212
217 248 206
51 74 44
6 158 1
156 164 146
151 170 140
44 128 44
229 256 218
131 230 122
74 184 74
201 231 194
71 161 62
203 244 194
68 219 68
138 252 128
128 203 128
134 203 134
20 42 20
40 55 32
30 150 20
62 99 62
5 20 1
14 64 14
174 214 164
129 207 122
87 168 80
99 142 92
124 221 116
23 158 14
4 167 1
148 245 140
59 169 50
151 176 140
154 193 146
175 176 164
28 236 20
186 230 176
15 247 8
199 205 188
26 162 26
73 124 62
104 243 104
9 26 2
145 179 134
57 130 50
116 197 116
2 103 2
122 244 122
7 184 1
104 168 104
136 229 128
115 150 104
119 241 110
69 113 62
193 230 182
38 133 38
164 224 164
104 244 104
7 84 1
37 146 26
188 231 188
26 39 26
222 242 212
85 103 74
20 47 20
21 167 14
119 244 110
74 128 74
25 157 14
7 178 1
143 243 134
19 203 8
50 174 50
26 132 26
8 56 8
38 138 38
98 250 98
17 132 8
204 214 194
4 234 1
58 190 50
56 117 56
33 72 26
121 218 110
74 137 74
67 132 56
87 210 80
56 234 56
73 100 62
140 191 140
26 87 26
49 116 38
32 156 32
148 222 140
145 245 134
1 226 1
188 237 188
8 244 8
4 90 1
236 256 236
26 135 26
113 202 104
58 178 50
149 227 140
110 215 110
162 193 152
11 200 2
83 201 74
27 52 20
34 61 26
2 113 2
79 234 68
194 217 194
90 210 80
101 238 92
158 187 158
140 221 140
139 201 128
165 174 158
42 144 32
83 117 74
137 256 128
91 213 80
7 171 1
188 228 188
152 158 152
189 248 182
15 98 8
104 196 104
137 166 128
187 224 176
90 109 80
10 108 2
92 136 92
36 60 26
71 147 62
86 99 86
121 135 110
45 223 38
44 88 44
153 245 146
129 183 122
118 211 110
140 249 140
187 192 176
75 150 68
56 79 56
187 220 176
113 191 104
96 146 86
71 166 62
210 240 200
100 194 92
109 240 98
245 256 236
216 218 206
84 98 74
198 224 188
84 133 74
76 231 68
88 178 80
12 44 2
140 232 140
204 221 194
129 249 122
35 140 26
59 251 50
2 78 2
14 114 14
181 245 170
20 38 20
91 222 80
20 239 20
104 142 104
96 118 86
212 239 212
51 228 44
128 142 128
13 209 2
154 208 146
78 111 68
44 50 44
163 198 152
141 167 134
138 208 128
131 134 122
32 154 32
66 240 56
77 134 68
133 155 122
20 94 20
8 37 8
39 116 32
97 143 86
38 156 38
116 180 116
28 208 20
66 105 56
32 160 32
17 65 8
1 18 1
101 154 92
37 76 26
123 196 116
46 235 38
82 153 74
25 148 14
8 175 8
174 242 164
104 113 104
93 242 86
40 118 32
38 148 38
1 228 1
191 195 182
5 41 1
164 233 164
2 54 2
106 239 98
122 166 122
121 157 110
71 86 62
207 216 200
63 72 56
157 168 146
37 155 26
5 168 1
125 233 116
143 175 134
43 124 32
55 90 44
64 168 56
60 194 50
62 102 62
127 244 116
143 230 134
185 191 176
1 122 1
140 209 140
92 125 92
64 205 56
40 132 32
123 224 116
205 240 194
6 102 1
114 194 104
154 192 146
135 231 128
133 236 122
58 129 50
140 200 140
43 134 32
32 111 32
107 153 98
83 118 74
116 158 116
92 176 92
198 218 188
104 216 104
17 54 8
14 116 14
32 188 32
55 67 44
6 222 1
213 229 206
68 86 68
161 184 152
36 102 26
163 256 152
118 184 110
14 83 14
28 37 20
191 256 182
46 108 38
206 245 206
235 246 224
73 158 62
62 97 62
143 147 134
5 134 1
52 90 44
18 73 8
13 133 2
101 175 92
189 250 182
41 106 32
2 42 2
54 67 44
10 141 2
22 223 14
43 177 32
143 253 134
145 203 134
33 235 26
74 172 74
13 98 2
171 245 164
33 69 26
57 177 50
222 230 212
32 52 32
162 247 152
122 139 122
16 151 8
130 195 122
189 209 182
47 154 38
26 107 26
211 230 200
19 242 8
139 153 128
134 234 134
68 77 68
41 183 32
137 211 128
15 99 8
158 199 158
75 92 68
4 56 1
9 217 2
50 190 50
196 238 188
173 222 164
115 219 104
75 203 68
176 193 176
213 233 206
103 199 92
109 134 98
207 244 200
113 150 104
153 158 146
59 192 50
51 59 44
136 141 128
26 244 26
46 210 38
45 85 38
239 245 230
56 106 56
94 199 86
83 90 74
68 167 68
201 248 194
15 222 8
69 228 62
111 143 104
196 251 188
41 225 32
123 188 116
156 227 146
127 174 116
8 199 8
47 60 38
32 201 32
136 152 128
8 121 8
24 127 14
112 162 104
102 230 92
50 251 50
1 85 1
144 177 134
100 118 92
14 164 14
175 223 164
196 252 188
44 150 44
151 177 140
113 180 104
145 216 134
13 251 2
211 221 200
59 195 50
132 244 122
40 229 32
27 176 20
21 107 14
6 136 1
49 80 38
166 202 158
86 203 86
100 178 92
71 148 62
19 51 8
121 239 110
179 204 170
135 182 128
224 255 224
69 184 62
25 41 14
149 231 140
32 225 32
235 238 224
8 134 8
73 164 62
68 175 68
2 45 2
135 251 128
155 189 146
52 112 44
50 129 50
86 188 86
20 73 20
92 108 92
19 138 8
63 179 56
45 207 38
125 150 116
240 248 230
85 198 74
35 111 26
23 68 14
168 216 158
57 181 50
66 126 56
43 126 32
186 247 176
167 222 158
50 170 50
49 170 38
183 234 176
153 219 146
94 198 86
119 125 110
21 81 14
109 173 98
48 183 38
192 230 182
54 75 44
103 202 92
12 149 2
193 199 182
233 238 224
175 220 164
242 255 242
192 232 182
104 152 104
119 200 110
20 253 20
25 153 14
149 196 140
188 194 188
32 143 32
14 166 14
41 238 32
80 143 80
102 221 92
80 169 80
22 174 14
18 178 8
23 93 14
70 237 62
162 201 152
18 220 8
56 166 56
19 189 8
39 48 32
8 162 8
215 250 206
172 214 164
120 141 110
126 243 116
11 24 2
108 134 98
128 169 128
128 174 128
18 155 8
205 241 194
154 202 146
76 94 68
60 99 50
113 158 104
111 152 104
134 215 134
164 230 164
116 181 116
5 63 1
237 255 230
233 244 224
142 166 134
191 214 182
106 167 98
41 232 32
81 163 74
170 193 170
81 159 74
65 228 56
83 208 74
146 153 146
35 242 26
103 111 92
80 236 80
72 166 62
84 122 74
25 115 14
39 171 32
26 118 26
26 255 26
115 135 104
41 195 32
155 166 146
8 26 8
195 223 188
12 89 2
89 149 80
77 180 68
180 203 170
164 202 164
223 239 212
127 163 116
239 248 230
155 195 146
114 231 104
168 206 158
28 129 20
164 192 164
100 110 92
8 180 8
44 212 44
140 186 140
26 56 26
177 205 170
204 207 194
97 171 86
24 219 14
9 17 2
8 49 8
243 253 236
87 237 80
128 197 128
127 149 116
1 111 1
154 227 146
134 172 134
172 228 164
81 111 74
86 143 86
79 210 68
23 27 14
138 142 128
19 39 8
57 89 50
56 68 56
144 196 134
71 171 62
147 245 140
101 256 92
37 42 26
1 172 1
192 203 182
47 108 38
125 250 116
32 100 32
203 256 194
95 127 86
46 181 38
221 230 212
140 154 140
215 242 206
56 217 56
213 219 206
59 155 50
215 240 206
128 159 128
1 200 1
102 216 92
84 185 74
200 211 200
20 84 20
65 255 56
112 197 104
72 178 62
116 137 116
4 116 1
10 180 2
1 159 1
89 190 80
146 165 146
104 223 104
163 205 152
131 206 122
234 239 224
70 158 62
75 162 68
40 159 32
8 163 8
56 71 56
17 119 8
150 246 140
164 213 164
39 120 32
181 234 170
20 237 20
73 170 62
66 136 56
12 212 2
1 76 1
37 38 26
87 239 80
152 193 152
138 193 128
98 225 98
20 29 20
69 144 62
106 221 98
18 109 8
30 44 20
85 141 74
51 235 44
44 69 44
14 223 14
76 95 68
115 199 104
163 207 152
178 248 170
152 161 152
19 85 8
12 150 2
2 32 2
117 135 110
157 245 146
154 175 146
112 240 104
148 183 140
32 182 32
157 167 146
132 196 122
62 217 62
49 157 38
73 216 62
7 119 1
82 222 74
180 214 170
68 244 68
180 252 170
7 76 1
221 225 212
89 128 80
91 166 80
115 255 104
37 160 26
28 249 20
34 109 26
1 164 1
21 89 14
99 255 92
118 194 110
182 192 182
93 139 86
23 105 14
105 123 98
137 189 128
45 67 38
110 190 110
117 220 110
6 218 1
39 84 32
176 216 176
148 164 140
128 218 128
13 118 2
141 186 134
103 212 92
83 100 74
179 251 170
155 235 146
1 125 1
137 183 128
93 136 86
203 239 194
44 66 44
176 199 176
171 204 164
110 160 110
212 222 212
98 180 98
146 175 146
113 189 104
33 41 26
143 247 134
198 222 188
48 102 38
198 244 188
113 182 104
21 53 14
151 220 140
20 122 20
77 114 68
6 224 1
164 212 164
111 193 104
15 210 8
47 65 38
80 243 80
104 232 104
2 256 2
223 247 212
32 101 32
14 217 14
1 63 1
147 183 140
168 230 158
38 184 38
193 198 182
2 47 2
101 210 92
116 167 116
160 166 152
121 256 110
192 239 182
28 95 20
96 139 86
124 234 116
128 164 128
203 255 194
6 234 1
51 115 44
123 150 116
158 255 158
152 205 152
180 198 170
15 141 8
16 144 8
17 70 8
52 185 44
95 238 86
190 200 182
93 153 86
44 103 44
20 216 20
6 107 1
80 216 80
65 247 56
12 129 2
235 248 224
44 55 44
49 232 38
61 137 50
124 177 116
64 107 56
112 131 104
173 187 164
54 108 44
105 156 98
191 234 182
130 255 122
4 232 1
153 186 146
63 216 56
116 175 116
67 204 56
48 231 38
187 194 176
57 234 50
5 119 1
148 210 140
150 234 140
62 146 62
14 61 14
79 166 68
43 120 32
162 235 152
18 120 8
39 67 32
96 219 86
214 252 206
137 192 128
15 205 8
1 77 1
167 231 158
111 245 104
19 163 8
20 217 20
102 179 92
92 158 92
194 207 194
187 197 176
19 196 8
19 89 8
49 155 38
50 78 50
92 139 92
75 147 68
100 185 92
8 133 8
167 213 158
156 252 146
44 155 44
20 55 20
54 82 44
185 188 176
85 106 74
143 196 134
211 216 200
158 246 158
1 86 1
164 196 164
121 226 110
2 200 2
97 214 86
16 193 8
94 232 86
73 148 62
104 160 104
1 37 1
129 198 122
20 101 20
56 212 56
164 242 164
68 90 68
127 211 116
100 107 92
56 83 56
8 95 8
38 181 38
163 175 152
234 236 224
43 225 32
55 234 44
110 192 110
80 191 80
161 196 152
38 110 38
98 197 98
189 214 182
130 215 122
24 130 14
205 206 194
49 141 38
77 91 68
139 186 128
74 117 74
155 188 146
80 218 80
2 83 2
29 102 20
31 155 20
112 140 104
9 49 2
21 48 14
175 202 164
75 199 68
100 166 92
49 195 38
47 183 38
28 115 20
44 80 44
12 95 2
203 219 194
23 177 14
3 63 1
73 166 62
125 201 116
38 55 38
14 169 14
75 236 68
83 256 74
14 165 14
117 174 110
181 242 170
126 216 116
26 193 26
77 246 68
173 229 164
134 187 134
111 194 104
95 129 86
8 212 8
149 206 140
35 155 26
88 134 80
66 150 56
2 107 2
56 157 56
130 159 122
178 194 170
37 199 26
150 183 140
93 113 86
164 256 164
111 248 104
26 140 26
42 222 32
13 168 2
38 236 38
164 251 164
89 241 80
90 224 80
104 145 104
165 178 158
59 119 50
62 158 62
183 253 176
169 175 158
49 221 38
66 135 56
101 110 92
35 185 26
13 160 2
211 239 200
155 183 146
103 251 92
50 185 50
80 118 80
58 246 50
73 208 62
39 204 32
106 134 98
131 145 122
118 218 110
135 226 128
49 250 38
91 215 80
181 218 170
27 135 20
168 211 158
33 112 26
50 100 50
2 135 2
28 175 20
152 189 152
120 139 110
19 208 8
139 210 128
173 200 164
32 169 32
235 250 224
9 94 2
1 176 1
184 192 176
179 183 170
24 252 14
34 181 26
23 81 14
77 251 68
117 238 110
75 195 68
50 62 50
27 153 20
19 60 8
134 167 134
74 253 74
1 166 1
128 212 128
114 190 104
8 190 8
1 195 1
4 49 1
197 230 188
100 236 92
38 167 38
218 255 218
80 161 80
135 238 128
213 238 206
164 181 164
30 182 20
55 139 44
3 165 1
219 249 212
152 242 152
30 100 20
19 161 8
2 82 2
167 214 158
45 235 38
119 187 110
145 187 134
165 181 158
172 239 164
116 138 116
54 150 44
69 124 62
29 35 20
21 159 14
125 237 116
189 253 182
75 141 68
224 230 224
65 175 56
31 109 20
74 191 74
38 190 38
2 74 2
120 170 110
231 242 224
113 142 104
150 208 140
32 239 32
50 253 50
50 189 50
165 185 158
102 108 92
76 239 68
9 219 2
84 190 74
185 240 176
23 172 14
22 237 14
55 231 44
166 229 158
2 87 2
191 202 182
181 209 170
206 217 206
1 58 1
144 159 134
24 146 14
120 252 110
43 192 32
134 206 134
9 33 2
232 239 224
112 171 104
55 106 44
165 236 158
121 191 110
58 225 50
92 153 92
234 252 224
2 91 2
14 239 14
98 222 98
17 74 8
6 208 1
168 172 158
11 185 2
13 241 2
104 207 104
123 152 116
25 239 14
148 220 140
137 176 128
108 169 98
124 180 116
53 106 44
50 154 50
176 220 176
90 117 80
136 182 128
122 242 122
166 171 158
38 209 38
109 158 98
2 60 2
66 236 56
195 237 188
105 172 98
73 114 62
27 173 20
152 237 152
169 250 158
129 209 122
169 180 158
120 212 110
97 102 86
134 150 134
128 176 128
1 148 1
58 200 50
121 196 110
169 190 158
58 252 50
143 165 134
24 46 14
116 207 116
153 208 146
24 53 14
122 153 122
157 210 146
31 117 20
57 154 50
36 45 26
8 249 8
68 189 68
99 138 92
177 235 170
141 234 134
14 128 14
225 247 218
171 206 164
163 240 152
70 159 62
5 59 1
39 124 32
159 256 152
68 92 68
34 74 26
8 30 8
41 194 32
136 170 128
41 82 32
2 14 2
72 100 62
70 103 62
198 200 188
104 215 104
145 159 134
11 85 2
43 96 32
215 222 206
61 170 50
215 229 206
61 195 50
79 182 68
101 183 92
95 118 86
214 246 206
166 173 158
138 228 128
37 55 26
92 182 92
92 118 92
123 171 116
193 234 182
128 191 128
164 226 164
220 240 212
227 256 218
40 48 32
55 201 44
223 249 212
4 62 1
60 219 50
103 154 92
14 178 14
176 255 176
26 131 26
121 172 110
113 245 104
78 225 68
33 70 26
41 134 32
89 222 80
154 221 146
95 177 86
149 176 140
31 205 20
26 243 26
234 245 224
11 228 2
215 247 206
107 227 98
102 214 92
102 192 92
14 197 14
107 195 98
158 172 158
7 256 1
100 221 92
50 120 50
228 238 218
136 143 128
78 217 68
51 82 44
75 144 68
56 128 56
68 102 68
32 38 32
9 190 2
118 123 110
60 91 50
135 171 128
10 221 2
167 221 158
19 35 8
148 199 140
28 127 20
155 241 146
68 142 68
192 246 182
92 106 92
18 247 8
72 102 62
8 169 8
17 216 8
41 161 32
127 184 116
124 247 116
215 241 206
137 185 128
209 249 200
54 115 44
49 205 38
169 173 158
122 221 122
105 241 98
155 162 146
38 106 38
52 234 44
115 187 104
155 169 146
178 220 170
41 204 32
16 191 8
177 251 170
124 200 116
66 153 56
71 173 62
59 222 50
26 233 26
68 233 68
69 219 62
22 111 14
235 252 224
163 219 152
44 136 44
66 82 56
56 188 56
122 151 122
1 72 1
20 115 20
139 198 128
125 227 116
150 206 140
49 181 38
36 194 26
2 122 2
86 206 86
238 249 230
26 229 26
62 121 62
92 110 92
62 116 62
72 209 62
101 202 92
115 225 104
14 75 14
58 68 50
58 132 50
128 152 128
15 255 8
79 147 68
86 112 86
7 141 1
66 252 56
187 211 176
74 81 74
104 229 104
98 132 98
33 155 26
169 184 158
177 223 170
134 229 134
152 214 152
46 84 38
116 211 116
134 166 134
26 218 26
43 153 32
61 215 50
50 64 50
104 192 104
24 95 14
116 122 116
25 200 14
168 244 158
125 238 116
179 188 170
83 188 74
42 186 32
40 181 32
12 180 2
8 79 8
2 97 2
2 123 2
170 249 170
2 251 2
130 153 122
64 217 56
23 161 14
163 199 152
7 146 1
33 55 26
153 189 146
20 52 20
129 244 122
110 217 110
149 167 140
165 246 158
213 220 206
137 222 128
136 233 128
179 213 170
14 167 14
36 192 26
2 213 2
48 204 38
74 126 74
57 179 50
111 146 104
57 207 50
117 170 110
100 132 92
50 65 50
146 185 146
189 204 182
212 256 212
34 128 26
14 141 14
183 221 176
88 250 80
81 209 74
95 233 86
125 204 116
154 177 146
240 246 230
235 243 224
50 247 50
123 244 116
130 168 122
92 235 92
54 175 44
7 42 1
41 167 32
94 140 86
116 213 116
55 104 44
33 256 26
72 240 62
50 126 50
136 144 128
98 182 98
45 192 38
155 175 146
75 215 68
18 32 8
26 248 26
56 127 56
1 108 1
75 219 68
11 206 2
87 133 80
44 78 44
94 245 86
112 204 104
200 239 200
26 176 26
128 250 128
53 82 44
110 159 110
102 111 92
183 244 176
40 80 32
20 82 20
33 185 26
109 114 98
123 231 116
107 168 98
218 227 218
15 110 8
60 240 50
204 219 194
8 128 8
103 168 92
72 247 62
34 58 26
204 216 194
141 219 134
99 164 92
14 134 14
146 242 146
69 247 62
95 196 86
94 242 86
146 180 146
187 207 176
102 145 92
153 256 146
56 107 56
212 248 212
140 199 140
32 127 32
131 156 122
44 83 44
35 117 26
220 234 212
2 160 2
97 140 86
15 224 8
80 189 80
32 87 32
140 147 140
104 200 104
188 235 188
1 96 1
209 218 200
192 218 182
159 243 152
200 227 200
75 177 68
5 38 1
67 97 56
61 134 50
81 173 74
86 148 86
2 249 2
179 189 170
1 43 1
21 186 14
34 92 26
83 116 74
156 249 146
110 138 110
208 233 200
44 245 44
30 91 20
16 228 8
17 209 8
169 242 158
185 256 176
69 157 62
89 179 80
64 110 56
2 134 2
227 250 218
124 250 116
91 194 80
128 198 128
9 42 2
94 163 86
74 91 74
29 60 20
211 235 200
130 138 122
15 83 8
232 251 224
92 195 92
146 195 146
152 241 152
154 188 146
1 23 1
136 180 128
74 89 74
194 224 194
82 192 74
171 190 164
95 158 86
223 252 212
48 82 38
212 240 212
31 186 20
71 229 62
8 93 8
73 245 62
83 165 74
27 214 20
26 121 26
33 205 26
132 217 122
9 239 2
204 250 194
10 118 2
19 130 8
138 143 128
81 108 74
165 247 158
142 161 134
99 104 92
32 66 32
229 253 218
120 240 110
21 117 14
60 209 50
27 245 20
197 221 188
137 201 128
181 203 170
78 208 68
95 217 86
182 205 182
108 153 98
130 196 122
213 250 206
18 70 8
15 152 8
88 170 80
214 221 206
57 176 50
28 227 20
26 79 26
31 217 20
31 60 20
43 159 32
98 123 98
9 145 2
51 125 44
32 209 32
83 95 74
147 177 140
67 120 56
12 79 2
74 85 74
19 68 8
7 213 1
1 224 1
113 134 104
246 252 236
152 229 152
123 203 116
200 245 200
171 211 164
62 132 62
92 179 92
58 92 50
93 221 86
120 140 110
79 149 68
82 142 74
20 111 20
18 237 8
6 25 1
83 243 74
63 245 56
65 156 56
196 224 188
44 124 44
229 244 218
187 230 176
53 177 44
151 211 140
170 184 170
29 173 20
209 239 200
38 113 38
98 163 98
100 143 92
68 168 68
56 102 56
188 253 188
55 93 44
220 252 212
12 239 2
17 245 8
79 105 68
44 68 44
54 154 44
89 162 80
212 252 212
25 43 14
28 85 20
32 57 32
61 186 50
102 245 92
89 156 80
57 160 50
155 172 146
156 209 146
52 169 44
74 182 74
237 246 230
57 140 50
77 184 68
181 198 170
180 236 170
122 173 122
222 244 212
142 197 134
156 201 146
49 82 38
189 219 182
107 203 98
217 236 206
181 219 170
221 227 212
8 139 8
123 136 116
172 209 164
110 132 110
204 251 194
151 152 140
7 59 1
71 185 62
174 234 164
12 236 2
53 178 44
88 93 80
98 134 98
20 185 20
135 178 128
26 84 26
29 182 20
110 225 110
178 187 170
135 196 128
196 245 188
21 123 14
153 169 146
187 198 176
56 177 56
75 256 68
143 192 134
2 175 2
170 241 170
25 195 14
10 64 2
93 256 86
126 142 116
38 213 38
78 177 68
72 92 62
2 36 2
220 248 212
30 240 20
179 207 170
81 177 74
41 203 32
231 253 224
116 169 116
25 38 14
49 71 38
23 113 14
80 100 80
158 165 158
226 255 218
111 244 104
56 242 56
22 144 14
158 182 158
173 252 164
146 171 146
126 232 116
35 92 26
149 169 140
26 42 26
140 194 140
163 235 152
157 202 146
8 210 8
160 238 152
93 179 86
3 182 1
50 56 50
62 117 62
57 104 50
13 174 2
103 133 92
20 119 20
40 152 32
52 220 44
72 199 62
77 108 68
49 114 38
59 238 50
55 145 44
22 156 14
6 168 1
134 182 134
205 236 194
217 243 206
18 145 8
92 203 92
206 252 206
74 167 74
57 62 50
91 127 80
43 156 32
5 79 1
38 227 38
33 196 26
82 185 74
56 247 56
102 142 92
8 66 8
180 189 170
178 236 170
7 158 1
4 105 1
195 240 188
92 175 92
195 214 188
243 251 236
4 174 1
27 109 20
23 245 14
46 187 38
146 243 146
158 223 158
200 253 200
55 251 44
134 165 134
5 221 1
33 53 26
140 160 140
55 164 44
62 134 62
113 147 104
5 139 1
112 225 104
27 240 20
151 234 140
175 222 164
216 242 206
8 154 8
35 179 26
51 256 44
167 172 158
21 29 14
106 162 98
63 148 56
10 93 2
47 53 38
32 200 32
119 248 110
40 120 32
36 85 26
75 156 68
62 109 62
152 223 152
23 100 14
62 204 62
204 236 194
10 191 2
134 198 134
131 239 122
133 172 122
244 255 236
80 195 80
195 225 188
109 239 98
44 98 44
110 169 110
32 56 32
137 153 128
19 175 8
46 240 38
195 217 188
60 226 50
175 185 164
102 238 92
15 63 8
213 232 206
13 119 2
18 43 8
64 126 56
170 181 170
85 249 74
50 102 50
38 160 38
24 116 14
4 240 1
134 212 134
19 88 8
206 247 206
95 234 86
21 52 14
79 125 68
193 233 182
74 127 74
173 221 164
238 256 230
182 191 182
105 244 98
12 106 2
18 75 8
91 144 80
170 236 170
9 242 2
88 190 80
229 251 218
25 189 14
33 88 26
20 186 20
229 236 218
56 76 56
115 149 104
229 234 218
20 207 20
128 200 128
13 84 2
165 249 158
63 183 56
5 78 1
7 250 1
225 243 218
62 114 62
141 225 134
102 129 92
171 228 164
83 244 74
139 248 128
56 197 56
32 113 32
13 226 2
81 109 74
198 242 188
118 256 110
143 237 134
38 103 38
109 228 98
66 186 56
152 203 152
130 200 122
200 230 200
81 230 74
62 78 62
29 218 20
194 242 194
56 96 56
20 110 20
8 53 8
33 186 26
56 161 56
171 186 164
64 151 56
152 233 152
7 41 1
124 185 116
200 256 200
61 142 50
55 100 44
73 229 62
20 173 20
81 162 74
174 191 164
51 122 44
63 224 56
124 198 116
193 205 182
34 165 26
90 173 80
73 101 62
116 217 116
24 236 14
48 119 38
101 197 92
141 162 134
30 194 20
104 138 104
55 156 44
68 124 68
164 219 164
17 104 8
26 94 26
104 175 104
131 195 122
68 238 68
203 242 194
231 246 224
180 217 170
237 242 230
131 213 122
100 137 92
162 182 152
114 235 104
26 38 26
94 136 86
80 138 80
131 194 122
16 235 8
178 195 170
169 253 158
56 88 56
74 177 74
109 172 98
38 149 38
53 232 44
103 112 92
37 43 26
16 156 8
49 72 38
38 137 38
68 87 68
195 224 188
140 146 140
133 205 122
72 113 62
214 229 206
86 158 86
26 190 26
48 206 38
83 240 74
14 189 14
80 154 80
141 168 134
72 223 62
135 150 128
193 250 182
30 39 20
191 205 182
32 236 32
43 109 32
146 156 146
37 231 26
169 226 158
179 249 170
23 76 14
143 246 134
84 90 74
24 32 14
62 143 62
110 126 110
130 238 122
127 238 116
24 99 14
172 188 164
235 245 224
86 189 86
88 245 80
112 172 104
160 193 152
12 16 2
58 232 50
56 104 56
115 138 104
73 79 62
210 245 200
115 147 104
44 141 44
143 174 134
26 224 26
38 107 38
240 251 230
182 215 182
4 15 1
12 83 2
222 255 212
37 70 26
56 207 56
109 233 98
5 37 1
108 158 98
44 250 44
211 234 200
70 114 62
102 226 92
40 202 32
59 163 50
30 56 20
86 229 86
102 200 92
222 235 212
174 211 164
59 151 50
58 166 50
44 156 44
165 199 158
21 34 14
94 169 86
34 204 26
12 195 2
22 153 14
47 94 38
28 160 20
39 56 32
75 106 68
9 21 2
92 146 92
25 73 14
12 64 2
7 221 1
10 190 2
168 217 158
171 194 164
140 195 140
146 249 146
48 246 38
25 110 14
24 29 14
247 252 236
2 138 2
87 146 80
27 120 20
27 119 20
186 246 176
74 115 74
182 252 182
132 221 122
62 136 62
50 211 50
77 204 68
22 209 14
12 56 2
140 204 140
169 205 158
133 228 122
208 251 200
192 248 182
69 173 62
44 114 44
32 82 32
19 184 8
25 136 14
111 197 104
11 141 2
68 128 68
38 72 38
96 180 86
97 190 86
3 175 1
206 249 206
134 197 134
152 244 152
198 234 188
1 69 1
78 235 68
90 164 80
118 133 110
44 87 44
155 233 146
158 195 158
22 167 14
115 159 104
156 179 146
52 226 44
50 80 50
212 236 212
173 206 164
198 232 188
102 182 92
100 136 92
104 144 104
8 153 8
14 53 14
55 235 44
67 187 56
157 188 146
38 166 38
78 126 68
46 123 38
46 64 38
7 81 1
128 241 128
24 76 14
150 220 140
137 157 128
148 181 140
28 228 20
119 218 110
50 186 50
33 77 26
38 52 38
21 70 14
120 126 110
189 199 182
184 227 176
14 69 14
140 216 140
17 44 8
139 234 128
99 248 92
39 191 32
169 212 158
179 256 170
61 102 50
183 214 176
42 160 32
168 176 158
164 250 164
73 200 62
1 92 1
53 125 44
133 165 122
120 242 110
222 225 212
225 256 218
116 255 116
45 248 38
6 167 1
130 201 122
25 255 14
179 223 170
95 99 86
2 66 2
89 154 80
122 213 122
192 201 182
224 252 224
52 94 44
113 136 104
72 83 62
25 234 14
92 120 92
98 185 98
221 231 212
20 228 20
165 235 158
33 242 26
146 173 146
147 213 140
110 191 110
232 245 224
8 164 8
14 246 14
71 188 62
49 256 38
18 215 8
128 178 128
174 185 164
212 221 212
78 169 68
32 141 32
143 182 134
26 246 26
187 206 176
49 230 38
58 111 50
146 202 146
14 163 14
223 228 212
28 176 20
136 148 128
75 124 68
91 246 80
84 248 74
60 256 50
135 167 128
148 198 140
20 149 20
114 151 104
10 120 2
2 69 2
99 144 92
41 220 32
86 107 86
43 127 32
15 71 8
133 245 122
17 117 8
170 217 170
27 255 20
70 256 62
115 244 104
45 252 38
17 178 8
19 40 8
8 117 8
127 150 116
22 238 14
228 252 218
137 207 128
192 199 182
79 242 68
8 140 8
11 137 2
9 107 2
199 249 188
165 241 158
6 217 1
42 240 32
74 135 74
14 172 14
24 123 14
48 157 38
50 169 50
96 255 86
105 167 98
162 194 152
137 216 128
39 149 32
28 61 20
180 192 170
8 198 8
125 249 116
217 232 206
114 251 104
232 247 224
95 140 86
45 169 38
147 223 140
74 158 74
62 206 62
62 92 62
83 139 74
4 139 1
20 245 20
149 159 140
178 223 170
47 119 38
53 161 44
33 159 26
56 143 56
103 227 92
172 212 164
161 193 152
222 246 212
15 187 8
3 241 1
38 100 38
144 253 134
164 229 164
167 209 158
2 48 2
99 172 92
44 100 44
149 184 140
165 170 158
25 233 14
6 47 1
240 242 230
63 71 56
21 113 14
123 128 116
15 26 8
45 73 38
102 141 92
148 218 140
157 159 146
49 66 38
182 202 182
20 178 20
32 194 32
38 105 38
216 245 206
104 194 104
56 233 56
98 173 98
122 211 122
14 135 14
79 114 68
167 232 158
111 128 104
116 221 116
161 226 152
83 227 74
89 95 80
81 156 74
44 94 44
83 114 74
203 207 194
70 137 62
13 37 2
51 186 44
124 228 116
225 252 218
22 118 14
74 215 74
16 223 8
15 43 8
38 120 38
121 245 110
45 187 38
125 242 116
56 94 56
1 67 1
138 167 128
70 177 62
109 132 98
43 140 32
33 79 26
129 239 122
14 232 14
14 209 14
234 256 224
137 208 128
115 192 104
56 64 56
117 221 110
201 207 194
64 224 56
108 149 98
21 213 14
109 171 98
187 190 176
85 242 74
146 176 146
158 204 158
7 150 1
80 124 80
40 87 32
88 123 80
32 96 32
128 180 128
174 225 164
33 121 26
123 212 116
95 161 86
182 210 182
203 234 194
55 214 44
159 241 152
5 241 1
217 226 206
69 103 62
111 158 104
170 212 170
109 139 98
206 230 206
46 247 38
113 247 104
68 176 68
114 253 104
102 152 92
52 243 44
68 157 68
139 227 128
12 132 2
40 83 32
201 226 194
85 248 74
61 69 50
48 243 38
134 164 134
103 211 92
34 213 26
14 244 14
152 197 152
49 186 38
1 154 1
134 201 134
91 173 80
238 243 230
98 113 98
62 189 62
133 151 122
13 236 2
102 188 92
90 243 80
92 155 92
116 210 116
26 142 26
192 234 182
42 157 32
103 200 92
18 46 8
6 255 1
45 245 38
51 136 44
44 71 44
60 218 50
51 215 44
25 45 14
188 229 188
14 51 14
36 158 26
12 152 2
31 99 20
170 253 170
90 137 80
140 241 140
117 231 110
214 242 206
140 169 140
83 110 74
20 155 20
125 200 116
147 194 140
18 168 8
170 200 170
75 241 68
28 131 20
202 224 194
92 105 92
30 177 20
73 209 62
87 222 80
130 203 122
190 241 182
231 249 224
17 141 8
71 192 62
86 191 86
48 80 38
63 238 56
240 244 230
192 221 182
37 179 26
6 229 1
85 251 74
39 188 32
105 127 98
64 183 56
165 191 158
49 68 38
16 248 8
15 127 8
84 104 74
3 214 1
104 226 104
119 123 110
2 57 2
21 137 14
16 189 8
53 100 44
156 232 146
116 236 116
94 202 86
71 121 62
3 148 1
45 168 38
30 88 20
135 159 128
207 213 200
199 221 188
2 250 2
110 193 110
59 126 50
79 219 68
40 235 32
49 217 38
117 213 110
37 64 26
123 211 116
122 197 122
170 213 170
86 139 86
218 252 218
125 149 116
157 251 146
68 80 68
141 203 134
40 213 32
96 166 86
56 236 56
7 10 1
198 241 188
10 38 2
30 163 20
68 152 68
26 123 26
183 228 176
228 253 218
90 227 80
138 179 128
39 154 32
203 226 194
122 247 122
68 216 68
54 169 44
205 255 194
210 224 200
1 74 1
104 122 104
120 241 110
238 246 230
32 134 32
56 66 56
166 252 158
105 159 98
141 152 134
190 245 182
172 197 164
20 206 20
20 152 20
20 86 20
90 145 80
56 193 56
70 197 62
187 247 176
112 159 104
108 178 98
14 55 14
64 199 56
143 245 134
126 235 116
32 171 32
82 247 74
123 167 116
151 235 140
92 138 92
222 226 212
175 225 164
45 121 38
61 123 50
15 27 8
231 243 224
8 191 8
162 249 152
186 217 176
101 233 92
