256 8447
52 117 1
36 117 1
16 117 1
44 117 1
117 160 1
147 238 117
238 250 117
106 238 117
28 238 117
70 238 117
22 176 238
22 228 238
22 25 238
22 236 238
22 207 238
79 192 22
134 192 22
121 192 22
192 194 22
139 192 22
75 185 192
146 185 192
101 185 192
185 215 192
185 233 192
34 133 185
107 133 185
100 133 185
48 133 185
133 162 185
148 169 133
148 256 133
148 248 133
148 224 133
148 174 133
30 43 148
43 239 148
6 43 148
43 105 148
43 132 148
26 51 43
26 197 43
2 26 43
26 39 43
26 181 43
46 157 26
157 198 26
3 157 26
120 157 26
77 157 26
60 137 157
137 242 157
38 137 157
109 137 157
9 137 157
144 255 137
222 255 137
211 255 137
196 255 137
103 255 137
80 170 255
47 170 255
49 170 255
170 223 255
170 249 255
68 72 170
68 229 170
68 187 170
68 143 170
68 104 170
13 153 68
153 182 68
27 153 68
153 247 68
119 153 68
116 190 153
190 241 153
125 190 153
115 190 153
158 190 153
53 205 190
20 205 190
5 205 190
205 226 190
150 205 190
31 56 205
56 83 205
40 56 205
32 56 205
56 63 205
130 191 56
191 210 56
188 191 56
102 191 56
111 191 56
90 91 191
66 91 191
91 179 191
8 91 191
91 232 191
4 88 91
4 227 91
4 149 91
4 62 91
4 183 91
124 231 4
151 231 4
225 231 4
145 231 4
84 231 4
76 245 231
201 245 231
7 245 231
54 245 231
97 245 231
94 123 245
123 253 245
123 204 245
17 123 245
123 129 245
59 175 123
59 184 123
59 216 123
59 186 123
45 59 123
35 141 59
35 156 59
35 81 59
35 127 59
35 171 59
92 237 35
92 214 35
92 122 35
73 92 35
82 92 35
57 86 92
57 140 92
57 177 92
29 57 92
57 254 92
33 108 57
23 33 57
33 209 57
33 113 57
33 98 57
50 85 33
11 85 33
85 142 33
85 173 33
85 221 33
87 110 85
87 165 85
87 251 85
87 163 85
87 193 85
24 99 87
99 208 87
99 202 87
99 159 87
18 99 87
96 217 99
96 178 99
96 167 99
96 218 99
96 220 99
58 168 96
168 235 96
164 168 96
41 168 96
155 168 96
64 69 168
69 234 168
69 219 168
69 138 168
15 69 168
12 152 69
152 154 69
152 212 69
152 203 69
112 152 69
93 195 152
55 195 152
166 195 152
195 244 152
135 195 152
10 200 195
10 206 195
10 37 195
10 89 195
10 78 195
74 180 10
14 74 10
67 74 10
74 128 10
61 74 10
95 243 74
95 161 74
95 240 74
95 114 74
95 246 74
65 230 95
65 126 95
65 189 95
65 136 95
65 199 95
131 252 65
19 252 65
213 252 65
71 252 65
21 252 65
118 172 252
42 118 252
52 118 1
36 118 1
16 118 1
44 118 1
118 160 1
118 147 117
118 250 117
106 118 117
28 118 117
70 118 117
118 176 238
118 228 238
25 118 238
118 236 238
118 207 238
79 118 22
118 134 22
118 121 22
118 194 22
118 139 22
75 118 192
118 146 192
101 118 192
118 215 192
118 233 192
34 118 185
107 118 185
100 118 185
48 118 185
118 162 185
118 169 133
118 256 133
118 248 133
118 224 133
118 174 133
30 118 148
118 239 148
6 118 148
105 118 148
118 132 148
51 118 43
118 197 43
2 118 43
39 118 43
118 181 43
46 118 26
118 198 26
3 118 26
118 120 26
77 118 26
60 118 157
118 242 157
38 118 157
109 118 157
9 118 157
118 144 137
118 222 137
118 211 137
118 196 137
103 118 137
80 118 255
47 118 255
49 118 255
118 223 255
118 249 255
72 118 170
118 229 170
118 187 170
118 143 170
104 118 170
13 118 68
118 182 68
27 118 68
118 247 68
118 119 68
116 118 153
118 241 153
118 125 153
115 118 153
118 158 153
53 118 190
20 118 190
5 118 190
118 226 190
118 150 190
31 118 205
83 118 205
40 118 205
32 118 205
63 118 205
118 130 56
118 210 56
118 188 56
102 118 56
111 118 56
90 118 191
66 118 191
118 179 191
8 118 191
118 232 191
88 118 91
118 227 91
118 149 91
62 118 91
118 183 91
118 124 4
118 151 4
118 225 4
118 145 4
84 118 4
76 118 231
118 201 231
7 118 231
54 118 231
97 118 231
94 118 245
118 253 245
118 204 245
17 118 245
118 129 245
118 175 123
118 184 123
118 216 123
118 186 123
45 118 123
118 141 59
118 156 59
81 118 59
118 127 59
118 171 59
118 237 35
118 214 35
118 122 35
73 118 35
82 118 35
86 118 92
118 140 92
118 177 92
29 118 92
118 254 92
108 118 57
23 118 57
118 209 57
113 118 57
98 118 57
50 118 33
11 118 33
118 142 33
118 173 33
118 221 33
110 118 85
118 165 85
118 251 85
118 163 85
118 193 85
24 118 87
118 208 87
118 202 87
118 159 87
18 118 87
118 217 99
118 178 99
118 167 99
118 218 99
118 220 99
58 118 96
118 235 96
118 164 96
41 118 96
118 155 96
64 118 168
118 234 168
118 219 168
118 138 168
15 118 168
12 118 69
118 154 69
118 212 69
118 203 69
112 118 69
93 118 152
55 118 152
118 166 152
118 244 152
118 135 152
118 200 195
118 206 195
37 118 195
89 118 195
78 118 195
118 180 10
14 118 10
67 118 10
118 128 10
61 118 10
118 243 74
118 161 74
118 240 74
114 118 74
118 246 74
118 230 95
118 126 95
118 189 95
118 136 95
118 199 95
118 131 65
19 118 65
118 213 65
71 118 65
21 118 65
1 118 1
117 118 117
118 238 238
22 118 22
118 192 192
118 185 185
118 133 133
118 148 148
43 118 43
26 118 26
118 157 157
118 137 137
118 255 255
118 170 170
68 118 68
118 153 153
118 190 190
118 205 205
56 118 56
118 191 191
91 118 91
4 118 4
118 231 231
118 245 245
118 123 123
59 118 59
35 118 35
92 118 92
57 118 57
33 118 33
85 118 85
87 118 87
99 118 99
96 118 96
118 168 168
69 118 69
118 152 152
118 195 195
10 118 10
74 118 74
95 118 95
65 118 65
118 252 252
174 248 133
28 106 117
15 234 168
70 250 117
111 210 56
68 225 68
20 214 190
14 67 10
57 150 190
22 103 22
165 193 85
49 249 255
89 206 195
79 139 22
211 222 137
107 162 185
3 77 26
74 157 157
5 226 190
42 204 245
133 241 133
108 209 57
200 206 195
138 186 123
2 117 117
98 209 57
125 158 153
207 228 238
26 32 26
134 194 22
29 86 92
50 192 192
50 81 59
1 70 1
54 109 157
25 238 238
8 117 117
81 141 59
145 160 1
175 186 123
14 128 10
207 236 238
53 226 190
235 243 96
15 219 168
131 202 87
99 135 99
108 221 57
112 136 69
12 154 69
104 133 133
52 84 1
1 52 1
6 105 148
82 214 35
1 146 1
185 229 185
114 171 59
37 206 195
20 226 190
128 180 10
202 226 190
54 97 231
103 222 137
28 198 117
169 174 133
131 168 168
110 193 85
4 213 4
43 72 43
62 183 91
149 227 91
138 219 168
68 176 238
11 221 33
149 170 170
117 227 117
185 256 185
51 221 43
116 123 153
60 224 133
19 71 65
99 189 99
193 224 133
193 238 238
167 217 99
75 101 192
100 121 22
1 249 1
68 109 157
16 44 1
209 217 57
158 181 43
7 201 231
42 172 252
174 232 133
39 192 192
148 201 148
221 224 133
25 236 238
146 215 192
220 235 99
35 122 35
44 236 1
46 198 26
141 220 59
31 190 190
78 159 87
43 87 43
122 144 137
33 253 245
83 192 192
161 243 74
109 135 157
78 133 133
177 205 205
93 135 152
234 256 133
169 190 133
22 116 22
137 144 137
126 136 95
104 199 170
1 144 1
21 39 43
58 211 137
71 171 59
130 210 56
15 19 168
63 125 153
30 239 148
171 235 59
186 216 123
2 67 43
102 111 56
58 166 96
59 81 59
1 160 1
89 200 195
130 188 56
138 172 168
5 229 170
33 39 43
1 22 1
196 222 137
31 40 205
154 184 123
100 243 185
5 27 68
164 206 96
23 245 245
145 192 192
79 98 22
113 177 92
48 117 117
78 89 195
32 40 205
163 249 255
115 125 153
20 22 22
9 242 157
161 246 74
13 182 68
4 8 191
117 190 117
125 241 153
126 170 170
107 189 185
16 52 1
17 253 245
204 208 245
166 244 152
113 209 57
133 178 133
19 256 133
17 94 245
18 145 4
110 163 85
165 166 85
31 63 205
15 138 168
189 218 99
71 167 99
119 250 117
55 93 152
68 98 68
62 149 91
35 209 35
30 132 148
1 236 1
192 239 192
80 223 255
183 227 91
56 95 56
35 221 35
144 157 157
84 85 4
98 125 153
199 213 95
130 238 238
157 182 157
9 38 157
93 166 152
87 185 185
217 220 99
92 117 117
215 255 192
61 221 33
80 210 255
114 235 96
62 71 91
114 242 157
22 232 22
101 233 192
17 129 245
22 224 22
103 211 137
13 119 68
104 183 170
121 139 22
23 209 57
162 238 238
5 53 190
22 146 22
114 243 74
1 12 1
31 32 205
24 71 87
14 94 245
148 177 148
108 180 57
184 203 123
4 197 43
224 248 133
168 242 157
142 173 33
81 185 185
1 201 1
13 68 68
161 240 74
114 161 74
74 203 69
73 237 35
122 129 245
4 78 4
72 187 170
124 151 4
61 203 69
18 24 87
156 255 255
71 131 65
137 243 137
64 138 168
27 182 68
90 179 191
39 133 133
7 117 117
105 228 238
39 90 43
217 242 157
77 138 26
23 98 57
150 226 190
117 207 117
167 218 99
41 58 96
104 187 170
37 61 195
31 83 205
14 135 152
175 235 123
63 162 185
173 221 33
76 201 231
12 212 69
94 204 245
70 126 117
61 180 10
127 171 59
29 46 26
15 38 157
46 120 26
106 250 117
86 140 92
5 150 190
11 173 33
98 191 191
131 135 152
29 177 92
159 208 87
63 157 157
54 76 231
112 174 133
100 192 192
135 197 43
22 100 22
117 224 117
135 148 148
61 67 10
123 230 123
67 128 10
146 233 192
103 126 137
73 214 35
117 228 117
131 199 95
68 212 68
58 117 117
32 83 205
22 73 22
69 123 123
22 75 22
54 201 231
93 163 85
59 200 59
1 237 1
96 127 59
42 252 252
33 132 148
18 167 87
15 245 245
78 200 195
102 130 56
154 247 68
93 240 152
45 184 123
115 245 153
81 129 245
56 222 137
28 117 117
47 148 148
57 157 157
2 240 43
140 225 4
44 104 1
72 130 170
126 161 74
19 189 95
53 109 157
21 213 65
180 243 10
58 155 96
144 148 148
95 102 56
86 254 92
75 146 192
58 101 192
43 83 43
1 16 1
139 223 22
73 162 185
240 252 74
227 255 255
144 196 137
149 205 205
73 122 35
163 251 85
3 46 26
52 169 1
214 255 255
72 137 137
62 88 91
39 181 43
62 227 91
116 229 170
103 196 137
178 220 99
221 237 35
171 245 245
154 252 69
77 185 185
172 233 192
98 231 231
66 220 191
37 160 1
110 165 85
42 189 95
133 231 133
89 138 168
57 213 57
153 241 153
183 237 91
192 249 192
48 233 192
24 159 87
12 63 205
1 102 1
178 189 99
146 153 192
164 202 87
68 192 192
35 165 35
28 70 117
194 238 238
14 21 10
33 190 190
2 233 192
91 207 238
23 95 57
19 213 65
101 192 192
55 220 99
21 151 4
11 216 123
147 161 117
117 238 117
53 127 190
87 88 91
1 169 1
39 224 133
238 245 238
20 68 68
102 142 56
45 175 123
211 232 137
28 72 117
8 90 191
4 76 4
117 158 117
69 165 85
166 200 152
129 238 238
93 170 170
110 251 85
57 173 57
117 242 117
29 231 231
77 91 26
68 86 68
219 254 92
16 94 1
31 55 205
77 120 26
60 242 157
97 236 238
164 174 133
104 124 170
29 176 238
173 226 190
84 251 4
36 160 1
211 243 137
163 165 85
76 205 205
74 207 238
167 255 255
51 142 43
56 136 56
2 181 43
41 164 96
6 132 148
7 54 231
156 171 59
106 137 117
122 158 153
27 247 68
150 190 190
46 53 26
1 120 1
147 158 117
49 240 255
102 186 56
149 183 91
51 181 43
81 148 148
36 111 1
37 216 123
56 89 56
30 47 148
66 90 191
34 130 185
26 200 26
38 242 157
107 178 185
124 145 4
60 180 157
208 226 190
74 201 231
142 153 153
157 177 157
195 229 170
39 117 117
75 181 192
81 127 59
77 198 26
196 211 137
80 249 255
117 149 117
24 232 191
26 222 26
24 184 123
17 241 153
22 242 22
17 235 245
234 238 238
139 194 22
41 155 96
120 198 26
184 191 191
140 185 185
1 117 1
81 171 59
148 203 148
16 36 1
141 255 255
59 99 59
38 188 157
59 252 59
41 67 96
21 71 65
120 174 133
34 174 185
115 158 153
82 169 133
23 59 59
79 190 22
144 174 133
208 227 91
11 142 33
5 54 190
126 199 95
218 220 99
18 149 91
154 203 69
101 201 192
58 235 96
129 190 190
56 124 56
20 153 153
55 250 117
3 198 26
5 20 190
52 67 1
23 232 191
2 22 22
245 256 133
12 132 148
49 80 255
133 164 133
162 256 185
73 228 238
22 38 22
137 247 137
13 227 68
69 200 69
73 82 35
19 54 231
48 100 185
101 191 192
142 251 33
157 201 157
4 45 4
155 164 96
35 47 255
86 177 92
16 227 1
60 109 157
87 92 92
191 218 191
174 254 133
35 68 68
167 178 99
155 235 96
22 134 22
8 232 191
8 168 191
100 185 185
169 248 133
75 199 192
2 247 43
167 213 99
84 238 238
148 227 148
191 245 191
24 180 87
45 179 191
167 234 99
99 192 192
50 243 33
2 221 43
112 203 69
19 95 95
49 57 255
170 205 170
65 154 69
22 115 22
72 229 170
154 212 69
140 254 92
39 82 43
70 147 117
170 253 170
51 229 43
12 217 99
7 113 231
176 234 238
38 60 157
46 114 26
48 177 185
102 227 56
47 171 255
70 163 117
65 173 33
125 175 153
75 96 192
112 148 148
80 192 192
1 72 1
219 221 33
103 213 137
98 154 57
98 225 4
73 142 35
163 193 85
1 139 1
45 205 205
228 236 238
196 245 137
87 151 4
30 46 148
157 170 157
189 230 95
25 176 238
1 186 1
144 192 192
62 140 91
2 236 238
250 255 117
1 206 1
59 163 59
47 223 255
113 134 22
43 111 43
2 246 43
219 234 168
31 46 26
156 170 170
19 107 185
11 133 133
26 242 26
64 153 153
128 212 69
37 171 59
53 246 190
7 124 4
43 249 43
129 204 245
180 246 10
62 154 91
125 167 153
29 108 92
114 240 74
73 126 35
119 123 68
21 156 59
110 234 85
40 137 137
145 225 4
47 182 255
74 102 56
195 247 68
110 137 137
41 73 35
66 211 137
167 186 123
183 189 91
180 255 255
173 252 33
5 112 190
15 85 85
47 80 255
1 252 1
34 169 185
144 152 137
156 236 238
190 237 190
9 109 157
13 247 68
122 209 35
127 156 59
17 204 245
51 197 43
33 191 191
30 105 148
35 167 35
126 230 95
109 220 157
123 245 245
169 224 133
82 189 35
49 140 255
12 167 99
94 253 245
117 176 117
248 256 133
159 202 87
107 193 185
71 174 133
29 254 92
42 192 192
56 70 117
188 210 56
142 197 43
188 255 255
206 252 195
55 135 152
155 221 33
143 229 170
112 154 69
58 202 87
21 131 65
53 150 190
117 249 117
122 237 35
64 135 168
18 202 87
40 63 205
101 215 192
99 132 148
223 249 255
135 153 153
41 229 170
72 178 170
33 221 33
44 160 1
25 207 238
39 129 43
100 107 185
152 162 185
38 109 157
97 218 231
76 185 185
193 251 85
48 171 185
124 164 4
35 245 245
18 208 87
1 27 1
185 220 185
204 253 245
66 232 191
56 182 68
171 192 192
1 175 1
114 191 191
175 216 123
192 197 192
22 157 22
56 87 56
56 253 56
22 121 22
99 209 57
66 127 191
66 181 43
29 211 137
102 188 56
29 115 153
137 151 137
10 91 91
153 203 153
7 97 231
64 226 190
176 191 238
56 235 56
117 233 117
108 124 4
90 146 192
199 243 74
6 74 148
242 245 157
63 167 205
25 123 238
161 194 22
155 173 33
10 85 85
1 44 1
121 186 22
55 101 192
104 122 170
22 130 22
22 217 22
185 227 185
182 206 68
49 223 255
170 190 170
15 233 192
129 189 245
26 103 26
45 216 123
12 127 59
17 50 245
59 138 59
238 246 238
88 149 91
66 231 191
192 208 192
32 235 205
207 218 238
47 249 255
43 143 43
136 230 95
36 223 1
4 54 4
15 61 168
31 129 205
22 43 22
162 233 192
77 211 26
79 117 117
158 241 153
70 106 117
66 190 190
7 98 231
241 251 153
175 239 148
70 161 117
68 115 68
74 88 91
162 186 185
93 142 33
64 219 168
1 50 1
12 203 69
22 251 22
39 51 43
176 236 238
34 107 185
62 91 91
134 208 22
46 148 148
65 100 185
19 168 168
249 255 255
170 226 170
54 111 56
82 227 91
18 232 191
42 198 26
43 238 238
159 172 87
59 108 59
102 149 56
93 121 22
53 143 170
8 95 191
185 192 192
116 151 153
73 138 35
85 246 85
171 250 117
86 154 92
111 130 56
8 26 26
144 159 137
238 254 238
95 136 95
224 256 133
40 207 238
223 255 255
174 224 133
72 253 170
52 237 1
49 192 192
184 216 123
243 250 117
230 247 68
8 243 191
181 185 185
76 78 231
8 65 191
81 156 59
230 239 148
161 183 91
53 102 190
104 227 170
131 194 22
154 187 170
45 127 123
1 132 1
119 238 238
67 197 43
98 156 59
131 255 255
10 126 10
77 108 26
1 250 1
86 252 92
172 204 245
167 220 99
240 246 74
95 154 69
117 191 117
97 127 231
175 184 123
3 120 26
158 255 255
108 184 123
151 191 191
117 169 117
109 242 157
54 98 231
57 167 57
151 243 4
61 128 10
71 172 65
170 241 170
138 234 168
104 135 170
121 134 22
171 179 191
26 49 26
7 29 231
137 172 137
9 16 1
65 186 123
53 151 190
79 194 22
170 212 170
88 91 91
68 165 68
37 66 191
84 214 4
163 185 185
100 117 117
112 220 99
37 78 195
33 193 33
16 168 1
184 213 123
65 151 4
12 219 168
116 241 153
1 38 1
85 93 85
78 233 192
95 123 123
38 190 157
57 170 170
17 191 191
143 197 43
2 183 43
115 150 153
11 50 33
56 186 56
152 206 152
43 124 43
107 214 185
137 213 137
22 49 22
176 238 238
109 223 157
46 77 26
195 220 99
128 142 33
83 126 205
89 154 69
76 249 255
106 147 117
137 148 148
86 173 92
220 251 85
157 184 157
130 190 190
96 209 57
163 242 157
79 238 238
36 59 1
175 180 123
32 63 205
170 214 170
68 191 68
15 212 168
184 234 123
170 231 170
1 235 1
42 142 33
97 141 231
34 162 185
188 192 192
19 235 96
230 245 245
23 56 56
128 199 10
68 84 68
240 243 74
64 91 91
55 205 205
21 168 168
92 108 92
85 159 85
53 240 190
37 170 170
28 143 117
194 228 238
5 148 148
128 152 152
47 75 192
36 137 1
67 246 10
148 202 148
4 184 4
41 138 96
42 200 195
90 220 191
128 138 168
156 163 59
126 225 4
35 241 153
134 187 22
187 229 170
79 121 22
26 33 26
199 212 69
132 160 1
66 189 191
50 238 238
115 116 153
20 150 190
39 240 43
96 195 96
217 228 238
138 170 170
14 180 10
196 238 238
154 221 33
165 188 56
31 68 68
167 182 68
36 52 1
57 112 57
166 175 123
1 148 1
19 161 74
137 201 137
119 182 68
84 91 91
219 245 245
116 158 153
130 192 192
94 129 245
70 86 117
36 97 1
172 199 95
20 41 190
68 87 68
54 56 56
63 127 205
136 199 95
6 244 148
117 192 117
5 125 153
153 159 153
42 106 117
25 150 238
45 142 123
53 256 133
27 119 68
31 65 205
119 247 68
116 228 238
53 195 190
23 186 123
140 157 157
158 192 192
173 192 192
10 95 10
114 246 74
82 122 35
66 152 191
212 256 133
78 206 195
160 241 1
199 230 95
117 150 117
150 194 22
16 166 1
87 191 191
165 251 85
58 87 87
63 251 205
64 221 33
131 184 123
37 91 91
16 107 1
97 207 238
147 194 117
37 133 133
93 244 152
93 168 168
75 215 192
159 163 85
184 220 123
19 198 26
221 239 148
22 79 22
33 170 170
185 223 185
74 78 195
89 241 153
124 242 157
87 250 117
28 147 117
82 231 231
174 256 133
167 229 170
60 102 157
90 244 191
21 164 96
18 136 87
111 148 148
161 180 10
96 256 133
18 41 87
97 249 255
67 180 10
82 163 35
174 177 133
155 244 96
40 126 205
124 240 4
105 132 148
61 231 231
143 147 117
7 231 231
6 22 22
167 251 85
68 156 68
54 82 231
58 74 96
76 213 231
155 192 192
72 156 170
88 221 91
87 133 133
112 123 123
35 175 123
72 117 117
35 110 35
51 199 43
138 241 153
218 251 85
61 189 10
129 227 91
226 243 190
117 186 117
184 249 255
116 255 255
107 235 185
39 239 148
56 80 255
94 198 26
122 123 123
85 238 238
137 221 137
59 154 59
143 148 148
54 86 231
28 119 117
2 197 43
1 238 1
67 134 22
188 238 238
28 250 117
7 190 190
1 98 1
19 84 4
39 148 148
13 27 68
91 93 91
162 192 192
129 253 245
116 216 153
172 244 152
53 200 190
56 251 56
26 213 26
192 232 192
171 195 59
28 38 117
29 173 92
82 249 255
26 37 26
110 145 4
73 119 68
133 142 133
215 233 192
141 245 245
41 48 185
30 111 148
75 233 192
131 134 22
29 140 92
143 191 170
218 235 99
90 188 56
50 173 33
32 168 205
56 173 56
33 165 33
109 240 157
148 185 185
26 156 26
48 75 192
96 231 231
151 239 148
126 189 95
3 56 26
172 201 231
86 251 92
70 89 117
144 187 137
24 230 87
170 255 255
53 222 137
1 79 1
84 252 4
119 170 170
139 238 238
62 121 22
189 241 153
68 155 68
37 89 195
231 238 238
18 98 57
143 187 170
63 112 205
1 215 1
7 26 26
47 128 255
143 199 170
19 139 22
98 208 57
26 245 26
153 156 153
55 166 152
91 224 133
30 117 117
168 231 231
20 53 190
150 250 117
96 108 57
147 197 117
223 254 255
31 251 205
137 195 137
12 112 69
35 112 35
92 191 191
161 199 74
117 239 117
105 209 148
20 116 153
182 247 68
49 56 255
172 243 74
120 121 22
4 26 26
56 96 56
18 178 87
43 193 43
23 164 57
75 117 117
129 191 191
9 251 157
132 239 148
60 238 238
64 234 168
136 240 74
23 231 231
158 175 153
2 51 43
58 164 96
226 238 238
54 248 133
89 177 92
93 200 152
80 197 43
83 133 133
54 135 231
169 233 192
1 104 1
35 244 35
2 39 43
155 230 96
77 192 192
164 245 245
58 162 185
129 255 255
117 231 117
47 49 255
201 228 238
170 227 170
43 49 43
98 108 57
41 178 99
11 141 59
146 176 238
65 211 137
107 186 185
65 203 69
100 217 185
135 229 170
123 165 123
9 43 43
4 220 4
24 85 85
22 94 22
84 145 4
77 134 22
4 153 153
5 35 190
4 137 137
144 211 137
115 254 153
223 228 238
59 141 59
111 188 56
117 250 117
35 157 157
18 245 245
155 163 85
93 192 192
21 49 255
130 205 205
33 241 153
33 181 43
15 246 168
142 221 33
33 204 245
68 133 133
73 192 192
4 212 4
119 171 68
134 139 22
22 182 22
97 201 231
161 172 74
29 165 92
42 82 35
21 91 91
234 251 85
170 182 170
4 214 4
101 175 192
63 139 22
58 174 133
125 240 153
95 252 95
40 210 205
7 76 231
190 206 190
23 108 57
136 161 74
101 113 192
15 64 168
48 189 185
140 231 231
181 238 238
11 220 33
202 246 87
158 246 153
137 199 137
82 114 35
125 170 170
193 203 85
45 251 123
39 184 43
99 143 170
18 132 148
113 231 231
100 162 185
84 124 4
29 220 92
52 171 1
180 189 10
37 56 56
37 190 190
4 253 4
211 250 117
20 97 190
79 134 22
104 229 170
108 113 57
30 148 148
24 139 22
137 158 137
44 159 1
24 131 87
6 30 148
38 64 157
23 112 57
137 138 137
23 175 123
22 26 22
42 188 56
235 237 35
62 84 91
117 194 117
133 228 238
144 237 137
18 229 170
88 165 91
56 99 56
228 253 238
133 179 133
48 128 185
108 254 92
18 90 191
51 178 43
37 178 99
95 135 152
50 142 33
201 236 238
97 125 153
43 173 43
85 226 190
203 240 69
68 83 68
1 210 1
158 207 238
150 173 190
58 160 1
122 182 68
22 187 22
79 162 22
8 147 117
102 210 56
40 92 205
22 144 22
112 167 99
91 173 91
14 107 185
162 243 185
1 134 1
13 204 68
207 215 238
92 167 92
210 247 68
168 213 168
4 114 4
61 179 191
101 128 192
108 195 57
154 218 99
102 140 56
129 147 117
5 122 190
139 225 22
8 185 185
61 170 170
115 241 153
48 162 185
1 158 1
153 201 153
22 139 22
14 201 231
39 47 43
102 105 148
5 157 157
17 46 26
115 137 137
86 244 92
64 199 168
7 192 192
29 237 35
104 143 170
61 89 195
2 176 238
53 255 255
27 208 68
88 137 137
181 206 43
202 208 87
24 208 87
20 110 190
133 192 192
194 208 22
64 99 99
194 211 22
105 211 148
64 217 99
107 203 185
68 206 68
56 81 56
4 64 4
30 227 148
97 158 153
63 247 68
91 137 137
137 149 137
103 235 137
177 216 123
32 43 43
136 189 95
6 122 148
183 191 191
107 209 185
164 193 85
166 170 170
50 120 26
54 156 231
34 55 185
233 238 238
136 157 157
111 153 153
49 78 255
102 254 56
19 170 170
76 103 137
189 213 95
52 158 1
129 182 68
51 79 22
189 199 95
116 125 153
87 234 87
78 155 96
45 106 117
74 131 74
10 155 96
176 207 238
14 241 153
3 221 26
109 117 117
88 183 91
52 70 1
145 255 255
88 227 91
193 246 85
218 225 4
155 200 96
35 208 35
63 205 205
96 172 96
43 97 43
220 227 91
116 205 153
84 100 185
187 240 170
95 200 195
47 238 238
40 83 205
19 153 153
203 213 69
142 225 4
154 236 238
31 239 148
29 240 92
126 206 195
120 150 26
136 246 74
179 232 191
22 148 22
158 253 153
123 189 123
172 180 10
55 146 192
153 245 153
90 232 191
181 197 43
209 212 57
169 185 185
89 246 195
192 224 192
18 185 185
200 227 91
99 110 85
216 237 123
55 100 185
23 113 57
19 230 95
5 153 153
82 213 35
165 207 238
133 182 133
21 138 168
127 141 59
46 137 26
55 254 92
216 235 123
214 237 35
31 135 205
209 224 133
26 223 26
67 92 92
23 247 68
45 229 170
15 171 59
14 193 85
130 148 148
56 167 56
125 200 153
40 172 205
83 153 153
17 110 245
56 111 56
63 83 205
238 256 238
225 246 4
71 175 123
207 243 238
26 60 26
4 224 133
112 129 245
1 196 1
21 78 195
219 223 255
196 204 137
45 186 123
90 194 22
135 230 152
202 229 170
88 129 91
32 149 205
113 183 91
25 175 238
214 219 35
145 151 4
203 252 69
69 215 192
64 129 245
24 202 87
39 43 43
120 225 26
113 204 245
41 108 57
178 217 99
3 227 26
73 200 35
147 228 117
60 108 157
138 237 35
10 57 57
12 200 69
26 84 26
141 201 231
195 234 168
91 148 148
134 243 22
44 52 1
49 148 148
197 252 43
114 127 59
15 230 168
10 234 168
69 125 153
20 105 148
204 225 4
48 238 238
54 192 192
43 196 43
98 136 57
191 205 205
83 250 117
35 95 35
9 60 157
179 199 191
3 117 117
36 42 1
99 255 255
114 172 74
74 255 255
52 208 1
40 238 238
92 244 92
148 222 148
73 96 35
46 116 26
112 212 69
1 168 1
26 115 26
236 245 238
81 191 191
43 227 43
19 166 152
3 124 26
111 129 56
4 124 4
137 255 137
14 251 85
162 227 185
95 106 117
122 214 35
175 185 185
20 231 190
10 208 87
77 114 26
89 136 195
194 248 22
182 248 133
129 157 157
19 21 65
90 219 191
51 245 43
68 199 68
69 158 153
3 23 26
3 90 26
65 87 87
99 170 170
90 185 185
41 122 35
68 124 68
11 164 33
185 212 185
121 160 1
9 40 157
11 120 26
49 67 255
20 61 190
13 212 68
116 192 192
57 204 245
161 219 168
26 182 26
152 202 87
184 186 123
166 251 85
82 228 238
18 191 191
217 218 99
64 136 168
191 193 191
56 104 170
215 238 238
18 75 192
50 221 33
55 244 152
43 161 43
43 255 43
65 77 26
54 221 231
120 196 26
58 150 190
144 222 137
75 238 238
2 185 185
58 208 87
18 120 26
64 213 168
156 190 190
111 137 137
104 111 170
35 108 35
15 108 57
116 154 153
207 238 238
11 190 190
40 252 205
206 250 117
27 75 192
60 84 157
174 236 238
160 231 1
225 255 255
37 200 195
128 204 245
141 156 59
86 111 56
29 103 137
69 131 69
26 44 1
32 133 133
171 225 4
65 67 10
29 171 59
1 11 1
110 111 56
38 46 26
142 194 22
142 220 33
105 206 148
42 237 35
53 93 190
78 205 205
198 238 238
54 125 153
192 233 192
31 43 43
61 91 91
14 54 231
171 184 123
68 116 68
152 246 152
22 120 22
97 167 231
39 140 43
117 204 117
1 21 1
53 168 190
102 203 56
45 126 123
209 236 238
17 254 245
80 86 255
29 163 92
27 227 68
86 198 26
143 226 170
112 147 117
115 153 153
122 133 133
221 229 170
95 191 191
179 192 192
10 93 152
105 182 148
8 238 238
125 235 153
169 205 133
76 133 133
23 67 57
147 189 117
90 224 133
116 153 153
185 187 185
126 134 22
55 56 56
212 230 69
164 217 99
241 256 133
208 216 123
75 119 192
30 133 133
148 216 148
98 129 245
152 200 152
136 242 157
109 224 133
62 229 170
129 211 137
180 223 255
63 137 137
91 125 153
1 198 1
16 39 1
20 192 192
22 143 22
155 189 96
20 48 185
54 218 231
120 216 26
37 152 152
58 82 35
58 78 96
153 192 192
185 198 185
12 113 57
35 54 231
2 238 238
84 166 4
56 170 170
185 251 185
121 194 22
32 108 205
78 114 195
209 239 148
59 87 59
81 163 59
151 152 4
26 112 26
46 192 192
8 192 192
10 152 152
21 192 192
23 170 170
13 95 68
133 175 133
53 133 133
120 148 148
82 219 35
28 226 117
121 232 22
1 167 1
102 217 56
9 117 117
85 125 153
115 235 153
113 160 1
89 249 255
66 192 192
19 243 74
37 167 99
234 253 245
85 136 85
32 68 68
14 184 123
57 225 4
153 209 153
30 169 133
138 173 33
30 114 148
80 222 137
71 82 35
30 85 148
55 75 192
100 202 185
73 190 190
152 178 99
43 186 43
113 242 157
31 191 205
175 220 123
42 165 85
112 186 123
73 185 185
112 156 59
114 133 133
52 231 1
34 59 185
159 214 35
172 228 238
117 121 117
100 135 185
69 148 148
91 147 117
238 242 238
46 216 26
21 229 170
81 167 59
19 154 69
29 55 92
34 151 185
6 239 148
62 246 91
72 227 170
72 157 157
41 140 92
26 230 26
45 158 153
1 6 1
39 41 43
146 192 192
203 244 69
114 229 170
69 212 69
172 247 68
24 163 85
14 126 10
35 189 35
22 133 22
158 213 153
77 158 26
84 204 4
127 231 231
15 41 96
128 183 91
18 179 191
22 107 22
4 10 4
5 83 190
68 238 238
26 229 26
4 221 4
96 164 96
43 68 43
53 250 117
157 244 157
139 201 22
188 217 56
20 170 170
199 217 99
24 38 157
26 47 26
157 165 157
204 212 245
154 200 69
40 43 43
70 182 117
231 253 231
121 229 22
200 213 195
117 161 117
6 250 117
126 168 168
59 230 59
131 160 1
42 234 168
138 192 192
143 185 185
99 160 1
58 253 245
88 104 170
122 126 35
17 183 91
85 113 57
156 239 148
89 213 195
27 159 68
96 114 96
46 187 26
9 157 157
232 255 255
28 141 117
84 256 133
114 128 10
12 197 43
62 123 91
183 186 91
182 245 68
7 41 231
35 67 35
38 134 22
1 133 1
159 210 56
25 228 238
144 154 137
17 124 4
27 53 68
45 231 231
88 153 153
64 88 91
159 165 85
76 97 231
21 68 68
138 252 168
94 179 191
50 145 4
85 166 85
71 213 65
42 153 153
119 204 68
55 232 191
132 203 148
198 237 26
85 184 123
83 199 205
144 204 137
14 226 190
58 249 255
158 227 153
138 177 92
5 71 190
169 256 133
127 167 59
173 250 117
69 164 96
185 241 185
50 205 205
2 76 43
84 225 4
112 193 85
66 230 191
112 141 59
120 156 26
126 182 68
124 158 153
137 187 137
10 233 192
198 225 26
186 214 123
16 124 1
207 224 238
130 256 133
19 199 95
119 192 192
83 230 205
29 113 92
66 179 191
52 137 1
156 231 231
66 194 22
56 227 56
171 177 59
131 213 65
71 166 152
128 158 153
149 187 170
204 231 231
10 171 59
89 170 170
102 114 56
62 233 192
190 226 190
48 107 185
54 161 231
145 252 4
147 160 1
54 184 231
153 249 255
73 208 35
6 92 148
105 239 148
60 178 157
210 219 56
131 148 148
70 179 117
22 46 22
199 238 238
10 42 10
15 76 231
138 205 205
1 42 1
75 80 192
24 132 148
167 240 99
34 215 192
14 97 231
88 238 238
87 167 87
2 231 43
76 125 153
60 123 157
53 228 238
122 191 191
1 176 1
18 154 87
223 245 255
14 129 245
39 196 43
97 225 4
21 235 96
108 156 59
189 217 99
35 90 191
110 126 85
110 249 255
207 226 238
140 179 191
65 217 99
80 242 157
183 238 238
68 128 68
5 130 190
16 249 1
50 122 35
69 163 85
89 230 195
34 229 185
41 191 191
129 230 245
137 206 137
56 256 133
69 177 92
106 117 117
179 190 190
78 152 152
24 151 4
122 218 35
102 124 56
182 186 68
162 166 185
164 243 96
189 208 87
137 238 238
94 122 245
10 193 85
231 232 191
153 172 153
202 244 87
39 197 43
10 33 33
152 254 92
128 190 190
207 208 238
120 145 26
26 59 26
157 228 238
117 143 117
16 160 1
191 255 255
72 143 170
14 202 87
105 180 148
46 189 26
151 212 4
101 231 192
55 110 85
91 227 91
11 210 56
32 238 238
15 203 168
22 117 117
21 26 26
59 255 255
91 225 91
8 153 153
112 241 153
189 214 35
48 159 185
119 157 157
7 45 231
56 130 56
14 112 69
142 189 33
142 200 33
25 47 238
79 163 22
185 224 185
145 170 170
194 212 22
43 114 43
129 143 170
84 123 4
222 244 137
51 94 43
172 174 133
103 144 137
61 212 69
19 140 92
68 117 117
227 251 91
137 171 137
142 190 190
57 75 192
75 131 192
43 171 43
93 169 133
141 171 59
35 246 35
5 158 153
21 251 85
82 107 185
41 187 170
83 201 205
43 164 43
145 209 4
99 193 85
154 180 69
87 199 87
151 225 4
185 211 185
34 86 185
22 47 22
192 196 192
121 211 22
43 120 43
32 231 205
77 154 26
202 255 255
3 123 26
32 247 68
17 57 245
80 125 255
127 140 59
22 229 22
73 181 43
1 74 1
81 91 91
147 212 117
179 253 191
53 89 190
71 126 95
4 91 91
27 150 68
127 202 59
46 209 26
187 222 137
21 37 195
39 147 117
26 238 238
156 161 59
180 225 4
123 164 123
91 238 238
73 204 245
142 218 33
54 59 231
24 86 92
92 140 92
95 108 57
27 157 157
8 241 153
1 36 1
170 201 170
25 87 238
91 244 91
91 178 91
128 170 170
220 231 231
202 217 87
221 252 33
166 242 157
182 227 68
4 65 4
161 247 68
78 192 192
63 148 148
192 227 192
43 63 43
40 72 170
196 250 117
61 73 35
74 179 191
1 211 1
39 52 1
64 167 99
44 219 1
15 164 96
84 185 185
96 144 137
66 238 238
131 234 168
8 99 191
135 161 152
161 170 170
60 90 157
152 190 190
37 180 195
84 168 4
7 185 185
47 193 255
142 248 133
181 234 43
71 215 192
75 204 192
133 202 133
26 199 26
136 252 95
45 92 123
153 235 153
63 124 205
41 139 22
71 245 245
172 195 195
147 250 117
69 86 92
54 66 191
82 237 35
140 177 92
133 171 133
74 92 92
46 124 26
50 63 205
160 205 1
66 216 191
14 109 157
168 238 238
152 186 123
54 158 153
5 235 190
210 223 255
85 126 85
134 151 22
89 114 195
143 174 133
25 117 117
153 246 153
1 228 1
161 171 59
130 247 68
145 157 157
35 131 35
21 187 170
229 251 170
4 250 117
42 75 192
80 136 255
128 230 10
25 142 238
11 163 33
145 193 4
132 133 133
3 219 26
24 35 35
38 76 157
221 255 255
236 238 238
35 120 26
5 65 190
80 130 255
217 246 99
142 222 137
9 104 157
47 212 255
38 162 185
160 162 1
45 57 123
122 176 238
91 205 205
115 203 153
8 133 133
183 220 91
139 197 22
100 123 185
123 142 123
28 255 117
41 235 96
4 35 4
2 113 43
13 133 133
16 140 1
71 240 74
89 130 56
2 248 133
42 190 190
221 238 238
28 230 117
147 244 117
173 256 133
221 227 91
169 253 133
27 238 238
60 191 157
52 154 1
25 231 238
92 94 245
159 187 170
41 61 96
78 242 157
6 240 148
2 4 43
135 166 152
117 254 117
116 185 185
46 100 185
21 222 137
62 158 153
128 209 57
190 238 238
1 62 1
117 244 117
197 225 43
159 191 191
172 238 238
13 170 170
83 120 26
34 242 185
63 169 133
17 130 56
18 251 85
178 181 43
117 120 117
1 25 1
37 49 255
34 249 185
67 189 10
174 193 133
98 113 57
134 255 22
135 215 192
128 254 92
36 168 1
158 205 153
43 85 43
181 213 43
128 240 10
71 89 195
72 113 170
39 213 43
174 185 185
120 239 148
51 130 43
82 133 133
243 246 74
23 203 57
72 87 170
130 207 238
42 135 152
93 235 96
18 57 57
65 212 69
31 171 205
56 58 56
52 167 1
14 191 191
20 49 255
66 128 191
55 91 91
34 48 185
128 143 170
1 135 1
117 196 117
71 178 99
152 213 152
133 154 133
99 155 99
79 191 22
138 210 56
54 110 231
34 100 185
187 192 192
8 66 191
53 241 153
56 255 255
143 237 170
66 157 157
94 103 137
3 26 26
191 238 238
61 94 245
131 243 74
56 140 56
82 136 35
117 139 117
121 221 22
171 210 56
119 230 68
123 146 192
154 239 148
62 238 238
6 164 148
34 53 185
203 208 87
78 131 195
143 232 170
115 186 153
128 215 192
52 160 1
179 207 238
117 218 117
108 174 133
42 247 68
117 240 117
36 50 1
100 238 238
55 117 117
17 201 231
105 240 148
30 238 238
216 236 238
183 199 91
14 61 10
12 164 96
110 241 153
90 187 170
129 251 245
150 193 190
7 74 231
127 203 59
10 170 170
135 192 192
18 42 87
69 77 26
8 190 190
127 133 133
97 129 231
200 243 195
85 192 192
89 144 137
139 158 22
69 247 68
224 229 133
57 165 57
17 91 91
53 190 190
26 151 26
4 69 4
49 211 137
72 104 170
93 153 153
96 166 96
23 244 57
125 256 133
122 185 185
24 206 87
1 162 1
15 178 99
8 234 191
1 247 1
93 218 99
1 91 1
19 169 133
50 97 231
34 60 185
99 130 56
232 234 191
79 88 22
185 239 185
42 199 95
1 39 1
166 192 192
141 200 59
32 153 153
97 168 231
137 252 137
36 220 1
35 150 190
94 131 245
67 191 191
55 246 152
83 183 205
136 202 87
25 178 238
106 134 117
132 238 238
22 194 22
65 252 65
70 117 117
62 167 91
246 252 74
203 212 69
127 168 59
22 249 22
100 241 185
71 197 43
61 161 10
67 127 59
103 238 238
1 141 1
192 195 192
165 197 43
2 227 43
91 172 91
82 232 191
38 65 157
92 141 59
123 192 192
89 175 123
1 129 1
68 193 68
40 215 192
185 245 185
14 104 170
45 201 231
143 184 170
62 170 170
39 88 43
127 239 148
92 178 92
213 229 170
96 170 170
26 41 26
195 237 35
8 112 191
74 256 133
17 98 245
42 224 133
112 199 69
133 222 133
47 179 255
108 240 57
13 16 1
148 197 148
26 36 1
192 234 192
148 239 148
98 162 185
27 147 117
93 239 148
193 230 85
75 254 192
172 224 133
68 119 68
164 235 96
82 183 91
57 185 185
18 112 87
214 216 123
35 123 123
55 112 69
29 215 192
71 76 231
15 43 43
87 102 56
15 253 245
34 154 185
11 152 33
23 40 205
5 141 190
41 190 190
51 133 133
64 255 255
74 205 205
178 208 87
43 253 43
29 132 148
45 155 123
18 20 190
119 137 137
52 157 1
21 76 231
59 131 59
157 219 157
156 201 231
152 170 170
115 192 192
166 238 238
3 80 26
6 163 148
126 180 10
136 152 152
80 129 255
50 137 137
17 19 245
95 217 99
15 225 4
222 240 137
117 198 117
144 195 137
71 248 133
36 179 1
97 152 231
195 197 43
96 137 137
187 208 170
63 198 26
61 199 10
84 173 4
150 219 190
31 122 205
81 161 59
157 162 185
19 131 65
10 74 10
18 159 87
141 188 56
19 50 33
101 171 192
24 64 87
45 238 238
193 242 157
59 218 59
8 178 191
68 142 68
30 128 148
7 69 231
22 101 22
10 28 117
7 221 231
194 206 22
84 184 4
115 185 185
125 157 157
184 250 117
128 234 168
73 93 35
149 202 91
102 244 56
170 172 170
122 238 238
56 221 56
68 164 68
123 193 123
18 176 238
95 124 4
170 171 170
112 145 4
32 206 205
33 136 33
53 114 190
80 230 255
135 146 192
127 129 245
123 251 123
85 172 85
68 254 68
24 255 255
133 211 133
19 78 195
133 248 133
10 11 33
37 212 69
18 161 87
123 136 123
231 250 117
4 167 4
122 152 35
224 238 238
205 254 205
94 248 133
65 167 99
215 250 117
101 146 192
17 158 153
50 124 4
120 176 238
155 240 96
216 225 4
196 210 137
22 27 22
48 186 185
44 61 1
117 162 117
126 209 57
35 248 133
57 244 57
49 251 255
52 209 1
22 74 22
155 195 96
119 255 255
171 209 59
20 149 190
62 225 91
135 168 168
61 192 192
100 188 185
45 78 123
24 181 43
85 87 85
66 217 191
73 231 231
117 243 117
68 185 185
36 44 1
218 252 99
112 206 69
64 134 22
157 192 192
4 177 4
242 255 157
81 193 59
91 191 191
133 150 133
21 160 1
33 188 56
123 208 123
129 248 133
35 49 255
112 117 117
148 188 148
56 218 56
2 135 43
157 246 157
20 60 157
26 175 26
132 162 185
8 179 191
140 245 245
19 93 152
133 197 133
218 254 92
26 227 26
66 218 191
104 185 185
166 212 69
76 117 117
52 212 1
99 219 99
165 199 85
121 196 22
134 246 22
132 218 148
71 205 205
95 112 69
238 248 238
65 128 10
72 252 170
151 245 4
145 212 4
88 205 205
8 138 191
25 247 238
84 151 4
43 195 43
4 180 4
60 192 192
16 146 1
1 239 1
153 158 153
111 133 133
87 121 22
13 179 68
80 104 255
106 173 117
35 256 133
62 191 191
95 224 133
58 156 59
156 167 59
76 173 231
7 243 231
24 175 123
133 169 133
68 110 68
90 205 205
26 101 192
154 190 190
97 251 231
95 205 205
35 128 35
159 166 87
19 116 153
43 245 43
87 170 170
176 228 238
12 14 69
174 238 238
176 237 238
153 179 153
23 57 57
133 242 133
4 12 4
106 129 117
145 240 4
139 254 22
15 82 35
213 221 33
92 121 22
112 116 153
88 162 185
10 26 26
12 71 69
12 93 69
222 239 148
22 53 22
15 119 68
56 157 157
121 125 22
195 241 153
13 130 68
53 113 190
138 178 99
35 193 35
22 216 22
103 106 117
98 124 4
68 146 192
231 246 231
59 72 170
1 28 1
76 122 231
47 93 255
177 254 92
22 213 22
180 233 192
34 204 185
68 94 68
164 250 117
67 115 153
19 55 152
63 163 205
85 206 85
12 170 170
88 190 190
15 56 56
160 169 1
39 42 43
15 48 185
29 78 92
125 255 255
163 231 231
116 170 170
90 141 191
46 197 43
14 37 195
155 199 96
40 58 205
12 130 56
157 230 157
37 185 185
50 232 191
144 186 137
76 99 231
64 125 153
33 56 56
27 97 68
195 214 35
74 87 87
21 42 65
149 191 191
125 238 238
103 128 137
59 214 59
29 96 92
30 53 148
69 72 170
31 85 205
42 112 69
119 212 68
180 193 85
1 122 1
8 144 137
98 121 22
49 157 157
120 201 26
64 180 168
123 247 68
131 170 170
110 181 43
54 211 137
144 151 137
21 165 85
92 136 92
87 108 57
80 238 238
45 191 191
127 148 148
8 27 68
19 80 255
113 133 133
117 226 117
90 231 191
190 225 190
21 146 192
154 189 69
119 232 68
117 171 117
53 126 190
244 245 245
170 191 170
133 157 133
60 117 117
45 51 43
210 230 56
95 127 59
34 200 185
137 234 137
59 164 59
208 255 255
108 140 92
97 238 238
238 241 238
45 136 123
20 179 190
27 245 68
90 241 153
83 179 205
57 192 192
126 174 133
115 212 153
1 183 1
92 142 92
71 189 95
1 24 1
91 209 91
68 253 68
133 183 133
69 254 92
96 232 191
157 229 157
38 157 157
73 164 35
130 219 56
27 67 68
40 148 148
193 231 231
31 125 153
2 130 43
54 55 231
209 237 35
67 218 99
33 102 56
193 222 137
172 246 74
87 232 191
17 219 245
55 141 59
114 189 74
19 172 65
68 71 68
109 192 192
115 126 153
221 226 190
153 199 153
243 244 152
229 231 170
173 180 33
97 229 170
150 167 190
116 240 153
26 54 26
81 100 185
219 236 238
197 204 43
133 233 192
159 230 87
78 168 168
206 248 133
56 245 56
1 101 1
157 247 157
193 243 85
45 109 157
17 112 245
152 251 85
71 77 26
15 157 157
7 37 231
13 211 137
50 251 33
15 63 205
96 188 56
115 155 153
7 137 137
89 171 59
51 115 43
58 61 96
93 191 191
100 125 185
29 156 59
12 135 69
60 63 157
181 255 43
23 122 35
25 80 238
168 189 168
142 184 123
192 231 192
154 165 85
91 117 117
109 162 185
161 235 96
149 214 91
61 155 96
41 230 96
71 243 74
113 119 68
21 243 74
60 234 157
116 249 255
7 91 91
64 235 96
123 205 205
108 153 153
168 194 22
129 153 153
1 53 1
30 97 148
59 231 231
40 256 133
115 161 153
173 195 33
157 225 157
110 184 123
50 155 33
46 78 26
117 145 117
90 142 191
116 236 238
108 212 57
241 249 255
103 199 137
133 149 133
92 185 185
136 172 95
42 173 33
1 207 1
7 133 133
89 93 152
187 217 170
59 158 153
54 186 231
124 225 4
215 222 192
135 179 191
140 195 92
1 77 1
63 113 205
117 133 117
33 218 33
21 44 1
1 224 1
149 229 170
121 173 22
117 153 117
50 202 33
214 243 35
179 237 191
93 95 152
63 202 205
157 243 157
44 157 1
9 133 133
82 165 35
134 137 22
22 151 22
55 154 69
131 171 59
5 255 255
70 78 117
133 238 238
168 221 33
76 183 91
134 170 22
31 156 205
188 197 43
35 93 35
74 136 74
22 124 22
62 178 91
135 224 133
212 236 238
51 101 192
11 219 33
135 167 99
44 242 1
172 190 190
221 235 33
168 202 87
2 93 43
134 245 22
145 190 190
1 143 1
136 200 195
35 183 91
154 233 192
87 235 87
56 175 56
140 151 4
109 246 157
26 204 26
26 43 43
26 65 26
126 244 152
10 238 238
135 189 152
161 197 43
205 215 192
43 53 43
148 226 148
151 214 4
61 242 157
87 157 157
161 245 245
116 163 153
36 71 1
105 119 148
88 192 192
87 222 137
28 101 117
1 188 1
178 218 99
67 81 59
107 140 185
135 203 69
41 78 96
8 73 191
99 103 137
142 154 33
10 83 205
25 130 238
21 95 95
197 238 238
51 182 43
33 234 33
22 48 22
116 238 238
8 134 22
102 120 26
37 106 117
178 214 35
12 162 185
137 233 192
18 255 255
151 170 170
1 185 1
12 126 69
16 18 1
126 154 69
80 185 185
6 117 117
27 172 68
22 39 22
133 145 133
41 185 185
57 96 57
22 205 22
116 227 153
48 242 185
17 126 245
253 254 245
31 144 137
192 247 192
37 243 195
8 170 170
137 230 137
24 186 123
59 167 59
6 54 148
62 76 91
149 156 91
67 79 22
122 239 148
10 153 153
82 224 133
78 243 195
81 95 59
98 120 26
50 219 33
170 218 170
137 191 137
37 64 168
26 135 26
26 177 26
13 195 68
98 142 57
37 251 85
47 205 255
34 50 185
141 142 59
153 175 153
150 164 190
183 250 117
14 115 153
5 154 190
157 216 157
86 88 91
11 22 22
161 250 117
45 199 123
92 189 92
57 65 57
132 216 148
184 205 205
202 212 87
2 167 43
212 219 168
53 65 190
24 91 91
26 217 26
32 150 190
87 149 91
53 75 192
67 202 87
155 253 245
22 218 22
22 226 22
45 192 192
36 62 1
21 212 69
2 146 192
192 221 192
217 222 137
133 245 133
204 255 255
88 156 91
189 219 168
185 253 185
1 137 1
53 170 170
79 212 22
190 216 190
159 212 87
58 185 185
35 50 35
20 215 192
61 232 191
234 245 245
143 183 170
61 80 255
34 149 185
195 216 123
142 183 91
164 190 190
133 198 133
130 137 137
130 221 56
68 82 68
211 245 137
26 117 117
83 158 153
11 21 33
121 243 22
33 183 91
15 211 137
31 100 185
67 136 10
182 244 68
82 88 91
31 84 205
152 153 153
50 59 59
180 183 91
177 194 22
11 75 192
91 132 148
213 251 85
26 45 26
90 133 133
111 232 56
150 201 190
41 213 96
78 244 152
9 44 1
92 195 92
59 117 117
126 186 123
79 229 22
4 218 4
133 216 133
41 182 68
1 165 1
113 246 57
126 243 74
70 99 117
191 192 192
154 238 238
106 130 117
178 229 170
152 199 152
92 153 153
42 166 152
178 195 99
23 87 57
43 190 43
82 140 35
41 83 205
197 226 43
33 75 192
63 85 205
36 51 1
31 97 205
41 152 96
125 165 153
59 125 153
11 253 245
31 197 43
3 155 26
84 113 4
18 63 205
191 195 191
81 104 170
10 135 152
92 172 92
209 218 57
123 167 123
71 254 92
40 91 205
61 246 10
75 241 192
190 235 190
135 200 152
113 186 123
13 62 68
140 228 238
20 244 190
36 195 1
149 161 91
88 189 91
91 254 91
141 206 59
39 67 43
12 103 137
9 129 157
10 54 231
35 143 170
68 237 68
49 74 255
51 238 238
113 123 123
12 51 43
67 206 195
44 98 1
63 115 153
98 103 137
19 89 195
150 247 68
110 113 57
45 255 255
49 109 157
186 218 123
78 229 170
85 106 117
28 52 1
24 192 192
91 185 185
86 109 157
18 31 205
228 238 238
1 208 1
32 219 205
67 124 4
57 133 133
137 208 137
38 48 185
178 237 35
65 246 74
18 162 185
2 19 43
140 190 190
43 185 185
132 192 192
19 45 123
185 225 185
105 164 148
185 242 185
29 59 59
31 38 157
89 252 195
21 198 26
16 242 1
41 101 192
126 234 168
128 178 99
61 223 255
244 249 255
122 206 35
126 240 74
107 251 185
33 243 33
26 149 26
67 244 152
18 89 87
149 152 91
61 96 96
1 43 1
126 217 99
103 220 137
160 245 1
121 238 238
11 41 33
22 77 22
50 204 245
40 67 205
8 204 191
43 202 43
81 175 123
129 216 245
124 227 91
43 167 43
127 220 59
1 45 1
148 161 148
48 247 185
213 246 74
174 205 133
170 185 185
204 207 238
13 96 68
49 253 255
214 251 35
24 219 87
88 138 91
56 92 56
72 123 170
31 241 153
47 131 255
61 62 91
18 226 190
92 243 92
103 185 185
161 211 137
178 228 238
63 244 205
107 132 185
123 128 123
192 198 192
45 244 123
91 124 91
186 242 157
103 133 133
25 241 238
137 240 137
2 143 43
1 75 1
12 99 99
2 24 43
1 34 1
18 217 87
108 148 148
192 226 192
186 222 137
26 38 26
195 202 87
15 252 168
91 215 192
163 164 85
87 116 153
104 255 255
19 90 191
42 163 85
93 137 137
73 110 35
78 158 153
69 202 87
75 170 192
210 255 255
98 216 123
34 111 185
42 220 99
40 208 205
43 112 43
28 116 117
70 121 117
10 43 43
62 210 56
134 238 238
77 96 26
14 199 10
25 134 238
107 240 185
124 202 4
70 158 117
13 238 238
19 159 87
172 213 65
6 180 148
66 169 133
180 191 191
35 226 190
27 68 68
138 151 4
5 16 1
54 112 231
59 242 157
38 59 157
92 255 255
57 84 4
3 185 185
73 85 35
47 137 137
26 81 26
15 170 170
205 253 205
19 128 10
216 254 123
6 56 148
43 182 43
16 48 1
2 85 43
154 231 231
64 254 92
26 133 133
33 202 33
117 155 117
93 120 26
25 81 238
96 237 35
85 191 191
127 138 59
154 217 99
141 165 59
200 221 33
174 227 133
1 119 1
105 108 148
111 116 153
8 211 137
3 62 26
53 129 190
8 137 137
167 171 59
111 197 43
26 231 26
69 209 57
26 27 26
105 110 148
13 59 68
53 162 185
9 174 133
1 243 1
117 174 117
95 117 117
137 169 133
164 247 68
139 160 1
252 255 255
76 91 91
108 127 59
43 210 43
1 60 1
22 164 22
157 242 157
185 190 185
10 213 10
68 251 68
113 252 57
196 197 43
99 125 153
23 255 255
120 133 133
89 202 87
41 60 157
15 213 168
211 238 238
114 200 195
226 248 133
121 209 22
179 195 191
22 256 22
195 196 137
67 142 33
55 251 85
80 164 255
190 205 190
5 110 190
77 174 133
107 192 192
104 146 192
103 200 137
159 236 238
36 144 1
153 219 153
90 148 148
112 115 153
185 255 185
105 217 148
59 166 59
24 205 205
21 219 168
157 249 157
72 125 170
84 97 4
75 144 192
92 130 56
75 130 192
41 89 96
185 249 185
100 177 185
37 183 91
33 99 33
35 194 22
24 61 87
222 226 137
31 94 205
29 181 43
51 55 43
200 229 170
157 203 157
228 229 238
42 240 74
50 74 33
29 139 22
56 205 205
46 134 22
185 226 185
42 194 22
186 210 56
154 195 69
3 65 26
108 190 190
208 209 57
108 167 57
45 226 190
13 104 170
135 204 245
87 245 245
46 129 26
85 167 85
113 172 57
81 133 133
82 192 192
89 123 123
55 134 22
140 244 92
1 145 1
171 236 238
133 232 133
98 173 57
44 54 1
137 225 137
155 208 87
57 85 57
57 153 153
43 62 43
86 186 123
40 51 43
20 168 190
43 229 43
61 143 170
113 165 57
23 251 57
46 83 26
221 231 231
191 198 26
56 88 56
74 137 137
42 140 92
74 245 245
42 67 10
79 116 22
47 150 255
33 153 153
135 244 152
189 246 74
20 247 68
86 255 255
29 69 92
80 203 255
35 86 35
221 248 133
21 123 123
35 240 35
12 159 87
105 232 148
6 48 185
6 17 148
103 175 137
48 61 185
176 253 238
38 186 157
235 239 148
37 40 205
1 51 1
2 199 43
65 198 26
58 177 92
11 157 157
39 119 43
239 249 148
165 189 85
106 236 117
86 192 192
245 255 255
96 171 59
34 132 185
36 174 1
114 199 74
194 217 22
101 169 192
135 213 152
40 177 205
164 185 185
10 146 192
200 254 92
35 60 157
155 198 26
6 206 148
33 83 205
92 209 92
163 175 123
56 166 56
32 169 133
206 245 245
79 252 22
48 53 185
35 40 205
47 108 255
63 150 190
42 206 195
105 185 185
75 109 192
147 255 117
42 161 74
56 171 56
96 234 96
73 245 245
26 63 26
1 40 1
150 153 153
78 240 195
48 71 185
18 126 87
75 184 192
34 145 185
4 163 4
63 209 205
41 141 59
21 135 152
80 232 255
10 149 91
66 203 191
56 184 56
184 190 190
89 250 117
147 224 117
69 169 133
190 231 190
183 254 91
65 193 85
74 110 85
30 194 22
181 182 43
8 40 205
213 230 95
111 190 190
13 207 238
173 199 33
39 207 238
26 180 26
102 157 157
85 214 35
27 185 185
88 89 91
24 234 87
69 96 96
111 112 56
53 68 68
1 107 1
7 219 231
43 78 43
4 109 157
163 240 85
54 168 231
18 192 192
41 249 255
104 246 170
93 248 133
57 221 57
88 95 91
51 224 133
139 162 22
73 216 123
172 194 22
8 187 170
44 147 1
4 138 4
215 244 192
16 82 1
61 69 69
205 255 255
156 195 59
61 125 153
43 57 43
63 235 205
21 180 10
123 232 191
52 135 1
87 174 133
47 154 255
8 58 191
29 30 148
66 180 191
50 92 92
13 183 68
73 169 133
64 245 245
205 227 205
92 232 191
14 124 4
81 166 59
45 254 123
14 121 22
101 212 192
153 221 153
110 172 85
61 121 22
9 35 157
18 199 87
201 246 231
22 64 22
13 229 170
177 252 92
97 160 1
155 204 245
206 209 57
90 177 191
28 247 117
126 135 152
83 215 192
42 174 133
212 226 190
62 96 91
57 240 57
73 186 123
82 238 238
175 251 123
16 245 1
11 43 43
98 242 157
15 224 133
178 219 99
146 213 192
147 201 117
12 206 69
19 136 95
31 153 153
171 252 59
117 216 117
155 217 99
93 112 69
15 121 22
43 251 43
138 142 33
220 230 99
43 117 117
1 184 1
26 221 26
7 145 4
33 117 117
93 182 68
166 240 152
108 235 57
63 240 205
64 140 92
14 35 35
148 175 148
54 115 153
51 110 43
73 166 35
15 142 33
111 170 170
67 105 148
28 153 117
11 189 33
9 36 1
19 42 65
167 185 185
142 212 33
176 217 238
5 182 68
85 232 191
57 128 57
61 131 10
122 192 192
69 146 192
124 129 4
60 244 157
56 115 153
85 151 4
10 76 231
73 173 35
2 43 43
89 147 117
56 61 56
35 180 35
10 180 10
29 180 92
4 56 56
1 48 1
24 254 92
68 239 148
15 20 190
174 222 133
117 185 117
154 202 87
112 143 170
35 42 35
7 203 231
22 248 22
21 133 133
96 202 87
117 177 117
1 197 1
12 53 190
20 182 68
71 164 96
69 155 96
59 250 117
148 255 148
43 189 43
42 50 33
124 256 133
201 222 137
27 141 68
56 129 56
51 175 43
15 54 231
12 240 69
185 252 185
147 195 117
144 185 185
58 203 96
39 55 43
53 117 117
192 230 192
117 225 117
4 191 191
123 222 137
110 148 148
67 201 231
116 214 153
21 204 245
94 128 245
100 109 185
221 245 245
35 222 137
18 32 205
185 222 185
65 201 231
68 91 68
69 89 69
37 240 195
79 155 22
27 233 192
59 152 59
19 64 168
135 136 152
142 164 33
209 231 231
22 233 22
7 63 205
71 199 95
55 170 170
1 216 1
19 218 99
51 117 117
71 96 96
132 154 148
183 244 91
177 191 191
56 127 56
42 78 195
64 195 168
22 114 22
69 179 191
10 232 191
35 172 35
133 240 133
34 121 22
238 239 238
43 225 43
139 241 22
86 181 43
81 192 192
168 196 137
130 195 56
42 136 95
26 116 26
123 168 123
24 177 92
67 167 99
2 17 43
22 235 22
66 201 191
85 114 85
89 155 96
14 42 10
176 190 238
13 232 68
13 154 68
1 199 1
83 170 170
172 219 168
27 242 157
129 133 133
3 250 117
10 161 10
1 245 1
29 49 255
91 245 91
60 92 157
212 215 192
14 210 56
157 227 157
241 255 255
125 247 68
41 110 85
94 124 4
43 146 192
12 52 1
117 188 117
33 164 33
57 236 238
8 63 205
177 236 238
129 245 245
1 49 1
131 172 65
149 171 91
51 246 43
141 192 192
26 185 185
1 151 1
51 211 43
19 117 117
204 241 153
99 246 99
165 248 133
73 236 238
9 148 148
28 135 117
133 224 133
167 245 245
156 177 59
153 198 26
8 45 191
148 225 148
86 106 117
12 122 35
134 211 22
62 214 91
81 153 153
114 208 87
186 208 123
88 182 68
133 188 133
2 192 192
104 157 157
15 135 168
103 117 117
68 172 68
63 170 170
55 74 152
46 213 26
54 88 91
161 166 152
245 246 245
37 101 192
68 159 68
177 218 92
148 198 148
1 205 1
163 189 85
34 58 185
26 121 22
153 238 238
132 158 148
64 98 57
78 221 33
2 235 43
137 175 137
71 168 168
130 133 133
175 238 238
113 235 57
110 178 85
132 222 148
21 174 133
148 205 148
39 169 133
36 159 1
42 186 123
238 249 238
143 192 192
96 159 87
25 227 238
116 127 153
3 125 26
115 162 185
93 103 137
181 225 43
163 214 35
12 89 69
57 117 117
117 147 117
35 151 4
169 180 133
29 188 56
48 101 192
67 226 190
24 116 153
74 123 123
192 248 192
30 80 148
54 99 231
122 247 68
136 197 43
229 235 170
43 157 43
4 73 4
201 244 231
156 247 68
202 243 87
56 102 56
45 66 191
89 236 238
60 232 157
39 173 43
178 234 99
74 141 59
192 223 192
162 213 185
192 229 192
61 102 56
60 170 157
91 222 137
26 56 26
20 140 190
25 169 238
54 247 68
67 192 192
153 164 153
106 178 117
57 91 91
50 61 33
68 168 68
23 227 91
22 193 22
102 116 153
185 205 185
56 229 170
22 215 22
144 242 157
94 133 133
86 91 91
49 196 137
20 134 22
230 231 231
117 187 117
37 163 85
117 146 117
8 57 191
88 201 91
68 129 68
131 147 117
187 209 170
20 88 190
31 209 205
45 124 4
161 162 185
216 251 123
219 226 190
198 228 238
29 219 92
167 199 99
160 175 1
11 158 153
94 148 148
182 192 192
73 187 170
8 64 191
105 133 133
88 169 133
39 65 43
125 225 153
69 170 170
22 145 22
89 196 137
20 196 137
224 226 133
83 146 192
26 91 26
16 88 1
123 145 4
126 213 95
24 124 4
129 177 245
26 42 26
226 241 153
91 199 91
142 168 33
67 114 10
123 219 123
160 233 1
40 145 205
188 247 68
49 187 255
9 210 157
25 158 238
102 251 56
41 137 137
11 165 33
22 51 22
43 148 148
165 214 35
26 241 26
22 56 22
86 213 92
23 180 57
248 254 133
38 154 157
137 192 192
69 245 245
90 151 191
159 241 153
21 162 185
87 89 87
53 230 190
42 131 65
59 137 137
85 216 123
111 239 148
46 149 26
208 253 245
9 128 157
90 239 148
82 131 35
65 137 137
231 252 231
23 106 117
190 194 22
66 237 191
9 224 133
2 111 43
142 224 133
51 243 43
35 176 238
154 250 117
82 195 35
186 190 190
129 166 245
74 176 238
41 165 85
214 230 35
119 151 68
117 234 117
23 50 57
42 79 22
87 175 123
53 245 190
47 231 255
76 218 231
26 232 26
21 105 148
95 238 238
76 227 91
44 251 1
160 220 1
59 92 59
32 125 153
127 191 191
25 76 238
1 166 1
67 252 10
138 209 57
11 195 33
85 247 68
16 43 1
1 56 1
98 152 57
62 247 68
30 125 148
21 230 95
204 232 191
71 225 4
175 191 191
38 92 157
42 236 238
5 241 153
160 226 1
129 241 153
191 231 191
44 164 1
12 140 92
68 95 68
234 235 96
137 170 137
26 30 148
129 139 22
136 213 95
171 243 59
3 72 26
137 159 137
140 163 92
41 59 59
168 212 168
124 255 255
185 216 185
66 144 137
4 39 43
31 167 205
67 250 117
17 149 91
22 237 22
64 192 192
70 97 117
122 170 170
14 240 10
70 151 117
66 137 137
34 214 185
10 205 205
15 161 168
98 188 56
139 222 22
72 108 170
13 39 43
28 121 117
181 219 43
102 170 170
78 217 99
65 171 59
12 222 137
98 168 57
26 143 26
134 205 22
55 243 152
61 243 10
251 255 255
14 169 133
31 192 192
110 245 245
64 251 85
21 172 65
94 243 245
72 181 43
21 103 137
26 77 26
66 93 191
110 177 92
34 67 185
57 207 238
19 30 148
15 73 35
108 255 255
206 216 123
191 202 191
95 158 153
179 189 191
2 177 43
13 117 117
200 205 205
127 137 137
174 247 133
43 108 43
30 177 148
99 153 153
128 214 35
64 181 43
47 115 255
156 157 157
4 136 4
40 65 205
88 214 91
35 56 56
137 226 137
124 239 148
114 220 99
57 58 57
134 152 22
64 71 168
9 87 157
227 240 91
31 104 170
99 207 238
26 137 26
89 217 99
80 154 255
124 238 238
31 227 205
63 108 205
96 254 92
56 231 56
71 121 22
14 161 10
126 205 205
156 208 59
184 255 255
22 184 22
11 129 245
88 179 191
26 224 133
115 223 255
87 217 87
56 150 190
41 254 92
14 71 10
93 172 152
65 176 238
22 58 22
172 230 95
43 133 133
155 172 96
93 128 152
76 170 170
65 200 195
135 243 152
140 205 205
155 193 85
224 244 133
127 166 59
74 86 92
151 161 4
46 238 238
8 68 68
170 183 170
33 246 33
186 200 123
44 127 1
20 220 190
112 221 33
54 143 170
92 137 137
24 110 85
5 243 190
32 117 117
131 136 95
17 86 245
51 60 43
31 133 133
43 208 43
30 182 148
73 176 238
121 169 22
12 67 69
1 106 1
27 54 68
37 202 87
21 129 245
33 135 33
35 91 91
3 139 22
98 130 56
10 113 57
28 149 117
55 81 59
45 190 190
111 238 238
69 225 4
56 117 117
154 234 168
13 141 68
75 249 192
21 167 99
148 181 148
87 135 87
5 185 185
2 41 43
26 111 26
87 246 87
47 219 255
100 200 185
111 167 56
157 158 157
50 254 92
110 219 85
33 120 26
8 56 56
193 250 117
143 159 170
53 223 255
160 211 1
91 112 91
108 137 137
225 249 255
172 189 95
148 190 148
39 152 43
166 171 59
239 250 117
70 249 117
114 174 133
117 201 117
72 205 170
31 187 170
138 185 185
153 225 153
5 249 255
228 245 238
78 153 153
15 195 168
6 238 238
167 197 43
160 186 1
85 160 1
1 190 1
89 199 195
36 60 1
25 148 238
22 33 22
51 137 43
78 175 123
10 230 10
126 245 245
1 59 1
136 176 238
171 174 133
55 86 92
57 129 245
139 167 22
55 126 152
83 252 205
12 94 245
138 195 168
105 245 148
189 212 69
39 176 238
120 245 26
168 182 68
98 179 191
158 186 153
83 243 205
128 160 1
123 124 4
33 160 1
78 127 59
89 166 152
1 26 1
47 164 255
60 128 157
183 255 255
203 241 153
4 164 4
88 247 68
21 59 59
43 214 43
58 96 96
147 221 117
126 195 195
94 173 245
210 234 56
164 207 238
34 238 238
64 231 231
64 246 168
58 204 245
53 137 137
31 222 137
141 154 59
45 54 231
143 239 148
99 201 231
91 216 91
59 172 59
115 117 117
42 124 4
43 74 43
202 240 87
7 88 91
93 143 170
28 214 117
52 102 1
19 182 68
3 97 26
71 246 74
11 134 22
11 156 59
25 230 238
56 131 56
9 230 157
24 245 245
166 205 205
117 236 117
36 157 1
119 248 133
128 166 152
22 80 22
49 185 185
60 214 157
31 148 148
53 61 190
26 188 26
117 205 117
219 220 99
113 248 133
98 145 4
124 247 68
62 87 91
58 148 148
31 137 137
67 176 238
3 148 148
111 127 56
184 185 185
56 204 56
93 108 57
47 58 255
99 133 133
153 193 153
88 116 153
60 252 157
5 96 190
104 195 170
55 172 152
59 136 59
244 248 133
133 246 133
89 102 56
164 205 205
218 239 148
111 138 56
101 225 192
38 197 43
24 69 87
82 234 35
4 237 4
62 223 255
74 208 87
222 247 137
3 43 43
78 251 85
93 216 123
19 195 195
54 170 170
163 256 133
162 247 185
63 145 205
96 141 59
3 96 26
93 237 35
39 185 185
139 170 22
85 145 4
158 177 153
31 165 205
127 205 205
43 192 192
150 208 190
35 170 170
68 149 68
37 100 185
2 48 185
46 226 26
98 127 59
71 239 148
57 201 231
206 238 238
8 224 133
68 182 68
79 94 22
153 205 153
137 249 137
92 144 137
220 242 157
53 181 43
116 208 153
57 87 57
15 143 170
61 222 137
2 18 43
181 249 43
79 135 22
54 165 231
31 64 205
88 252 91
227 248 133
19 176 238
58 186 123
19 143 170
14 91 91
128 237 35
131 149 91
36 161 1
182 197 43
246 251 85
58 222 137
89 179 191
112 253 245
32 223 255
81 138 59
75 79 22
20 30 148
149 252 91
72 242 157
229 254 170
138 197 43
27 197 43
15 60 157
40 139 22
32 77 26
12 144 137
232 238 238
67 190 190
42 71 65
37 221 33
149 195 91
194 222 22
11 155 33
16 56 1
92 184 123
80 110 255
124 186 4
26 195 26
208 248 133
98 192 192
155 222 137
82 87 35
114 142 33
81 227 91
20 207 238
148 223 148
68 203 68
17 137 137
91 136 91
54 148 148
128 228 238
169 238 238
172 249 255
207 254 238
26 142 26
63 223 255
94 254 245
57 78 57
117 157 117
132 242 148
225 238 238
42 183 91
25 186 238
113 148 148
124 190 190
90 178 191
72 170 170
17 198 26
76 137 137
78 246 195
32 84 205
27 181 43
73 165 35
135 250 117
181 222 43
71 235 96
1 115 1
56 97 56
36 142 1
81 117 117
96 106 117
55 245 245
56 242 157
51 228 238
85 217 85
98 222 137
76 167 231
137 211 137
192 215 192
86 205 205
78 216 123
17 250 117
65 79 22
89 110 85
121 144 22
90 242 157
205 216 205
170 204 170
132 185 185
81 105 148
31 252 205
41 197 43
167 208 87
198 239 148
168 191 191
54 163 231
170 175 170
13 22 22
47 185 185
188 240 56
3 91 26
65 164 96
52 219 1
157 186 157
114 163 85
44 94 1
77 197 43
67 198 26
112 256 133
17 179 191
62 132 148
135 202 87
133 184 133
63 179 205
142 180 33
57 193 57
161 195 195
92 95 92
143 244 170
18 170 170
139 152 22
66 222 137
17 30 148
37 196 137
7 131 231
54 241 153
30 210 148
89 195 195
91 201 91
34 158 185
69 121 22
126 152 152
101 117 117
117 123 117
123 216 123
100 230 185
17 102 56
111 131 56
152 218 99
191 206 191
74 98 57
38 216 157
65 168 168
95 235 96
96 201 231
9 88 157
35 196 137
96 222 137
97 124 4
6 66 148
24 157 157
4 110 4
22 255 22
115 200 153
131 223 255
215 237 192
22 111 22
93 138 168
175 222 137
201 205 205
89 142 33
117 134 117
108 123 123
141 219 59
112 127 59
5 250 117
61 169 133
30 161 148
22 192 22
199 210 56
132 148 148
158 219 153
204 239 148
145 228 238
152 192 192
132 186 148
11 67 33
137 251 137
21 195 195
26 82 26
164 240 96
223 238 238
74 166 152
213 250 117
144 199 137
79 125 22
166 194 22
26 120 26
56 188 56
53 145 190
6 133 133
153 181 43
160 214 1
225 240 4
131 180 10
90 251 191
87 203 87
4 228 238
190 223 255
85 88 91
1 251 1
150 192 192
17 187 170
77 102 26
91 168 91
89 251 85
43 135 43
180 232 191
32 85 205
160 179 1
160 219 1
120 207 238
22 152 22
74 206 195
137 219 137
146 238 238
17 237 245
96 238 238
88 163 91
153 255 255
13 255 255
17 156 245
76 208 231
106 252 117
3 149 26
1 174 1
141 246 59
97 191 191
43 125 43
56 237 56
180 244 152
121 223 22
43 221 43
102 153 153
162 164 185
171 256 133
112 138 168
3 133 133
164 192 192
101 148 192
60 253 157
197 255 43
8 114 191
132 221 148
3 8 26
19 126 95
26 123 26
41 248 133
20 154 190
55 106 117
96 97 231
37 252 195
24 179 191
95 110 85
131 138 168
44 187 1
27 152 68
152 157 157
33 187 170
130 194 22
11 91 91
59 171 59
86 110 92
190 212 190
13 143 170
90 208 191
136 154 69
87 137 137
54 179 191
102 238 238
113 145 4
109 189 157
11 92 92
47 220 255
141 151 4
23 64 57
40 125 153
64 239 148
149 158 153
1 248 1
147 249 117
113 131 57
57 205 205
8 140 191
95 184 123
8 210 56
136 195 195
227 241 153
56 106 117
136 228 238
27 112 68
157 232 157
22 177 22
20 73 190
11 97 231
100 225 185
11 205 205
38 151 157
61 240 10
100 141 185
136 180 10
22 220 22
50 166 33
35 82 35
167 172 99
87 173 33
120 222 26
111 195 56
26 255 26
220 234 99
1 66 1
9 17 157
62 137 137
77 101 192
76 153 153
63 171 205
56 216 56
48 66 185
80 166 255
54 193 231
123 133 133
5 165 190
43 170 43
32 172 205
198 252 26
28 178 117
63 88 205
59 162 185
60 185 185
14 72 170
154 168 168
33 177 92
140 209 92
64 253 245
4 100 185
56 203 56
115 207 238
7 82 231
5 97 190
101 188 192
160 177 1
108 191 191
11 138 33
27 161 68
1 241 1
172 223 255
17 153 153
84 164 4
28 206 117
1 255 1
142 181 43
67 242 157
79 247 22
17 251 245
91 97 91
130 153 153
32 186 205
29 143 170
56 64 56
64 178 99
116 120 26
64 148 148
163 245 245
71 110 85
134 183 22
103 186 137
134 216 22
5 202 190
134 254 22
41 123 123
125 204 153
60 220 157
55 122 35
126 143 170
77 162 185
109 157 157
10 65 10
109 148 148
153 211 137
85 178 85
17 117 117
38 192 192
29 146 192
93 94 245
12 24 87
33 233 192
54 238 238
112 219 168
29 128 92
88 240 91
32 239 148
42 97 231
141 161 59
78 98 57
154 163 85
94 100 185
195 212 69
56 65 56
74 182 68
59 130 56
148 200 148
32 158 153
137 141 137
94 192 192
65 117 117
65 253 245
23 26 26
1 173 1
189 192 192
34 102 185
210 238 238
57 92 92
157 183 157
84 134 22
47 210 255
78 238 238
147 219 117
97 192 192
13 90 68
43 66 43
68 69 68
112 204 245
81 160 1
110 153 153
105 175 148
122 254 35
106 123 117
185 202 185
204 245 245
76 231 231
100 128 185
157 245 157
170 247 170
93 219 168
16 187 1
9 22 22
192 217 192
111 117 117
145 166 4
12 78 69
135 194 22
4 176 238
78 179 191
56 174 133
20 206 190
72 111 170
119 209 68
254 255 255
76 203 231
10 243 10
37 104 170
48 63 185
127 162 185
26 83 26
211 227 137
78 235 96
52 164 1
22 238 238
145 222 137
82 240 35
166 180 152
74 253 245
1 100 1
81 247 68
156 162 185
159 245 245
116 144 137
140 214 35
136 201 231
125 132 148
1 3 1
78 81 59
125 231 153
58 226 190
208 214 35
192 256 192
53 100 185
127 132 148
73 217 35
81 120 26
148 157 148
164 200 96
189 228 238
50 112 33
123 196 137
128 208 87
84 192 192
63 219 205
40 62 205
130 181 43
137 156 137
137 163 137
24 170 170
103 124 137
19 144 137
68 249 255
133 177 133
1 142 1
168 215 192
116 178 153
56 198 26
22 123 22
113 155 57
201 254 231
37 244 152
113 126 57
145 205 205
57 64 57
144 208 137
31 70 117
41 239 148
23 52 1
201 247 68
154 243 69
143 171 170
201 210 56
96 155 96
14 49 255
80 87 255
80 190 255
4 243 4
113 244 57
138 207 238
1 209 1
14 105 148
37 92 92
43 175 43
88 235 91
103 157 157
216 255 255
157 255 157
9 234 157
120 246 26
202 220 87
37 228 238
25 146 238
14 85 85
177 206 92
107 238 238
23 206 57
70 167 117
42 157 157
21 38 157
39 130 43
43 187 43
186 188 56
128 186 123
114 244 152
172 221 33
37 213 195
96 174 133
51 68 43
14 43 43
114 159 87
37 134 22
208 212 87
64 186 123
71 128 10
94 252 245
80 151 255
205 251 205
87 205 205
102 133 133
36 237 1
117 217 117
213 219 168
75 105 192
84 158 153
138 175 123
60 155 157
110 112 85
139 235 22
1 231 1
45 241 153
24 166 87
141 209 59
19 245 245
208 245 245
101 108 192
42 168 168
108 141 59
9 192 192
152 180 152
76 150 190
69 94 245
48 197 185
26 210 26
236 242 238
86 214 35
41 243 96
55 231 231
54 113 231
37 184 123
123 210 56
17 245 245
172 251 85
6 192 192
11 35 35
125 192 192
213 240 74
106 182 117
18 169 133
89 192 192
113 149 91
105 233 192
144 234 137
190 193 190
11 212 33
68 140 68
63 193 205
11 73 35
110 213 85
72 93 170
46 107 185
122 203 35
51 128 43
78 245 245
69 223 255
1 121 1
115 127 153
99 131 99
8 208 191
59 220 59
140 202 92
88 157 157
154 185 185
148 158 148
55 143 170
71 112 69
164 242 157
68 163 68
24 204 245
48 56 185
171 176 238
182 236 238
86 98 92
80 103 137
175 223 255
143 241 170
128 241 153
88 229 170
61 114 10
73 137 137
23 223 255
21 200 195
26 157 26
70 246 117
96 191 191
41 180 96
92 171 59
2 126 43
19 92 92
182 238 238
117 137 117
65 231 231
225 226 190
56 213 56
57 252 57
57 110 57
34 195 185
117 211 117
42 61 10
133 229 133
97 148 148
107 185 185
91 255 255
17 48 185
11 54 231
42 213 65
43 206 43
1 130 1
75 236 238
48 183 185
130 151 56
179 255 255
56 57 56
26 153 26
12 128 69
154 244 69
81 149 91
83 102 205
82 191 191
198 235 26
16 182 1
177 245 245
12 116 153
71 195 195
59 190 190
52 199 1
99 121 22
7 22 22
26 125 26
138 183 91
18 180 87
10 56 56
33 154 33
48 121 22
59 103 137
18 223 255
96 176 238
77 251 26
40 85 205
64 149 91
15 47 255
26 109 26
161 205 205
98 151 4
114 173 33
153 184 153
130 248 133
66 165 191
12 236 238
151 238 238
119 211 137
140 238 238
81 157 157
56 238 238
95 128 10
115 148 148
69 99 99
166 191 191
2 222 43
79 133 22
167 223 255
78 157 157
3 177 26
7 173 231
81 204 245
231 236 238
116 157 157
79 256 22
21 238 238
156 249 255
30 48 185
222 230 137
197 221 43
50 157 157
75 192 192
84 205 205
47 143 255
68 151 68
43 191 43
114 122 35
86 117 117
115 138 153
45 168 123
74 234 168
185 221 185
5 134 22
3 108 26
58 205 205
94 221 245
218 230 99
201 229 170
11 191 191
35 74 35
82 111 56
86 185 185
164 178 99
6 148 148
134 189 22
59 209 59
97 102 56
112 146 192
17 218 245
81 202 59
161 213 74
73 197 43
99 175 123
15 152 168
26 48 185
117 200 117
69 97 231
67 94 245
125 148 148
104 161 170
49 161 255
185 219 185
116 148 148
19 69 69
42 195 195
120 125 26
31 205 205
80 157 157
9 246 157
188 252 56
35 220 35
121 159 22
18 27 68
32 128 205
25 157 238
20 128 190
56 71 56
76 80 255
201 202 231
1 83 1
29 72 170
7 141 231
202 225 4
11 240 33
54 137 137
129 226 190
14 133 133
153 213 153
102 229 170
96 153 153
57 195 57
189 191 191
90 249 255
62 186 91
91 142 91
120 237 26
35 187 170
212 233 192
70 251 117
44 68 1
25 38 238
138 229 170
90 203 191
53 66 190
48 111 185
101 230 192
61 205 205
29 223 255
42 72 170
246 249 255
163 191 191
157 222 157
51 105 148
112 114 69
91 175 91
68 105 148
108 226 190
12 50 33
137 183 137
96 124 4
1 37 1
27 156 68
49 231 255
156 203 59
184 229 170
27 138 68
74 153 153
178 203 99
40 155 205
48 122 185
138 232 191
1 179 1
148 186 148
28 69 117
108 134 22
40 151 205
244 246 152
43 179 43
66 83 205
30 212 148
200 238 238
7 99 231
44 121 1
168 240 168
22 136 22
13 50 68
74 246 74
112 192 192
132 189 148
121 162 22
141 195 59
113 117 117
1 84 1
191 209 191
22 175 22
203 231 231
88 158 153
156 165 59
65 141 59
61 93 152
6 19 148
27 139 22
186 255 255
157 178 157
72 97 170
33 197 43
14 233 192
74 154 69
63 133 133
235 238 238
216 241 153
65 148 148
75 110 192
174 243 133
110 232 191
33 158 153
164 195 96
146 202 192
41 107 185
185 210 185
80 202 255
2 215 192
107 175 185
163 208 85
78 128 195
117 159 117
81 203 59
148 204 148
87 123 123
172 203 69
138 230 168
12 57 57
45 160 1
4 159 4
138 181 43
130 229 170
62 174 133
117 122 117
176 219 238
121 145 22
100 158 185
40 113 205
80 176 238
3 210 26
41 218 99
1 112 1
194 204 22
57 222 137
83 247 68
112 122 35
18 105 148
166 177 92
87 128 87
79 237 22
18 128 87
87 216 123
104 254 170
1 14 1
114 203 69
90 134 22
12 146 192
245 253 245
13 205 68
212 216 123
73 132 148
208 250 117
20 66 190
44 211 1
186 231 231
136 244 152
129 234 245
152 204 245
123 175 123
112 236 238
120 136 26
119 218 68
67 91 91
94 249 255
101 114 192
126 221 33
117 119 117
90 124 191
101 139 22
123 187 170
143 172 170
63 183 205
138 222 137
123 202 123
13 148 148
136 218 99
157 209 157
50 181 43
148 165 148
194 235 22
43 176 238
97 190 190
189 256 133
199 250 117
148 249 148
92 173 92
154 172 69
205 209 205
186 225 4
33 162 185
15 23 57
171 193 59
49 254 255
154 230 69
85 157 157
35 214 35
86 243 92
87 219 87
26 104 26
34 187 185
234 237 35
68 208 68
88 249 255
153 206 153
125 136 153
1 147 1
64 101 192
69 190 190
55 171 59
23 208 57
138 166 168
207 241 238
21 125 153
16 214 1
57 164 57
11 172 33
229 249 255
76 191 191
166 203 69
167 254 92
132 256 133
40 178 205
6 147 117
67 213 10
66 109 157
159 185 185
88 218 91
158 238 238
157 211 157
128 205 205
7 252 231
130 218 56
112 200 69
117 179 117
89 216 123
186 243 123
1 30 1
54 255 255
98 196 137
38 222 157
88 186 91
7 210 56
192 222 192
79 177 22
63 255 255
98 175 123
44 110 1
66 184 191
97 231 231
52 254 1
186 246 123
108 208 57
73 75 192
77 213 26
141 254 59
137 227 137
149 157 157
108 217 57
94 230 245
60 133 133
123 170 170
44 136 1
50 103 137
217 252 99
6 226 148
166 249 255
116 247 68
95 228 238
56 196 137
108 196 137
82 98 35
221 223 255
23 246 57
34 206 185
35 97 231
57 77 26
135 175 123
91 187 170
22 178 22
20 169 133
77 226 26
22 119 22
79 223 22
114 230 74
14 123 123
119 133 133
22 89 22
44 112 1
105 170 148
137 185 185
87 186 123
111 202 56
199 227 91
192 242 192
65 101 192
88 122 91
127 187 170
63 117 117
27 135 68
212 231 231
105 117 117
165 179 191
63 158 153
35 166 35
7 163 231
112 247 68
60 113 157
157 193 157
56 252 56
176 180 238
65 195 195
137 218 137
11 237 35
160 194 1
114 211 137
49 175 255
22 253 22
8 31 205
121 230 22
178 190 190
102 143 170
68 99 68
64 208 87
64 252 168
50 123 123
9 155 157
90 206 191
5 68 68
161 182 68
124 168 4
26 178 26
234 252 168
106 183 117
9 182 157
90 226 190
5 211 137
91 120 26
84 148 148
43 102 43
183 226 190
180 185 185
12 79 22
148 241 148
18 52 1
20 147 117
127 218 59
179 215 192
45 147 117
122 246 35
89 159 87
56 68 68
66 240 191
21 140 92
163 220 85
60 228 238
6 75 192
76 190 190
153 222 137
158 225 153
62 122 91
33 129 245
47 221 255
163 172 85
30 235 148
70 141 117
129 194 22
154 161 69
68 157 157
95 166 152
60 93 157
26 144 26
67 243 10
122 187 170
68 153 68
90 155 191
184 197 43
152 187 170
216 222 137
131 153 153
165 178 85
61 207 238
11 30 148
162 185 185
179 223 255
157 205 157
8 102 56
57 120 26
182 185 185
21 210 56
151 187 170
165 198 26
146 240 192
125 236 238
150 238 238
78 219 168
155 233 192
222 238 238
140 174 133
59 212 59
60 141 157
29 61 92
132 204 148
78 136 195
67 117 117
65 98 57
65 124 4
164 167 99
231 234 231
98 246 57
35 45 123
57 208 57
214 240 35
96 160 1
78 126 195
59 85 59
206 230 195
43 58 43
192 204 192
102 113 56
121 124 22
31 204 205
69 206 69
178 245 245
133 225 133
53 85 190
3 35 26
149 153 153
113 169 133
71 123 123
40 196 137
29 244 92
78 252 195
73 81 59
88 161 91
59 66 191
202 210 56
88 191 191
15 172 168
84 245 4
36 238 1
41 252 96
44 253 1
87 113 57
45 48 185
189 200 195
124 201 4
98 190 190
123 217 123
83 255 255
164 186 123
8 9 157
145 195 4
99 254 92
33 88 91
137 167 137
138 140 92
166 216 123
97 198 26
17 115 153
101 227 192
40 218 205
152 229 170
32 139 22
202 242 157
13 100 185
147 177 117
165 169 133
62 157 157
159 207 238
32 148 148
27 105 148
84 156 4
123 159 123
209 230 57
123 238 238
1 171 1
36 69 1
171 232 191
11 230 33
187 256 133
1 254 1
59 84 4
153 226 153
120 238 238
19 111 56
1 76 1
160 221 1
113 125 153
12 49 255
67 85 85
1 55 1
146 198 192
161 200 195
97 117 117
25 203 238
23 42 57
8 72 170
110 238 238
164 214 35
182 199 68
46 58 26
144 226 137
163 202 85
145 152 4
101 119 192
95 241 153
81 86 59
167 219 99
53 146 192
116 230 153
12 35 35
63 91 205
191 201 191
66 75 192
105 191 148
21 189 95
42 232 191
20 243 190
52 191 1
59 206 59
161 198 26
212 237 35
195 206 195
14 209 57
103 254 137
94 141 245
3 22 22
10 157 157
88 193 91
152 247 68
152 195 152
172 222 137
125 251 153
42 191 191
29 95 92
158 195 153
122 253 245
100 101 192
189 193 85
41 117 117
250 256 117
1 110 1
22 214 22
137 182 137
106 108 117
72 220 170
119 220 68
70 177 117
73 255 255
160 181 1
82 210 56
210 231 56
4 236 238
69 237 35
127 159 59
126 204 245
207 229 238
142 236 238
6 31 148
59 153 153
219 246 168
8 145 191
129 213 245
31 88 205
79 235 22
65 215 192
137 143 137
204 214 245
46 119 26
66 199 191
92 159 92
32 38 157
78 180 195
143 155 170
58 255 255
60 126 157
97 177 231
37 57 57
140 222 137
71 109 157
33 67 33
76 94 231
123 206 123
65 238 238
37 164 96
14 33 33
178 183 91
45 143 170
225 239 148
84 172 4
29 51 43
22 198 22
71 238 238
55 183 91
48 192 192
63 141 205
76 174 133
68 141 68
206 243 195
21 183 91
133 253 133
8 212 191
122 205 205
189 240 74
196 206 137
32 39 43
56 146 192
110 198 26
128 149 91
8 105 148
83 150 190
67 96 96
90 243 191
220 221 33
125 217 153
114 153 153
54 84 4
156 218 59
213 249 255
5 87 190
31 199 205
96 111 56
61 218 99
4 173 4
112 231 231
170 233 192
47 206 255
199 255 255
147 215 117
53 189 190
186 234 123
45 96 123
100 167 185
67 138 168
11 101 192
23 96 57
87 144 137
21 58 96
42 148 148
132 150 148
96 119 68
10 92 92
141 238 238
164 212 96
14 214 35
117 241 117
170 208 170
159 243 87
95 249 255
77 80 26
40 68 68
99 117 117
40 108 205
40 170 170
82 141 59
90 192 192
171 189 59
128 192 192
148 244 148
50 65 33
72 107 185
51 57 43
212 244 69
26 211 26
190 240 190
5 254 190
107 159 185
75 175 192
36 78 1
4 185 185
17 243 245
4 55 4
159 200 87
90 143 170
22 185 22
113 205 205
114 181 43
9 193 157
17 142 245
56 77 26
53 161 190
26 179 26
61 154 69
84 101 192
55 240 152
190 256 133
109 133 133
95 183 91
91 180 91
50 69 33
125 134 22
137 244 137
108 111 56
17 167 245
13 184 68
214 249 255
73 180 35
205 235 205
84 137 137
133 239 133
63 90 205
75 247 192
14 204 245
191 217 191
127 235 59
10 15 168
101 223 192
164 216 123
228 244 238
172 215 192
55 58 96
77 79 22
91 163 91
230 232 191
66 95 191
15 21 168
134 209 22
192 246 192
33 208 33
238 253 238
40 189 205
32 120 26
79 167 22
114 169 133
8 136 191
96 145 4
172 206 195
61 247 68
222 223 137
200 253 245
189 196 137
187 238 238
63 185 185
4 179 191
183 184 91
108 181 43
7 129 231
3 59 26
41 253 245
60 251 157
47 107 185
11 123 123
183 212 91
62 255 255
31 229 170
85 180 85
56 138 56
60 171 157
103 256 133
128 157 157
64 166 168
19 114 74
146 246 192
11 104 170
94 196 137
97 159 231
2 133 133
224 252 133
81 215 192
172 232 191
234 240 168
24 52 1
163 239 148
162 240 185
67 209 57
23 144 137
222 224 133
110 192 192
20 138 190
46 52 1
4 97 4
115 250 117
22 170 22
26 251 26
215 245 192
85 148 148
171 181 43
75 83 192
86 141 59
33 215 192
62 253 91
10 81 59
217 230 99
232 242 157
102 134 22
59 235 59
22 162 22
43 213 43
115 238 238
16 159 1
105 204 148
27 221 68
137 161 137
108 173 57
3 116 26
18 35 35
64 128 168
125 243 153
117 256 117
123 246 123
61 129 245
175 192 192
41 246 96
149 194 22
77 238 238
7 174 133
148 153 148
205 237 205
132 248 133
21 237 35
64 114 168
9 199 157
86 180 92
57 239 148
26 28 117
95 169 133
22 96 22
37 232 191
62 95 91
35 213 35
93 231 231
72 83 170
1 161 1
74 91 91
55 89 152
145 243 4
104 217 170
167 231 231
17 192 192
126 235 96
167 235 99
128 163 85
144 163 137
89 135 152
48 154 185
154 254 92
34 140 185
96 117 117
24 212 87
206 208 87
92 115 153
63 210 205
111 212 56
26 165 26
28 144 117
9 94 157
29 32 205
153 200 153
23 43 43
35 249 255
48 185 185
85 140 92
55 67 152
128 252 10
75 157 192
199 246 74
214 253 245
45 132 148
43 77 43
76 105 148
81 230 59
56 193 56
244 252 152
31 109 157
74 170 170
137 155 137
179 185 185
40 181 43
57 231 231
138 223 255
122 148 148
63 159 205
48 224 185
50 240 33
137 245 137
65 82 35
122 200 35
114 177 92
205 252 205
54 205 205
58 159 87
72 86 170
85 208 85
96 180 96
37 112 69
241 244 153
47 253 255
154 213 69
185 193 185
125 209 153
123 137 137
110 168 85
34 90 185
19 228 238
9 214 157
53 159 190
136 165 85
202 230 87
11 255 255
62 105 148
50 255 255
113 201 231
40 132 148
24 197 43
83 157 157
149 184 91
8 221 191
164 177 92
89 226 190
63 140 205
9 69 157
24 199 87
140 156 59
113 147 117
176 251 238
80 191 255
134 166 22
93 207 238
19 185 185
69 183 91
55 95 152
142 186 123
183 195 91
68 217 68
17 85 245
56 60 157
158 214 153
108 249 255
40 184 205
4 17 4
50 55 33
41 143 170
10 189 10
35 229 170
91 184 91
29 110 92
135 169 133
177 240 92
214 218 35
1 73 1
15 153 153
102 137 137
5 242 157
175 187 170
27 111 68
57 255 255
41 219 96
158 211 137
168 206 168
100 115 185
11 125 153
31 242 157
96 140 92
2 159 43
92 215 192
79 228 238
175 227 91
182 221 68
23 234 57
24 244 87
107 216 185
79 168 22
33 94 245
179 234 191
169 178 133
117 163 117
101 126 192
165 249 255
80 182 255
21 166 152
88 121 22
110 140 92
1 15 1
161 208 87
46 108 26
77 163 26
36 119 1
84 161 4
56 94 56
134 226 22
131 152 152
185 238 238
188 233 192
126 252 95
57 98 57
14 18 87
158 163 153
187 220 170
94 223 255
147 245 117
108 169 133
106 172 117
97 171 231
115 255 255
22 154 22
126 238 238
152 156 59
101 216 192
195 213 195
82 185 185
27 117 117
155 156 59
177 231 231
185 213 185
33 210 56
76 115 153
151 192 192
46 170 26
72 119 170
137 168 137
22 239 22
82 128 35
136 173 33
14 19 10
15 200 168
80 255 255
119 156 68
116 155 153
186 238 238
51 148 148
34 226 185
57 95 57
151 209 4
80 142 255
142 245 245
110 185 185
175 194 22
15 190 190
119 122 68
65 96 96
114 170 170
8 109 157
135 219 168
14 100 185
51 208 43
163 253 245
20 255 255
42 230 95
70 80 117
55 192 192
55 213 152
178 180 99
50 87 33
49 180 255
5 43 43
49 100 185
94 157 157
34 54 185
2 148 148
10 117 117
37 126 195
190 220 190
60 250 117
105 177 148
31 42 205
72 73 170
176 177 238
6 119 148
67 89 195
10 107 185
104 221 170
166 197 43
30 246 148
6 50 148
62 135 91
7 35 231
57 196 137
22 159 22
115 249 255
17 32 205
28 202 117
45 172 123
131 219 168
167 195 99
114 234 168
67 215 192
129 141 245
148 217 148
179 248 133
17 143 170
48 155 185
26 46 26
72 90 170
91 169 133
52 79 1
27 228 238
20 225 190
182 230 68
17 202 245
85 108 57
52 86 1
171 238 238
57 181 43
42 122 35
4 210 56
76 192 192
53 185 185
59 192 192
12 26 26
27 190 68
17 56 56
41 217 99
1 170 1
52 201 1
141 191 191
15 75 192
105 223 148
101 238 238
29 58 92
43 242 43
156 226 190
19 179 191
56 206 56
22 174 22
2 28 117
81 90 191
101 248 192
71 230 95
14 138 168
87 150 190
201 216 231
45 203 123
195 219 168
163 241 153
131 209 57
135 164 96
42 209 57
89 104 170
242 246 157
81 237 59
25 172 238
1 63 1
31 128 205
46 158 26
137 188 137
18 250 117
127 188 56
28 31 117
91 122 91
174 233 192
156 237 59
15 227 91
47 255 255
205 231 205
156 212 59
87 120 26
42 108 57
108 200 57
19 72 170
41 148 148
37 98 57
75 190 192
98 199 57
51 93 43
38 88 157
50 248 133
15 30 148
218 227 91
15 150 190
131 167 99
164 199 96
112 244 69
147 171 117
20 245 190
80 248 133
45 121 22
14 106 117
185 230 185
58 69 96
41 42 96
180 248 133
27 137 137
90 153 153
70 107 117
179 238 238
25 119 238
142 249 255
159 180 87
218 255 255
73 191 191
19 58 96
51 200 43
133 235 133
157 221 157
68 97 68
153 216 153
47 198 26
58 126 96
12 29 92
112 168 168
64 241 153
73 170 170
195 230 195
84 157 157
42 239 148
24 213 87
33 235 33
147 208 117
71 159 87
153 254 153
102 204 56
69 76 231
13 220 68
153 157 157
17 58 245
196 243 137
191 230 191
121 147 117
106 230 117
186 206 123
111 256 133
151 211 137
124 165 4
117 215 117
50 168 33
56 82 56
130 245 56
130 185 185
191 254 191
17 95 245
11 228 238
3 196 26
4 49 255
99 203 99
19 24 87
180 208 87
120 204 26
59 240 59
148 150 148
47 248 133
214 234 35
82 229 170
64 191 191
131 151 4
147 151 117
8 54 191
50 160 1
126 212 69
44 89 1
2 106 117
153 178 153
19 96 96
89 219 168
109 238 238
6 123 148
203 230 69
12 211 137
49 121 22
69 85 85
133 208 133
138 184 123
24 141 59
91 177 91
178 185 185
188 190 190
5 106 117
4 246 4
45 135 123
4 142 4
55 138 168
149 196 137
91 243 91
12 104 170
103 192 192
93 223 255
53 215 192
206 220 99
62 207 238
237 252 35
5 201 190
65 209 57
26 218 26
84 93 4
191 252 191
6 78 148
1 35 1
3 66 26
188 251 56
54 81 231
7 207 238
130 171 56
43 119 43
78 195 195
129 142 245
5 26 26
173 231 231
49 204 255
51 185 185
49 139 22
221 240 33
103 166 137
212 247 68
153 195 153
59 94 245
164 254 92
135 170 170
96 203 96
102 159 56
231 245 231
93 160 1
108 211 137
24 79 22
151 190 190
58 173 33
35 111 56
53 153 153
17 33 245
129 192 192
73 178 35
33 126 33
120 223 26
12 129 245
59 156 59
64 104 170
91 128 91
101 178 192
58 153 153
230 235 96
35 195 35
7 90 191
54 224 133
10 217 99
171 201 231
39 100 185
1 194 1
218 229 170
91 103 137
26 114 26
18 218 87
21 173 33
126 246 74
203 234 168
43 86 43
43 115 43
4 28 117
57 81 59
122 235 35
65 251 85
59 143 170
199 221 33
65 165 85
175 209 123
37 135 152
22 204 22
31 213 205
43 103 43
57 109 157
68 90 68
198 224 133
20 227 190
10 111 56
140 213 92
114 167 99
191 248 133
104 140 170
67 71 10
153 217 153
16 188 1
157 160 1
20 139 22
15 191 191
56 137 137
59 123 123
166 167 99
44 237 1
22 202 22
42 129 245
9 175 157
6 60 148
120 185 185
134 188 22
113 162 185
68 138 68
47 224 133
50 80 255
170 181 43
167 177 92
80 100 185
13 235 68
42 114 74
17 186 245
56 244 56
166 252 152
142 214 35
23 123 123
53 211 137
55 69 69
32 55 205
35 92 35
186 192 192
48 54 185
24 59 59
29 133 133
192 254 192
27 214 68
32 199 205
25 244 238
2 194 22
24 190 190
150 166 190
41 92 92
55 128 152
167 228 238
47 240 255
160 189 1
133 226 133
22 254 22
141 231 231
210 228 238
184 238 238
85 117 117
57 152 57
23 241 153
179 203 191
125 154 153
11 26 26
36 233 1
135 245 245
33 78 33
191 244 191
88 225 91
214 245 245
143 146 192
141 149 91
7 167 231
76 157 157
21 124 4
84 183 91
18 150 190
41 128 96
22 180 22
77 110 26
84 136 4
192 235 192
180 220 99
60 114 157
95 219 168
19 209 57
39 220 43
51 192 192
80 96 255
57 93 57
23 256 133
156 245 245
159 239 148
133 181 133
22 40 22
22 179 22
135 190 190
62 189 91
36 250 1
98 143 170
26 94 26
72 213 170
67 184 123
91 221 91
133 212 133
81 178 59
126 190 190
96 139 22
61 120 26
58 127 59
3 229 26
116 142 153
146 179 192
62 103 137
107 195 185
133 199 133
202 241 153
19 193 85
104 129 170
24 37 87
32 103 137
18 183 91
36 37 1
135 180 152
2 94 43
97 232 191
110 209 57
89 185 185
43 183 43
69 240 69
79 123 22
129 175 245
157 223 157
41 84 4
56 128 56
103 210 137
47 117 117
16 35 1
87 180 87
58 91 91
15 58 96
178 233 192
151 163 4
99 188 56
96 165 85
59 106 117
32 164 205
81 256 133
177 201 231
141 184 123
169 219 133
177 185 185
65 114 74
28 91 117
64 189 168
18 172 87
113 153 153
23 91 91
91 192 192
1 10 1
94 208 245
1 123 1
105 139 22
67 140 92
72 131 170
91 218 91
61 134 22
99 256 133
87 178 87
61 81 59
95 251 85
71 136 95
17 175 245
40 255 255
161 189 74
47 56 255
24 112 87
208 225 4
87 177 92
23 58 57
76 140 231
174 250 117
29 62 91
183 216 91
36 199 1
36 88 1
54 231 231
18 203 87
111 152 56
86 206 92
14 136 10
81 219 59
22 137 22
137 174 133
28 99 117
101 161 192
18 65 87
33 192 192
110 203 85
187 228 238
122 130 56
37 203 69
59 129 245
43 92 43
35 142 35
1 233 1
89 148 148
220 225 4
98 134 22
10 99 99
109 202 157
144 212 137
23 214 35
1 71 1
61 209 57
161 165 85
179 184 191
17 93 245
158 187 170
25 129 238
4 202 4
46 65 26
26 148 148
126 127 59
214 242 157
22 61 22
188 254 56
8 24 191
38 172 157
148 183 148
11 161 33
199 226 190
55 65 152
68 226 68
158 170 170
63 224 133
16 158 1
98 229 170
24 235 87
138 153 153
42 43 43
1 99 1
151 185 185
128 243 10
32 178 205
21 169 133
10 97 231
23 149 91
43 144 43
136 167 99
4 186 4
179 222 137
15 165 85
27 83 68
116 172 153
4 145 4
58 218 99
142 177 92
94 105 148
232 254 191
94 114 245
9 26 26
211 230 137
187 221 170
76 184 231
138 154 168
24 109 157
7 251 231
198 255 26
78 178 99
50 227 91
6 167 148
17 240 245
39 231 43
86 113 92
63 97 205
48 114 185
45 102 56
218 242 157
128 136 10
46 184 26
22 41 22
91 231 91
8 237 191
108 213 57
124 246 4
26 205 26
18 205 205
34 120 185
101 135 192
175 237 123
21 231 231
19 241 153
80 138 255
34 45 185
18 153 153
21 244 152
32 255 255
23 145 4
177 255 255
74 178 99
104 201 170
15 109 157
57 246 57
76 188 56
100 130 185
48 102 185
238 244 238
155 185 185
90 157 157
52 141 1
52 90 1
36 210 1
80 146 192
67 200 195
1 46 1
5 109 157
14 190 190
69 154 69
142 192 192
32 216 205
69 152 69
12 161 69
28 180 117
1 204 1
99 116 153
128 139 22
91 212 91
134 178 22
81 180 59
43 51 43
11 185 185
49 124 255
83 210 205
93 156 59
20 203 190
19 180 10
70 185 117
29 202 92
132 252 148
15 111 56
111 236 238
86 235 92
27 205 68
85 251 85
81 217 59
70 233 117
155 215 192
155 205 205
169 208 133
32 45 205
47 133 133
166 217 99
95 116 153
36 164 1
164 255 255
42 203 69
65 140 92
35 216 123
57 188 56
33 121 22
169 251 133
171 204 245
3 19 26
101 122 192
66 185 185
148 173 148
189 195 195
43 93 43
165 237 35
15 87 87
56 200 56
9 146 192
26 108 26
60 79 22
85 112 85
34 247 185
113 121 22
217 235 99
8 15 191
71 169 133
199 251 85
51 167 43
117 178 117
96 134 22
51 253 43
68 131 68
166 185 185
5 13 68
7 60 157
182 194 22
66 251 191
26 173 26
152 171 59
56 85 56
148 242 148
87 124 4
157 204 157
140 170 170
25 101 238
97 242 157
35 51 43
41 214 35
104 238 238
133 220 133
71 149 91
97 252 231
44 114 1
56 223 255
38 100 185
12 231 231
58 154 96
87 204 245
35 234 35
43 168 43
4 148 148
16 32 1
70 149 117
65 206 195
46 133 133
4 238 238
205 240 205
56 100 185
46 80 26
128 236 238
166 221 33
22 147 117
178 225 4
177 219 92
39 134 22
170 239 148
153 196 137
63 153 153
95 171 59
32 89 205
71 155 96
154 192 192
14 200 195
83 205 205
24 50 33
70 112 117
10 22 22
51 179 43
43 237 43
138 254 92
108 210 56
41 170 170
24 95 87
60 215 192
67 153 153
213 256 133
87 93 87
31 243 205
33 219 33
85 131 85
191 226 190
171 200 59
6 20 148
124 222 137
152 201 231
40 230 205
105 252 148
15 110 85
36 151 1
58 59 59
83 185 185
43 222 43
71 222 137
133 174 133
24 150 190
26 191 26
94 200 245
71 208 87
44 218 1
42 138 168
23 192 192
59 144 137
99 224 133
153 180 153
50 172 33
14 83 205
41 126 96
122 177 35
128 218 99
112 235 96
90 108 191
25 215 238
41 69 96
149 249 255
128 247 68
71 223 255
18 50 33
120 160 1
99 241 153
219 238 238
28 109 117
61 71 10
193 205 205
166 222 137
2 253 43
44 256 1
15 93 168
10 250 117
199 252 95
154 170 170
61 254 92
137 193 137
190 219 190
28 71 117
19 171 59
67 106 117
78 190 190
148 210 148
54 195 231
227 253 91
70 209 117
92 221 92
63 196 137
44 197 1
54 214 231
64 85 85
22 191 22
1 19 1
67 248 133
123 138 123
90 212 191
96 206 96
125 227 153
141 148 148
83 148 148
48 239 185
17 206 245
44 137 1
180 221 33
58 139 22
137 165 137
15 256 133
197 249 43
99 112 99
31 36 1
65 90 191
156 256 133
159 246 87
79 127 22
26 256 133
37 129 245
51 249 43
205 232 205
73 129 245
67 93 152
125 206 153
137 207 238
10 141 59
206 223 255
178 205 205
58 199 96
58 224 133
39 136 43
19 183 91
65 236 238
57 178 57
78 255 255
12 19 69
126 207 238
92 181 43
147 163 117
138 191 191
186 204 245
155 174 133
21 147 117
117 237 117
76 148 148
55 212 69
157 256 133
124 132 148
222 243 137
43 198 43
193 256 133
17 31 205
9 80 157
144 197 43
50 62 91
70 241 117
116 207 238
14 90 191
86 138 92
210 240 56
116 181 43
126 192 192
152 240 152
143 206 170
163 221 33
4 222 137
36 85 1
25 232 238
15 22 22
163 255 255
61 178 99
66 227 191
124 142 4
18 220 87
101 107 192
17 73 245
21 188 56
83 182 68
95 180 10
117 199 117
17 65 245
170 244 170
39 238 238
15 210 56
170 188 170
9 216 157
200 233 192
30 185 185
132 153 148
2 155 43
45 85 123
212 255 255
49 59 255
35 161 35
92 97 231
155 179 191
21 109 157
96 190 190
130 174 133
11 98 57
227 230 91
65 81 59
180 230 10
105 163 148
1 29 1
98 157 157
43 110 43
199 256 133
24 217 87
149 165 91
117 148 117
26 89 26
77 133 133
21 152 152
22 54 22
153 183 153
230 234 168
14 166 152
155 187 170
210 215 192
156 228 238
88 170 170
84 139 22
58 213 96
1 68 1
113 174 133
187 241 170
15 197 43
169 192 192
2 163 43
18 184 123
133 186 133
7 106 117
136 222 137
6 205 148
63 93 205
66 255 255
175 243 123
130 156 56
23 202 57
71 90 191
139 251 22
86 145 4
71 255 255
65 135 152
38 183 157
43 56 43
169 179 133
57 69 57
73 120 26
101 155 192
39 172 43
9 237 157
25 54 238
200 231 231
233 234 192
67 162 185
17 238 238
165 247 68
159 242 157
35 126 35
8 217 191
148 246 148
61 99 99
201 213 231
172 256 133
179 197 43
94 210 56
39 175 43
40 158 153
2 27 43
26 198 26
94 145 4
53 164 190
137 157 157
9 208 157
155 241 153
241 245 153
49 239 148
6 157 148
111 206 56
51 203 43
56 108 56
23 85 57
152 215 192
77 184 26
186 194 22
96 126 96
58 238 238
62 104 170
86 189 92
165 210 56
63 146 192
211 256 133
137 189 137
193 237 35
91 127 91
22 167 22
17 207 238
99 147 117
4 235 4
179 235 191
60 173 157
213 245 245
121 185 22
233 251 192
70 102 117
25 205 238
76 221 231
34 80 185
241 246 153
95 190 190
154 248 133
29 48 185
92 202 92
80 99 255
35 191 191
78 108 57
8 180 191
56 210 56
20 222 137
180 186 123
47 67 255
1 105 1
155 197 43
44 88 1
31 34 185
8 215 192
115 157 157
109 237 157
71 132 148
163 170 170
77 144 26
153 189 153
104 150 170
85 199 85
59 168 59
87 155 87
202 238 238
114 157 157
60 177 157
67 161 10
57 171 59
22 85 22
70 85 117
29 56 56
99 177 92
51 151 43
216 256 133
104 243 170
73 95 35
97 108 231
142 243 33
85 255 255
62 78 91
57 186 123
215 256 192
68 209 68
194 213 22
26 31 26
140 251 92
199 240 74
73 244 35
74 121 22
104 151 170
54 253 231
32 143 170
82 196 137
11 186 123
122 156 59
193 202 85
89 221 33
184 245 245
26 138 26
108 126 57
94 240 245
34 208 185
50 148 148
149 256 133
185 254 185
183 200 91
24 67 87
67 195 195
91 154 91
143 230 170
136 168 168
17 173 245
133 170 133
116 215 192
59 73 59
114 215 192
202 221 33
43 236 238
116 167 153
27 120 26
90 237 191
65 72 170
28 98 117
24 156 59
56 91 56
146 186 192
32 126 205
117 197 117
72 247 170
72 251 170
117 180 117
143 188 170
63 104 170
99 179 191
75 161 192
62 126 91
34 108 185
191 232 191
87 97 231
7 20 190
151 153 153
194 218 22
62 94 91
40 130 205
94 104 170
115 246 153
21 127 59
213 243 74
187 255 255
133 134 22
14 218 99
65 245 245
120 140 26
50 132 148
68 137 137
104 148 148
219 250 117
94 161 245
56 199 56
183 234 91
186 245 245
188 209 56
133 210 133
38 84 157
128 231 231
137 202 137
134 147 117
186 226 190
25 110 238
72 99 170
6 159 148
153 248 133
66 142 191
140 215 192
110 146 192
115 187 170
60 152 157
112 240 69
68 248 133
172 218 99
20 43 43
11 59 59
84 216 4
119 239 148
148 199 148
33 224 133
27 39 43
192 238 238
24 149 91
42 223 255
38 150 157
72 192 192
97 172 231
53 176 238
24 117 117
121 205 22
184 194 22
35 66 191
9 105 148
206 237 35
190 242 157
37 199 195
219 243 168
6 201 148
40 221 205
73 251 35
3 143 26
63 164 205
4 47 255
112 163 85
18 204 245
79 95 22
154 225 4
11 19 33
80 101 192
231 254 231
45 214 123
117 140 117
22 30 22
56 201 56
141 152 59
71 196 137
137 177 137
7 213 231
59 110 59
59 126 59
28 146 117
4 150 190
29 121 22
106 180 117
204 254 245
113 206 57
49 209 255
26 186 26
8 130 56
134 206 22
7 148 148
43 211 43
17 216 245
112 165 85
137 153 137
103 147 117
3 86 26
104 191 170
123 214 123
155 207 238
148 168 148
110 157 157
21 43 43
43 254 43
134 239 22
68 218 68
50 127 59
9 227 157
75 195 192
85 109 157
133 143 133
123 140 123
104 116 170
117 127 117
35 154 35
18 182 68
92 200 92
49 171 255
1 191 1
3 142 26
85 209 57
77 191 26
148 247 148
70 146 117
144 223 137
152 241 153
173 205 205
131 189 95
71 202 87
58 63 205
65 127 59
58 157 157
171 185 185
116 133 133
76 110 231
166 186 123
165 221 33
7 182 68
112 155 96
32 122 205
64 177 92
5 187 170
66 126 191
152 175 123
12 178 99
2 203 43
33 92 92
5 218 190
63 254 205
14 87 87
138 141 59
22 181 22
98 117 117
22 55 22
105 192 192
59 247 68
170 222 137
1 149 1
88 159 91
94 256 133
31 210 205
98 111 56
188 205 205
78 91 91
37 153 153
189 236 238
172 200 195
36 110 1
33 106 117
13 94 68
104 184 170
155 238 238
12 25 238
85 230 85
139 250 117
93 222 137
136 143 170
50 235 33
184 246 123
13 237 68
151 251 4
48 225 185
114 205 205
35 114 35
14 113 57
30 140 148
212 220 99
76 145 4
41 221 33
53 247 68
21 114 74
24 246 87
50 234 33
172 217 99
49 133 133
9 27 157
30 122 148
4 14 4
48 135 185
24 137 137
49 168 255
11 234 33
144 238 238
86 188 56
93 177 92
100 146 192
226 229 170
149 182 68
157 233 192
59 238 238
82 222 137
22 197 22
97 189 231
129 161 245
158 222 137
38 217 157
71 92 92
73 113 35
50 171 59
95 142 33
71 212 69
207 225 238
170 197 43
54 128 231
