256 6463
161 233 1
80 208 1
176 190 235
5 189 235
67 76 254
21 187 254
71 246 27
71 249 27
8 222 4
17 249 4
62 79 253
122 222 253
86 118 164
100 180 28
170 194 28
90 242 50
25 144 50
11 126 177
11 155 177
14 219 2
33 152 48
182 232 45
30 42 45
108 141 84
85 179 84
117 239 214
63 237 140
160 194 116
180 194 116
17 57 87
47 123 198
141 241 186
100 105 186
197 224 147
240 252 148
13 121 148
44 234 176
59 181 176
54 168 149
54 127 149
63 172 178
135 172 178
166 200 52
39 200 52
100 231 109
59 122 106
122 142 106
114 224 117
34 114 117
58 183 255
171 238 174
64 153 112
125 232 7
136 170 239
31 204 38
68 75 234
120 206 78
89 187 66
115 142 59
146 240 95
21 153 81
141 226 231
223 236 228
37 41 30
37 217 30
24 102 244
35 242 248
32 193 167
132 144 94
14 144 94
101 158 18
69 220 206
46 88 187
60 221 85
192 209 132
145 209 132
185 199 222
3 70 53
91 100 139
15 96 251
9 163 197
158 162 40
61 213 152
61 201 152
46 97 113
159 203 113
6 99 196
179 250 137
118 150 70
83 168 26
22 168 26
127 216 1
99 103 196
146 180 1
62 127 235
48 196 48
2 138 1
101 162 18
47 255 198
1 232 1
1 111 1
70 118 70
31 158 1
175 181 1
8 197 4
24 229 235
37 246 30
108 179 137
42 232 7
1 214 1
36 127 149
192 219 2
47 226 198
99 151 196
27 74 27
67 254 254
31 82 38
119 168 26
22 109 235
109 239 214
113 187 187
1 122 1
135 227 178
196 250 27
27 213 27
1 94 1
63 135 178
191 213 140
59 144 1
1 208 1
11 30 27
45 147 27
2 132 2
99 207 27
4 59 4
44 243 253
18 218 218
53 164 164
156 193 167
175 250 1
235 243 235
31 76 254
86 134 164
224 247 117
93 236 228
69 185 4
32 137 1
12 233 38
27 253 27
33 111 33
64 140 1
88 203 187
10 220 206
97 221 1
77 150 1
142 235 235
18 198 1
76 159 254
155 160 28
100 250 84
99 172 178
131 163 197
51 253 4
120 220 78
11 139 28
132 195 2
221 256 84
89 184 184
11 207 177
92 168 235
52 211 235
55 155 28
115 122 106
1 135 1
1 11 1
28 120 28
42 204 1
63 205 1
24 140 235
53 177 1
94 195 2
116 197 28
1 244 1
99 215 152
71 103 27
11 235 235
194 206 116
1 165 1
19 32 1
140 150 1
104 238 174
38 246 1
1 168 1
27 125 27
106 157 106
96 229 4
84 96 4
55 128 214
15 27 27
23 207 177
195 209 2
149 235 235
206 220 206
83 109 235
1 79 1
5 52 235
98 222 253
194 220 116
54 149 149
54 200 149
89 113 66
27 250 27
5 227 235
1 14 1
1 191 1
4 243 4
102 235 235
46 184 66
7 45 45
107 161 107
69 88 1
172 237 140
76 151 1
12 204 38
135 140 140
148 242 1
83 118 1
146 225 146
66 171 1
37 71 27
131 211 147
227 237 140
153 237 1
44 106 176
27 64 1
22 54 149
88 187 187
38 193 254
1 242 1
27 28 27
27 143 27
46 173 113
43 182 1
1 53 1
160 235 235
165 217 1
9 256 84
8 230 4
162 230 1
53 80 164
142 181 176
4 55 4
169 235 235
119 210 1
28 180 28
155 214 28
1 30 1
9 241 186
92 99 196
51 136 84
222 245 253
50 73 50
39 149 149
24 253 235
1 216 1
123 186 186
148 240 148
46 252 148
41 180 27
114 170 214
24 54 149
90 241 1
30 68 27
15 61 27
136 186 214
27 30 27
29 204 38
12 56 1
67 247 1
9 117 147
10 120 78
61 143 48
155 235 235
1 91 1
161 228 161
1 235 1
154 235 235
103 243 27
110 238 174
88 97 187
28 137 28
71 177 27
128 170 239
29 232 1
1 148 1
135 146 1
50 130 50
38 64 112
107 135 1
89 173 66
156 202 1
1 107 1
33 143 143
54 162 1
88 113 187
42 235 235
205 218 50
85 235 235
32 209 1
33 37 27
1 124 1
66 254 254
65 253 253
196 227 227
28 224 28
1 182 1
34 197 147
124 181 27
200 224 235
40 206 1
4 180 4
27 186 27
53 118 53
41 251 27
13 165 148
10 60 28
24 200 52
27 123 27
13 115 1
162 212 1
21 81 81
35 56 1
72 193 167
38 112 112
33 132 1
28 100 28
74 176 4
161 209 1
33 61 48
115 157 106
28 54 235
53 70 53
28 109 28
255 256 84
13 252 148
155 207 177
15 212 1
27 75 27
141 198 198
151 218 1
124 154 235
162 192 50
4 126 4
135 151 178
1 196 1
203 210 113
38 186 1
13 72 148
84 214 84
20 238 1
3 150 53
14 161 1
165 193 167
119 235 235
8 191 27
1 12 1
29 56 1
46 159 113
64 89 254
148 184 148
1 139 1
38 43 112
24 235 235
98 214 4
58 221 84
164 188 1
49 72 1
89 180 1
37 106 27
109 136 214
1 157 1
1 81 1
122 147 4
1 146 1
211 247 117
1 256 1
200 244 52
116 235 235
50 174 50
127 235 235
132 160 1
1 28 1
1 36 1
169 196 27
61 216 1
74 160 116
84 101 1
97 184 66
180 229 4
47 235 235
4 249 4
91 105 186
34 235 235
40 101 18
1 184 1
9 197 197
180 235 235
31 235 1
73 162 40
18 50 50
27 41 27
124 201 152
34 42 27
74 171 1
6 135 178
56 104 1
75 181 176
4 23 4
28 206 28
1 103 1
27 134 1
21 216 254
55 117 186
141 177 28
169 207 177
29 242 1
122 234 176
51 255 84
132 182 1
128 197 214
122 162 1
4 169 4
50 219 50
67 186 1
129 232 129
201 249 27
111 143 143
9 214 214
104 200 1
140 172 140
100 147 186
132 219 2
50 188 1
50 255 1
3 118 53
5 190 235
198 231 198
177 240 1
90 163 1
24 38 1
1 164 1
1 51 1
150 164 164
153 254 254
80 150 164
17 235 235
20 165 95
18 101 18
120 194 116
15 68 4
1 21 1
63 124 152
152 237 140
201 213 152
156 165 167
50 238 50
86 129 1
28 34 28
171 182 1
153 162 1
41 45 45
25 101 50
1 109 1
49 219 1
1 240 1
79 106 253
2 86 1
27 109 27
59 147 4
47 100 198
20 240 95
12 112 112
38 97 254
104 106 1
112 204 112
192 195 2
89 200 1
93 123 1
1 75 1
27 63 27
59 157 106
14 209 94
6 16 152
222 235 235
25 99 1
86 175 1
124 171 1
199 208 1
27 235 235
145 192 132
154 189 189
4 77 4
87 175 1
46 113 113
1 209 1
100 184 1
11 169 177
16 235 235
105 256 84
19 224 117
1 238 1
14 175 94
30 182 45
113 132 1
8 196 27
67 152 1
68 72 1
139 240 1
1 133 1
3 86 164
245 253 253
56 242 1
47 211 198
4 176 4
137 242 1
67 216 216
1 181 1
66 97 66
75 122 176
38 254 254
1 149 1
131 224 147
54 102 149
204 254 254
4 60 4
91 224 186
4 133 4
36 195 1
139 231 109
21 100 1
44 75 176
99 242 1
1 54 1
121 210 148
126 207 177
89 203 66
54 83 149
170 178 27
35 62 1
123 214 214
34 127 235
20 148 148
114 196 27
198 249 4
173 185 1
27 141 27
177 206 28
47 214 214
163 214 214
151 235 235
122 157 106
132 134 1
72 225 95
163 207 28
1 140 1
71 120 27
33 227 48
165 167 167
46 169 1
3 80 164
27 251 27
4 75 4
158 238 50
123 255 123
134 164 164
28 126 28
12 199 1
213 227 152
96 251 251
79 141 4
77 185 222
200 242 1
166 235 235
106 222 253
91 226 109
142 234 176
132 174 50
209 219 2
35 117 1
14 199 1
14 195 2
4 251 4
48 237 48
4 222 4
69 120 78
81 153 81
143 235 235
57 202 202
8 96 4
91 231 109
42 165 1
148 225 148
84 114 84
100 141 109
3 53 53
31 140 1
83 129 235
84 113 1
4 58 4
130 205 50
105 241 186
8 75 4
27 71 27
107 228 107
91 212 1
49 245 253
91 227 27
83 119 26
84 170 84
97 159 113
136 241 214
91 141 109
1 41 1
5 235 235
145 195 2
24 122 235
114 190 235
17 100 4
152 171 1
117 147 147
29 84 1
168 235 235
119 134 1
63 140 140
19 84 84
1 212 1
65 243 253
8 133 4
178 237 140
13 46 148
63 191 140
22 119 119
47 131 198
135 196 178
10 115 4
38 233 38
11 91 28
4 96 4
17 202 87
32 100 1
34 247 117
1 145 1
142 213 27
158 218 218
1 200 1
1 213 1
69 128 28
158 206 1
104 105 1
82 146 254
19 145 1
51 57 4
27 206 27
84 239 84
4 91 4
10 90 1
194 243 4
122 155 4
204 216 254
27 182 27
27 59 27
105 178 27
215 227 152
113 238 1
201 211 27
197 247 147
178 248 1
1 204 1
55 109 186
27 155 27
175 219 2
38 99 1
1 136 1
204 233 38
145 175 94
138 151 1
44 207 4
42 229 27
1 192 1
161 236 161
19 128 214
80 100 1
125 217 45
29 136 1
24 30 235
44 59 176
20 44 1
125 227 27
57 126 4
55 114 186
12 254 254
50 145 50
19 235 235
40 73 40
18 40 18
100 226 109
140 143 48
100 241 186
42 129 7
1 88 1
143 213 48
80 190 1
144 219 2
204 223 1
14 205 50
10 199 4
70 86 164
71 237 27
50 110 50
131 247 147
74 221 28
113 203 113
126 128 28
49 61 27
57 110 1
46 59 1
43 94 1
74 85 28
31 81 112
68 253 253
107 248 1
117 186 186
1 202 1
164 170 1
106 142 106
176 253 253
1 248 1
52 186 235
21 67 254
1 249 1
5 68 235
26 170 235
65 110 1
6 15 27
112 151 1
145 219 2
1 112 1
164 183 1
11 69 28
52 166 52
124 237 140
25 104 50
171 226 1
20 200 1
27 247 27
213 223 1
27 37 27
28 60 28
159 187 187
4 51 4
1 233 1
70 134 134
4 199 4
43 120 1
64 204 112
89 158 1
19 89 1
67 155 1
114 211 117
1 72 1
104 171 104
101 253 1
80 118 164
148 212 148
90 117 1
226 239 214
84 207 28
65 77 253
97 121 148
43 112 112
50 218 50
87 181 4
184 236 1
51 182 27
225 250 1
49 81 1
17 150 1
15 122 4
160 206 116
99 178 178
85 256 84
6 246 27
131 140 27
235 237 235
91 239 214
123 183 123
139 211 186
139 141 109
105 142 4
87 95 1
1 110 1
167 236 1
78 235 235
114 208 1
104 201 1
159 184 66
27 230 27
172 196 178
41 247 27
70 82 1
13 34 1
17 27 27
187 212 148
154 155 235
110 209 50
249 251 4
76 187 254
160 215 27
68 193 1
3 184 1
88 210 187
15 194 4
100 139 139
158 167 1
118 244 1
114 194 28
66 113 66
72 165 167
46 91 1
7 232 7
103 256 27
196 251 27
33 135 48
196 213 152
48 235 235
159 210 113
27 217 27
4 11 4
190 227 235
140 152 140
26 244 149
206 228 1
42 125 125
1 76 1
31 233 38
101 130 50
114 163 147
124 249 27
217 246 30
75 201 27
3 229 1
53 56 1
53 84 1
68 106 176
26 245 235
120 160 116
10 180 116
196 208 1
154 256 235
206 235 235
60 121 1
4 142 4
43 200 1
48 122 27
16 172 178
176 183 4
181 244 235
1 61 1
7 130 1
128 147 214
213 237 140
138 181 1
61 209 1
4 69 4
28 51 28
105 231 186
23 205 1
59 67 1
128 235 235
115 119 235
28 105 28
212 254 254
13 212 212
189 235 235
88 159 187
4 207 4
37 235 235
32 35 1
48 140 48
51 225 1
68 181 176
235 244 235
55 194 28
47 247 198
47 147 198
215 235 235
1 127 1
20 212 148
114 198 198
210 254 254
22 26 26
92 237 140
14 100 1
1 253 1
30 67 1
208 236 228
235 239 235
232 248 1
173 187 187
70 241 1
51 177 28
135 191 140
105 123 186
13 176 1
50 132 50
9 158 1
220 230 4
1 167 1
112 132 1
4 186 4
78 212 1
3 242 1
59 197 4
76 138 254
34 91 186
75 176 176
10 69 206
1 210 1
58 126 28
47 63 27
214 220 28
60 134 1
1 115 1
72 175 1
56 87 1
43 138 43
27 222 27
34 158 1
103 213 152
150 241 1
97 240 148
166 244 52
66 210 66
109 184 1
31 64 112
23 177 177
81 195 1
132 192 132
27 45 27
121 141 1
13 81 254
113 195 1
48 202 27
57 188 4
170 215 27
9 160 28
98 196 27
18 73 18
78 220 78
176 232 27
101 218 218
225 245 1
90 205 50
225 240 95
191 252 1
76 176 1
76 216 254
221 234 4
125 182 45
252 254 254
1 147 1
4 253 4
99 198 27
118 181 1
231 255 186
1 250 1
2 148 1
27 48 27
1 29 1
80 164 164
54 235 235
54 244 149
28 255 28
43 203 254
184 235 1
4 115 4
51 164 1
121 165 148
78 180 116
4 85 4
131 215 27
4 27 27
94 192 94
73 101 18
3 238 1
180 220 116
1 225 1
225 254 254
191 235 235
99 143 48
48 152 48
29 240 254
1 56 1
158 171 50
49 229 4
32 146 95
69 77 4
40 180 1
140 228 1
57 224 4
93 188 1
49 65 253
49 222 253
146 218 1
31 136 1
124 166 235
72 240 95
205 242 248
4 109 4
59 115 59
84 179 84
4 160 4
84 108 84
175 195 2
81 256 1
131 136 214
144 195 2
79 145 1
114 175 1
235 247 235
1 189 1
78 134 1
102 171 1
39 244 52
44 142 176
7 81 1
124 172 178
68 122 176
1 50 1
97 210 113
116 147 28
14 112 1
99 237 140
12 64 112
137 179 137
14 50 50
28 123 28
30 235 235
132 209 132
108 160 28
77 115 253
1 66 1
43 218 1
3 182 1
111 237 48
27 223 1
16 99 152
176 214 4
48 124 48
109 170 214
137 163 84
1 254 1
35 205 35
52 79 235
175 209 94
1 60 1
9 211 147
178 191 140
62 253 253
76 254 254
60 256 84
115 243 253
102 184 1
82 159 254
37 45 45
54 117 235
33 191 48
12 43 112
76 81 254
86 150 164
7 227 27
46 187 187
20 139 1
37 232 45
154 175 1
84 255 84
135 176 27
30 238 1
41 74 27
39 52 52
58 214 214
58 198 198
4 214 4
72 149 1
22 127 127
39 186 235
27 201 27
15 235 235
102 245 235
98 174 1
110 130 50
27 227 27
1 178 1
93 223 93
1 195 1
23 120 28
103 237 140
9 19 147
4 241 4
135 213 178
64 81 112
6 92 6
107 204 1
47 197 198
103 172 178
121 124 1
117 224 117
140 237 140
24 39 52
48 206 27
10 27 27
43 242 1
79 142 253
246 248 1
145 199 1
50 256 1
172 191 140
85 160 28
170 198 214
5 252 1
3 216 1
28 147 28
239 249 4
43 230 1
66 86 1
112 202 1
21 43 112
47 105 198
197 251 4
1 130 1
1 10 1
186 220 28
159 173 159
124 151 152
68 142 176
21 112 112
142 237 27
1 217 1
181 245 253
41 129 45
51 211 84
126 170 28
45 181 27
55 235 235
225 246 1
34 147 147
1 150 1
48 92 48
37 63 27
202 207 4
120 153 1
152 188 27
10 217 27
80 187 1
36 54 149
108 203 1
19 211 117
100 247 186
32 177 1
105 233 1
74 180 116
99 175 1
45 211 27
50 185 1
66 240 148
62 166 235
41 182 45
156 240 95
143 191 48
94 122 1
85 139 84
145 162 50
50 158 50
46 195 1
11 23 177
5 111 235
102 152 235
186 241 186
83 102 149
47 182 27
65 245 253
80 86 80
119 186 235
1 104 1
79 83 235
176 230 4
12 24 1
57 183 4
91 220 28
142 214 4
129 165 1
24 244 244
178 186 27
21 31 112
17 89 1
23 202 4
64 187 254
214 241 214
94 191 1
44 74 4
58 109 186
226 248 1
1 25 1
44 55 4
95 148 148
211 224 117
50 187 1
1 207 1
18 94 50
150 223 1
17 35 1
81 251 1
130 242 50
115 235 235
152 178 178
197 238 1
12 198 1
126 181 4
222 234 253
156 246 1
75 115 176
88 218 1
47 141 198
23 28 28
37 182 45
121 254 254
40 90 50
96 239 4
71 147 27
183 206 28
145 241 1
17 251 4
157 160 4
198 234 4
47 139 198
76 225 254
73 158 158
63 235 235
89 210 66
221 250 84
12 159 254
8 122 4
1 27 1
20 225 225
144 216 1
1 82 1
1 223 1
138 153 112
138 183 1
4 66 1
12 81 112
18 189 1
128 198 214
70 178 1
56 88 1
1 4 1
61 191 140
34 211 117
129 241 27
12 31 38
69 159 1
1 173 1
59 172 27
61 80 1
125 129 7
164 230 1
205 248 248
1 132 1
40 218 218
60 211 84
127 168 26
234 253 253
32 103 1
1 43 1
61 112 1
68 234 234
136 179 84
94 106 1
131 241 186
202 215 27
61 172 178
60 179 84
60 152 27
147 248 1
156 186 1
148 192 1
229 249 4
102 200 52
60 247 84
41 246 30
27 61 27
87 230 4
45 71 27
51 84 84
14 78 1
29 70 1
185 235 235
233 248 1
230 252 1
66 188 1
80 134 164
4 131 4
62 210 1
178 201 178
39 47 235
213 215 152
149 256 235
44 57 4
140 235 235
19 197 147
84 100 84
96 159 1
20 74 1
22 143 235
149 166 149
11 147 28
62 178 27
250 256 84
80 136 1
6 103 103
8 126 4
36 200 52
20 193 95
117 136 214
57 213 27
14 145 94
26 189 235
14 192 94
27 44 27
84 109 84
130 211 1
51 131 84
148 165 148
35 61 1
124 178 178
124 191 140
10 100 28
44 122 176
27 152 27
127 129 235
21 64 112
190 238 1
196 237 140
156 225 95
170 231 214
29 31 38
15 88 1
36 245 235
119 127 127
28 131 28
69 108 28
159 254 254
163 211 147
76 145 1
135 155 27
148 254 254
48 111 48
10 235 235
71 235 235
45 125 45
84 256 84
89 148 148
63 99 152
143 156 1
28 128 28
14 132 94
11 228 1
59 227 27
21 254 254
105 214 214
69 194 116
43 233 112
229 230 229
41 78 27
72 241 1
199 238 1
14 210 1
13 193 148
119 255 235
141 236 1
89 97 66
1 20 1
14 191 1
61 121 1
56 118 1
126 194 28
96 171 1
56 130 1
27 196 27
10 105 28
4 177 4
197 211 147
116 160 116
3 140 1
31 53 1
16 27 27
143 209 1
33 39 235
111 212 1
28 151 27
205 253 1
27 137 27
169 240 1
139 239 214
165 238 1
113 254 254
33 89 1
28 136 28
47 58 198
168 217 235
28 226 28
1 222 1
218 249 1
19 105 186
60 120 28
39 183 235
21 29 112
27 214 27
117 214 214
105 235 235
53 86 164
36 102 52
103 135 178
110 226 1
25 171 50
117 142 4
26 200 149
151 196 196
70 150 70
159 165 148
75 235 235
92 197 27
44 194 4
166 216 1
58 123 123
30 129 45
106 253 253
27 115 27
14 23 1
95 194 1
5 244 235
49 243 253
109 218 1
111 215 48
152 241 27
26 236 1
4 28 4
52 127 149
139 226 109
32 86 1
18 213 1
148 177 1
26 95 1
116 149 235
3 81 1
1 131 1
61 145 1
166 190 235
50 216 1
172 201 178
66 209 1
39 154 235
48 150 1
66 148 148
25 253 1
75 243 253
29 43 112
16 221 27
191 256 27
12 113 254
6 232 27
145 229 1
29 216 254
186 197 186
28 141 28
11 28 28
189 209 1
99 196 196
209 231 1
50 90 50
21 38 112
1 2 1
191 201 140
27 181 27
1 143 1
43 64 112
144 175 175
5 129 235
4 245 4
188 226 4
123 249 4
106 235 235
220 236 1
144 192 94
78 206 78
154 200 235
193 249 1
35 248 248
74 150 1
4 224 4
66 184 66
72 212 148
11 37 27
75 117 4
145 240 1
92 151 151
193 240 95
111 210 1
109 126 28
56 93 1
137 222 4
4 139 4
70 164 164
41 80 1
48 201 48
1 134 1
152 215 152
158 252 1
133 200 235
1 172 1
217 235 235
178 227 178
45 182 45
115 213 27
73 134 1
66 235 1
105 183 186
43 180 1
38 229 1
113 159 113
164 176 1
102 149 149
197 198 198
131 239 214
2 167 1
151 178 178
137 221 84
1 156 1
131 147 147
198 251 4
151 191 140
116 232 27
180 252 1
111 135 48
173 210 113
4 182 27
43 79 1
133 253 253
116 120 116
220 250 28
13 32 148
77 253 253
35 94 50
53 252 1
115 124 27
10 155 28
107 245 1
1 70 1
128 138 1
146 254 254
49 62 253
71 239 27
40 233 1
28 84 28
117 148 1
56 107 1
166 173 1
9 247 147
23 146 1
137 182 27
25 118 1
37 129 45
102 107 1
122 189 235
206 211 28
178 215 178
190 235 235
198 235 235
48 84 27
71 124 27
63 111 48
30 217 30
15 124 27
184 203 66
4 73 1
102 166 52
1 190 1
194 235 235
129 130 1
40 95 1
198 218 1
230 249 4
42 152 27
1 80 1
187 254 254
88 184 66
4 231 4
43 82 112
1 228 1
163 237 27
28 139 28
84 185 4
33 172 48
169 256 28
221 228 1
173 211 1
1 98 1
1 177 1
152 182 27
67 153 254
39 54 149
1 52 1
1 45 1
50 171 50
44 80 1
1 42 1
17 230 4
72 245 1
130 188 1
3 11 1
195 205 50
67 238 1
164 165 1
122 246 27
20 80 1
72 95 95
19 136 214
50 159 1
214 235 235
1 118 1
232 246 45
81 144 1
1 39 1
65 89 1
147 177 28
59 235 235
48 227 48
191 197 27
64 125 1
74 220 116
46 155 1
1 26 1
88 173 187
116 194 116
68 157 176
55 78 28
134 236 1
88 114 1
1 5 1
16 213 152
1 48 1
1 86 1
140 213 140
11 219 1
113 151 1
12 16 1
143 178 48
116 220 116
157 202 4
34 136 214
27 211 27
86 202 1
227 233 1
167 193 167
122 130 1
59 234 176
216 254 254
114 255 186
160 180 160
55 213 27
20 127 1
46 89 66
33 99 48
109 111 27
84 221 84
5 154 235
115 217 27
173 203 113
47 231 198
135 201 178
61 215 152
65 199 253
116 214 28
21 155 1
76 193 254
24 42 235
12 249 1
172 178 178
112 216 254
199 222 222
16 237 140
186 239 214
81 112 112
36 235 235
170 186 214
6 237 140
33 92 48
72 203 148
1 13 1
81 203 254
20 182 1
67 160 1
28 112 1
4 136 4
63 143 48
157 181 176
167 254 254
144 221 1
19 131 147
54 166 149
1 251 1
34 111 27
234 235 235
22 83 26
113 173 113
72 252 148
87 144 1
69 235 235
2 29 1
1 160 1
63 213 152
155 156 1
156 245 1
26 220 235
142 176 176
81 155 1
13 96 1
29 82 38
28 216 1
2 14 2
1 166 1
215 237 140
1 229 1
87 235 235
183 186 186
101 219 50
16 215 152
91 243 4
68 115 176
40 50 50
189 230 235
70 80 164
128 221 84
143 172 48
66 244 1
118 134 134
117 182 27
56 240 1
91 235 235
10 224 28
50 209 50
25 248 50
14 37 1
52 168 149
214 255 214
29 112 112
29 38 38
34 186 186
55 141 186
88 89 66
81 216 254
32 205 1
5 104 1
219 242 50
192 244 1
65 82 1
148 224 1
7 37 45
163 174 1
1 155 1
91 136 214
85 120 28
16 150 1
108 221 84
98 171 1
126 239 28
105 255 186
27 65 27
50 94 50
13 243 1
94 140 1
116 164 1
27 160 27
138 254 254
58 197 186
12 20 254
1 252 1
69 180 116
147 197 147
52 235 235
70 240 1
173 254 254
180 226 28
141 235 235
185 222 222
214 239 214
15 75 4
87 215 27
79 124 27
60 144 1
1 97 1
67 126 1
118 245 1
137 249 4
121 162 1
142 225 1
153 223 1
30 45 45
112 153 112
137 189 235
191 211 27
15 89 1
170 235 235
103 196 196
93 228 228
110 174 174
42 136 27
13 112 254
2 80 1
75 138 1
84 123 84
140 191 140
1 154 1
27 176 27
125 213 27
4 209 1
52 132 1
13 242 1
65 192 1
7 182 45
85 243 4
203 252 148
120 161 1
30 120 27
131 232 27
61 204 1
44 211 4
27 163 27
119 183 235
28 233 1
13 19 1
16 124 152
82 221 1
125 201 27
90 130 130
113 118 1
222 243 253
84 91 84
64 82 112
67 118 1
232 235 235
151 189 235
80 199 1
31 43 112
51 127 235
5 245 235
9 169 28
133 222 253
23 235 235
173 184 66
242 248 248
9 77 4
27 179 27
109 186 186
23 155 155
124 235 235
159 250 1
8 240 1
20 216 254
163 224 147
136 203 1
77 199 199
119 240 1
9 43 1
194 219 1
52 119 149
1 193 1
214 231 214
57 244 235
68 236 1
5 51 235
15 108 4
159 167 148
38 245 1
31 217 1
46 203 113
36 149 149
24 231 235
1 129 1
39 246 235
162 208 1
129 235 235
34 96 4
21 82 112
132 241 1
1 169 1
43 254 254
223 228 228
154 157 235
9 224 147
50 118 1
182 236 1
121 252 148
132 175 94
137 256 84
1 102 1
4 179 4
155 206 28
176 216 1
13 240 148
17 163 4
54 212 1
170 256 84
75 106 176
30 232 45
25 130 50
98 245 253
42 182 45
19 34 34
4 192 1
125 206 27
54 67 1
2 170 1
93 203 1
184 210 66
39 248 1
85 97 1
178 234 27
98 253 253
130 132 50
33 215 48
154 190 190
150 160 1
71 122 27
172 173 1
37 74 27
56 121 1
71 129 27
105 115 4
1 116 1
4 230 4
27 47 27
4 155 4
5 83 235
88 212 148
207 220 28
85 142 4
37 213 27
143 181 27
49 235 235
129 225 1
72 187 148
90 142 1
27 220 27
25 242 50
50 164 1
117 212 1
116 180 116
104 255 1
229 255 4
27 100 27
78 116 116
198 255 198
174 221 1
115 127 235
229 251 4
227 239 27
81 192 1
35 200 1
56 170 1
56 76 1
20 32 95
133 166 235
140 165 1
205 232 1
229 254 1
177 222 4
103 161 1
20 43 254
33 252 1
1 236 1
101 252 1
202 241 4
21 223 1
32 165 165
36 196 235
90 94 50
147 198 198
45 235 235
24 205 1
1 125 1
240 245 1
105 247 186
31 254 254
182 213 27
17 96 4
147 214 214
110 171 110
61 182 27
106 184 1
120 189 235
168 206 235
30 35 1
50 233 1
135 215 178
27 99 27
52 244 52
197 218 1
27 146 1
92 103 103
133 209 1
148 159 148
7 21 1
134 187 1
63 217 27
34 233 1
50 156 1
6 152 152
186 198 198
71 111 27
188 239 4
127 249 235
23 100 28
71 125 27
153 248 1
72 167 167
112 118 1
49 216 1
33 45 27
54 118 1
59 161 1
53 69 1
26 235 235
131 162 1
188 249 4
51 147 84
52 175 1
92 111 48
130 244 1
109 120 28
117 247 117
117 200 235
42 78 27
4 239 4
36 47 235
116 206 116
191 196 140
26 83 26
44 252 1
41 125 45
149 193 1
103 178 178
186 235 235
51 140 27
50 195 50
14 94 94
27 226 27
1 234 1
94 175 94
89 217 1
22 142 235
18 158 18
118 131 1
139 198 198
91 131 186
70 139 1
4 8 4
1 128 1
6 81 1
98 229 4
80 128 1
66 212 148
95 240 95
8 142 4
27 185 27
105 198 198
98 243 253
156 184 148
193 238 1
33 109 27
175 233 1
93 138 1
24 112 1
24 98 235
76 255 1
182 217 45
31 112 112
2 20 1
153 210 254
101 236 1
217 232 45
135 150 1
87 159 1
114 136 214
175 192 94
101 209 50
181 188 253
73 171 50
39 252 1
77 198 4
1 99 1
85 137 84
86 219 1
247 249 4
152 191 140
38 121 254
167 191 1
226 241 186
16 111 48
71 182 27
47 224 198
96 219 1
2 219 2
39 213 235
1 3 1
116 181 4
71 190 235
81 233 112
60 84 84
196 255 27
84 87 4
55 188 4
55 138 1
76 153 254
31 67 254
1 8 1
200 250 235
87 176 4
170 224 214
205 229 1
75 223 1
171 179 1
4 165 1
27 111 27
101 121 1
11 74 28
23 198 28
207 210 1
28 114 28
5 168 235
55 123 186
82 204 38
104 196 1
19 129 27
61 152 152
27 147 27
125 139 27
199 224 4
127 186 235
1 57 1
51 256 84
19 29 1
5 16 235
111 201 48
193 234 1
135 235 235
99 191 140
114 207 28
52 71 235
17 126 4
91 179 84
146 215 1
6 239 27
124 215 152
32 167 167
77 122 253
94 223 1
160 218 1
84 197 84
171 200 1
137 149 235
22 82 1
2 104 50
16 33 48
29 154 1
43 204 112
204 214 1
107 114 1
21 148 254
1 38 1
77 79 253
126 224 28
101 124 1
83 228 1
29 173 254
101 128 1
1 114 1
4 108 4
145 191 1
50 205 50
86 107 1
136 146 1
181 232 27
201 253 27
16 77 27
43 56 1
36 183 235
66 233 254
115 234 176
27 199 27
16 135 178
26 104 1
36 146 1
94 219 2
105 240 1
173 226 1
131 214 214
131 235 235
16 217 27
1 159 1
34 192 1
46 121 148
55 214 214
39 87 235
25 218 50
136 166 235
29 247 1
1 64 1
4 15 4
27 188 27
48 99 48
92 172 178
72 94 1
106 234 176
24 147 235
134 162 1
182 246 45
1 231 1
43 216 254
5 27 235
220 225 1
235 249 235
56 228 1
71 161 1
93 208 93
47 198 198
28 169 28
5 53 1
112 209 1
95 193 95
57 93 1
54 119 149
119 149 149
28 198 28
61 196 152
59 132 1
68 249 4
121 167 148
30 168 235
87 125 27
144 213 1
152 235 235
140 227 140
113 165 148
221 247 84
70 89 1
105 229 4
60 216 1
28 235 235
55 136 214
141 231 231
27 57 27
121 184 148
40 245 1
41 198 27
141 255 186
70 221 1
49 63 27
187 252 148
64 90 1
73 89 1
9 90 1
4 74 4
4 163 4
16 152 152
55 196 27
8 62 4
29 209 1
11 184 1
23 169 169
50 248 50
52 124 235
24 206 235
194 253 4
14 200 1
38 199 1
4 202 4
146 184 148
148 252 148
1 138 1
148 210 148
99 233 1
165 212 148
207 235 235
1 186 1
31 153 112
85 102 235
24 114 235
109 256 84
58 128 214
5 255 235
11 142 4
8 229 4
19 117 117
61 178 178
157 234 176
35 50 50
30 37 30
36 39 36
99 125 27
250 251 4
109 116 28
4 87 4
93 151 1
152 227 152
117 211 117
221 235 235
60 235 235
106 215 27
58 239 214
107 224 1
250 252 1
55 186 186
1 185 1
64 112 112
24 36 52
161 249 1
137 235 235
109 231 109
180 206 116
57 71 27
24 137 235
203 254 254
30 57 27
163 226 186
50 175 50
181 205 1
154 222 235
89 252 148
227 251 27
5 241 235
49 141 4
154 164 1
1 108 1
45 197 27
152 208 1
47 186 198
113 124 1
147 170 214
7 125 7
116 146 1
20 103 1
4 123 4
27 94 1
82 172 1
33 41 27
123 210 1
64 208 1
89 219 1
80 223 1
9 34 147
48 172 48
71 217 27
42 248 1
231 250 84
6 143 48
25 182 1
28 74 28
63 92 152
28 197 28
133 245 253
18 63 1
27 140 27
103 227 227
86 161 1
72 139 1
123 199 4
130 248 50
100 198 198
1 218 1
92 235 235
170 204 1
47 207 28
23 211 28
32 113 148
38 82 38
114 251 4
45 246 45
47 122 4
10 168 235
104 252 1
13 68 1
108 218 1
103 200 235
34 251 4
113 210 113
52 54 149
34 157 4
62 129 27
66 187 66
8 37 27
78 149 235
46 151 1
4 235 235
69 175 1
63 74 27
245 251 4
51 250 84
142 239 4
38 41 1
46 210 210
48 141 27
92 191 140
38 50 1
97 173 113
63 65 27
4 181 4
74 101 1
20 89 148
11 220 28
48 143 48
76 191 1
42 60 27
1 17 1
84 85 84
16 61 152
208 224 1
79 235 235
4 141 4
1 49 1
3 20 1
239 255 214
55 199 4
65 150 1
216 240 254
47 256 84
52 145 1
59 220 4
91 182 27
25 50 50
29 246 1
103 236 1
123 127 235
22 115 235
50 196 1
148 156 148
136 235 235
197 246 27
116 177 28
88 119 1
45 232 45
15 229 4
29 248 1
46 152 1
31 120 1
27 191 27
28 221 28
50 162 50
170 188 4
204 243 1
170 200 235
68 79 253
212 240 148
25 174 50
30 70 1
85 248 1
2 160 1
49 255 4
48 191 48
57 186 4
152 172 178
36 93 1
6 106 27
84 224 84
18 46 1
47 57 4
151 172 178
69 207 28
13 20 148
146 252 148
2 192 2
18 55 1
55 224 186
1 120 1
179 256 84
59 155 4
33 48 48
47 91 198
32 156 167
48 103 48
1 220 1
183 185 4
15 249 4
44 68 176
42 65 27
49 125 27
183 220 28
135 221 27
23 90 1
113 126 1
170 183 214
49 179 4
126 155 126
8 249 4
170 190 235
29 233 38
183 239 214
31 138 112
125 194 27
146 167 95
34 226 186
43 85 1
189 211 235
19 163 147
61 73 1
172 199 27
33 124 48
9 105 186
161 182 1
62 235 235
45 129 45
72 156 156
203 216 254
130 158 50
21 138 112
28 40 1
46 178 1
174 179 1
208 228 228
132 145 132
27 249 27
132 177 1
84 196 27
60 250 84
113 204 254
90 197 1
188 195 1
20 171 1
100 235 235
68 246 27
136 250 84
19 222 4
35 244 1
4 105 4
101 107 1
113 148 148
51 213 27
95 146 95
113 228 1
176 181 176
119 121 1
235 253 235
5 102 235
198 226 198
79 236 1
107 187 1
15 213 27
72 80 1
213 244 235
67 232 1
111 241 27
22 166 149
31 87 1
4 157 4
167 240 95
63 152 152
128 144 1
206 207 28
128 231 214
156 252 148
180 255 28
10 160 116
33 80 1
51 194 28
65 185 253
90 171 50
13 25 1
33 185 27
30 71 27
1 19 1
3 226 1
200 235 235
179 211 84
123 150 1
108 254 1
146 193 95
20 169 1
9 107 1
128 151 27
14 101 50
178 232 27
58 61 27
1 18 1
83 149 149
188 222 253
35 111 1
94 98 1
64 138 112
29 40 1
98 200 235
237 246 27
76 165 254
156 243 1
163 205 1
62 67 1
38 216 254
121 166 1
34 47 198
72 218 1
100 181 4
4 194 4
55 226 186
104 174 174
169 176 4
188 245 253
7 27 27
137 250 137
1 65 1
51 60 84
57 235 235
95 225 95
136 193 1
45 184 1
1 255 1
92 152 152
193 224 1
81 254 254
55 99 27
120 180 116
46 197 1
29 126 1
172 226 27
5 43 1
72 123 1
89 185 1
201 237 140
93 159 1
96 235 235
70 72 1
6 33 48
105 109 186
61 140 140
50 60 1
48 63 48
36 103 235
60 170 84
233 254 254
82 170 1
28 220 28
212 252 148
181 243 253
76 233 254
1 215 1
38 89 254
4 39 235
144 145 94
20 146 146
15 52 235
139 186 186
6 157 27
127 170 235
49 149 235
172 215 178
127 154 235
78 194 116
28 200 235
1 89 1
23 196 27
62 133 253
211 234 4
156 254 254
233 246 1
154 208 1
4 198 4
7 122 27
117 197 147
70 106 1
95 167 95
134 190 1
94 236 1
154 178 235
1 152 1
99 111 48
15 94 1
155 190 235
235 246 235
143 151 48
118 228 1
41 235 235
116 241 28
54 182 235
47 95 1
61 239 27
165 220 1
57 96 4
31 134 1
47 241 198
71 255 27
27 77 27
194 241 28
143 150 1
44 45 27
7 235 235
102 162 1
34 218 1
214 247 214
86 143 1
56 248 1
200 253 235
74 123 28
77 127 235
42 107 1
49 188 253
153 215 1
154 169 235
39 61 235
101 168 1
131 200 235
115 181 176
46 131 1
174 232 1
55 215 27
135 179 27
40 158 40
47 183 198
12 169 1
9 193 1
49 99 27
26 99 235
27 157 27
7 66 1
199 235 235
75 133 253
1 101 1
48 145 1
162 227 1
73 125 1
117 204 1
64 107 1
76 212 254
61 198 27
7 63 27
148 176 1
1 137 1
146 187 148
74 190 235
177 235 235
237 253 27
30 254 1
52 200 52
62 160 4
77 181 253
195 219 195
78 176 4
211 256 84
2 94 2
142 157 106
11 159 1
33 178 48
127 225 1
63 66 1
126 180 28
7 198 27
106 119 235
26 124 235
27 167 1
109 140 27
70 218 1
128 211 214
174 238 174
9 239 214
35 238 50
50 104 50
26 210 1
17 79 4
201 215 152
39 98 235
208 237 1
8 135 27
11 15 4
128 139 214
157 253 253
182 235 235
192 247 1
133 188 253
230 243 4
12 153 112
69 78 78
111 124 48
1 7 1
6 151 151
82 112 112
93 104 1
58 94 1
30 41 30
54 204 1
51 179 84
84 247 84
105 158 1
69 160 116
42 45 45
70 97 1
91 214 214
81 156 254
1 206 1
206 213 27
39 133 235
136 226 214
1 161 1
85 86 1
165 187 148
65 97 1
28 85 28
211 241 186
110 179 1
106 110 1
95 100 1
5 39 235
111 146 1
70 200 1
33 62 27
44 88 1
75 226 4
105 125 27
111 152 48
112 254 254
22 70 1
79 222 253
1 16 1
140 230 27
35 100 1
53 79 1
3 57 1
62 199 253
27 85 27
13 227 1
23 32 1
163 184 1
7 30 45
249 255 4
27 177 27
27 126 27
4 98 4
119 137 235
114 138 1
32 191 1
36 244 52
24 158 1
86 187 1
27 151 27
92 140 140
164 235 1
148 203 148
170 172 27
61 186 27
23 228 1
123 235 235
1 33 1
10 194 116
94 183 1
28 155 28
9 47 198
20 252 148
37 224 27
166 214 235
27 108 27
137 223 1
168 208 1
123 224 186
161 208 161
44 181 181
8 87 4
33 235 235
119 129 235
230 235 235
58 91 186
1 100 1
36 209 1
7 71 27
52 149 149
99 135 178
124 207 27
141 250 84
25 195 50
18 190 1
4 127 235
90 175 50
103 203 1
103 112 1
136 141 214
138 253 1
3 40 1
15 179 4
144 169 1
16 63 16
83 146 1
73 228 1
114 177 28
36 91 235
32 162 1
194 239 28
230 248 1
71 128 27
17 91 4
27 92 27
38 204 38
235 256 235
191 231 27
4 90 1
5 180 235
43 121 254
139 232 27
106 156 1
59 189 235
2 144 2
163 247 147
48 177 27
104 140 1
194 233 1
101 212 1
36 104 1
220 231 28
11 149 235
41 89 1
52 245 235
49 79 253
16 64 1
58 187 1
71 157 27
46 228 1
176 208 1
97 254 254
58 105 186
42 71 27
51 55 84
9 216 1
68 250 4
165 248 1
71 187 1
30 113 1
4 84 4
163 239 214
22 176 235
224 235 235
71 231 27
170 255 214
64 254 254
82 125 1
124 231 27
190 218 1
93 176 1
51 108 84
103 191 140
57 181 4
136 159 1
150 220 1
128 229 4
70 224 1
19 96 4
119 182 235
56 231 1
4 17 4
13 88 148
44 205 1
41 42 45
25 67 1
23 231 28
104 126 1
63 153 1
38 147 1
1 144 1
54 189 235
163 253 4
27 78 27
46 157 1
102 193 1
100 163 186
84 250 84
8 15 4
209 235 1
49 199 253
97 113 113
175 188 1
33 201 48
51 85 84
81 82 112
116 184 1
43 100 1
34 198 198
106 176 176
25 209 50
169 236 1
179 195 1
14 104 50
13 223 1
8 234 4
50 242 50
57 194 4
136 227 27
7 42 7
9 250 84
5 182 235
90 104 50
65 75 253
45 233 1
13 225 148
166 211 235
139 236 1
42 201 27
65 235 235
20 156 95
165 205 1
105 197 186
1 230 1
8 170 4
27 159 1
55 133 4
186 224 186
65 191 27
187 211 1
13 211 1
2 31 1
115 170 4
185 211 4
4 255 4
198 214 214
99 160 27
40 243 1
118 139 1
135 144 1
201 255 27
12 138 112
1 126 1
116 193 1
63 148 1
53 134 134
183 198 198
202 235 235
27 194 27
32 223 1
104 198 1
1 105 1
15 115 4
124 135 178
136 232 27
66 193 148
20 95 95
46 248 1
11 236 1
3 187 1
65 190 235
32 72 167
32 254 254
38 81 112
27 142 27
39 83 149
23 131 28
36 166 36
46 76 254
80 236 1
108 243 4
74 206 116
73 218 218
43 146 254
1 174 1
76 179 1
126 214 28
41 231 27
159 249 1
176 239 4
161 195 1
39 102 52
36 228 1
10 203 1
73 195 50
105 128 214
28 93 1
99 179 27
94 172 1
94 144 94
228 236 228
165 225 95
1 47 1
128 243 4
3 164 164
111 228 1
21 84 1
44 98 253
14 216 1
178 213 178
143 201 48
169 245 4
106 122 106
4 220 4
40 189 1
71 114 27
61 237 140
182 192 1
97 137 1
43 199 1
19 51 84
67 227 1
103 177 27
54 109 235
13 156 148
80 179 1
1 199 1
124 161 1
127 187 1
22 250 235
185 245 253
52 69 235
136 182 27
195 254 1
120 207 28
26 102 149
17 228 1
30 246 30
176 234 176
221 245 4
241 255 186
4 125 27
1 176 1
16 92 152
61 254 1
33 96 27
186 248 1
28 160 28
83 120 235
53 181 1
43 129 1
74 198 28
7 105 27
25 36 1
111 213 48
160 165 1
163 227 27
197 214 214
144 250 1
3 55 1
52 102 52
4 159 1
1 227 1
193 225 95
126 256 28
45 126 27
19 247 117
83 154 235
20 111 1
113 247 1
76 214 1
49 185 253
229 235 235
207 230 4
35 44 1
13 192 1
55 211 186
4 65 4
63 64 1
81 209 1
143 196 48
201 239 27
103 143 48
11 27 27
230 251 4
89 254 254
5 123 235
1 31 1
5 214 235
194 226 28
117 233 1
84 162 1
96 237 27
89 135 1
56 180 1
8 27 27
114 115 4
183 219 1
27 202 27
157 177 4
29 99 1
18 58 1
203 212 148
101 144 50
129 238 1
98 248 1
4 68 4
121 212 148
6 20 1
62 203 1
94 186 1
71 247 27
21 233 112
76 146 254
4 234 4
42 226 27
1 71 1
113 177 1
111 252 1
40 195 50
19 200 235
33 140 48
16 116 27
149 244 149
235 241 235
89 159 66
27 98 27
89 141 1
218 238 50
29 138 112
148 232 1
34 131 147
22 197 235
15 58 4
27 106 27
90 91 1
32 240 95
181 185 253
27 33 27
163 246 27
111 172 48
46 56 1
7 213 27
59 142 59
46 162 1
22 225 1
16 148 1
199 253 253
167 232 1
72 76 254
91 207 28
181 218 1
67 166 1
32 52 1
155 169 169
1 73 1
1 121 1
150 253 1
225 248 1
145 226 1
31 252 254
12 82 38
112 155 1
34 187 1
69 118 1
84 164 1
113 121 148
62 245 253
133 235 235
1 83 1
43 153 112
152 207 27
78 177 28
62 246 27
18 238 50
208 218 1
1 90 1
156 187 148
118 197 1
140 215 140
6 27 27
64 146 254
26 54 149
5 119 235
31 224 1
55 198 198
13 89 148
41 71 27
1 15 1
130 174 50
141 213 27
65 238 1
57 208 1
28 58 28
133 229 4
5 243 235
57 118 1
108 250 250
106 146 1
156 171 1
27 96 27
53 110 1
241 253 4
128 214 214
48 125 27
105 234 4
61 124 61
33 213 48
90 176 1
27 255 27
108 139 84
120 127 235
193 233 254
31 200 1
95 254 254
117 123 186
186 236 1
58 215 27
95 157 1
4 106 4
95 215 1
235 245 235
118 252 1
24 256 235
27 237 27
28 91 28
124 179 27
21 166 1
63 115 27
96 249 4
53 95 1
87 112 1
172 235 235
23 70 1
10 91 28
1 241 1
118 132 1
118 165 1
28 209 1
48 213 48
33 138 1
13 95 148
198 239 214
149 204 1
26 195 1
202 249 4
35 138 1
17 172 27
32 33 1
73 207 1
15 156 1
98 235 235
154 239 235
27 116 27
53 162 1
90 199 1
51 118 1
122 253 253
82 254 254
85 181 4
58 117 186
142 253 253
64 233 112
27 51 27
111 235 235
130 256 1
83 127 26
34 102 235
120 169 28
136 178 27
204 224 1
26 127 26
56 208 1
71 113 1
170 247 214
31 80 1
10 256 28
157 175 1
66 95 148
144 178 1
5 57 235
117 163 147
27 42 27
103 235 235
80 204 1
46 240 148
5 10 235
225 229 1
74 235 235
33 144 1
99 100 27
58 75 4
34 35 1
101 195 50
1 175 1
23 60 28
1 219 1
204 225 254
59 75 176
92 129 27
55 91 186
102 192 1
46 148 148
165 234 1
1 113 1
61 77 27
156 181 1
28 207 28
12 216 254
155 217 27
63 69 27
1 142 1
63 174 1
106 181 176
198 247 198
72 188 1
90 230 1
53 150 53
207 209 1
9 51 84
170 207 28
6 172 178
60 85 85
176 235 235
215 225 1
128 224 214
127 164 1
157 210 1
99 155 27
150 201 1
8 39 235
3 6 1
22 177 235
13 169 1
75 111 27
35 149 1
141 230 4
14 62 1
4 250 4
19 118 1
20 167 95
35 130 50
116 189 235
181 182 27
214 223 1
104 211 1
159 196 1
9 71 27
34 224 117
177 207 177
35 76 1
38 70 1
26 119 26
41 151 27
114 197 147
82 233 82
27 49 27
63 194 27
117 198 198
145 185 1
2 145 2
105 139 186
36 52 52
29 223 1
231 235 235
78 174 1
101 164 1
98 108 4
188 206 4
157 247 4
77 78 4
62 130 1
1 67 1
184 254 254
62 123 4
10 108 28
104 172 1
135 178 178
30 93 1
190 244 235
7 61 27
119 231 235
99 127 235
101 171 50
71 152 27
28 97 1
106 251 4
62 249 4
75 234 234
152 213 152
10 78 78
22 53 1
71 136 27
96 163 4
71 188 27
91 223 1
64 131 1
207 236 1
97 114 1
192 220 1
8 235 235
243 249 4
96 176 4
9 134 1
39 225 1
38 116 1
125 230 27
87 165 1
43 77 1
33 151 48
161 190 1
70 161 1
3 134 134
19 153 1
1 68 1
149 168 149
46 198 1
8 217 27
46 53 1
23 185 4
132 200 1
62 214 4
36 56 1
8 117 4
133 256 4
5 36 235
90 174 50
108 256 84
9 93 1
187 216 254
122 221 4
71 178 27
24 246 235
188 235 235
49 133 133
203 231 1
40 162 40
27 178 27
104 218 50
1 22 1
23 197 28
87 134 1
100 178 27
5 26 235
87 174 1
62 145 1
117 131 147
107 137 1
230 256 4
8 251 4
79 245 253
54 104 1
31 179 1
72 146 95
51 197 84
15 18 1
16 203 1
103 104 1
83 186 235
8 61 27
5 183 235
16 54 235
1 188 1
16 234 27
242 246 1
47 59 4
5 122 235
116 126 28
117 207 28
54 210 1
154 206 235
11 244 235
65 216 1
2 143 1
8 36 235
103 247 27
4 211 4
70 92 1
133 202 4
146 165 95
32 38 254
37 97 1
6 185 27
206 215 27
120 247 28
40 89 1
5 198 235
10 138 1
72 138 254
136 239 239
93 245 1
109 225 1
178 196 178
71 230 27
8 227 27
114 131 147
58 164 1
63 208 1
33 105 27
84 119 235
203 223 1
182 209 1
149 232 235
197 216 1
12 33 1
119 150 1
76 112 254
56 70 1
137 255 84
133 237 27
1 243 1
136 180 28
27 62 27
126 169 126
25 251 1
136 221 84
152 198 27
2 50 50
69 137 28
105 186 186
109 241 186
247 250 84
6 111 48
92 196 196
217 241 27
227 235 235
8 65 4
163 248 1
130 215 1
121 243 1
120 235 235
36 114 235
27 120 27
19 57 4
85 127 235
26 52 149
108 235 235
18 90 50
6 120 27
180 207 28
45 79 27
125 246 45
55 65 4
162 169 1
107 125 1
165 254 254
58 149 235
50 101 50
16 201 201
50 119 1
25 157 1
124 213 152
188 211 4
74 169 28
6 144 1
130 171 50
52 83 149
104 229 1
35 140 1
148 247 1
1 62 1
14 220 1
79 243 243
135 222 27
122 151 27
185 210 1
115 211 4
43 81 112
149 234 235
17 168 235
175 206 1
88 244 1
165 249 1
109 117 186
54 202 235
66 135 1
27 129 27
5 232 235
16 67 1
109 197 186
7 217 45
7 93 1
11 230 4
9 27 27
33 237 48
38 93 1
108 236 1
33 251 27
150 231 1
202 229 4
37 239 27
113 185 1
47 230 4
5 157 235
62 173 1
183 255 255
12 187 254
90 243 1
20 76 254
209 244 1
42 188 27
179 194 28
104 110 110
75 175 1
84 127 235
58 100 186
97 187 187
103 140 140
103 121 1
71 193 1
144 182 1
4 79 4
80 244 1
28 182 27
40 164 1
51 73 1
27 55 27
38 208 1
97 252 148
188 253 253
78 120 78
94 120 1
105 145 1
186 201 27
96 190 235
123 253 4
184 246 1
170 212 1
1 239 1
235 255 235
47 84 84
26 177 235
106 115 106
38 212 254
125 235 235
107 249 1
100 123 186
83 200 149
187 228 1
99 250 27
60 100 84
27 79 27
84 112 1
90 218 50
12 66 254
121 137 1
1 237 1
41 132 1
212 222 1
173 233 254
81 226 1
173 212 148
91 193 1
12 38 38
6 28 27
83 198 235
30 108 27
13 197 1
26 149 149
27 172 27
73 163 1
31 61 1
29 197 1
37 42 45
21 140 1
81 138 112
135 152 178
171 185 1
115 253 253
82 199 1
59 154 235
19 83 235
65 133 253
45 124 27
88 103 1
44 176 176
186 229 4
173 231 1
68 244 235
21 180 1
86 164 164
5 151 235
99 133 27
83 241 235
96 184 1
17 153 1
173 223 1
240 254 254
161 223 161
12 29 29
31 69 1
57 154 235
16 176 27
114 128 214
90 158 50
72 148 148
208 233 1
74 140 27
27 198 27
60 105 84
14 183 1
80 95 1
50 75 1
198 224 198
128 132 1
149 150 1
63 167 1
88 158 1
71 106 27
24 126 235
146 153 254
52 114 235
243 253 253
106 208 1
2 241 1
104 158 50
69 74 116
22 137 235
13 98 1
202 248 1
30 123 27
34 128 214
50 144 50
77 112 1
178 217 27
12 76 254
4 72 1
174 219 50
1 23 1
170 211 214
10 83 235
42 171 1
107 236 107
5 230 235
26 166 149
8 140 27
194 240 1
87 197 4
143 252 1
4 116 4
15 251 251
137 155 28
14 139 1
37 55 27
167 168 1
179 224 84
91 95 1
15 176 4
9 223 1
109 198 198
107 109 1
93 161 161
65 79 253
171 174 174
8 17 4
35 239 1
2 150 1
48 215 48
63 215 152
97 117 1
163 232 27
183 228 1
106 182 27
106 233 1
59 71 27
120 242 1
1 46 1
181 197 4
140 254 1
114 147 147
156 167 167
146 148 148
107 219 1
10 139 28
41 252 1
18 25 50
44 60 4
209 232 1
59 106 106
85 123 84
65 247 4
135 244 235
17 75 4
34 214 214
10 209 1
20 107 1
111 200 235
2 82 1
143 227 48
59 245 253
30 212 1
224 248 1
7 136 27
6 158 1
47 163 198
18 171 50
144 161 1
76 80 1
97 186 1
72 219 1
59 68 176
169 237 27
1 63 1
2 67 1
31 147 1
193 229 1
4 63 27
22 117 235
74 129 27
121 151 1
23 137 28
235 251 235
111 227 48
136 214 214
163 199 4
19 31 1
139 170 214
6 235 235
14 211 1
42 87 27
117 253 4
127 149 149
141 222 4
217 248 1
88 93 1
61 151 152
1 87 1
66 121 148
38 67 254
7 110 1
169 191 27
27 236 1
30 183 27
138 144 1
8 150 1
47 242 1
69 177 28
21 143 1
63 130 1
84 105 84
2 209 2
12 213 1
7 204 1
12 225 254
24 56 1
115 248 1
168 196 235
79 212 1
37 208 1
197 207 28
92 135 178
71 169 27
130 222 1
78 160 116
4 10 4
226 246 27
44 162 1
28 231 28
16 59 27
132 162 50
124 168 235
91 110 1
148 173 148
84 107 1
150 185 1
167 212 148
38 138 112
134 150 134
79 156 1
28 69 28
34 112 1
72 201 1
60 176 4
17 87 87
151 215 152
164 214 1
23 27 27
37 133 27
187 222 1
28 122 4
87 225 1
27 105 27
49 204 1
69 213 27
181 252 1
107 121 1
4 134 1
167 225 95
56 150 1
31 104 1
34 85 84
91 170 214
10 169 28
23 133 4
19 38 1
95 112 254
76 184 254
134 154 1
37 124 27
129 194 27
33 180 27
42 156 1
84 186 84
127 181 235
5 192 1
1 162 1
49 86 1
123 251 4
155 251 4
129 229 27
50 210 1
1 119 1
112 256 1
34 239 214
1 55 1
75 96 4
20 72 95
48 71 27
27 124 27
44 115 176
109 235 235
175 214 1
221 232 27
147 255 186
1 245 1
62 226 4
6 201 152
4 185 4
74 120 116
129 182 45
31 38 38
149 225 1
142 189 235
5 132 1
110 218 50
33 106 27
65 122 253
129 217 45
19 157 4
87 179 4
148 168 1
126 211 28
33 160 27
121 253 1
2 75 1
15 72 1
171 198 1
217 222 27
231 249 4
194 223 1
87 202 87
207 249 4
2 98 1
164 169 1
104 130 50
103 124 152
109 200 235
18 199 1
127 245 235
25 94 50
119 135 235
33 128 27
152 166 235
21 162 1
189 247 235
74 116 116
15 181 4
63 185 27
121 237 1
200 206 235
66 165 148
1 180 1
133 158 1
19 27 27
66 180 1
18 162 18
10 24 235
48 82 1
11 237 27
84 226 84
22 253 235
3 225 1
29 254 254
1 197 1
32 148 148
173 224 1
62 188 62
184 193 148
75 112 1
126 250 28
48 135 48
24 28 235
116 118 1
51 235 235
69 192 1
145 248 50
36 154 235
56 223 1
28 250 28
175 205 50
7 184 1
45 206 27
3 83 1
1 183 1
52 193 1
74 236 1
234 245 253
18 145 50
56 167 1
124 177 27
90 93 1
50 245 1
1 117 1
1 35 1
9 203 1
7 133 27
10 243 4
211 249 4
213 235 235
129 160 27
73 192 50
86 125 1
33 123 27
231 246 27
190 198 235
47 128 214
124 152 152
122 181 176
77 107 1
141 186 186
178 182 27
16 196 152
51 100 84
91 92 27
40 94 50
56 234 1
28 173 1
53 147 1
150 245 1
161 175 1
85 116 28
57 230 4
68 94 1
97 203 203
88 95 148
20 41 1
20 254 254
128 255 214
72 254 254
105 226 186
111 249 27
133 164 1
46 200 1
1 205 1
4 44 4
34 163 147
52 215 235
84 128 84
42 116 27
163 255 186
123 198 198
47 96 4
196 215 152
225 239 1
106 159 1
40 45 1
71 98 27
70 124 1
2 56 1
207 221 28
71 240 1
153 233 112
67 120 1
30 54 235
1 171 1
16 200 235
22 39 149
27 84 27
61 253 27
105 170 214
64 103 1
206 255 28
68 240 1
204 219 1
83 244 149
176 185 253
16 80 1
176 229 4
106 232 27
8 72 1
4 5 235
6 168 235
59 133 253
89 197 1
16 238 1
68 225 1
226 231 231
85 215 27
26 114 235
13 45 1
67 112 254
49 156 1
28 172 27
32 122 1
2 255 1
3 194 1
55 105 186
130 232 1
120 177 28
170 208 1
43 118 1
101 246 1
8 151 27
65 71 27
157 179 4
44 125 27
23 29 1
22 135 235
25 35 50
13 67 254
146 181 1
164 201 1
181 235 235
2 40 50
27 200 235
113 184 66
20 228 1
47 73 1
2 244 1
30 216 1
123 209 1
138 150 1
140 174 1
17 247 4
29 32 254
103 152 152
232 252 1
93 237 1
85 221 85
52 138 1
231 239 214
26 106 235
14 190 1
75 199 253
67 95 254
27 103 27
75 108 4
185 224 4
162 218 218
19 114 117
43 193 254
72 171 1
116 130 1
63 145 1
37 163 27
215 226 27
59 213 27
74 223 1
8 86 1
137 215 27
66 153 254
61 235 235
27 207 27
78 155 28
106 211 4
76 196 1
32 121 148
65 98 253
151 213 152
66 67 254
34 217 27
13 205 1
50 237 1
12 15 1
55 183 186
186 255 186
27 128 27
126 139 28
162 190 1
196 235 235
69 198 28
1 93 1
143 230 27
41 216 1
203 250 1
1 95 1
17 160 4
6 9 27
1 151 1
39 166 166
97 220 1
59 66 1
84 147 84
94 145 94
43 186 1
4 34 4
8 67 1
123 256 84
59 136 4
59 217 27
85 251 4
126 129 27
111 248 1
18 173 1
13 71 1
1 69 1
16 249 27
25 172 1
239 256 84
88 252 148
1 96 1
60 181 4
133 243 253
45 80 1
102 191 235
56 132 1
243 245 253
25 238 50
4 78 4
74 78 116
81 124 1
129 200 235
91 171 1
117 118 1
48 151 48
18 251 1
11 73 1
46 66 66
155 226 28
10 186 28
111 167 1
82 138 112
1 187 1
171 190 1
16 97 1
24 129 235
54 233 1
141 151 27
16 79 27
26 66 1
27 114 27
137 142 4
1 123 1
28 179 28
3 183 1
1 153 1
5 54 235
186 214 214
135 198 27
67 147 1
157 197 4
128 136 136
116 127 235
123 229 4
86 248 1
159 217 1
197 219 1
133 163 4
246 255 27
207 217 27
10 128 28
138 186 1
105 163 186
71 163 27
150 225 1
171 251 1
68 96 4
186 244 235
47 176 4
83 156 1
85 222 4
94 198 1
26 61 235
170 177 28
12 107 1
16 102 235
68 233 1
66 145 1
27 133 27
168 200 149
123 187 1
124 222 27
158 228 1
26 238 1
3 251 1
5 87 235
50 117 1
65 222 253
51 137 84
34 229 4
36 190 235
194 238 1
110 145 50
52 84 235
13 41 1
22 36 149
21 238 1
122 176 176
83 115 235
201 227 152
90 96 1
58 178 27
96 246 27
100 106 4
196 210 1
27 169 27
76 200 1
99 206 27
46 143 1
8 77 4
110 127 1
40 103 1
8 23 4
193 231 1
33 139 27
55 241 55
43 206 1
154 195 1
15 119 235
86 243 1
63 201 201
94 189 1
27 229 27
19 65 4
57 139 4
9 128 214
147 163 147
166 176 235
99 252 1
48 231 27
11 161 1
10 205 1
144 209 94
65 102 235
112 233 112
84 238 1
61 135 178
84 163 84
172 217 27
26 159 1
211 229 4
11 101 1
170 179 84
42 244 235
72 222 1
169 233 1
43 217 1
58 139 186
194 212 1
102 207 235
13 97 148
5 7 235
142 215 27
48 137 27
147 186 186
39 49 235
37 244 235
143 216 1
145 238 50
11 211 28
28 116 28
181 234 176
97 215 1
40 144 50
75 142 176
131 255 186
208 223 223
192 203 1
56 91 1
49 253 253
54 121 1
62 204 1
146 203 148
150 175 1
81 235 1
50 106 1
18 230 1
139 190 235
187 203 187
18 51 1
91 176 4
41 211 27
167 252 148
184 226 1
207 232 27
123 177 28
55 170 214
193 252 148
160 231 28
9 28 28
15 80 1
169 177 177
46 255 1
18 52 1
31 70 1
105 131 186
117 215 27
34 241 186
134 216 1
112 169 1
91 128 214
15 79 4
25 40 50
45 179 27
25 152 1
27 221 27
187 210 187
92 100 27
44 157 176
64 245 1
74 250 28
39 137 235
110 111 1
20 115 1
65 200 235
113 167 148
101 183 1
92 231 27
84 235 235
225 235 1
60 69 28
1 32 1
50 134 1
89 249 1
169 194 28
11 256 28
47 109 198
25 205 50
47 69 28
130 206 1
13 146 148
95 165 95
128 185 4
24 52 52
89 183 1
31 215 1
63 178 178
16 231 27
92 192 1
20 42 1
28 214 28
89 126 1
27 183 27
41 143 27
27 243 27
231 241 186
193 223 1
96 126 4
67 104 1
5 79 235
82 189 1
8 31 1
51 247 84
133 199 253
183 248 1
60 145 1
147 235 235
163 221 84
32 252 148
85 255 84
99 232 27
94 117 1
91 164 1
235 250 235
93 118 1
13 254 254
4 122 4
226 251 4
92 215 152
86 246 1
84 141 84
76 185 1
24 245 235
75 94 1
23 206 28
173 182 1
122 235 235
41 62 27
40 161 1
47 220 28
56 61 1
7 246 45
141 232 27
44 201 27
99 227 227
150 178 1
81 175 1
98 202 4
3 84 1
161 217 1
27 60 27
126 235 235
69 229 4
58 255 255
90 172 1
107 131 1
103 215 152
238 252 1
5 179 235
62 171 1
124 157 27
66 89 66
3 245 1
39 241 235
106 200 235
107 223 107
112 138 112
41 203 1
72 228 1
22 234 235
24 90 1
137 224 84
77 80 1
170 197 214
66 159 66
197 215 27
119 243 235
137 192 1
76 167 254
14 173 1
3 25 1
64 216 254
77 235 235
94 132 94
106 187 1
30 171 1
37 125 45
240 244 1
164 194 1
120 190 235
62 189 235
115 185 253
93 231 1
88 134 1
74 90 1
27 122 27
224 232 27
35 162 50
121 195 1
49 225 1
163 198 198
42 120 27
17 197 4
27 131 27
96 100 4
11 224 28
68 245 253
132 139 1
55 84 84
70 111 1
113 161 1
6 105 27
139 185 4
17 68 4
82 237 1
112 154 1
113 182 1
114 165 1
245 246 27
27 239 27
114 239 214
10 75 4
97 243 1
39 192 1
62 69 4
69 247 28
137 168 235
189 191 235
42 223 1
5 78 235
84 117 84
158 165 1
23 255 28
27 232 27
13 170 1
79 98 253
39 230 235
2 254 1
2 146 1
136 206 28
69 161 1
6 215 152
68 230 4
187 241 1
4 67 1
30 255 27
4 99 27
111 164 1
48 178 48
38 63 1
7 254 1
132 202 1
130 209 50
161 226 1
42 166 235
15 62 4
182 195 1
207 231 28
199 234 253
152 174 1
45 148 1
77 209 1
20 62 1
71 85 27
70 232 1
14 172 1
240 248 1
1 170 1
147 202 4
177 202 4
22 165 1
108 201 27
146 159 148
34 83 235
153 240 254
78 233 1
44 235 235
22 96 235
143 215 48
85 207 28
244 253 235
8 185 4
108 251 4
113 115 1
2 195 2
78 251 4
79 121 1
153 166 1
165 232 1
169 193 1
49 117 4
69 227 27
11 250 28
26 130 1
55 58 186
167 178 1
150 202 1
79 221 4
93 190 1
61 226 27
207 251 4
140 151 140
8 21 1
116 138 1
19 214 214
1 74 1
12 134 1
190 217 235
55 231 186
43 222 1
82 141 1
166 174 1
4 57 4
58 112 1
229 243 4
26 117 235
90 162 50
141 242 1
224 250 84
64 181 1
11 223 1
6 199 27
214 243 4
54 135 235
19 70 1
79 213 27
90 118 1
81 135 1
135 187 1
24 166 52
70 159 1
159 180 1
160 162 1
28 241 28
157 222 253
38 120 1
24 121 1
56 236 1
131 157 4
40 123 1
163 186 186
121 225 148
96 149 235
24 149 149
62 182 27
143 152 48
78 97 1
178 235 235
27 166 235
56 200 1
17 159 1
135 237 140
166 238 1
61 247 27
9 122 4
99 152 152
159 191 1
75 253 253
16 191 140
4 147 4
55 147 186
14 166 1
32 155 1
60 155 28
59 92 27
133 211 4
103 207 27
161 176 1
241 242 1
120 144 1
213 214 27
118 180 1
34 88 1
129 220 27
17 220 4
32 190 1
55 90 1
75 255 4
53 159 1
108 143 27
185 251 4
4 70 1
49 53 1
55 108 84
56 215 1
76 97 254
89 134 1
173 193 148
128 160 28
91 123 186
56 161 1
30 128 27
196 217 27
61 177 27
87 184 1
24 124 235
23 203 1
25 90 50
55 92 27
25 220 1
73 174 50
32 212 148
36 78 235
69 206 206
239 241 214
191 237 191
49 96 4
47 117 198
87 232 27
55 253 4
4 206 4
209 213 1
21 39 1
41 70 1
14 218 50
114 254 1
34 248 1
43 231 1
22 88 1
14 197 1
6 136 27
27 233 1
25 112 1
104 179 1
98 149 235
175 212 1
13 215 1
79 238 1
101 222 1
183 214 214
23 87 4
25 119 1
36 186 235
33 196 48
191 219 1
97 209 1
28 108 28
114 235 235
83 142 235
9 114 147
103 151 151
62 251 4
9 131 131
45 238 1
16 252 1
127 165 1
55 132 1
131 182 27
202 236 1
19 43 1
39 57 235
75 82 1
22 52 149
51 103 27
26 108 235
80 202 1
210 217 1
11 177 177
142 202 4
131 198 198
12 50 1
186 231 186
29 158 1
51 219 1
62 185 253
92 187 1
38 134 1
91 183 186
148 175 1
107 159 1
181 253 253
37 132 1
73 111 1
102 141 235
4 6 27
35 171 50
21 97 254
19 172 27
101 233 1
158 176 1
107 119 1
57 87 87
123 139 186
39 235 235
128 131 214
211 239 214
101 241 1
27 132 1
108 192 1
71 251 27
158 227 1
32 119 1
27 170 27
46 246 1
7 14 1
166 168 149
128 163 214
26 168 26
99 194 27
184 218 1
26 129 235
94 224 1
206 237 27
108 131 84
44 253 253
165 173 148
119 203 1
90 147 1
84 240 1
13 66 148
23 116 28
148 152 1
28 239 28
132 213 1
35 80 1
51 124 27
34 180 28
43 147 1
60 108 84
84 183 84
84 137 84
197 235 235
104 223 1
5 24 235
139 149 235
86 223 1
130 252 1
100 222 4
129 219 1
48 106 27
92 143 48
5 114 235
135 145 1
159 237 1
34 162 1
39 53 1
23 126 126
37 250 27
88 254 254
51 221 84
167 250 1
152 190 235
85 230 4
13 31 254
123 230 4
178 181 27
83 190 235
41 165 1
24 170 235
13 148 148
247 251 4
28 117 28
29 168 1
137 200 235
27 69 27
80 89 1
143 165 1
51 122 4
127 172 235
47 86 1
103 180 27
127 148 1
148 214 1
16 179 27
129 177 27
170 239 239
39 148 1
57 149 235
49 256 4
60 138 1
13 155 1
130 145 50
18 60 1
8 125 27
58 172 27
13 216 254
200 247 235
128 256 84
167 215 1
38 143 1
92 159 1
15 230 4
6 207 27
62 176 253
70 195 1
64 113 254
45 149 235
167 251 1
10 207 28
79 185 253
68 176 176
174 248 50
10 25 1
153 255 1
200 254 1
60 241 84
104 156 1
99 140 140
131 256 84
67 200 1
63 97 1
126 177 177
140 201 140
218 221 1
184 212 148
120 187 1
9 30 27
122 199 253
56 164 1
108 181 4
128 194 28
30 201 27
92 178 178
30 81 1
78 221 28
100 117 186
52 123 235
146 156 95
33 57 27
175 226 1
113 169 1
197 255 186
64 173 254
21 149 1
105 224 186
25 254 1
152 256 27
21 88 254
90 248 50
97 169 1
52 213 235
93 180 1
92 246 27
183 205 1
71 123 27
11 141 28
112 173 254
27 234 27
186 194 28
197 205 1
32 56 1
54 249 235
152 192 1
66 185 1
172 246 27
70 163 1
86 95 1
53 221 1
128 164 1
92 243 27
40 102 1
102 244 244
41 137 27
90 212 1
1 203 1
191 232 27
36 50 1
59 159 1
61 63 152
177 205 1
43 136 1
37 88 1
13 195 1
155 177 177
151 152 152
184 216 254
78 241 28
142 245 253
56 214 1
45 99 27
130 223 1
18 41 1
4 256 4
16 145 1
10 70 1
48 110 1
176 245 253
8 180 4
56 221 1
81 83 1
36 45 235
154 177 235
31 126 1
179 221 84
96 136 4
46 212 148
114 135 27
128 201 27
193 254 254
140 204 1
114 186 186
47 129 27
29 256 1
122 215 27
127 219 1
166 231 235
168 244 149
216 229 1
62 93 1
138 238 1
5 142 235
18 216 1
117 240 1
34 94 1
183 235 235
186 211 186
7 163 27
99 216 1
127 200 149
121 148 148
21 164 1
75 173 1
21 41 1
55 255 186
72 121 148
160 176 4
84 131 84
145 160 1
93 187 1
6 227 227
107 200 1
202 230 4
93 240 1
179 227 27
57 252 1
106 241 4
15 248 1
135 202 27
16 241 27
159 183 1
57 90 1
64 110 1
120 168 235
81 249 1
82 213 1
176 224 4
171 221 1
26 151 235
52 197 235
56 80 1
79 113 1
41 196 27
19 150 1
80 209 1
6 61 152
46 72 148
11 45 27
181 195 1
42 133 27
155 218 1
8 16 27
118 164 164
131 207 28
141 183 186
25 196 1
37 256 27
27 91 27
109 224 186
63 71 27
200 239 235
71 81 1
37 223 1
62 65 253
55 77 4
91 225 1
14 203 1
16 30 27
64 95 254
162 235 1
24 125 235
111 137 27
178 236 1
47 136 214
9 68 4
210 225 148
67 215 1
79 135 27
83 204 1
12 53 1
20 197 1
71 243 27
51 70 1
90 135 1
58 59 4
5 110 1
74 214 28
96 169 4
131 192 1
181 184 1
27 58 27
210 248 1
130 219 50
76 98 1
51 93 1
98 188 98
106 170 4
32 69 1
11 68 4
195 235 1
4 19 4
22 203 1
167 237 1
73 131 1
1 58 1
97 156 148
28 96 4
78 186 28
15 107 1
16 62 27
189 199 235
45 83 235
114 218 1
151 237 140
139 214 214
200 215 235
30 39 235
55 195 1
18 134 1
88 121 148
76 204 254
52 125 235
40 49 1
125 226 27
11 60 28
38 118 1
36 165 1
215 250 27
31 111 1
30 87 27
12 96 1
5 66 1
30 220 27
186 207 28
42 215 27
30 147 27
183 224 186
199 251 4
13 161 1
45 183 27
25 28 1
136 173 1
58 180 28
128 241 214
135 154 235
11 39 235
74 152 27
111 178 48
160 207 28
61 149 235
185 190 235
76 222 1
148 196 1
5 116 235
58 241 186
9 103 27
61 71 27
22 154 235
19 201 27
1 179 1
21 108 1
75 120 4
122 126 4
49 137 4
194 201 27
5 210 1
28 211 28
6 167 1
189 244 235
27 66 1
92 177 27
137 217 27
155 157 4
90 193 1
120 173 1
13 141 1
162 226 1
209 224 1
39 181 235
25 143 1
100 109 109
58 65 4
132 154 1
71 142 27
135 216 1
147 211 147
19 196 27
115 245 253
72 159 148
32 180 1
23 191 27
23 57 4
44 46 1
47 199 4
86 214 1
73 139 1
61 99 152
12 110 1
10 253 4
87 105 4
6 140 140
56 143 1
71 84 27
217 233 1
119 209 1
135 184 1
140 222 27
154 168 235
69 109 28
100 126 28
17 229 4
102 231 235
11 78 28
202 254 1
85 111 27
139 180 28
52 87 235
120 255 28
124 227 152
48 181 27
21 42 1
14 223 1
17 98 4
184 242 1
13 113 148
87 161 1
54 209 1
187 204 254
144 190 1
1 78 1
122 227 27
71 229 27
80 122 1
238 251 1
198 211 198
154 172 235
187 244 1
33 64 1
6 213 152
9 198 198
35 116 1
147 209 1
41 224 27
143 190 235
66 203 66
29 69 1
29 33 1
17 62 4
30 88 1
42 127 235
189 190 189
226 247 186
121 159 148
100 190 235
190 215 235
8 78 4
95 241 1
8 100 4
245 252 1
71 126 27
102 196 235
46 150 1
27 135 27
42 249 27
184 250 1
105 111 27
156 212 148
89 186 1
9 170 214
160 209 1
143 170 27
51 117 84
134 225 1
83 235 235
64 171 1
111 254 1
10 116 116
159 222 1
25 150 1
86 252 1
49 181 253
42 252 1
210 212 148
44 62 253
130 195 50
1 34 1
99 243 27
161 246 1
162 256 1
46 216 254
28 55 28
67 98 1
74 110 1
127 234 235
143 186 27
109 214 214
76 88 254
191 227 140
18 96 1
16 254 1
50 149 1
114 202 4
45 87 27
93 124 1
121 187 148
23 58 28
121 217 1
93 235 1
184 197 1
52 249 235
19 205 1
198 241 198
14 90 50
29 170 1
44 132 1
154 197 235
117 183 186
169 206 28
30 119 235
156 227 1
89 156 148
3 50 1
202 222 4
2 23 1
103 111 48
168 189 235
141 147 186
23 176 4
108 137 137
124 251 27
214 218 1
166 208 1
111 196 48
27 246 27
62 98 62
17 207 4
49 171 1
168 190 235
192 227 1
73 92 1
59 134 1
122 183 4
149 170 235
37 87 27
28 186 28
174 242 50
155 166 235
14 234 1
63 195 1
239 254 1
7 222 27
9 16 27
112 217 1
154 181 235
55 131 186
47 114 198
45 140 27
32 45 1
161 163 1
153 177 1
86 256 1
1 226 1
15 133 4
119 230 235
92 158 1
14 229 1
102 118 1
4 47 4
91 198 198
99 190 235
61 104 1
69 170 28
13 184 148
61 65 27
112 250 1
25 108 1
36 194 235
6 35 1
87 238 1
81 145 1
180 247 28
88 200 1
36 59 235
159 205 1
133 195 1
126 248 1
64 253 1
34 189 235
151 166 235
42 220 27
11 164 1
32 225 95
154 192 1
80 178 1
4 229 4
89 132 1
61 193 1
24 175 1
129 246 45
31 152 1
192 194 1
100 195 1
72 101 1
22 235 235
39 168 149
4 219 1
82 218 1
191 244 235
77 151 27
9 182 27
93 107 107
126 217 27
24 168 149
173 218 1
98 157 253
32 95 95
181 242 1
17 216 1
119 241 235
78 88 1
34 117 117
30 140 27
62 163 4
145 239 1
39 72 1
70 144 1
11 204 1
56 210 1
60 137 84
16 71 27
43 97 254
79 253 253
58 115 4
36 60 235
201 235 235
138 216 254
149 249 235
76 203 254
32 210 148
22 102 149
19 199 4
29 176 1
20 203 148
89 125 1
79 136 4
166 177 235
122 152 27
21 102 1
39 81 1
21 46 254
131 242 1
67 122 1
48 192 1
176 187 1
51 246 27
42 240 1
74 207 28
112 146 254
53 232 1
116 162 1
3 208 1
19 180 28
157 172 27
224 242 1
27 180 27
35 120 1
41 135 27
154 166 235
5 237 235
132 223 1
248 251 1
126 220 28
94 134 1
96 198 4
145 190 1
80 148 1
184 187 66
135 177 27
67 248 1
74 126 28
65 157 253
4 128 4
117 193 1
72 163 1
49 203 1
115 214 4
124 196 152
86 192 1
93 150 1
101 239 1
35 103 1
60 166 235
41 217 41
81 193 254
164 236 1
59 253 253
17 138 1
186 192 1
54 63 235
89 211 1
51 193 1
20 100 1
38 146 254
128 239 239
35 104 50
22 161 1
9 120 28
3 169 1
67 89 254
168 193 1
49 101 1
62 250 4
116 239 28
14 165 1
54 124 235
39 74 235
24 177 235
21 226 1
66 112 254
120 239 28
146 188 1
104 143 1
17 156 1
16 166 235
164 229 1
135 239 27
1 77 1
32 227 1
4 170 4
157 238 1
108 165 1
168 248 1
33 125 27
72 205 1
28 113 1
61 108 27
101 115 1
26 110 1
105 117 186
16 197 27
39 113 1
139 220 28
111 204 1
4 9 4
4 49 4
4 197 4
104 217 1
74 92 27
172 227 178
199 242 1
95 211 1
28 256 28
7 98 27
28 247 28
23 204 1
50 247 1
179 235 235
121 149 1
45 107 1
47 118 1
45 241 27
116 243 4
98 220 4
155 170 28
115 237 27
48 49 27
13 255 1
33 200 235
5 45 235
113 222 1
93 173 1
82 135 1
94 231 1
40 109 1
8 145 1
101 216 1
86 159 1
9 59 4
68 182 27
68 223 1
42 47 27
9 242 1
23 112 1
185 246 27
153 227 1
63 200 235
69 85 28
58 161 1
21 122 1
37 254 1
12 62 1
6 218 1
16 236 1
53 91 1
183 201 27
55 129 27
134 201 1
67 203 254
97 136 1
47 215 27
7 129 7
63 230 27
6 80 1
69 123 28
183 226 186
241 256 84
9 58 186
82 256 1
106 174 1
113 234 1
15 232 27
40 191 1
77 159 1
79 176 253
18 192 50
9 147 147
100 116 28
90 219 50
174 224 1
98 120 4
11 118 1
27 256 27
45 213 27
157 235 235
121 188 1
48 136 27
6 86 1
8 106 4
28 78 28
186 226 186
68 77 253
88 182 1
181 249 4
45 225 1
74 102 235
84 146 1
83 196 235
93 101 1
144 214 1
46 234 1
28 183 28
47 239 214
11 206 28
39 77 235
67 148 254
14 136 1
165 240 95
244 248 1
114 256 84
124 198 27
57 134 1
220 235 235
60 128 84
167 247 1
58 223 1
4 226 4
121 216 254
72 99 1
17 20 1
181 201 27
98 131 4
131 181 4
173 252 148
199 221 4
160 238 1
92 227 227
1 37 1
1 84 1
94 221 1
99 124 152
89 110 1
132 143 1
14 182 1
69 116 116
63 86 1
11 36 235
87 231 4
56 136 1
27 87 27
96 175 1
131 237 27
81 186 1
38 179 1
23 248 1
76 113 254
44 102 235
156 174 1
126 222 4
141 214 214
107 124 1
97 135 1
165 235 1
58 84 84
50 88 1
15 202 4
112 178 1
57 245 4
70 114 1
82 120 1
11 172 27
133 185 253
106 228 1
108 161 1
100 244 235
25 32 1
41 164 1
52 164 1
100 214 214
26 154 235
148 167 148
74 256 28
111 205 1
90 209 50
70 177 1
45 98 27
158 159 1
44 112 1
142 201 27
162 171 50
88 189 1
168 251 235
63 171 1
100 136 214
150 199 1
83 170 235
46 166 1
29 244 1
64 137 1
144 163 1
136 255 214
115 249 4
52 88 1
46 85 1
20 232 1
105 136 214
23 220 28
213 246 27
97 241 1
30 141 27
141 154 235
89 122 1
38 62 1
150 159 1
76 77 1
1 246 1
7 114 27
28 31 1
177 224 28
240 249 1
31 91 1
48 161 1
134 168 1
47 252 1
1 24 1
32 244 1
95 183 1
6 42 27
102 154 235
27 52 235
54 248 1
51 249 4
86 217 1
107 185 1
32 249 1
29 144 1
122 250 4
138 232 1
100 202 4
126 141 28
66 149 1
132 228 1
120 134 1
31 96 1
82 153 112
34 220 28
102 144 1
168 239 235
17 56 1
206 243 4
92 95 1
19 61 27
69 148 1
64 230 1
111 140 48
70 237 1
24 81 1
97 148 148
7 95 1
23 69 28
6 131 27
214 240 1
162 163 1
78 225 1
163 168 235
104 168 1
32 64 254
66 217 1
94 170 1
136 139 214
149 254 1
143 237 48
205 238 50
128 249 4
17 185 4
144 146 1
21 255 1
11 242 1
99 197 27
145 245 1
22 202 235
50 192 50
135 251 27
120 254 1
117 230 4
10 101 1
23 241 28
120 192 1
44 129 27
197 204 1
142 217 27
37 148 1
136 247 214
137 175 1
80 255 1
146 230 1
67 213 1
33 184 1
140 196 140
82 226 1
11 160 28
224 255 186
99 109 27
21 158 1
30 155 27
16 248 1
104 141 1
3 188 1
19 36 235
130 240 1
187 194 1
162 175 50
46 116 1
41 209 1
149 229 235
38 183 1
51 198 84
58 131 186
48 169 27
101 238 50
56 99 1
80 109 1
152 205 1
59 62 253
12 121 254
38 42 1
40 171 50
191 193 1
22 231 235
34 89 1
72 224 1
179 239 84
71 137 27
27 117 27
59 165 1
7 189 235
24 119 149
168 169 235
122 196 27
124 187 1
92 179 27
102 121 1
140 148 1
9 235 235
84 216 1
208 225 1
9 186 186
105 167 1
42 58 27
60 131 84
117 202 4
41 90 1
98 246 27
130 238 50
147 220 28
20 162 1
150 224 1
99 235 235
31 216 254
52 255 235
185 208 1
105 202 4
16 25 1
104 170 1
17 90 1
80 217 1
28 203 1
112 148 254
152 157 27
14 33 1
87 249 4
50 121 1
61 227 152
16 185 27
14 110 50
157 218 1
164 184 1
65 182 27
14 239 1
47 248 1
117 226 186
140 178 140
34 243 4
16 253 27
117 235 235
83 123 235
88 152 1
77 190 235
10 114 28
40 98 1
136 169 28
10 183 28
86 182 1
28 202 4
46 133 1
135 247 27
99 192 1
6 114 27
64 144 1
109 247 186
127 247 235
138 225 254
83 202 235
86 201 1
194 250 28
2 57 1
223 234 1
81 248 1
5 84 235
31 156 254
129 187 1
161 244 1
23 209 1
2 175 2
12 106 1
44 216 1
148 187 148
29 36 1
27 215 27
152 234 27
19 147 147
111 151 48
54 131 235
224 252 1
217 237 27
65 226 4
5 22 235
191 212 1
103 163 27
114 117 117
14 167 1
61 137 27
87 246 27
74 143 27
68 118 1
117 170 214
66 79 1
90 154 1
83 166 149
118 248 1
100 239 214
27 241 27
112 165 254
99 166 235
40 228 1
118 149 1
28 163 28
142 149 235
14 250 1
22 189 235
124 143 48
12 182 1
15 236 1
172 205 1
103 107 1
224 256 84
61 241 27
126 244 235
19 47 198
172 213 178
34 123 186
94 184 1
50 99 1
51 58 84
55 100 186
102 168 149
211 255 186
84 136 84
88 228 1
27 34 27
77 180 4
44 250 4
19 251 4
90 220 1
59 248 1
57 249 4
5 50 1
17 217 27
102 105 235
165 182 1
155 172 27
109 128 214
90 148 1
101 120 1
9 29 1
137 226 84
37 83 235
110 132 50
15 142 4
11 116 28
53 130 1
157 176 176
108 214 84
50 131 1
100 256 84
211 235 235
47 200 235
34 142 4
184 253 1
145 201 1
177 211 28
166 225 1
12 32 254
78 218 1
181 202 4
132 203 1
157 159 1
23 83 235
109 141 109
48 148 1
70 184 1
22 211 235
140 206 27
21 61 1
67 103 1
129 164 1
51 74 28
13 118 1
168 215 235
124 186 27
76 240 254
121 173 148
10 221 28
147 206 28
53 145 1
27 231 27
73 187 1
68 138 1
35 49 1
75 156 1
105 210 1
142 232 27
82 173 254
56 72 1
163 231 186
11 109 28
211 214 214
34 170 214
73 130 50
190 236 1
11 49 4
35 47 1
45 114 27
68 127 235
92 213 152
47 221 84
58 156 1
136 183 214
88 130 1
2 7 1
85 141 84
57 106 4
53 213 1
167 233 254
58 231 186
144 180 1
115 126 4
89 226 1
15 57 4
150 215 1
115 117 4
195 242 50
93 99 1
26 63 235
117 242 1
10 213 27
43 87 1
47 55 198
35 40 50
152 201 152
143 198 27
206 245 4
46 95 148
182 186 27
68 247 4
114 150 1
67 165 254
39 99 235
23 180 28
73 250 1
19 249 4
11 108 28
11 249 4
147 254 1
69 169 28
23 246 27
131 244 235
81 206 1
56 256 1
110 176 1
150 236 1
75 87 4
140 179 27
57 196 27
57 229 4
138 221 1
155 185 4
164 180 1
123 195 1
22 51 235
148 193 148
10 50 1
92 234 27
17 246 27
169 231 28
57 62 4
20 81 254
18 223 1
34 109 186
186 221 84
116 252 1
139 246 27
63 225 1
132 191 1
95 217 1
19 74 28
205 247 1
97 120 1
29 206 1
125 198 27
28 167 1
34 84 84
118 137 1
69 166 235
84 231 84
205 228 1
36 220 235
13 213 1
80 220 1
23 210 1
11 20 1
13 40 1
150 176 1
134 212 1
42 75 27
7 103 27
41 186 27
181 228 1
5 71 235
22 158 1
40 132 50
55 239 214
185 227 27
174 198 1
58 224 186
30 205 1
55 247 186
67 169 1
20 121 148
146 161 1
10 159 1
17 239 4
105 217 27
141 224 186
21 130 1
102 159 1
55 112 1
101 237 1
108 220 28
204 251 1
166 213 235
4 188 4
68 251 4
70 202 1
3 130 1
228 242 1
34 252 1
9 249 4
84 139 84
28 177 28
153 183 1
60 192 1
193 255 1
31 240 254
15 118 1
36 84 235
94 226 1
25 232 1
10 74 116
13 159 148
12 201 1
1 194 1
36 85 235
66 107 1
48 96 27
2 162 50
146 228 1
13 203 148
40 176 1
75 164 1
95 179 1
2 169 1
25 92 1
133 255 4
51 135 27
76 173 254
185 253 253
216 249 1
2 111 1
176 246 27
151 170 27
56 134 1
56 58 1
104 250 1
95 233 254
67 252 254
25 70 1
32 91 1
67 183 1
23 71 27
163 218 1
53 184 1
125 147 27
33 211 27
132 151 1
61 155 27
78 132 1
11 125 27
177 248 1
32 66 148
179 215 27
20 201 1
166 171 1
77 243 253
115 228 1
128 247 214
24 113 1
31 169 1
26 90 1
78 198 28
33 73 1
116 224 28
56 165 1
84 211 84
125 207 27
12 232 1
65 205 1
100 170 214
169 238 1
83 237 235
12 71 1
60 207 28
27 127 235
70 76 1
214 219 1
99 225 1
43 67 254
64 147 1
173 235 1
64 205 1
96 187 1
158 210 1
35 106 1
176 188 253
75 224 4
24 93 1
58 155 28
94 101 50
14 98 1
116 256 28
38 184 254
122 138 1
110 240 1
2 107 1
154 179 235
71 151 27
230 245 4
141 234 4
165 256 1
28 57 4
48 199 27
192 221 1
200 230 235
25 125 1
16 139 27
239 247 214
95 212 148
2 130 50
5 127 235
105 189 235
153 216 254
42 119 235
96 129 27
159 252 148
22 149 149
9 41 27
89 95 148
93 194 1
172 208 1
133 184 1
63 85 27
92 201 152
35 235 1
28 62 4
56 140 1
65 118 1
17 205 1
71 194 27
35 206 1
5 62 235
51 109 84
4 183 4
35 110 50
190 230 235
123 170 214
