256 8374
160 255 1
85 255 1
14 255 1
31 255 1
120 255 1
59 179 255
106 179 255
179 195 255
47 179 255
179 201 255
116 132 179
116 208 179
116 125 179
102 116 179
42 116 179
240 254 116
164 240 116
4 240 116
52 240 116
50 240 116
209 243 240
9 243 240
79 243 240
226 243 240
27 243 240
40 168 243
168 251 243
41 168 243
168 228 243
87 168 243
62 167 168
62 113 168
16 62 168
62 256 168
62 101 168
115 161 62
161 225 62
118 161 62
71 161 62
161 183 62
25 252 161
25 206 161
25 104 161
25 239 161
25 169 161
185 222 25
166 185 25
123 185 25
99 185 25
149 185 25
3 67 185
67 242 185
46 67 185
32 67 185
67 217 185
144 176 67
144 249 67
55 144 67
144 215 67
22 144 67
23 198 144
11 23 144
23 96 144
23 204 144
23 245 144
68 69 23
69 141 23
39 69 23
69 133 23
69 212 23
154 205 69
65 205 69
12 205 69
124 205 69
78 205 69
165 193 205
105 165 205
49 165 205
138 165 205
165 221 205
90 94 165
89 90 165
90 210 165
90 237 165
90 143 165
48 110 90
48 186 90
7 48 90
48 158 90
48 92 90
131 202 48
202 207 48
199 202 48
66 202 48
8 202 48
72 200 202
98 200 202
30 200 202
13 200 202
175 200 202
74 188 200
74 184 200
74 150 200
21 74 200
74 238 200
83 142 74
83 233 74
83 162 74
83 97 74
83 157 74
51 231 83
51 214 83
51 136 83
51 227 83
51 213 83
64 223 51
64 75 51
15 64 51
64 159 51
64 196 51
93 122 64
93 232 64
93 134 64
93 234 64
93 216 64
38 155 93
155 218 93
61 155 93
73 155 93
103 155 93
77 84 155
18 84 155
84 130 155
53 84 155
84 220 155
108 171 84
137 171 84
57 171 84
10 171 84
146 171 84
19 34 171
19 211 171
19 121 171
19 151 171
19 100 171
107 244 19
6 107 19
86 107 19
44 107 19
82 107 19
139 230 107
219 230 107
191 230 107
180 230 107
36 230 107
177 236 230
177 224 230
152 177 230
56 177 230
177 247 230
43 203 177
173 203 177
26 203 177
88 203 177
17 203 177
109 140 203
140 187 203
140 250 203
140 172 203
28 140 203
91 95 140
91 128 140
45 91 140
33 91 140
91 174 140
58 156 91
58 119 91
58 178 91
58 126 91
58 246 91
76 80 58
29 80 58
80 81 58
80 148 58
80 197 58
20 189 80
189 229 80
189 241 80
170 189 80
117 189 80
129 182 189
114 182 189
145 182 189
24 182 189
60 182 189
2 54 182
37 54 182
54 248 182
54 111 182
54 63 182
163 192 54
70 192 54
147 192 54
135 192 54
192 194 54
35 127 192
127 181 192
5 127 192
127 153 192
127 190 192
112 235 127
235 253 127
160 235 1
85 235 1
14 235 1
31 235 1
120 235 1
59 235 255
106 235 255
195 235 255
47 235 255
201 235 255
132 235 179
208 235 179
125 235 179
102 235 179
42 235 179
235 254 116
164 235 116
4 235 116
52 235 116
50 235 116
209 235 240
9 235 240
79 235 240
226 235 240
27 235 240
40 235 243
235 251 243
41 235 243
228 235 243
87 235 243
167 235 168
113 235 168
16 235 168
235 256 168
101 235 168
115 235 62
225 235 62
118 235 62
71 235 62
183 235 62
235 252 161
206 235 161
104 235 161
235 239 161
169 235 161
222 235 25
166 235 25
123 235 25
99 235 25
149 235 25
3 235 185
235 242 185
46 235 185
32 235 185
217 235 185
176 235 67
235 249 67
55 235 67
215 235 67
22 235 67
198 235 144
11 235 144
96 235 144
204 235 144
235 245 144
68 235 23
141 235 23
39 235 23
133 235 23
212 235 23
154 235 69
65 235 69
12 235 69
124 235 69
78 235 69
193 235 205
105 235 205
49 235 205
138 235 205
221 235 205
94 235 165
89 235 165
210 235 165
235 237 165
143 235 165
110 235 90
186 235 90
7 235 90
158 235 90
92 235 90
131 235 48
207 235 48
199 235 48
66 235 48
8 235 48
72 235 202
98 235 202
30 235 202
13 235 202
175 235 202
188 235 200
184 235 200
150 235 200
21 235 200
235 238 200
142 235 74
233 235 74
162 235 74
97 235 74
157 235 74
231 235 83
214 235 83
136 235 83
227 235 83
213 235 83
223 235 51
75 235 51
15 235 51
159 235 51
196 235 51
122 235 64
232 235 64
134 235 64
234 235 64
216 235 64
38 235 93
218 235 93
61 235 93
73 235 93
103 235 93
77 235 155
18 235 155
130 235 155
53 235 155
220 235 155
108 235 84
137 235 84
57 235 84
10 235 84
146 235 84
34 235 171
211 235 171
121 235 171
151 235 171
100 235 171
235 244 19
6 235 19
86 235 19
44 235 19
82 235 19
139 235 107
219 235 107
191 235 107
180 235 107
36 235 107
235 236 230
224 235 230
152 235 230
56 235 230
235 247 230
43 235 177
173 235 177
26 235 177
88 235 177
17 235 177
109 235 203
187 235 203
235 250 203
172 235 203
28 235 203
95 235 140
128 235 140
45 235 140
33 235 140
174 235 140
156 235 91
119 235 91
178 235 91
126 235 91
235 246 91
76 235 58
29 235 58
81 235 58
148 235 58
197 235 58
20 235 80
229 235 80
235 241 80
170 235 80
117 235 80
129 235 189
114 235 189
145 235 189
24 235 189
60 235 189
2 235 182
37 235 182
235 248 182
111 235 182
63 235 182
163 235 54
70 235 54
147 235 54
135 235 54
194 235 54
35 235 192
181 235 192
5 235 192
153 235 192
190 235 192
1 235 1
235 255 255
179 235 179
116 235 116
235 240 240
235 243 243
168 235 168
62 235 62
161 235 161
25 235 25
185 235 185
67 235 67
144 235 144
23 235 23
69 235 69
205 235 205
165 235 165
90 235 90
48 235 48
202 235 202
200 235 200
74 235 74
83 235 83
51 235 51
64 235 64
93 235 93
155 235 155
84 235 84
171 235 171
19 235 19
107 235 107
230 235 230
177 235 177
203 235 203
140 235 140
91 235 91
58 235 58
80 235 80
189 235 189
182 235 182
54 235 54
192 235 192
127 235 127
25 152 25
62 163 62
112 244 19
49 138 205
39 141 23
209 226 240
120 160 1
198 204 144
26 38 93
77 220 155
24 192 189
30 98 202
90 249 67
106 178 255
182 241 80
135 171 171
49 105 205
1 79 1
67 91 67
42 148 179
7 118 62
2 37 182
18 71 62
67 69 67
53 83 83
68 168 168
52 196 116
60 114 189
35 147 54
76 81 58
123 174 25
2 111 182
39 168 168
139 191 107
165 253 165
193 225 62
17 88 177
67 140 67
34 84 84
49 62 62
214 216 83
100 165 165
14 31 1
13 185 185
86 139 19
136 213 83
36 129 107
22 205 67
15 75 51
170 241 80
59 255 255
34 151 171
1 47 1
9 212 240
220 222 25
89 127 165
18 130 155
105 221 205
7 84 90
98 188 202
82 216 64
33 178 140
111 224 230
24 145 189
44 118 62
1 173 1
148 197 58
179 182 179
57 108 84
26 43 177
51 141 23
243 245 243
106 201 255
47 100 255
104 213 161
49 231 205
149 166 25
188 240 240
73 179 179
46 59 255
128 174 140
159 196 51
10 146 84
11 96 144
122 148 64
67 74 67
36 180 107
185 249 185
34 171 171
28 57 84
71 115 62
20 96 144
55 176 67
16 101 168
81 253 58
21 238 200
112 181 192
135 194 54
119 156 91
145 152 230
118 243 243
90 146 90
6 86 19
122 126 64
1 4 1
215 247 67
213 214 83
20 170 80
132 135 179
36 219 107
37 248 182
149 222 25
63 204 144
115 225 62
42 208 179
69 151 69
33 166 25
74 177 74
47 59 255
18 36 155
75 112 51
225 240 240
81 213 83
4 50 116
172 187 203
152 189 230
25 142 25
116 255 255
103 117 93
91 229 91
89 165 165
108 205 205
65 127 69
32 92 185
45 128 140
78 169 161
88 124 69
89 210 165
114 139 107
236 247 230
69 241 69
87 126 243
94 165 165
132 144 179
190 253 192
122 234 64
104 206 161
33 174 140
108 137 84
32 217 185
60 129 189
116 168 116
12 124 69
11 198 144
48 250 48
57 221 205
123 222 25
163 218 93
31 238 1
47 220 255
84 90 90
26 88 177
11 168 168
105 205 205
165 231 165
27 46 240
148 185 185
85 160 1
121 202 202
7 127 90
140 203 203
35 153 192
119 246 91
13 98 202
10 57 84
228 251 243
71 225 62
114 192 189
55 62 62
82 86 19
1 89 1
226 240 240
57 159 51
22 215 67
27 209 240
40 41 243
114 129 189
10 157 74
59 155 255
139 219 107
170 247 230
79 226 240
105 174 205
147 148 58
21 88 200
218 231 83
178 246 91
89 241 165
29 187 203
4 254 116
130 220 155
3 242 185
9 209 240
40 240 240
116 254 116
1 195 1
106 210 255
67 83 67
104 252 161
179 208 179
112 137 84
68 141 23
5 181 192
170 184 200
215 231 67
14 120 1
3 50 116
43 172 177
47 106 255
61 205 205
27 79 240
145 234 64
24 55 67
56 248 230
127 251 243
75 231 83
148 149 25
17 233 74
29 112 58
147 248 182
172 250 203
25 180 25
125 246 179
64 67 67
21 150 200
141 212 23
126 136 83
197 198 144
56 247 230
1 92 1
178 205 205
113 167 168
181 214 83
93 137 93
99 222 25
101 113 168
67 223 67
157 233 74
18 25 25
157 162 74
22 231 67
77 246 155
134 185 185
133 161 161
43 248 177
138 150 205
112 253 127
173 176 67
71 240 240
109 147 203
103 248 93
70 147 54
73 83 83
29 96 144
156 217 185
81 155 155
194 239 161
89 143 165
34 196 51
66 131 48
206 252 161
46 242 185
2 100 171
10 179 179
43 247 230
4 72 116
70 139 107
28 74 74
89 116 116
99 243 243
110 175 90
26 173 177
221 255 255
171 177 171
11 255 255
135 244 19
100 121 171
111 248 182
8 179 179
9 27 240
40 87 243
164 254 116
115 118 62
34 121 171
11 245 144
119 170 91
104 116 116
102 132 179
67 139 67
146 152 84
16 57 168
108 196 51
144 184 144
114 146 84
25 213 25
145 256 168
153 181 192
144 186 144
55 208 179
54 140 140
7 158 90
61 118 62
134 232 64
135 137 84
13 25 25
182 224 230
8 207 48
87 228 243
77 116 116
58 108 84
34 211 171
50 126 116
97 157 74
80 140 140
180 219 107
92 186 90
73 122 64
116 242 116
116 123 116
69 144 144
125 208 179
19 130 155
82 253 19
58 72 202
129 255 255
44 121 171
217 242 185
173 224 230
26 207 48
179 243 179
135 210 165
37 64 64
133 141 23
38 62 62
31 85 1
216 234 64
55 186 67
115 168 168
77 240 240
66 181 48
103 162 74
55 215 67
146 179 179
126 156 91
193 216 205
16 213 168
68 179 179
138 148 205
203 241 203
41 135 243
123 149 25
201 255 255
2 63 182
63 181 182
139 180 107
188 241 200
137 199 48
3 161 161
10 23 23
100 168 168
137 183 62
67 195 255
137 243 243
155 205 205
42 132 179
98 184 202
89 94 165
166 222 25
83 230 83
135 239 161
33 128 140
107 197 107
13 72 202
49 55 67
85 130 1
82 244 19
219 224 107
146 219 84
162 179 179
96 245 144
175 201 255
6 44 19
157 158 90
152 224 230
170 229 80
48 175 48
116 179 179
20 117 80
1 140 1
12 78 69
127 180 107
6 76 19
105 161 161
221 240 240
76 83 83
18 53 155
124 154 69
183 210 62
70 76 58
27 255 255
199 224 48
37 81 58
18 220 155
12 152 69
224 247 230
97 162 74
61 218 93
32 212 185
26 47 255
107 117 107
62 166 62
1 190 1
39 133 23
67 150 67
145 172 203
74 255 255
35 181 192
16 256 168
112 126 91
89 123 25
23 210 23
79 209 240
1 209 1
133 212 23
153 224 230
24 114 189
23 53 23
1 228 1
125 132 179
62 238 62
10 44 84
146 236 84
45 95 140
69 137 69
64 151 64
155 183 62
95 198 144
53 130 155
96 120 1
35 163 54
83 168 168
151 163 171
172 189 203
16 183 168
133 183 62
110 186 90
198 245 144
1 31 1
110 135 90
47 195 255
11 204 144
36 93 93
44 142 74
22 123 25
3 167 168
72 192 202
149 179 179
52 227 116
65 234 69
69 134 69
179 244 179
12 179 179
205 230 205
126 194 91
76 92 90
4 62 116
10 137 84
32 242 185
168 179 179
29 76 58
60 227 83
107 174 107
62 220 62
26 123 25
195 201 255
49 221 205
16 113 168
165 198 144
152 247 230
109 253 203
40 141 243
39 212 23
11 225 62
143 210 165
81 163 58
228 250 243
57 84 84
160 172 1
87 182 243
25 94 25
126 246 91
143 200 165
9 226 240
77 161 161
72 247 202
142 162 74
21 103 200
144 158 144
93 151 93
29 218 93
20 229 80
203 230 230
67 203 67
109 236 230
42 65 179
24 30 202
87 173 243
135 208 179
127 173 177
40 251 243
168 216 168
176 249 67
153 253 192
169 252 161
65 124 69
226 227 240
67 238 67
14 50 1
51 180 51
224 236 230
115 183 62
30 209 240
19 189 19
131 144 144
108 146 84
1 120 1
50 164 116
196 223 51
53 139 155
105 193 205
1 206 1
150 238 200
97 144 144
94 213 165
94 140 165
116 218 116
75 128 51
35 210 165
138 205 205
7 92 90
104 169 161
153 194 54
168 213 168
230 240 240
18 107 155
81 219 107
1 116 1
179 236 179
5 213 83
41 87 243
76 170 58
1 125 1
89 237 165
117 170 80
71 121 62
58 117 58
79 179 179
139 229 107
73 119 93
115 155 62
112 190 192
159 223 51
233 241 74
59 106 255
212 232 23
1 240 1
127 170 80
65 228 243
8 131 48
65 255 255
168 206 168
193 221 205
62 208 179
53 220 155
15 92 90
37 139 107
15 53 51
110 126 90
23 184 23
1 76 1
57 157 74
1 122 1
5 81 58
72 163 202
89 164 116
90 222 25
100 256 168
73 103 93
215 249 67
58 219 107
145 170 80
26 248 177
156 230 230
184 238 200
147 190 54
71 183 62
78 121 69
1 85 1
86 137 84
31 170 1
118 225 62
16 243 243
24 52 116
96 248 144
25 256 168
94 237 165
120 127 1
158 226 240
118 183 62
70 135 54
130 170 155
66 206 161
166 170 25
78 133 23
146 155 155
63 248 182
31 54 1
188 207 48
187 214 83
33 237 165
37 63 182
82 169 161
165 188 165
56 175 202
9 39 240
137 185 185
132 237 179
123 256 168
95 202 202
102 111 179
96 198 144
129 145 189
25 151 25
3 97 185
81 197 58
23 145 23
89 253 165
81 227 83
161 162 161
158 202 90
204 255 255
143 237 165
115 218 62
35 48 48
73 144 144
172 192 203
153 190 192
22 75 67
53 215 67
122 232 64
64 221 205
5 129 189
34 100 171
37 111 182
34 199 48
161 205 161
67 227 67
7 43 90
152 250 230
43 187 177
5 93 93
148 181 58
216 255 255
174 253 140
73 77 93
160 237 1
214 252 161
137 161 161
128 241 140
58 116 116
1 255 1
166 230 25
75 223 51
177 208 179
94 143 165
192 241 80
132 208 179
28 187 203
158 185 185
48 213 48
30 78 69
68 212 23
142 205 205
162 241 74
51 185 185
25 243 243
151 211 171
144 227 144
21 188 200
179 255 255
115 193 62
177 250 177
122 216 64
232 250 64
31 243 1
131 199 48
16 203 168
2 248 182
5 35 192
34 93 93
101 167 168
78 229 69
95 229 140
227 242 185
128 171 171
192 217 185
97 226 240
108 130 155
12 143 69
48 131 48
29 148 58
62 206 62
132 227 179
29 60 58
58 220 155
122 254 116
147 211 171
23 90 23
12 39 23
47 156 255
14 160 1
147 236 230
12 17 69
112 153 192
26 57 84
169 207 161
46 219 185
76 202 202
72 83 202
76 148 58
71 84 62
145 157 74
48 226 240
184 188 200
38 67 67
31 136 1
84 168 168
34 200 200
10 200 200
107 219 107
111 153 182
20 247 230
183 196 62
190 244 19
55 57 67
177 185 185
212 223 23
9 255 255
1 249 1
182 243 243
9 79 240
1 225 1
90 245 144
158 186 90
119 178 91
43 88 177
145 185 185
60 230 230
4 179 179
104 228 243
103 218 93
96 204 144
170 177 177
200 231 200
39 110 23
17 80 177
204 221 144
26 63 177
32 146 185
31 120 1
142 233 74
229 241 80
166 221 25
58 98 202
15 108 51
238 255 255
93 129 93
69 171 69
66 135 48
169 176 161
8 66 48
82 165 165
72 243 243
130 182 155
90 185 185
74 200 200
26 253 177
152 236 230
24 218 93
109 187 203
77 120 1
59 201 255
109 174 203
33 164 116
86 180 19
53 77 155
4 176 116
107 160 1
131 205 205
18 252 161
144 153 144
30 72 202
161 243 243
40 50 116
73 118 62
4 52 116
124 222 25
24 102 179
56 224 230
203 204 144
41 46 243
4 209 116
89 111 165
105 138 205
106 230 255
15 73 51
109 172 203
61 185 185
87 115 243
127 256 168
137 214 83
54 158 90
209 240 240
104 239 161
195 245 255
205 210 205
181 253 192
19 181 19
175 240 240
102 208 179
196 215 67
24 48 48
82 194 19
53 96 144
104 249 161
97 142 74
31 66 1
66 179 179
59 195 255
23 231 23
136 214 83
49 93 205
73 164 116
3 222 25
33 45 140
95 119 140
43 168 168
195 247 255
21 117 200
56 202 202
30 240 240
116 161 116
130 218 93
185 191 185
2 24 189
81 89 165
89 154 69
12 29 69
35 190 192
51 177 51
84 219 84
137 146 84
213 227 83
96 179 179
38 103 93
176 240 240
48 129 48
56 236 230
112 139 107
59 60 255
44 82 19
165 226 240
248 256 168
162 186 90
137 144 144
29 197 58
62 239 62
35 173 177
83 249 67
116 169 116
79 115 240
10 161 161
62 119 62
136 227 83
102 219 179
42 125 179
228 240 240
24 129 189
110 161 161
12 154 69
200 202 202
124 157 69
92 158 90
17 103 93
104 148 161
6 144 144
5 153 192
72 151 202
49 193 205
103 205 205
106 226 255
36 196 51
143 229 165
99 240 240
178 244 19
31 219 1
9 185 240
66 116 116
8 199 48
63 165 165
180 252 161
96 213 144
57 146 84
240 255 255
41 132 179
212 234 23
44 86 19
52 164 116
9 199 240
145 183 62
84 102 179
41 251 243
25 97 25
22 55 67
133 145 23
135 196 51
77 168 168
48 67 67
126 197 91
75 104 161
34 236 171
17 27 240
55 185 185
213 231 83
76 99 25
169 243 243
168 170 168
47 201 255
50 128 116
37 47 255
37 205 205
35 111 182
61 201 255
116 150 116
7 122 90
50 219 116
30 175 202
95 156 140
75 77 51
107 114 107
79 132 179
107 180 107
81 129 58
153 240 240
42 102 179
21 90 90
101 256 168
52 254 116
37 185 185
121 211 171
39 66 23
97 129 74
239 242 161
132 199 179
19 148 19
89 96 144
62 149 62
24 223 51
4 116 116
9 146 240
147 152 230
9 89 240
179 254 179
117 194 80
112 148 58
202 244 202
69 255 255
6 177 19
28 172 203
64 141 23
147 194 54
239 240 240
10 236 84
76 114 58
139 185 185
67 178 67
62 234 62
22 67 67
101 230 168
69 85 1
138 193 205
76 252 161
176 224 67
121 169 161
135 243 243
82 249 67
43 171 171
121 139 171
132 155 179
115 240 240
10 158 90
11 62 62
93 172 93
7 88 90
30 255 255
37 120 1
2 87 243
38 214 83
19 215 67
63 190 182
135 163 54
33 95 140
191 192 107
117 148 58
59 129 255
206 239 161
118 132 179
32 46 185
10 61 93
50 52 116
162 240 240
1 201 1
8 48 48
69 250 69
156 218 93
61 103 93
13 144 144
136 139 83
75 159 51
136 237 165
99 123 25
6 82 19
51 169 161
242 243 243
73 240 240
216 232 64
54 156 91
35 253 192
35 71 62
117 253 80
44 120 1
29 206 161
180 244 19
17 156 177
23 41 243
116 143 116
13 129 202
206 255 255
43 169 161
68 151 23
32 204 185
29 189 58
123 179 179
214 231 83
133 144 144
76 197 58
117 186 90
12 65 69
126 217 185
150 184 200
152 218 93
102 125 179
77 244 155
119 126 91
27 207 240
37 128 140
83 255 255
11 40 243
190 248 182
90 158 90
144 149 25
77 173 155
83 114 83
43 230 230
139 199 48
34 155 155
17 173 177
123 166 25
159 179 179
22 213 67
105 128 205
87 188 243
169 239 161
38 61 93
41 104 243
92 240 240
24 148 58
145 156 91
27 80 240
98 114 202
167 168 168
169 238 161
116 243 116
1 151 1
163 246 91
12 185 185
81 148 58
15 144 144
98 175 202
51 220 51
32 179 179
75 200 200
67 78 67
38 106 255
67 176 67
7 62 62
144 179 179
18 77 155
62 211 62
226 234 240
188 238 200
161 247 161
99 149 25
99 161 161
53 140 155
66 243 243
179 226 179
38 122 64
110 185 185
177 253 177
83 140 83
66 217 185
67 138 67
25 165 25
34 244 171
109 112 203
33 195 255
33 151 171
139 161 161
101 140 168
98 212 23
103 122 64
23 72 23
22 129 67
176 226 240
6 149 25
242 245 185
24 236 230
114 220 155
90 191 90
159 242 185
144 245 144
1 168 1
70 174 140
28 250 203
20 233 74
61 73 93
69 211 69
30 195 255
61 188 200
70 96 144
163 253 54
15 223 51
19 156 19
181 194 54
56 105 205
19 43 19
116 119 116
174 185 185
33 80 140
151 165 165
36 224 107
2 161 161
63 191 107
23 221 23
78 124 69
32 125 179
23 98 23
6 244 19
7 162 90
4 186 116
83 171 83
100 151 171
140 219 107
65 240 240
111 229 80
77 130 155
23 78 23
116 183 116
39 253 23
61 119 93
18 37 155
76 95 140
104 164 116
6 88 19
58 247 230
251 255 255
107 221 205
195 255 255
26 225 62
32 70 185
56 135 230
46 168 168
110 158 90
198 200 144
222 240 240
129 198 144
29 234 64
85 120 1
6 62 62
44 255 255
60 145 189
82 218 93
63 200 200
5 23 23
5 163 54
5 157 74
11 208 179
73 180 93
82 196 51
181 190 192
49 239 161
37 51 51
108 181 84
19 76 19
143 215 67
24 25 25
43 104 161
5 248 182
28 93 93
137 149 25
183 225 62
82 168 168
15 160 1
43 127 177
142 157 74
5 89 165
90 139 90
127 184 200
12 56 69
3 243 243
72 175 202
61 161 161
1 254 1
239 252 161
131 165 165
36 188 200
33 58 140
37 114 189
25 95 25
36 202 202
24 194 189
184 246 200
93 103 93
1 14 1
1 87 1
114 145 189
19 88 19
40 86 243
48 174 48
94 210 165
238 245 144
75 140 51
161 164 116
32 88 185
6 25 25
76 181 58
110 245 144
35 53 155
131 168 168
70 157 74
152 194 230
78 154 69
215 255 255
241 253 80
56 165 165
82 243 243
175 189 202
44 79 240
10 108 84
65 67 67
31 160 1
108 116 116
18 253 155
2 42 179
81 165 165
155 180 155
106 195 255
112 170 80
3 110 185
8 215 67
131 253 48
212 239 161
15 196 51
7 238 90
31 232 1
22 249 67
43 155 155
4 164 116
197 218 93
68 161 161
4 255 255
38 174 93
30 156 202
150 155 200
31 84 1
183 211 62
57 64 64
86 135 19
77 115 62
64 163 64
93 249 67
108 153 84
25 114 25
187 193 205
212 245 144
87 251 243
54 108 84
25 65 25
27 242 240
158 214 90
32 62 62
1 162 1
31 104 1
16 184 168
148 241 58
52 55 116
4 90 116
92 110 90
73 145 93
116 139 116
77 254 116
25 102 179
67 143 67
18 51 51
120 130 1
165 237 165
49 84 205
102 156 179
153 163 54
72 215 67
49 236 205
122 152 64
129 168 168
84 189 84
23 62 62
70 163 54
52 224 116
47 161 255
156 178 91
9 21 240
136 188 200
119 128 140
73 136 83
1 113 1
126 178 91
169 206 161
86 244 19
199 243 243
81 175 202
37 48 48
50 161 116
77 129 155
76 179 179
154 252 161
25 78 25
64 131 48
71 102 179
45 53 155
109 250 203
10 206 161
23 234 23
218 230 93
57 110 90
24 153 189
64 218 64
36 139 107
223 237 165
10 86 84
78 246 69
70 194 54
150 204 144
127 250 203
39 255 255
239 256 168
122 239 161
160 198 1
43 251 243
156 158 90
48 147 48
143 231 165
128 223 51
117 126 91
161 249 161
43 216 64
131 163 48
95 193 205
28 100 171
172 222 25
36 119 107
101 255 255
45 250 203
13 175 202
181 237 165
81 243 243
64 202 202
67 255 255
6 150 200
136 154 69
137 145 84
135 218 93
179 196 179
38 91 93
20 72 202
28 130 155
25 72 25
37 127 182
153 170 80
27 240 240
95 190 140
203 214 83
66 212 23
24 49 205
170 172 203
67 204 67
23 112 23
132 206 179
48 177 48
72 105 205
191 205 205
28 116 116
116 256 116
45 174 140
71 243 243
185 199 185
167 177 168
131 191 48
65 243 243
41 131 243
48 232 48
117 241 80
138 191 205
138 221 205
116 229 116
158 255 255
64 109 64
86 255 255
69 199 69
5 92 90
26 240 240
210 246 165
95 128 140
17 43 177
102 186 179
73 189 93
163 183 62
34 79 240
1 223 1
27 226 240
144 145 144
31 108 1
51 198 144
101 168 168
97 99 25
141 158 23
21 199 48
99 255 255
38 173 93
22 57 67
40 255 255
50 107 116
1 169 1
144 201 255
47 174 255
19 209 240
51 68 23
23 251 243
63 83 83
120 248 1
48 94 165
11 199 144
104 232 161
156 208 179
150 180 200
53 121 155
88 173 177
5 133 23
86 249 67
42 80 179
22 245 67
117 191 107
6 83 83
19 51 51
154 240 240
226 255 255
20 147 80
43 150 200
1 124 1
230 243 243
129 217 185
43 80 177
162 165 165
61 140 93
48 75 48
165 207 165
115 243 243
1 243 1
41 196 243
25 196 25
38 206 161
65 154 69
73 218 93
5 211 171
100 188 200
36 48 48
102 175 179
81 236 230
4 101 116
126 181 91
3 32 185
199 207 48
25 174 25
90 218 90
141 197 23
131 207 48
151 192 171
87 116 116
35 248 182
86 209 240
1 40 1
107 239 161
80 224 230
8 209 240
130 179 179
21 182 200
6 17 19
65 92 69
221 245 144
15 159 51
197 199 48
25 120 1
12 171 69
52 169 116
59 64 255
99 160 1
191 219 107
194 222 25
36 71 62
106 113 255
14 85 1
25 81 25
17 81 177
28 127 203
120 214 1
25 91 25
2 197 58
122 218 64
41 228 243
11 90 144
135 246 91
237 255 255
36 159 51
97 179 179
35 255 255
100 120 1
111 144 144
90 213 90
100 147 171
150 240 240
115 241 62
205 240 240
86 122 64
23 51 23
100 246 171
90 188 90
12 127 69
74 230 74
173 194 177
80 161 161
103 194 93
81 179 179
51 87 243
48 109 48
115 132 179
82 144 144
63 172 203
227 231 83
116 164 116
76 246 91
50 78 116
229 246 91
119 248 91
136 231 83
8 138 205
111 178 91
188 192 200
4 35 116
93 139 93
232 234 64
151 153 171
119 230 230
41 67 243
117 169 161
239 241 161
23 108 23
118 213 62
17 26 177
35 70 54
36 163 107
5 75 51
196 216 51
183 240 240
77 171 155
42 233 179
99 125 179
93 110 90
94 175 165
61 83 83
65 110 69
22 62 62
51 80 51
165 246 165
56 199 48
116 163 116
54 100 171
62 183 62
127 155 155
80 193 205
66 199 48
21 29 200
169 227 161
48 140 48
93 231 83
7 110 90
65 197 69
70 110 90
56 96 144
142 241 74
97 233 74
116 206 116
81 231 83
144 167 168
61 221 205
136 169 161
40 93 243
84 253 84
135 203 203
168 176 168
88 215 67
144 230 144
123 198 25
147 163 54
105 107 205
119 214 83
76 110 90
72 98 202
37 74 74
215 233 67
179 222 179
136 151 83
191 202 202
17 152 230
64 85 1
205 244 205
144 194 144
138 168 168
23 124 23
156 246 91
58 75 51
188 255 255
114 163 189
193 233 205
137 189 84
123 211 25
156 201 255
12 121 69
101 133 168
78 170 69
2 202 202
12 144 144
5 130 155
154 179 179
171 244 171
42 179 179
43 173 177
78 86 69
170 194 80
200 216 200
108 161 161
39 68 23
149 240 240
206 224 161
71 255 255
195 229 255
209 255 255
43 109 177
121 151 171
22 25 25
167 256 168
117 243 243
133 225 62
196 220 51
18 238 200
174 230 230
21 124 69
8 255 255
161 245 161
1 63 1
146 232 64
45 156 140
127 174 140
23 38 23
29 81 58
58 205 205
51 152 51
95 150 200
90 168 168
110 144 144
24 205 205
138 179 179
93 211 93
96 247 144
96 115 62
73 172 93
15 46 185
19 210 165
24 189 189
62 193 62
20 241 80
3 112 185
97 100 74
6 255 255
40 249 243
12 194 69
67 141 67
93 237 165
212 218 23
84 147 84
116 227 116
50 254 116
55 177 67
115 179 179
82 185 185
225 229 62
91 184 200
134 139 64
101 240 240
55 249 67
82 173 19
25 166 25
229 252 161
228 255 255
135 248 182
70 173 177
161 168 168
16 45 168
83 234 83
113 210 168
164 251 116
2 36 107
168 238 168
227 237 165
15 142 74
50 157 116
173 182 177
5 114 189
1 82 1
125 187 179
24 173 177
117 168 168
111 241 80
7 106 255
74 223 74
48 77 48
56 87 243
1 179 1
10 104 161
31 82 1
39 171 23
66 229 48
85 249 1
197 241 58
26 111 177
95 174 140
103 130 93
185 240 240
3 238 185
100 108 84
140 178 140
127 243 243
73 139 93
59 121 255
41 80 243
161 255 255
78 136 69
170 236 230
180 191 107
15 33 51
80 100 171
12 47 255
45 81 140
186 256 168
182 234 64
160 228 1
12 168 168
103 175 202
58 171 171
32 225 62
103 110 90
95 109 203
24 37 189
39 244 23
101 166 168
29 87 243
116 138 116
122 134 64
73 200 200
115 219 62
116 212 116
1 183 1
128 243 243
97 195 255
170 175 202
64 251 243
75 150 200
226 231 240
97 230 74
178 251 243
164 255 255
43 91 177
220 250 155
161 200 161
63 75 51
174 188 200
34 162 74
17 247 230
53 133 23
63 111 182
48 145 48
176 229 67
161 231 161
52 171 116
3 155 185
35 140 140
135 204 144
50 209 116
95 129 140
57 88 84
54 191 107
19 39 23
195 221 255
107 200 200
180 208 179
127 136 83
1 2 1
79 239 240
23 130 23
47 109 255
39 113 168
129 170 80
189 218 93
10 147 84
143 251 243
188 225 62
62 65 62
26 64 64
19 179 179
23 52 116
94 182 165
8 168 168
38 73 93
112 220 155
186 234 90
79 116 116
135 252 161
66 207 48
1 42 1
135 181 54
32 116 116
1 72 1
63 231 83
127 152 230
31 38 1
243 252 243
129 151 171
39 63 23
68 133 23
8 243 243
132 174 179
190 241 80
29 203 203
63 152 230
112 248 182
72 80 202
58 229 58
135 209 240
99 110 25
67 163 67
2 139 107
155 230 155
17 148 177
45 145 140
82 224 19
51 224 51
47 255 255
135 160 1
28 211 171
1 7 1
15 59 255
1 105 1
194 225 62
69 247 69
64 198 144
46 217 185
163 205 205
61 168 168
72 254 116
58 128 140
102 220 179
78 240 240
138 218 205
168 198 168
139 203 107
198 220 144
36 87 243
23 189 23
124 148 69
34 168 168
84 223 51
111 185 185
34 224 171
144 154 144
125 255 255
216 217 185
170 213 83
1 144 1
91 191 107
44 238 200
61 134 64
48 191 48
75 196 51
128 255 255
24 161 161
2 127 182
167 255 255
49 190 205
57 92 90
112 144 144
216 240 240
100 222 25
82 128 19
176 203 67
86 88 19
10 130 155
20 182 80
48 239 161
50 212 116
204 245 144
64 99 25
74 129 74
180 214 83
84 88 84
54 241 80
35 249 67
159 230 51
69 128 69
47 74 255
76 142 74
48 99 25
28 156 203
132 166 179
29 145 58
67 82 67
126 172 203
131 185 185
107 206 161
47 90 255
48 51 48
36 160 1
154 243 243
95 107 107
146 180 84
194 212 23
76 116 116
23 243 243
64 108 64
13 92 90
28 109 203
1 248 1
178 233 74
75 145 51
220 243 243
77 230 155
62 69 62
53 195 255
205 232 205
24 50 116
67 98 67
9 48 240
5 13 202
19 163 19
3 217 185
232 254 116
62 105 62
28 177 177
80 168 168
21 200 200
31 39 1
64 238 200
73 177 93
156 191 107
6 220 155
106 137 255
9 215 240
50 255 255
90 227 90
6 73 93
10 114 84
84 236 84
12 225 62
147 154 69
66 148 48
51 156 51
117 250 203
205 241 205
177 200 200
161 224 161
86 102 179
103 179 179
147 216 64
9 179 179
149 245 25
159 172 51
151 197 171
93 169 161
53 196 51
178 213 83
42 163 179
164 241 116
134 234 64
92 169 161
113 256 168
35 42 179
76 234 64
23 170 23
51 127 51
83 214 83
80 144 144
32 97 185
150 167 168
70 112 54
53 175 202
10 20 84
181 246 91
81 140 140
163 194 54
43 185 185
10 201 255
9 57 240
39 150 23
111 253 182
113 137 168
33 114 140
44 159 51
112 185 185
16 64 168
62 195 255
156 202 202
70 115 62
85 126 1
55 196 67
107 182 107
219 242 185
20 95 140
53 76 155
121 218 93
30 168 168
38 218 93
101 172 168
18 255 255
8 83 48
71 196 62
1 21 1
39 89 23
151 188 200
68 255 255
64 249 67
144 161 161
165 208 179
25 242 25
22 176 67
107 253 107
175 223 202
144 244 144
35 45 140
51 130 51
12 256 168
54 200 200
137 179 179
181 229 80
62 245 62
27 129 240
81 240 240
52 255 255
192 224 230
33 194 140
63 150 200
46 246 185
44 151 171
187 233 74
4 86 116
78 159 69
88 204 144
164 228 116
107 159 51
68 78 23
218 243 243
159 161 161
116 226 116
117 229 80
72 89 165
114 190 189
89 107 165
128 148 140
33 224 230
162 196 74
129 135 189
175 199 48
74 142 74
82 92 90
127 233 74
51 173 51
80 108 84
46 48 185
44 212 23
144 187 144
220 248 155
39 111 23
15 220 51
147 209 240
173 233 74
21 184 200
1 101 1
231 239 161
150 249 67
13 217 185
10 25 25
36 220 155
44 110 90
165 168 168
158 243 243
71 192 62
53 191 155
80 228 243
150 185 185
69 131 69
53 56 155
4 47 255
94 111 165
83 246 83
130 242 185
33 185 185
70 120 1
60 74 74
6 102 179
155 240 240
140 161 161
27 245 240
20 245 144
48 74 48
169 256 168
25 198 25
137 170 84
57 236 84
61 237 165
192 199 48
28 152 230
82 158 90
129 159 51
152 239 161
28 101 168
159 214 83
50 147 116
72 100 202
78 144 144
12 67 67
3 66 185
92 244 90
32 184 185
128 197 140
105 111 205
2 142 74
224 230 230
41 240 240
13 177 202
25 128 25
80 202 202
71 118 62
117 135 80
28 217 185
59 166 255
55 117 67
83 229 83
210 238 165
18 153 155
28 111 203
16 167 168
121 156 171
101 243 243
97 156 74
2 213 83
22 181 67
62 188 62
66 112 48
45 63 140
51 234 51
233 243 243
170 196 51
116 252 116
18 168 168
97 155 74
1 226 1
170 237 165
93 218 93
98 238 202
98 126 202
186 211 90
165 240 240
158 236 90
47 135 255
52 57 116
20 156 91
54 170 80
11 153 144
62 64 62
144 204 144
11 17 144
55 209 240
43 84 84
62 204 62
168 172 168
72 206 161
12 255 255
125 218 179
207 240 240
54 114 189
168 186 168
109 155 155
196 247 51
65 239 161
66 100 48
54 60 189
187 250 203
218 221 205
116 231 116
45 135 140
5 51 51
19 173 19
126 192 91
154 249 67
171 231 83
82 151 171
37 39 23
44 69 69
228 232 243
37 209 240
32 240 240
177 202 202
168 249 168
56 63 230
96 137 144
144 182 144
1 25 1
74 110 90
48 128 48
3 191 185
214 227 83
36 255 255
175 246 202
116 199 116
19 36 19
12 69 69
168 205 168
134 231 83
25 54 25
40 228 243
47 185 255
15 86 51
74 216 74
192 195 255
75 116 116
88 94 165
130 191 155
114 144 144
167 179 179
145 248 189
100 181 171
23 30 23
24 175 202
179 229 179
1 138 1
107 256 168
1 27 1
176 215 67
127 176 67
128 164 116
69 108 69
210 240 240
90 184 90
198 223 144
77 241 155
140 184 200
100 211 171
57 136 83
81 117 58
81 170 58
45 102 179
63 114 189
15 202 202
67 124 67
118 247 62
146 246 84
22 255 255
63 194 182
150 188 200
112 221 205
11 217 185
49 161 161
104 255 255
217 227 185
37 195 255
151 185 185
119 121 171
193 198 144
78 179 179
88 128 177
114 159 51
2 170 80
56 152 230
56 185 185
45 170 140
22 46 185
123 246 25
71 101 168
33 200 200
25 191 25
42 53 179
7 242 185
41 102 179
67 245 67
57 212 23
13 236 202
170 248 80
202 230 202
7 67 67
216 246 64
86 165 165
181 197 58
57 208 179
157 255 255
58 198 144
125 179 179
83 241 83
2 70 182
14 185 1
90 134 90
112 147 54
119 213 83
166 169 161
12 108 69
105 189 205
97 101 168
82 100 171
55 105 67
102 179 179
95 145 140
57 137 84
112 249 67
1 198 1
97 194 74
8 116 116
28 226 240
60 72 202
135 147 54
1 202 1
62 104 62
179 240 179
32 137 185
116 167 116
25 157 25
252 255 255
75 207 48
32 39 185
98 141 23
41 165 243
124 200 69
23 157 23
145 247 230
137 232 64
142 222 25
14 65 1
140 200 200
7 17 90
98 180 202
3 164 116
69 236 69
51 134 51
74 146 74
29 151 171
13 190 202
212 255 255
16 53 168
3 88 185
121 200 200
240 244 240
178 212 23
95 250 203
170 253 80
10 70 84
70 205 205
61 67 67
139 253 107
157 223 74
153 202 202
76 225 62
51 135 51
212 256 168
1 74 1
162 249 67
18 110 90
68 243 243
97 200 200
89 243 243
100 221 205
61 154 69
89 202 165
24 139 107
88 135 177
1 244 1
62 89 62
3 113 168
26 107 107
22 185 185
38 92 90
1 118 1
74 139 74
50 101 116
35 218 93
73 151 93
65 78 69
64 142 74
96 246 144
24 70 189
119 255 255
35 78 69
89 168 168
61 94 165
2 73 93
66 248 48
55 91 67
17 95 177
28 165 165
128 152 230
60 128 140
84 132 179
151 176 67
69 126 69
88 194 177
38 185 185
62 201 255
119 252 161
15 29 51
31 69 1
106 255 255
29 44 19
144 232 144
119 219 107
48 202 48
215 218 67
154 256 168
149 255 255
59 180 255
1 163 1
25 96 25
144 205 144
1 196 1
63 244 19
57 220 155
67 147 67
21 219 200
137 211 84
7 185 185
143 222 25
200 255 255
185 203 185
67 93 67
68 197 23
27 165 240
42 251 179
48 207 48
114 197 58
241 254 116
27 134 240
76 82 19
122 244 64
24 214 83
140 175 202
172 236 230
64 171 64
128 204 144
82 87 243
171 176 67
139 145 107
210 254 116
15 137 51
24 60 189
67 215 67
5 190 192
43 53 155
116 131 116
84 240 240
163 203 203
54 208 179
84 250 84
5 126 91
1 26 1
116 149 116
170 255 255
70 181 54
199 218 48
124 209 240
126 243 243
56 65 69
10 188 200
209 247 240
112 117 80
118 201 255
192 202 202
121 126 171
179 216 179
1 245 1
133 223 23
93 202 202
6 77 155
161 193 161
90 219 90
86 90 90
108 247 84
56 154 69
190 240 240
20 97 74
111 231 83
17 68 23
1 94 1
156 189 91
101 116 116
93 248 93
185 242 185
170 181 80
181 192 192
154 161 161
7 19 90
56 113 168
129 139 107
84 91 84
180 224 107
12 136 69
197 229 58
112 245 144
45 74 74
6 100 171
27 179 179
239 244 161
72 130 202
95 148 140
41 103 243
153 188 200
107 202 202
153 161 161
38 90 90
104 209 240
37 184 200
60 167 168
170 202 202
23 193 23
4 129 116
94 123 25
160 162 1
177 232 64
150 168 168
64 165 165
37 168 168
74 231 74
196 224 51
8 129 48
121 131 48
6 75 51
128 233 74
198 214 144
116 137 116
152 186 90
53 162 74
64 70 64
1 16 1
138 202 205
82 248 19
80 247 230
12 243 243
66 168 168
87 249 243
143 238 165
148 153 58
110 113 168
15 23 23
83 227 83
61 172 93
39 164 116
46 70 185
117 245 144
11 88 144
84 86 84
130 177 155
74 151 74
25 141 25
130 249 67
135 253 54
179 238 179
14 182 1
9 107 240
48 216 48
116 166 116
14 219 1
26 61 93
181 196 51
24 104 161
13 30 202
15 134 51
60 194 189
147 181 54
41 181 243
119 155 155
19 106 255
62 205 62
165 171 165
116 171 116
148 240 240
80 94 165
91 142 74
10 48 48
213 243 243
222 246 25
21 138 205
147 182 182
16 169 168
61 212 23
62 246 62
247 255 255
25 216 25
66 89 165
103 207 48
5 72 202
7 124 69
153 255 255
1 110 1
25 82 25
48 237 165
4 22 116
63 163 182
175 250 202
29 217 185
185 212 185
23 93 23
1 132 1
46 161 161
28 135 203
222 232 25
10 241 84
158 179 179
45 54 140
193 202 205
38 216 64
132 179 179
64 253 64
238 246 200
53 148 155
70 79 240
57 207 48
96 159 144
141 253 23
50 242 116
17 145 177
136 243 243
72 238 202
77 186 90
83 181 83
89 151 165
40 150 243
65 165 69
114 168 168
154 217 185
172 228 243
140 152 230
131 148 48
178 219 107
50 53 116
68 180 23
159 165 165
60 63 189
32 48 185
57 185 185
210 237 165
30 211 202
128 209 240
6 66 48
120 169 1
8 242 185
163 222 25
11 60 144
61 255 255
187 202 202
91 147 91
112 171 171
213 255 255
40 47 255
177 218 93
20 210 165
95 218 93
66 82 48
26 195 255
141 208 179
179 242 179
36 250 107
121 205 205
66 75 48
169 222 161
107 179 179
5 177 177
89 144 144
179 215 179
113 116 116
7 171 90
132 255 255
51 196 51
48 189 48
119 148 91
11 125 179
1 211 1
142 203 74
24 106 255
23 80 23
34 153 171
7 243 243
165 233 165
120 245 1
37 165 165
195 205 255
90 196 90
125 236 179
20 175 202
121 221 205
32 168 168
202 222 25
67 197 67
32 65 185
2 96 144
2 91 91
76 161 161
69 234 69
67 159 67
13 153 202
102 112 179
81 176 67
33 173 177
37 190 182
107 184 200
198 255 255
1 217 1
88 153 177
174 232 64
83 153 83
90 211 90
64 175 202
17 179 179
161 238 161
165 218 165
82 178 19
45 71 62
144 173 144
124 252 161
191 238 200
6 192 19
226 237 240
154 246 69
205 220 205
83 139 83
38 115 62
140 143 165
173 184 200
97 141 23
114 224 230
47 202 255
4 195 255
35 225 62
69 215 67
96 255 255
179 228 179
6 28 19
37 229 80
70 74 74
19 250 19
138 154 69
36 203 107
105 153 205
20 26 177
61 186 90
62 92 62
43 57 84
24 243 243
32 166 25
11 201 255
9 28 240
15 228 243
109 222 25
127 200 200
148 226 240
62 197 62
141 216 23
115 230 62
18 218 93
72 122 202
106 107 255
83 236 83
88 147 177
185 204 185
11 206 161
1 251 1
145 173 177
40 223 243
51 53 51
84 174 84
93 109 93
161 194 161
30 253 202
86 248 19
124 185 185
26 220 155
119 251 243
48 66 48
138 219 205
35 193 205
60 69 69
161 186 161
212 213 23
21 57 200
213 220 83
59 126 255
88 164 116
1 166 1
30 178 202
172 218 93
78 193 69
112 194 54
114 207 48
1 9 1
22 142 67
38 74 74
107 255 255
99 166 25
139 197 107
141 159 23
245 255 255
142 161 161
141 155 23
62 96 62
72 240 240
1 67 1
23 179 179
154 180 69
92 247 90
25 138 25
107 185 185
35 152 230
44 55 67
199 226 240
153 205 205
42 255 255
91 139 107
157 193 205
243 255 255
98 174 202
53 106 255
54 119 91
11 174 144
29 51 51
19 21 200
34 165 165
48 126 48
131 146 48
179 206 179
194 250 203
102 194 179
60 81 58
22 234 67
254 255 255
48 73 48
52 191 116
161 211 161
20 192 80
56 182 230
51 250 51
69 165 69
103 127 93
20 50 116
95 133 23
61 179 179
34 239 161
141 194 23
161 240 240
189 247 230
167 217 168
127 135 54
29 128 140
134 216 64
7 219 90
62 176 62
8 239 161
48 179 179
20 240 240
110 218 90
149 211 25
44 215 67
89 158 165
25 210 25
70 134 64
96 164 116
116 165 116
249 255 255
6 223 51
21 95 200
77 93 93
19 26 19
119 137 84
64 144 144
121 207 48
116 127 116
13 125 179
171 233 74
38 247 93
37 93 93
164 179 179
126 249 67
79 105 240
111 205 205
171 199 48
62 174 62
126 250 203
103 200 200
120 156 1
1 86 1
61 116 116
62 240 240
66 96 144
80 242 185
33 196 51
87 158 243
46 186 185
23 161 161
96 222 25
155 185 185
62 129 62
8 185 185
69 181 69
126 229 91
156 172 203
9 16 240
49 128 205
64 211 64
138 201 255
95 111 140
69 122 69
53 118 62
128 129 140
161 221 161
25 215 25
36 69 69
73 211 93
126 177 177
12 122 69
51 179 179
161 181 161
69 74 69
31 256 1
23 49 23
63 213 83
76 250 203
173 236 230
25 143 25
35 63 182
110 246 90
120 222 1
141 255 255
91 219 107
19 172 19
179 199 179
20 152 230
40 243 243
174 179 179
49 220 205
75 98 202
29 170 58
35 112 192
30 54 202
44 223 51
127 151 171
33 63 140
29 57 84
43 200 200
59 234 255
95 108 84
109 203 203
140 181 140
157 224 74
230 247 230
27 56 240
137 225 62
100 156 171
127 195 255
137 196 51
16 56 168
120 163 1
25 134 25
116 240 116
208 224 179
239 253 161
34 223 51
15 67 67
246 255 255
74 227 74
6 74 74
37 84 84
12 164 116
124 179 179
174 182 140
172 232 64
25 35 25
66 115 62
62 74 62
7 207 90
36 191 107
35 170 80
179 209 179
168 245 168
17 85 1
114 117 80
125 136 179
103 152 93
34 126 171
90 199 90
122 255 255
35 116 116
75 127 51
57 79 240
74 191 74
70 231 83
39 129 23
38 116 116
43 81 177
5 54 54
1 177 1
175 205 205
92 208 179
104 240 240
26 122 64
79 207 240
168 256 168
79 223 240
96 187 144
45 190 140
116 156 116
60 177 177
136 170 83
26 100 171
96 100 144
108 170 84
17 116 116
84 144 144
1 75 1
188 200 200
83 240 240
130 166 25
108 119 84
128 168 168
183 213 62
23 227 23
95 134 64
48 146 48
69 202 69
51 240 240
81 82 19
28 54 203
63 89 165
142 170 74
136 249 67
69 186 69
139 181 107
19 234 64
181 247 230
69 95 69
79 224 240
133 229 23
207 234 48
25 207 25
118 179 179
147 168 168
96 185 185
240 243 240
169 189 161
69 92 69
24 121 171
193 208 179
142 165 165
1 147 1
24 87 243
19 42 179
3 201 255
179 241 179
73 146 93
65 166 25
33 108 84
89 233 165
134 164 116
128 224 230
92 188 90
119 240 240
188 214 200
2 113 168
110 236 90
78 222 25
169 179 179
11 67 67
2 236 230
7 115 62
106 135 255
142 215 67
55 75 67
145 217 185
137 200 200
77 123 25
151 250 171
18 211 155
69 84 69
188 189 200
9 240 240
57 237 165
13 223 202
67 233 67
51 126 51
87 153 243
91 226 240
11 143 144
25 43 25
57 165 165
101 157 168
90 100 90
105 179 179
150 243 243
63 176 67
234 246 64
26 243 243
77 158 90
56 72 202
140 182 140
53 152 155
80 110 90
50 90 116
67 210 67
100 196 51
64 147 64
13 75 202
138 166 25
141 164 116
86 204 144
135 229 80
8 23 23
50 216 116
47 248 255
5 115 62
43 137 84
104 135 161
44 58 19
77 223 51
173 251 243
90 133 23
103 111 93
4 128 116
48 188 48
22 157 67
19 139 19
142 169 161
112 125 179
33 208 179
43 234 64
19 219 19
145 187 203
172 185 185
7 93 90
136 220 83
78 116 116
113 160 1
104 202 161
103 236 93
205 221 205
162 233 74
220 240 240
48 168 168
100 227 83
32 52 116
82 113 168
17 18 155
61 183 62
170 187 203
37 137 84
83 251 243
165 250 165
5 162 74
22 243 243
15 183 62
133 140 23
8 90 90
107 153 107
74 96 144
5 187 203
13 109 202
79 177 240
143 169 161
92 157 90
177 182 177
17 94 165
94 211 165
112 184 200
116 213 116
1 58 1
17 54 177
39 146 23
92 182 90
211 215 67
54 80 80
22 39 67
20 228 243
92 205 205
19 191 19
51 208 179
112 191 107
21 202 202
8 24 48
119 234 64
2 29 58
58 84 84
127 168 168
179 202 179
167 206 168
67 119 67
17 74 74
17 73 93
52 146 116
57 173 84
7 179 179
102 203 179
19 180 19
207 255 255
57 61 93
57 59 255
43 49 205
74 219 74
143 214 165
66 228 243
32 243 243
234 243 243
36 238 200
127 240 240
144 156 144
27 82 240
119 241 91
127 130 155
128 178 140
49 80 205
110 132 179
88 181 177
106 133 255
110 202 90
103 153 93
40 222 243
19 198 144
70 202 202
30 232 202
187 234 64
174 201 255
54 197 58
133 168 168
158 207 90
146 159 51
92 225 62
57 175 202
51 209 240
79 198 240
124 167 168
135 184 200
18 250 155
19 29 19
189 236 230
52 179 179
24 35 189
170 206 161
69 231 69
187 213 83
216 250 64
10 224 84
136 256 168
28 39 23
26 244 19
90 207 90
115 116 116
141 190 23
56 141 23
49 251 243
210 230 165
44 244 19
74 224 74
71 179 179
210 255 255
181 183 62
122 127 64
59 80 255
77 155 155
45 133 23
74 144 144
84 221 205
69 173 69
240 253 240
161 199 161
103 125 179
69 161 161
96 167 168
9 97 240
45 229 140
43 119 177
117 187 203
102 193 179
164 232 116
57 113 168
18 155 155
15 217 185
101 179 179
94 144 144
24 142 74
84 214 83
56 69 69
9 160 1
138 141 23
32 69 185
5 10 84
155 244 155
13 198 144
24 81 58
87 174 243
48 69 69
93 188 200
138 227 205
80 203 203
26 234 64
167 219 168
37 160 1
4 155 116
146 200 200
60 148 58
138 255 255
16 255 255
181 248 182
23 77 23
25 61 25
60 92 90
56 67 67
90 232 90
194 253 54
214 243 243
26 70 177
73 123 25
137 187 84
27 41 240
23 69 23
62 81 62
127 197 58
133 170 23
6 72 202
85 92 1
127 214 83
101 144 168
75 178 51
34 56 171
83 121 83
36 83 83
151 178 171
5 112 192
119 174 140
111 113 168
2 192 182
49 158 205
23 213 23
143 256 168
79 256 240
116 250 116
5 96 144
144 168 168
141 246 23
67 189 67
94 128 165
13 158 90
96 98 144
103 190 93
25 228 243
60 147 189
7 196 90
65 103 69
78 211 69
109 151 171
54 56 230
29 110 90
85 152 1
51 228 243
194 217 185
18 96 144
51 123 25
73 89 165
2 104 161
17 83 83
132 242 179
109 182 203
3 116 116
7 177 90
25 70 25
64 208 179
137 166 25
101 147 168
63 112 182
118 129 62
78 164 116
13 20 202
108 135 84
8 122 48
54 201 255
69 243 243
7 35 90
89 106 255
5 203 203
139 190 107
21 206 161
109 232 64
30 116 116
15 158 90
155 233 74
195 222 255
142 229 74
77 88 155
37 243 243
97 216 74
143 205 205
38 138 205
1 34 1
55 63 67
119 176 67
152 170 230
90 151 90
13 179 179
35 125 179
44 113 168
172 194 203
67 103 67
1 161 1
57 63 84
117 153 80
36 153 107
76 118 62
1 176 1
44 137 84
99 177 25
45 164 116
11 70 144
13 45 202
206 220 161
79 94 240
105 109 205
76 216 64
186 237 165
143 250 165
29 191 107
133 155 23
179 213 179
95 204 144
10 19 84
40 214 243
111 194 182
117 162 74
70 166 25
54 203 203
5 117 80
86 228 243
203 225 62
116 182 116
62 68 62
36 38 93
69 72 69
118 244 62
76 247 230
14 236 1
124 254 116
32 87 243
6 140 19
125 171 179
117 188 200
218 247 93
41 73 243
187 255 255
168 196 168
129 162 74
107 252 161
140 158 90
51 230 51
137 178 84
83 196 83
3 100 185
146 227 83
39 202 23
109 256 168
18 72 202
52 222 116
64 68 23
86 147 19
116 186 116
157 226 240
45 142 74
63 117 80
28 143 165
189 197 58
111 134 64
70 145 189
69 90 69
15 230 51
172 202 202
144 231 144
21 54 200
85 144 1
21 42 179
15 93 51
92 132 179
21 159 200
66 177 48
10 87 243
151 170 171
70 253 54
123 163 25
1 39 1
70 255 255
174 242 185
25 254 116
84 117 84
185 234 185
118 255 255
73 143 165
117 141 23
126 222 25
85 230 1
21 26 200
48 116 116
174 229 140
48 187 48
29 242 185
144 207 144
3 234 185
148 169 161
83 144 144
149 243 243
113 179 179
209 229 240
62 72 62
142 184 200
23 25 25
153 229 80
62 115 62
151 164 116
93 250 93
124 192 69
73 176 67
19 143 165
131 227 48
121 185 185
90 189 90
145 223 51
5 109 203
84 208 179
117 230 230
143 144 144
162 243 243
2 238 200
215 245 67
134 247 64
32 196 185
17 144 144
63 109 203
45 220 155
17 195 255
57 199 48
87 217 243
84 194 84
112 116 116
92 185 185
67 108 67
93 155 93
17 84 84
37 112 182
212 246 23
4 222 116
171 198 144
240 251 240
6 118 62
121 178 171
67 148 67
52 220 116
12 232 69
122 164 116
57 90 90
184 205 205
88 195 255
2 187 203
85 237 1
155 163 155
65 176 67
218 227 83
31 114 1
7 186 90
177 189 177
29 135 58
81 211 171
61 101 168
193 240 240
147 238 200
157 212 23
77 242 185
67 123 25
112 229 80
33 86 19
63 243 243
57 240 240
92 125 179
89 141 23
163 170 80
225 243 243
61 239 161
116 154 116
240 256 240
239 243 243
168 222 168
217 228 243
54 179 179
23 97 23
5 170 80
207 228 243
55 127 67
167 231 168
19 147 19
33 83 83
87 156 243
65 256 168
91 172 203
121 177 171
38 205 205
82 154 69
67 96 67
25 175 25
5 111 182
185 247 185
72 255 255
161 226 240
197 246 91
87 179 179
153 214 83
45 67 67
29 109 203
16 179 179
25 67 25
26 197 177
44 65 69
101 178 168
107 152 107
6 246 19
135 206 161
1 170 1
34 253 171
3 224 185
67 80 67
2 241 80
195 206 255
132 256 179
109 168 168
26 69 69
69 189 69
67 158 67
52 156 116
91 223 51
4 51 116
106 256 255
5 7 90
116 185 116
205 207 205
2 19 19
104 179 179
171 241 171
121 227 83
67 162 67
60 191 107
64 172 64
33 197 140
113 250 168
1 123 1
54 112 54
27 158 240
69 205 69
80 236 230
81 143 165
51 98 202
100 218 93
6 90 90
12 157 69
12 116 116
48 84 48
65 66 69
37 142 74
157 173 74
89 175 165
83 200 200
77 89 165
124 243 243
35 74 74
101 232 168
9 46 240
163 190 54
74 242 185
31 239 1
152 165 165
25 249 25
76 135 58
117 177 177
12 38 69
59 161 255
210 213 165
93 219 93
74 232 74
155 171 155
3 168 168
127 145 189
71 168 168
113 198 168
19 80 19
179 239 179
67 192 67
39 250 23
44 191 19
187 248 203
19 82 19
94 243 243
51 93 51
60 149 25
15 91 51
16 37 168
30 165 165
63 126 91
93 187 93
41 145 243
123 133 25
201 211 255
69 175 69
169 240 240
56 112 230
22 61 67
88 256 168
93 176 67
135 185 185
97 133 23
95 171 171
33 244 19
83 180 83
101 225 168
36 181 107
23 140 23
60 220 155
7 16 168
148 202 202
137 218 93
109 117 203
44 48 48
28 239 161
22 80 67
26 212 23
1 210 1
195 244 255
104 170 161
8 253 48
121 149 25
41 201 255
107 236 107
19 23 23
43 69 69
24 28 203
73 202 202
1 50 1
12 120 1
134 152 64
63 240 240
203 219 107
1 154 1
151 203 171
34 69 69
67 198 67
36 161 161
97 150 200
21 140 200
113 243 243
106 245 255
111 127 182
103 192 93
30 157 202
100 255 255
201 212 255
91 114 91
157 231 74
69 217 185
10 165 165
99 223 25
45 198 144
86 183 62
57 168 168
177 191 107
101 174 168
155 232 64
174 205 205
99 211 25
116 207 116
185 253 185
105 131 205
130 250 155
23 144 144
142 151 74
60 86 19
33 233 74
79 85 1
140 197 140
94 112 165
43 100 171
53 212 23
21 255 255
1 22 1
168 183 168
70 244 19
161 216 161
21 252 161
100 180 171
54 189 189
25 124 25
223 240 240
19 114 19
140 179 179
112 203 203
179 252 179
48 246 48
9 148 240
27 135 240
43 201 255
7 10 90
45 58 140
105 149 25
138 169 161
101 124 168
134 179 179
90 136 90
50 79 116
178 211 171
156 222 25
175 181 202
45 80 140
150 179 179
19 223 51
39 128 23
23 139 23
82 109 19
30 135 202
5 74 74
127 228 243
78 192 69
33 54 140
119 139 107
115 237 62
140 168 168
69 150 69
176 255 255
58 65 69
62 198 62
116 249 116
21 119 200
49 67 67
2 226 240
29 66 48
23 154 23
154 166 25
9 116 116
77 139 155
41 116 116
94 168 168
5 135 54
1 69 1
63 115 62
129 156 91
164 188 116
110 173 90
167 237 168
24 231 83
243 256 243
96 226 240
14 220 1
151 231 83
143 252 161
71 165 62
60 135 189
95 233 74
18 254 116
90 116 116
62 86 62
83 170 83
96 243 243
51 203 51
139 193 205
61 178 93
13 170 202
43 114 177
190 219 107
146 244 84
35 177 177
125 130 179
54 216 64
116 219 116
9 201 255
195 220 255
106 252 255
202 245 144
103 182 93
193 203 205
23 162 23
133 247 23
110 137 90
45 253 140
6 19 19
59 140 255
83 205 205
109 169 161
8 104 161
60 192 189
99 179 179
1 71 1
23 216 23
35 237 165
91 176 67
73 116 116
65 75 69
20 44 19
58 230 230
75 250 51
62 216 62
63 153 182
19 168 168
43 112 177
179 234 179
107 177 107
13 212 23
177 226 240
123 216 25
10 110 90
151 181 171
70 111 182
223 233 74
19 195 255
153 187 203
34 68 23
86 195 255
217 255 255
139 170 107
142 179 179
15 210 165
29 219 107
64 119 64
149 168 168
3 148 185
97 246 74
159 236 51
10 50 116
48 194 48
75 115 62
16 240 240
34 115 62
22 102 179
188 221 205
192 245 144
13 23 23
64 190 64
31 46 1
105 154 69
22 136 67
26 228 243
93 163 93
98 143 165
105 240 240
39 185 185
220 234 64
115 163 62
62 124 62
121 171 171
30 114 202
112 241 80
111 151 171
23 192 23
142 237 165
26 118 62
8 12 69
90 193 205
123 126 25
23 67 67
3 46 185
129 155 155
70 91 91
8 245 144
41 195 255
16 32 168
73 100 93
84 139 84
145 164 116
117 182 80
139 174 107
143 220 165
29 198 144
149 202 25
47 246 255
67 218 67
37 180 107
166 215 25
15 77 51
67 161 161
48 72 48
20 194 80
210 221 205
90 220 90
3 119 185
87 89 243
195 233 255
52 99 116
5 19 19
62 214 62
165 170 165
34 255 255
127 175 202
3 111 185
83 109 83
2 244 19
99 227 25
4 223 116
20 101 168
1 167 1
116 217 116
223 229 51
81 147 58
2 128 140
91 180 107
15 37 51
65 140 69
137 215 67
48 133 23
51 82 51
63 241 80
161 212 161
37 73 93
53 165 165
19 256 168
95 222 25
122 241 64
44 232 64
221 233 205
118 212 62
8 120 1
123 243 243
39 116 116
154 244 69
32 181 185
56 246 230
202 238 202
176 201 255
41 118 243
47 145 255
61 147 93
19 129 19
38 172 93
211 236 171
168 229 168
80 106 255
55 171 67
23 152 23
10 132 179
1 8 1
91 122 64
181 209 240
22 69 67
142 159 74
125 159 179
114 232 64
25 109 25
150 165 165
2 26 177
83 220 83
44 217 185
18 103 93
81 185 185
187 230 230
19 131 48
225 255 255
74 75 74
168 217 168
185 189 185
14 180 1
88 193 205
23 35 23
16 187 168
155 253 155
171 221 205
52 197 116
62 229 62
186 243 243
26 71 62
198 227 144
119 168 168
46 62 62
49 246 205
1 80 1
37 246 91
107 223 51
171 246 171
209 228 240
108 113 168
74 108 74
19 253 19
73 194 93
154 187 69
80 147 80
5 158 90
123 183 62
24 113 168
142 164 116
66 244 48
42 49 179
43 148 177
152 252 161
54 175 202
84 170 84
239 251 243
170 216 64
187 191 107
76 187 203
158 196 90
57 143 165
95 138 205
71 254 116
157 160 1
7 165 165
25 149 25
6 8 48
123 240 240
44 105 205
39 239 161
18 128 155
54 225 62
206 236 161
50 188 116
67 212 67
34 41 243
36 200 200
112 202 202
90 165 165
109 179 179
105 233 205
135 237 165
30 252 161
117 118 62
229 243 243
29 45 140
133 197 23
111 246 91
47 254 255
42 140 179
117 134 64
56 221 205
98 168 168
161 223 161
178 241 91
112 201 255
54 120 1
194 196 51
48 103 48
25 123 25
37 138 205
142 255 255
246 249 67
24 90 90
51 159 51
77 91 155
87 184 243
151 243 243
58 132 179
108 172 84
133 149 25
15 240 240
192 211 171
5 240 240
88 148 177
73 198 144
140 253 140
113 249 168
113 252 168
7 123 25
109 135 203
65 84 69
58 155 155
8 76 48
83 132 179
179 256 179
163 177 177
182 194 182
179 251 179
243 254 116
31 47 1
168 169 168
92 117 90
142 201 255
51 248 51
99 151 25
75 214 83
49 69 69
16 165 168
187 244 19
18 183 62
194 247 230
144 166 25
144 234 144
36 64 64
16 199 168
19 108 84
80 244 19
52 149 116
1 59 1
7 69 69
39 208 179
26 129 177
36 237 165
20 253 80
194 243 243
46 185 185
162 202 202
28 77 155
92 174 90
165 234 165
65 168 168
99 143 25
117 150 200
158 205 205
140 246 140
90 153 90
21 247 200
119 216 64
75 76 51
28 200 200
127 172 203
2 217 185
231 241 83
70 150 200
76 223 51
113 117 168
36 44 19
156 190 91
17 97 74
59 205 255
206 240 240
179 193 179
102 185 179
21 83 200
23 127 23
2 203 203
124 161 161
11 155 144
101 164 116
47 58 255
80 123 25
23 171 23
80 243 243
67 165 67
227 244 83
40 76 243
60 215 67
185 241 185
72 204 144
44 143 165
105 239 161
1 229 1
4 74 116
53 55 67
106 236 255
237 240 240
109 129 203
100 143 165
80 134 64
91 134 64
147 178 91
68 114 23
102 228 179
186 244 90
98 215 67
23 89 23
98 228 243
84 159 51
28 256 168
145 202 202
185 196 185
119 146 84
93 228 243
28 224 230
60 163 189
108 203 84
22 242 185
25 237 25
132 245 179
28 117 203
54 137 84
146 229 84
165 228 243
24 227 83
143 206 161
14 217 1
10 218 93
10 68 23
161 188 161
66 93 48
146 243 243
61 143 165
2 201 255
88 146 84
93 179 179
31 147 1
15 31 1
29 91 91
95 180 107
90 174 90
45 210 165
83 146 83
48 180 48
48 89 165
20 83 83
40 201 255
72 179 179
55 146 67
156 162 74
50 202 116
69 98 69
127 220 155
81 137 84
168 171 168
74 208 179
156 179 179
96 146 144
149 154 25
1 160 1
40 171 243
208 209 179
48 244 48
116 153 116
155 251 243
148 229 58
93 128 93
116 188 116
117 146 84
53 98 202
200 203 200
1 84 1
13 159 202
54 163 54
116 144 116
52 60 116
27 170 240
144 223 144
5 88 177
46 116 116
83 202 202
15 206 161
153 155 155
19 86 19
140 153 140
58 93 93
2 76 58
248 255 255
20 191 107
204 230 144
108 144 144
36 111 107
66 98 48
48 127 48
85 228 1
34 189 171
168 240 240
132 251 179
78 175 69
34 95 171
81 212 23
71 140 62
162 174 74
183 220 62
57 81 84
161 218 161
169 178 161
114 123 25
29 119 91
67 79 240
14 122 1
152 223 51
51 249 67
112 129 189
84 217 185
40 167 243
39 117 23
96 128 144
141 252 161
29 233 74
6 239 161
88 239 161
71 116 116
141 150 23
164 256 116
3 63 185
64 103 64
3 184 185
102 255 255
116 190 116
180 243 243
54 113 168
204 231 144
24 158 90
68 246 23
176 252 161
170 251 243
156 193 205
110 141 23
104 161 161
53 82 155
211 244 171
74 123 25
8 67 67
50 116 116
108 221 205
157 163 74
23 219 23
18 146 155
3 80 185
147 191 107
118 168 168
76 173 177
234 244 64
192 208 179
48 231 48
94 240 240
42 218 179
220 252 161
9 211 240
34 156 171
60 181 189
17 172 177
113 234 168
34 170 171
171 230 171
23 129 23
105 210 205
114 201 255
14 197 1
75 157 74
159 229 51
53 101 168
97 240 240
224 239 161
109 248 203
28 43 177
75 162 74
1 49 1
122 228 243
36 205 205
86 144 144
101 163 168
239 255 255
32 51 185
108 238 200
119 161 161
155 179 179
14 73 1
4 70 116
53 202 202
137 206 161
1 164 1
59 138 255
49 238 205
24 229 80
26 174 177
36 67 67
179 245 179
191 255 255
48 178 48
17 60 177
144 216 144
179 237 179
23 76 23
88 161 161
99 221 25
30 91 202
147 200 200
132 198 179
180 227 83
66 249 67
69 225 62
225 247 62
80 87 243
70 85 1
192 212 23
33 121 171
91 205 205
168 237 168
117 227 83
161 202 161
162 182 74
127 182 182
73 75 51
20 45 140
37 61 93
109 165 165
122 186 90
100 159 51
14 105 1
116 225 116
17 69 69
16 239 168
144 241 144
94 227 165
169 212 161
20 211 171
78 89 69
72 195 255
37 191 107
54 134 64
67 146 67
146 164 116
63 90 90
126 149 25
35 206 161
28 181 203
17 35 177
13 152 202
44 181 19
84 162 74
6 186 90
19 192 19
37 249 67
44 145 19
58 256 168
2 27 240
201 218 255
119 133 23
157 180 74
168 212 168
104 218 161
210 216 165
119 159 51
40 51 243
19 199 48
29 127 58
25 136 25
19 170 19
109 217 185
137 156 84
15 233 74
44 148 19
69 218 69
112 179 179
8 234 48
90 186 90
59 226 255
230 234 64
69 216 69
161 177 161
103 134 64
144 213 144
142 143 165
148 205 205
68 208 179
44 119 19
30 62 62
173 190 177
18 200 200
92 228 243
155 236 155
52 116 116
23 238 23
82 183 62
148 219 107
13 176 67
16 79 240
48 224 48
157 244 74
35 171 171
143 255 255
26 232 64
21 194 200
138 192 205
70 241 80
36 78 69
74 256 168
94 171 165
99 198 25
127 148 58
29 240 240
110 221 205
135 175 202
79 81 240
93 242 185
126 241 91
25 46 25
43 206 161
57 58 84
136 225 62
116 251 116
168 218 168
36 240 240
47 122 255
5 147 54
95 132 179
48 64 48
2 97 74
54 160 1
8 77 48
120 175 1
129 163 189
37 194 182
45 114 140
57 219 84
121 181 171
84 108 84
7 54 90
101 173 168
161 233 161
150 192 200
50 170 116
130 240 240
127 203 203
144 196 144
68 90 23
62 243 243
19 157 74
68 173 23
66 161 161
1 112 1
1 3 1
203 247 230
44 202 202
29 97 74
57 155 155
171 220 155
64 156 64
82 136 83
84 146 84
203 252 161
68 240 240
22 85 1
157 194 74
149 161 161
17 253 177
63 229 80
37 135 182
22 110 67
1 103 1
56 108 84
26 49 205
23 66 23
26 115 62
55 161 161
56 164 116
20 132 179
93 126 93
171 249 67
92 226 240
4 43 116
237 247 165
66 237 165
72 213 202
47 219 255
11 185 185
11 188 144
30 123 25
51 69 69
73 223 51
90 176 67
62 154 62
128 161 161
193 232 205
12 45 69
30 49 205
23 100 23
113 183 168
8 196 48
10 191 84
17 248 177
177 198 144
67 248 67
75 129 51
46 146 185
21 41 243
85 175 1
135 142 74
167 252 168
168 252 168
163 248 182
20 255 255
22 225 62
48 139 48
197 253 58
162 200 200
69 193 69
92 256 168
116 136 116
21 131 48
30 112 202
42 67 179
76 109 203
120 184 1
30 144 144
17 200 200
139 175 202
64 122 64
124 212 23
137 208 179
179 246 179
11 108 144
156 231 83
161 204 161
73 78 69
150 152 200
112 177 177
39 224 23
104 215 161
30 55 67
88 91 177
7 14 1
109 229 203
29 168 168
90 95 90
63 93 93
1 45 1
31 236 1
17 46 185
39 130 23
70 162 74
37 198 144
100 107 171
184 227 200
148 159 51
29 224 230
1 46 1
26 93 93
19 187 19
241 250 203
19 182 19
196 205 205
188 230 200
212 254 116
25 161 161
52 180 116
201 233 255
89 161 161
31 148 1
143 155 165
46 155 185
51 149 25
151 167 168
54 184 200
150 253 200
222 249 25
25 179 179
2 106 255
166 255 255
31 34 1
116 214 116
57 148 84
81 124 69
43 182 177
57 129 84
9 66 240
10 98 202
202 231 202
124 246 69
70 153 54
38 163 93
119 147 91
57 224 84
14 214 1
133 180 23
98 245 144
152 197 230
6 110 90
30 236 202
160 249 1
211 219 171
37 60 189
18 227 83
103 238 200
67 220 67
154 163 69
57 153 84
25 222 25
192 233 74
10 219 84
92 179 179
129 205 205
102 170 179
19 125 179
45 51 51
15 199 48
69 88 69
114 253 189
1 134 1
142 254 116
9 113 240
102 214 179
168 193 168
135 168 168
78 177 69
25 146 25
86 187 19
230 245 144
119 210 165
8 39 23
83 126 83
128 245 144
144 147 144
94 255 255
2 33 140
144 225 62
37 159 51
2 245 144
69 97 69
30 39 23
216 220 64
165 225 62
78 151 69
6 168 168
46 134 185
119 201 255
16 23 168
92 140 90
143 234 165
92 251 243
12 161 161
71 158 62
85 189 1
167 243 243
152 254 116
56 143 165
39 149 25
25 45 25
98 246 202
30 86 202
113 114 168
21 112 200
29 182 58
116 233 116
116 157 116
67 232 67
46 215 185
121 191 171
47 253 255
50 218 116
27 206 240
18 241 155
108 134 64
25 101 168
69 253 69
8 186 90
92 237 165
44 67 67
102 104 179
152 253 230
44 63 19
125 166 179
155 158 90
110 238 90
68 145 23
9 104 240
92 255 255
79 190 240
17 75 51
1 252 1
24 244 19
33 118 62
157 207 48
77 83 83
55 120 1
40 179 179
36 187 107
83 185 185
52 213 116
26 35 177
160 200 1
51 90 90
242 255 255
38 224 93
31 245 1
151 194 171
121 251 243
168 219 168
145 240 240
188 250 200
76 130 155
133 174 23
21 253 200
90 119 90
38 248 93
213 241 83
208 255 255
45 121 171
43 242 185
142 236 74
189 230 230
34 217 185
100 177 171
59 130 255
67 211 67
80 246 91
119 200 200
146 176 67
97 202 202
129 136 83
21 24 200
187 240 240
15 74 74
195 256 255
194 202 202
71 184 62
39 91 23
6 191 19
39 62 62
180 204 144
71 198 62
39 48 23
105 116 116
28 223 51
60 203 203
184 233 200
53 230 155
108 213 83
95 189 140
80 109 203
6 165 165
16 73 168
8 140 48
77 226 240
100 205 205
73 226 240
33 84 84
144 226 240
225 250 62
29 113 168
118 240 240
42 117 179
7 151 90
173 245 144
178 229 91
116 142 116
133 173 23
189 223 51
136 202 202
7 148 90
252 254 116
43 48 48
80 208 179
128 201 255
109 206 161
80 192 80
60 211 171
11 243 243
171 194 171
61 78 69
67 121 67
186 240 240
32 228 243
99 127 25
64 135 64
110 239 161
143 249 67
100 155 155
161 254 116
207 230 48
68 162 23
21 168 168
98 105 205
184 191 200
1 5 1
1 19 1
155 156 155
79 238 240
161 250 161
49 119 205
89 249 67
100 187 171
149 241 25
87 244 243
48 184 48
109 142 74
105 129 205
126 128 140
79 215 240
2 240 240
123 124 25
72 121 202
25 200 25
62 221 62
23 202 23
184 197 200
78 163 69
133 207 23
216 238 200
53 217 185
45 236 230
8 241 48
38 159 51
45 86 19
164 252 116
45 230 230
165 185 185
121 129 171
24 40 243
42 198 179
78 194 69
23 217 185
120 170 1
54 106 255
36 150 200
34 91 171
27 220 240
161 206 161
23 205 23
99 207 25
63 203 203
8 100 48
32 149 25
58 236 230
126 180 107
191 247 107
133 179 179
151 245 144
32 171 185
49 147 205
53 168 168
30 170 202
26 219 107
39 67 67
138 209 240
130 194 155
62 134 62
20 216 64
131 251 243
79 137 240
29 236 230
84 171 84
10 67 67
26 179 179
91 181 91
61 250 93
34 249 67
59 137 255
18 185 185
74 217 185
5 118 62
198 203 144
9 219 240
156 237 165
37 221 205
87 215 243
248 253 182
81 241 58
164 183 116
174 246 140
158 201 255
202 234 202
1 205 1
45 126 140
22 118 62
77 124 69
13 62 62
56 110 90
39 213 23
44 83 83
20 164 116
58 213 83
27 116 116
135 225 62
136 186 90
91 153 91
23 43 23
153 179 179
30 61 202
184 229 200
95 106 255
95 114 140
9 139 240
45 90 90
216 224 64
167 207 168
35 114 189
16 50 116
93 141 23
21 161 161
218 244 93
8 237 165
70 90 90
97 110 90
106 139 255
74 201 255
5 53 155
20 33 140
114 151 171
232 256 168
115 236 62
1 222 1
127 163 54
23 68 23
83 160 1
76 192 58
25 76 25
80 248 80
185 194 185
188 216 200
175 224 202
44 172 19
152 243 243
53 248 155
63 157 74
85 97 1
56 144 144
25 133 25
113 168 168
112 200 200
10 62 62
130 189 155
82 139 19
61 198 144
114 236 230
1 145 1
79 229 240
23 225 62
33 35 140
108 185 185
65 183 62
38 165 165
103 202 202
19 134 64
45 222 25
26 229 177
69 214 69
85 207 1
33 99 25
151 177 171
63 182 182
80 145 80
64 91 64
133 255 255
32 111 185
26 170 177
93 116 116
167 215 168
91 144 144
95 199 48
150 256 168
165 213 165
48 230 48
162 251 243
41 128 243
2 153 182
30 154 69
164 219 116
98 153 202
34 94 165
5 16 168
182 228 243
25 84 25
14 228 1
113 240 240
5 241 80
37 230 230
126 140 140
192 221 205
168 190 168
48 196 48
101 228 243
103 216 64
69 220 69
85 127 1
77 196 51
12 230 69
25 193 25
101 148 168
31 78 1
147 252 161
150 214 200
63 127 182
30 179 179
41 60 243
67 231 67
93 255 255
241 252 161
234 249 67
24 128 140
23 240 240
3 25 25
73 82 93
6 95 19
130 158 90
60 70 189
185 207 185
30 48 48
36 138 205
188 212 23
116 221 116
29 134 64
160 191 1
138 240 240
47 176 255
133 238 23
25 221 25
105 213 205
31 60 1
76 229 58
135 197 58
72 248 202
232 245 144
81 145 58
47 207 255
62 77 62
103 116 116
194 220 155
196 240 240
170 220 155
71 96 62
84 116 116
112 168 168
52 88 116
107 211 171
101 136 168
30 101 168
35 101 168
48 203 48
172 191 107
174 211 171
6 130 155
14 25 1
184 215 67
154 172 69
158 192 90
80 205 205
75 230 51
25 185 25
24 203 203
180 198 144
37 122 64
136 163 83
214 219 83
32 144 185
27 222 240
36 176 67
128 183 62
15 146 51
177 243 243
135 205 205
67 131 67
25 47 255
33 153 140
155 192 155
77 205 205
112 113 168
236 250 230
157 243 243
165 172 165
14 243 1
127 194 54
168 188 168
69 179 179
14 29 1
4 117 116
2 229 80
11 20 144
104 123 161
159 241 51
18 219 155
99 204 25
142 150 200
119 220 155
51 171 51
47 130 255
167 239 168
171 203 171
133 243 243
73 126 93
6 131 48
105 195 255
47 103 255
6 91 19
76 199 48
180 240 240
97 243 243
7 168 168
10 93 93
24 174 140
20 82 19
116 134 116
143 172 165
76 230 230
84 192 84
10 189 84
70 128 140
51 255 255
45 120 1
52 71 116
47 171 255
234 255 255
78 161 161
31 192 1
15 45 51
188 229 200
32 219 185
76 144 144
85 157 1
70 236 230
8 222 25
56 205 205
15 232 51
136 200 200
6 64 64
188 245 144
98 177 202
91 189 91
184 200 200
1 106 1
97 148 74
6 105 205
76 182 58
15 180 51
148 218 93
38 58 93
145 181 189
65 86 69
145 222 25
81 168 168
5 182 182
63 187 203
1 212 1
69 130 69
1 37 1
111 192 182
42 202 179
109 139 107
131 177 48
22 71 62
121 237 165
243 251 243
124 153 69
82 122 64
28 121 171
115 208 179
66 171 48
7 184 90
86 225 62
36 182 107
62 210 62
21 27 240
23 110 23
142 195 255
12 126 69
56 203 230
6 243 243
132 223 179
33 206 161
114 147 189
54 136 83
153 156 91
67 145 67
101 102 179
63 220 155
147 241 80
192 234 64
1 32 1
200 225 62
3 185 185
162 181 74
40 57 243
76 100 171
84 134 64
174 245 144
25 53 25
100 137 84
122 189 64
67 207 67
54 161 161
169 197 161
65 95 69
203 246 203
179 248 179
229 256 168
23 220 23
41 48 243
177 240 240
52 150 116
21 155 200
135 231 83
56 250 230
82 205 205
3 178 185
144 150 144
39 153 23
187 215 67
67 181 67
165 203 165
88 174 177
124 244 69
14 207 1
189 244 19
202 211 202
37 70 182
140 205 205
74 174 74
29 136 83
215 238 67
2 48 48
161 217 161
87 236 243
50 197 116
130 200 200
121 209 240
62 225 62
30 215 67
22 108 67
77 215 67
68 117 23
64 87 243
62 231 62
24 71 62
11 229 144
142 144 144
161 201 255
34 64 64
116 228 116
210 247 165
24 95 140
144 172 144
12 231 69
43 202 202
174 178 140
79 240 240
51 189 51
5 236 230
28 243 243
145 151 171
68 104 161
80 174 140
94 108 165
45 248 140
168 243 243
13 76 202
1 62 1
219 248 107
10 223 51
29 70 58
43 249 67
17 252 161
3 255 255
29 35 58
9 223 240
172 197 203
71 223 62
85 176 1
32 84 185
86 238 200
96 123 25
116 224 116
60 130 155
56 210 165
146 253 84
18 78 69
76 128 140
110 193 205
169 253 161
140 244 19
162 185 185
22 191 67
120 254 1
30 173 202
85 223 1
92 116 116
40 197 243
205 233 205
26 66 48
75 146 51
67 86 67
81 190 58
140 245 144
74 148 74
101 185 168
52 218 116
56 187 230
114 233 74
26 40 243
49 255 255
69 237 69
69 154 69
51 139 51
152 214 83
108 184 200
102 254 179
49 247 205
20 162 74
67 213 67
135 232 64
153 164 116
82 177 19
25 57 25
73 74 74
140 237 165
35 131 48
1 13 1
5 134 64
215 240 240
92 127 90
33 177 177
1 181 1
19 30 202
130 150 200
79 180 240
110 122 90
146 197 84
44 140 19
12 25 25
35 76 58
160 225 1
127 249 67
74 210 165
70 175 202
74 234 74
23 135 23
10 136 83
152 175 202
247 256 168
72 227 202
162 168 168
25 34 25
133 148 23
74 153 74
124 214 69
113 255 255
156 220 155
7 234 90
2 60 189
74 100 74
6 59 255
14 184 1
43 60 177
2 5 182
21 34 200
55 132 179
139 247 107
60 142 74
142 200 200
136 246 83
20 197 58
92 172 90
175 176 67
24 33 140
135 186 90
18 80 155
34 191 171
62 88 62
93 206 161
185 255 255
35 109 203
22 137 67
148 236 230
139 241 107
70 140 140
44 201 255
19 91 19
168 202 168
147 153 54
26 154 69
98 205 205
27 225 240
82 149 25
67 72 67
84 205 205
200 236 200
46 126 185
158 168 168
156 184 200
140 144 144
221 243 243
5 168 168
174 221 205
92 113 168
183 232 62
218 234 64
3 29 185
2 137 84
40 133 243
52 54 116
20 179 179
104 150 161
32 104 161
56 122 64
35 119 91
16 228 243
171 248 171
186 209 240
150 255 255
78 197 69
24 105 205
165 194 165
91 250 203
1 158 1
119 179 179
115 211 62
91 138 205
19 221 205
68 102 179
119 164 116
153 176 67
204 220 144
39 120 1
73 141 23
17 131 48
202 220 202
40 252 243
229 251 243
109 246 203
157 198 144
147 149 25
15 149 25
111 159 51
167 225 168
111 190 182
154 231 69
38 160 1
129 200 200
23 95 23
77 181 155
35 148 58
35 110 90
126 169 161
132 213 179
67 142 67
12 74 69
97 146 74
25 85 1
38 139 93
122 146 64
37 52 116
81 166 25
151 162 74
2 81 58
25 58 25
183 243 243
74 97 74
142 172 74
69 162 69
121 157 74
144 195 255
61 184 200
54 168 168
15 48 48
20 112 80
13 116 116
109 255 255
105 238 205
80 159 51
49 200 205
33 241 140
6 195 255
112 215 67
117 255 255
48 228 243
36 155 155
39 57 23
186 189 90
63 199 48
129 189 189
43 46 185
91 126 91
183 255 255
70 73 93
152 192 230
103 224 93
31 135 1
111 172 203
121 180 171
11 221 144
49 175 205
135 153 54
5 70 54
105 208 179
17 192 177
93 146 93
54 98 202
31 111 1
91 165 165
26 75 51
29 231 83
64 228 243
170 200 200
157 208 179
129 153 189
21 240 240
226 245 240
138 152 205
134 180 64
16 19 168
44 133 23
69 110 69
51 57 51
79 131 240
185 193 185
33 232 64
179 212 179
121 201 255
3 225 62
26 185 185
203 233 74
82 94 165
44 192 19
108 200 200
104 168 168
36 242 185
27 49 240
167 201 255
72 91 202
82 190 19
116 209 116
62 186 62
105 203 205
216 254 116
159 195 255
128 205 205
51 97 74
76 93 93
51 232 51
136 138 205
220 224 155
96 122 144
25 89 25
155 211 155
155 190 155
61 150 200
32 57 185
97 177 74
60 242 185
1 108 1
140 223 51
115 233 62
10 255 255
34 60 171
151 169 161
128 147 140
32 255 255
10 81 84
246 247 230
141 168 168
112 145 189
67 186 67
116 210 116
33 78 69
30 247 202
161 185 161
43 126 177
58 100 171
160 239 1
240 242 240
118 199 62
82 186 90
80 130 155
74 181 74
130 188 200
157 213 74
121 206 161
59 222 255
2 80 80
35 122 64
141 151 23
155 248 155
186 241 90
165 174 165
62 116 116
160 164 1
10 97 74
67 101 168
173 217 185
107 196 51
33 160 1
141 243 243
2 151 171
42 81 179
106 169 255
17 211 171
137 222 25
118 197 62
131 183 62
24 61 93
111 196 51
35 233 74
30 124 69
136 187 83
161 219 161
206 213 161
136 180 83
109 178 203
143 225 62
166 192 25
76 251 243
26 135 177
67 70 67
31 129 1
91 255 255
25 92 25
61 223 51
98 161 161
143 254 116
104 204 161
88 155 155
109 121 171
71 105 62
38 144 144
161 239 161
48 142 48
112 254 116
54 246 91
144 175 144
34 52 116
23 203 23
34 241 171
198 211 144
10 220 155
124 240 240
121 203 171
20 43 177
95 104 161
97 175 202
30 243 243
162 175 202
179 225 179
134 208 179
32 216 185
196 229 51
60 87 243
77 169 161
102 123 179
187 245 144
11 46 185
126 245 144
1 109 1
152 229 230
127 189 189
139 152 107
1 239 1
102 152 179
241 249 67
94 241 165
212 243 243
63 207 48
7 210 165
79 80 240
10 174 84
113 190 168
116 198 116
88 216 64
46 239 161
100 175 202
219 233 74
140 173 177
105 182 205
64 193 205
53 141 23
23 92 23
126 211 171
105 186 205
6 10 84
76 86 19
24 107 107
29 225 62
90 156 90
29 63 58
205 206 161
62 222 62
26 196 51
139 205 205
7 52 116
185 245 185
101 200 168
91 249 67
118 214 62
21 125 179
89 177 165
103 144 144
90 214 90
69 190 69
89 122 165
50 228 116
7 12 69
116 200 116
175 185 185
137 190 84
25 163 25
28 36 107
2 255 255
168 227 168
114 162 74
70 109 203
69 157 69
131 179 179
148 217 185
16 219 168
145 147 189
44 248 19
43 107 107
101 210 168
25 253 25
8 55 67
151 184 200
161 195 255
62 200 62
34 127 171
61 121 93
16 114 168
49 179 179
186 226 240
43 179 179
16 163 168
48 218 48
130 228 243
23 146 23
49 170 205
136 206 161
34 190 171
54 77 155
26 182 177
3 132 179
1 102 1
61 253 93
27 190 240
65 133 23
114 203 203
86 173 19
78 224 69
126 187 203
45 219 107
50 199 116
204 217 185
220 244 155
11 18 144
30 60 202
139 227 83
89 215 67
63 197 58
21 35 200
116 222 116
64 84 64
25 83 25
64 132 179
124 216 69
168 191 168
97 252 161
61 104 161
31 105 1
173 189 177
52 119 116
153 200 200
51 229 51
64 185 185
73 163 93
86 103 93
108 152 84
54 117 80
77 197 155
73 243 243
56 81 230
6 84 84
108 244 84
67 127 67
34 112 171
59 124 255
199 251 243
2 15 51
173 180 107
87 125 179
18 99 25
2 18 155
35 84 84
79 83 240
186 249 67
35 158 90
48 53 48
178 215 67
147 155 155
50 113 116
40 157 243
52 117 116
118 186 62
22 58 67
62 147 62
66 186 90
58 158 90
155 243 243
164 234 116
198 231 144
155 167 168
37 189 189
26 92 90
95 211 171
195 231 255
142 193 205
209 220 240
169 223 161
181 223 51
65 164 116
128 200 200
20 153 80
179 204 179
139 179 179
30 210 165
23 142 23
198 240 240
127 201 255
150 189 200
165 247 165
69 227 69
56 174 230
15 227 83
92 145 90
189 238 200
124 202 69
125 172 179
154 238 69
178 243 243
96 116 116
8 93 48
81 126 91
16 86 168
26 106 255
112 197 58
69 230 69
198 251 243
200 220 200
43 74 74
144 159 144
79 151 240
118 178 62
145 207 48
97 185 185
107 224 107
93 136 83
67 110 67
112 196 51
122 243 243
30 241 202
95 254 116
150 193 205
36 134 64
112 213 83
1 111 1
79 90 240
143 147 165
111 129 189
184 198 144
186 216 90
140 224 230
150 211 200
20 135 80
88 109 177
174 194 140
33 34 171
9 78 240
17 250 177
43 130 155
35 60 189
43 134 64
19 205 205
179 217 179
193 205 205
81 153 58
129 251 243
53 97 74
2 25 25
49 153 205
46 227 185
84 182 84
1 41 1
5 192 192
30 110 90
134 161 161
10 91 84
112 238 200
74 128 74
16 116 116
130 174 155
18 152 155
98 210 165
56 197 230
64 222 25
33 171 171
39 144 144
2 49 205
156 247 230
26 246 177
12 115 62
16 238 168
41 91 243
136 177 83
110 207 90
242 253 185
172 178 203
153 196 51
68 157 23
179 249 179
148 193 205
20 137 84
4 20 116
12 133 23
8 63 48
78 201 255
5 142 74
44 169 161
26 165 165
80 190 80
25 181 25
101 249 168
135 139 107
53 107 155
76 153 58
172 233 74
110 176 67
77 174 155
29 155 155
175 228 243
103 178 93
7 81 90
28 148 203
76 239 161
77 236 155
151 155 155
127 248 182
129 169 161
152 244 19
13 251 243
85 133 1
37 177 177
95 187 203
66 123 25
118 224 62
29 73 93
32 124 185
57 85 1
171 227 83
127 231 83
8 228 243
31 130 1
168 225 168
194 198 144
2 249 67
16 74 168
16 84 168
61 209 240
101 109 168
77 183 62
33 82 19
73 250 93
61 224 93
111 237 165
32 112 185
65 148 69
87 255 255
113 182 168
108 141 23
60 113 168
4 8 116
5 215 67
12 53 69
83 156 83
140 148 140
155 170 155
62 76 62
85 187 1
181 182 182
111 186 90
90 182 90
158 230 90
60 160 1
155 228 243
94 151 165
100 144 144
5 197 58
23 65 23
42 200 179
86 219 19
149 159 25
83 124 69
146 248 84
240 250 240
210 234 165
82 156 19
210 243 243
131 241 48
132 184 179
181 224 230
118 125 179
49 205 205
113 171 168
50 87 116
84 179 179
77 157 74
27 174 240
168 175 168
48 171 48
24 41 243
35 250 203
95 135 140
62 223 62
143 165 165
155 165 165
159 250 51
13 201 255
50 179 179
47 224 255
92 163 90
232 240 240
104 171 161
12 174 69
111 234 64
167 242 168
105 211 205
32 250 185
138 143 205
95 192 140
146 207 48
111 117 80
140 206 161
5 108 84
169 255 255
97 116 116
220 256 168
15 245 144
139 163 107
24 254 116
106 215 255
67 89 67
43 165 165
138 238 205
134 200 200
75 102 179
127 128 140
109 240 240
68 164 116
125 131 179
159 203 51
141 185 185
77 224 155
69 228 243
154 255 255
18 175 202
26 202 202
60 108 84
107 109 107
95 103 93
119 125 179
62 180 62
66 236 48
120 165 1
17 187 177
126 129 91
167 200 168
67 114 67
125 231 179
95 206 161
21 37 200
29 72 202
80 126 91
38 202 202
21 210 165
165 245 144
189 208 179
141 244 23
94 228 243
10 95 84
186 208 179
189 243 243
193 213 205
38 81 93
11 238 144
168 248 168
140 171 171
26 188 200
85 161 1
82 215 67
131 228 243
38 182 93
5 121 171
176 179 179
189 203 203
178 203 203
113 154 168
157 248 74
15 165 165
69 121 69
62 215 62
182 242 185
44 88 19
5 38 93
111 184 200
36 214 83
23 73 23
2 51 51
153 191 107
57 167 168
82 123 25
28 221 205
126 146 84
48 169 161
213 230 83
25 144 25
51 122 51
127 232 64
63 116 116
17 255 255
2 74 74
169 209 240
45 107 107
192 240 240
80 127 80
36 157 74
9 136 240
14 254 1
157 169 161
83 112 83
88 172 177
78 243 243
110 206 161
52 58 116
210 218 165
42 45 179
160 229 1
163 221 205
36 81 107
159 240 240
96 118 62
189 253 189
23 105 23
45 139 107
58 160 1
82 204 144
126 255 255
58 164 116
22 180 67
187 228 243
80 129 80
4 55 116
122 219 64
69 158 69
61 65 69
99 226 240
70 86 19
10 121 84
63 168 168
15 104 161
76 205 205
165 252 161
89 240 240
67 200 67
71 83 62
84 127 84
29 244 19
36 186 90
26 191 107
178 217 185
34 210 165
35 157 74
212 231 23
126 223 51
136 144 144
107 134 64
13 99 25
25 107 25
155 177 155
140 198 144
94 126 165
8 42 179
133 250 23
42 114 179
126 148 91
121 243 243
16 172 168
106 131 255
96 230 144
25 105 25
58 181 58
108 126 84
182 186 90
40 71 243
194 221 205
91 177 177
180 209 240
141 249 67
1 18 1
148 223 51
112 164 116
122 217 185
196 246 51
25 41 243
110 130 90
45 68 23
88 168 168
84 232 64
50 213 116
202 239 161
117 128 140
194 226 240
1 204 1
114 222 25
57 186 90
4 238 116
86 227 83
139 187 107
29 49 205
116 187 116
120 141 1
135 190 54
23 88 23
35 207 48
65 195 255
65 145 69
115 125 179
141 161 161
20 28 203
232 253 64
143 179 179
39 232 23
130 180 155
147 193 205
100 150 200
206 247 161
83 213 83
60 117 80
123 251 243
22 116 116
68 219 23
22 246 67
45 196 51
96 139 144
57 65 69
23 223 23
24 190 189
42 150 179
118 150 62
36 42 179
41 43 243
202 250 202
205 250 205
97 197 74
238 241 200
8 25 25
37 252 161
28 33 203
34 247 171
85 113 1
63 167 168
129 188 200
75 216 51
147 246 91
67 116 116
53 173 155
5 155 155
25 158 25
128 212 23
62 146 62
140 254 116
17 175 202
8 50 116
125 202 179
67 234 67
229 236 230
79 162 240
19 49 205
120 173 1
83 182 83
61 190 93
54 219 107
48 100 48
243 249 243
7 214 90
53 184 200
55 200 67
152 163 230
153 248 182
73 182 93
9 19 240
161 169 161
39 225 62
54 67 67
82 202 202
51 239 161
64 234 64
25 69 25
155 200 200
68 105 23
23 199 23
146 225 62
157 211 74
121 208 179
64 201 255
202 205 205
172 230 230
67 250 67
74 180 74
157 205 205
213 240 240
70 146 84
34 97 74
47 71 255
171 182 171
82 116 116
26 83 83
6 202 202
11 106 255
31 76 1
69 105 69
83 211 83
27 213 240
23 148 23
90 137 90
20 149 25
126 210 165
13 184 202
43 73 93
12 112 69
165 192 165
148 220 155
45 147 140
17 47 255
39 180 23
74 155 74
32 75 185
208 212 179
104 188 161
107 128 107
161 222 161
78 187 69
107 127 107
81 127 58
53 163 155
178 197 91
109 213 83
69 229 69
191 221 205
207 231 48
54 69 69
143 207 165
18 58 155
112 236 230
35 161 161
63 215 67
130 185 185
34 46 185
159 239 161
199 240 240
73 152 93
56 166 25
211 245 144
63 136 83
81 103 93
81 83 83
111 112 182
25 205 25
72 139 202
71 156 62
173 255 255
64 247 64
152 240 240
21 167 168
114 153 189
114 219 107
40 159 243
145 250 203
142 154 69
19 246 19
44 117 19
149 203 25
49 240 240
120 225 1
69 142 69
145 169 161
77 202 202
62 138 62
20 167 168
179 186 179
74 214 74
41 212 243
87 229 243
59 247 255
172 207 48
29 92 90
32 71 62
181 213 83
1 52 1
226 238 240
15 221 205
179 185 179
29 212 23
129 224 230
130 253 155
138 230 205
114 165 165
155 176 67
30 33 202
151 201 255
129 243 243
223 252 161
10 115 62
56 66 48
185 229 185
69 210 69
153 182 182
63 198 144
143 208 179
34 158 90
116 181 116
63 146 84
34 213 83
130 216 64
54 231 83
178 255 255
123 150 25
122 179 179
20 49 205
104 237 161
101 154 168
33 209 240
124 224 69
23 61 23
174 187 203
45 94 165
6 67 67
2 129 189
39 46 185
72 148 202
80 170 80
111 147 182
6 214 83
45 227 83
96 147 144
86 113 168
120 228 1
138 164 116
77 163 155
93 118 62
146 165 165
62 171 62
137 239 161
130 131 48
7 230 90
162 226 240
172 205 205
220 242 185
60 189 189
24 176 67
41 243 243
26 168 168
35 241 80
90 163 90
51 247 51
34 142 74
161 215 161
39 195 255
83 155 83
159 221 205
39 123 25
96 250 144
19 102 179
87 223 243
117 139 107
23 207 23
5 214 83
29 94 165
126 145 91
56 73 93
210 224 165
85 209 1
57 158 90
119 250 203
148 166 25
120 250 1
33 182 140
24 43 177
158 222 25
184 224 200
83 84 83
145 253 189
143 175 165
18 112 155
79 109 240
71 99 62
137 174 84
18 113 168
89 226 240
49 171 205
46 79 240
166 176 25
105 243 243
6 138 205
26 117 177
126 130 155
137 240 240
102 174 179
23 212 23
165 243 243
114 140 140
163 214 83
65 250 69
150 212 23
59 136 255
115 134 62
160 222 1
21 243 243
80 103 93
104 241 161
162 208 179
30 43 202
182 200 200
32 190 185
107 139 107
8 92 90
210 253 165
85 91 1
1 29 1
243 247 243
20 60 80
85 94 1
81 200 200
29 173 177
143 199 165
83 152 83
25 121 25
42 256 179
147 225 62
36 128 107
113 246 168
146 218 93
17 243 243
144 243 243
146 249 67
26 175 202
39 234 23
95 176 67
89 186 165
145 213 83
185 202 185
38 249 67
69 207 69
67 105 67
100 117 171
49 169 161
68 188 23
172 242 185
185 223 185
90 224 90
47 211 255
29 190 58
128 217 185
156 199 48
76 177 177
80 138 205
39 81 23
155 246 155
42 142 179
26 29 177
63 100 171
157 174 74
64 139 64
5 160 1
17 168 168
26 162 74
107 249 67
114 212 23
126 152 230
24 72 202
181 249 67
125 226 179
116 146 116
57 244 84
42 196 179
13 18 202
128 253 140
35 135 54
1 234 1
5 28 203
177 201 255
127 160 1
41 255 255
202 246 202
11 12 144
178 253 91
124 135 69
191 223 51
92 165 165
137 234 64
236 239 161
86 202 202
178 180 107
1 38 1
104 138 161
137 226 240
116 118 116
8 127 48
112 135 54
142 245 144
83 177 83
155 255 255
49 216 205
227 255 255
7 128 90
60 118 62
17 174 177
139 200 200
10 222 25
21 160 1
68 144 144
126 233 74
148 251 243
192 255 255
116 215 116
37 147 182
126 182 91
181 227 83
25 28 25
119 204 144
168 239 168
41 130 243
60 84 84
6 89 165
137 255 255
233 251 243
38 132 179
7 176 67
102 221 179
34 144 144
60 243 243
19 238 200
182 239 161
193 255 255
45 153 140
152 232 64
17 114 177
152 196 51
63 217 185
118 218 62
75 222 25
14 142 1
66 141 23
56 191 107
64 213 83
1 91 1
7 133 23
64 239 161
61 159 51
186 210 165
193 242 185
28 68 23
14 58 1
88 254 116
187 212 23
112 247 230
89 208 179
29 98 202
205 242 185
51 81 51
35 219 107
157 242 185
56 104 161
156 203 203
114 193 205
239 254 116
16 54 168
75 100 51
13 27 240
88 129 177
135 145 189
15 226 240
180 220 155
206 228 243
95 248 140
71 131 62
28 185 185
36 122 64
211 255 255
112 239 161
31 240 1
136 209 240
81 216 64
26 137 84
10 111 84
143 190 165
25 229 25
115 207 62
33 90 90
190 209 240
112 204 144
26 108 84
233 242 185
185 232 185
1 185 1
31 49 1
56 84 84
86 97 74
148 246 91
53 100 155
102 239 179
39 136 23
139 189 107
66 160 1
179 211 179
64 191 64
86 162 74
88 192 177
58 252 161
142 234 74
74 187 74
122 151 64
114 128 140
175 196 202
51 200 200
54 222 25
58 185 185
49 156 205
69 78 69
29 250 203
134 249 67
33 53 155
106 162 255
122 233 74
76 145 58
38 86 93
51 54 51
6 63 19
179 198 179
151 241 171
46 136 185
19 200 200
74 198 144
94 225 62
6 126 19
172 240 240
134 144 144
103 217 185
43 110 90
57 74 74
19 240 240
51 110 90
121 163 171
41 114 243
200 240 240
91 169 161
73 195 255
171 178 171
46 240 240
94 134 165
57 95 84
70 138 205
9 198 240
45 155 155
63 80 80
112 142 74
13 123 25
76 134 64
60 253 189
32 34 185
109 116 116
12 234 69
229 255 255
28 29 203
152 249 67
105 202 205
242 254 116
100 135 171
33 179 179
118 138 62
202 221 205
58 114 58
70 216 64
29 241 58
219 250 107
36 231 83
14 212 1
201 247 255
6 175 202
150 172 200
6 9 240
197 224 230
144 165 144
67 216 67
82 255 255
91 243 243
97 123 25
116 223 116
187 247 230
150 251 243
62 224 62
159 243 243
30 231 202
23 119 23
200 246 200
126 185 185
4 27 116
144 256 168
22 134 67
154 253 69
35 230 230
24 77 155
76 168 168
57 62 62
30 32 185
140 159 51
23 26 23
64 220 64
231 240 240
20 203 203
77 90 90
97 119 74
50 61 116
63 188 200
137 247 84
53 54 155
192 205 205
38 145 93
30 172 202
236 252 161
169 236 161
137 203 84
90 161 161
12 84 69
2 43 177
74 205 205
202 232 202
148 163 58
51 217 185
182 240 240
83 148 83
62 177 62
141 145 23
113 236 168
156 170 91
116 117 116
3 144 185
51 76 51
108 166 25
87 189 243
74 157 74
108 197 84
163 175 202
32 106 255
70 72 202
110 255 255
48 125 179
51 70 51
62 165 62
32 40 243
51 75 51
15 215 67
115 172 62
65 125 179
27 217 240
9 51 240
124 178 69
102 213 179
1 23 1
100 167 168
140 251 243
186 220 90
220 246 155
39 84 23
163 247 230
13 126 202
73 242 185
39 220 23
172 186 90
23 168 168
71 241 62
145 177 177
54 250 203
1 11 1
103 232 64
180 205 205
156 253 91
136 165 165
45 243 243
58 253 58
113 212 168
162 214 74
149 197 25
62 228 243
47 222 255
129 173 177
21 123 25
193 252 161
6 164 116
16 115 168
197 248 58
117 156 91
144 247 144
172 234 64
146 184 200
135 149 25
42 174 179
118 171 62
44 60 19
176 222 25
43 246 177
35 105 205
68 189 23
3 133 185
62 179 179
111 146 84
119 187 203
194 241 80
156 248 91
18 154 69
67 168 168
30 171 202
90 244 90
81 220 155
129 193 205
105 223 205
23 117 23
26 37 177
36 109 107
126 230 230
17 105 205
84 135 84
39 78 23
58 70 58
90 92 90
143 185 185
212 230 23
91 178 91
18 104 161
8 195 255
102 128 179
69 116 116
18 139 155
3 107 185
59 237 255
83 117 83
134 203 64
1 208 1
17 223 51
41 193 243
166 251 243
35 254 116
57 82 84
27 169 240
72 202 202
70 170 80
46 122 185
205 231 205
58 131 48
100 240 240
85 231 1
185 228 243
74 246 74
174 225 62
23 138 23
48 255 255
19 202 202
179 218 179
34 159 51
168 180 168
194 216 64
109 175 202
224 229 230
160 167 1
190 197 58
84 247 84
28 63 203
65 179 179
250 255 255
64 224 64
174 181 140
102 115 179
42 239 179
2 90 90
11 213 144
25 182 25
67 135 67
187 220 155
51 121 51
234 248 64
1 188 1
25 189 25
189 215 67
155 181 155
146 182 84
70 94 165
121 158 90
91 238 200
23 255 255
70 190 54
90 129 90
168 185 168
24 64 64
104 201 255
27 120 1
19 85 1
118 216 62
22 40 243
24 112 189
31 33 1
61 200 200
246 248 91
250 256 168
5 48 48
173 192 177
34 183 62
20 173 177
19 236 19
55 135 67
128 136 83
79 211 240
77 191 155
186 197 90
7 240 240
24 219 107
37 255 255
48 113 168
13 174 202
112 207 48
70 92 90
83 238 200
138 142 205
121 150 200
105 157 205
155 247 155
40 96 243
54 99 25
171 245 144
112 211 171
207 232 48
8 200 48
151 246 171
64 155 64
13 40 243
46 80 185
244 255 255
64 246 64
91 98 202
153 220 155
90 147 90
148 224 230
54 181 54
9 248 240
175 202 202
2 234 64
47 244 255
152 172 230
100 126 171
45 162 74
24 232 64
58 234 64
116 147 116
44 173 19
49 201 255
146 148 84
122 185 185
142 249 67
1 48 1
160 189 1
164 227 116
189 224 230
10 202 202
10 155 155
168 189 168
176 204 67
213 224 83
38 217 185
1 30 1
116 237 116
128 248 140
100 169 161
51 165 165
61 203 93
32 185 185
22 109 67
110 131 90
120 232 1
78 168 168
63 88 177
143 244 165
114 161 161
184 255 255
53 59 255
186 227 90
28 89 165
43 103 93
40 186 243
217 231 185
72 232 202
81 84 84
165 184 165
25 194 25
19 190 19
11 93 144
109 200 200
142 192 74
159 255 255
189 232 64
16 96 168
85 158 1
174 224 230
33 253 140
51 201 255
54 84 84
148 212 23
89 152 165
140 248 140
28 88 177
21 97 200
161 174 161
137 142 74
60 176 67
30 249 67
33 144 144
97 166 25
1 233 1
177 244 19
89 185 185
129 192 189
107 187 107
155 173 155
67 133 67
81 199 48
134 229 64
14 140 1
14 170 1
64 82 64
113 177 168
53 216 64
58 243 243
182 192 182
15 254 116
74 121 74
171 186 90
38 255 255
13 205 205
84 95 84
19 107 19
51 245 144
111 245 144
68 220 23
34 118 62
94 220 165
15 181 51
89 221 205
78 81 69
151 199 48
1 232 1
52 85 1
51 83 83
48 161 161
129 190 189
89 193 205
211 239 161
19 81 19
95 225 62
97 181 74
177 239 161
164 172 116
161 244 161
23 233 23
116 234 116
79 155 240
30 81 202
103 115 62
135 182 182
75 84 51
108 129 84
102 189 179
47 249 255
148 207 48
128 158 90
232 251 243
185 188 185
67 184 67
61 100 93
23 241 23
28 85 1
84 197 84
49 174 205
100 195 255
38 232 64
46 156 185
252 253 161
94 181 165
76 194 58
62 103 62
22 146 67
152 231 83
201 242 255
170 190 80
1 213 1
57 172 84
177 237 165
203 207 48
54 128 140
51 91 51
126 237 165
154 232 69
51 106 255
12 59 255
27 30 240
6 161 161
53 243 243
53 171 155
116 141 116
47 256 255
90 135 90
28 134 64
118 189 62
31 213 1
145 205 205
6 171 171
19 112 19
95 221 205
39 169 161
179 180 179
21 93 200
80 180 107
83 98 202
116 177 116
20 59 255
67 137 67
135 224 230
189 251 243
1 51 1
108 189 84
86 169 161
66 124 69
24 117 80
27 142 240
85 229 1
179 207 179
215 254 116
102 245 179
47 238 255
83 151 83
160 190 1
46 229 185
49 121 205
11 99 25
13 243 243
188 222 25
61 99 25
97 108 74
6 241 19
93 97 74
67 174 67
33 213 83
203 224 230
17 237 165
45 119 140
115 255 255
119 254 116
118 144 62
170 192 80
54 194 54
130 159 51
34 226 240
120 176 1
98 146 202
52 81 116
131 180 48
84 177 84
96 174 144
102 164 179
122 131 48
52 188 116
79 214 240
45 240 240
36 80 107
122 180 64
229 240 240
106 161 255
200 207 48
85 178 1
88 229 177
137 227 83
35 154 69
50 215 116
209 256 240
90 179 179
51 77 51
107 243 243
164 223 116
35 168 168
97 163 74
65 89 69
65 192 69
30 187 202
93 224 93
94 178 165
131 255 255
34 161 161
31 118 1
34 113 168
163 224 230
152 160 1
59 97 255
27 112 240
15 209 240
173 211 171
28 233 74
83 100 83
84 255 255
128 190 140
81 215 67
6 158 90
33 170 140
45 232 64
55 233 67
64 90 90
88 217 185
130 169 161
111 120 1
146 170 84
60 91 91
85 191 1
86 114 19
13 85 1
128 173 177
65 116 116
96 225 62
126 196 51
54 180 107
123 141 25
152 185 185
17 93 93
34 81 171
6 46 185
147 231 83
122 165 165
46 137 185
35 167 168
45 211 171
144 212 144
116 184 116
1 142 1
200 247 200
62 91 62
25 99 25
200 223 200
46 77 185
169 215 161
11 103 144
6 57 84
170 197 58
88 115 62
25 255 255
66 208 179
54 214 83
165 227 165
106 127 255
57 247 84
52 238 116
190 211 171
115 139 62
215 216 67
108 140 84
5 82 19
21 73 200
151 179 179
159 183 62
220 255 255
166 236 25
97 170 74
158 188 90
64 145 64
25 75 25
116 193 116
42 91 179
23 180 23
4 76 116
84 239 161
105 255 255
28 178 203
48 157 48
48 243 243
146 158 90
74 103 74
97 221 205
135 152 230
126 158 90
58 81 58
20 183 62
103 142 74
70 224 230
167 170 168
23 244 23
57 86 84
5 56 230
102 202 179
61 112 93
47 147 255
8 59 255
87 176 243
33 175 202
143 243 243
158 174 90
111 163 182
102 229 179
11 129 144
124 255 255
6 20 19
167 240 240
184 228 243
4 60 116
38 80 93
3 150 185
197 251 243
27 140 240
134 155 64
47 187 255
54 229 80
82 83 83
48 185 185
43 156 177
116 196 116
28 137 84
109 218 93
44 242 185
167 214 168
77 199 48
49 248 205
2 218 93
138 241 205
112 158 90
72 118 62
145 200 200
115 245 62
107 181 107
70 155 155
109 162 74
24 47 255
25 122 25
2 41 243
46 88 185
3 197 185
93 240 240
216 229 64
161 207 161
51 216 51
25 130 25
8 204 144
178 187 203
240 249 240
187 246 203
50 195 255
60 197 58
38 253 93
6 172 19
134 255 255
20 36 107
30 50 116
67 164 116
102 136 179
52 182 116
18 189 155
49 188 205
62 255 255
90 157 90
96 99 25
62 202 62
19 93 93
75 189 51
41 185 243
166 182 25
24 135 189
105 192 205
124 181 69
5 137 84
190 194 54
46 111 185
97 158 90
140 241 140
179 214 179
91 206 161
185 214 185
168 215 168
29 152 230
26 193 205
132 215 179
20 246 91
93 130 93
56 119 230
168 242 168
5 63 182
1 165 1
2 204 144
30 35 202
153 207 48
84 126 84
82 121 171
16 58 168
45 159 51
25 184 25
149 213 25
5 124 69
63 253 182
171 208 179
1 242 1
134 181 64
25 159 25
27 66 240
44 178 19
161 220 161
66 128 48
78 254 116
142 206 161
197 216 64
114 126 91
14 165 1
106 224 255
179 203 179
29 202 202
71 153 62
58 83 83
17 151 171
182 202 202
87 105 243
37 144 144
60 251 243
3 14 1
190 196 51
50 173 116
192 232 64
101 162 168
41 150 243
59 119 255
164 167 116
132 165 179
15 131 48
25 137 25
142 202 202
63 178 91
12 35 69
216 221 205
34 245 144
10 163 84
64 226 240
2 23 23
54 251 243
56 162 74
98 194 202
64 101 168
94 229 165
39 43 23
53 151 155
164 197 116
194 227 83
125 150 179
60 222 25
49 50 116
200 233 200
174 199 48
37 236 230
195 203 255
220 253 155
114 245 144
62 237 62
33 190 140
54 192 54
27 43 240
16 61 168
200 205 205
168 207 168
213 217 185
30 185 185
117 176 67
175 237 165
41 68 243
2 239 161
46 231 185
25 176 25
140 220 155
230 241 230
81 100 171
92 148 90
183 186 62
11 152 144
106 177 255
125 126 179
16 75 168
69 206 161
237 251 243
42 157 179
134 240 240
175 188 202
149 156 25
159 200 200
98 144 144
188 220 200
202 247 202
87 145 243
245 248 144
37 173 177
65 244 69
25 164 116
110 143 165
9 23 240
153 246 91
1 64 1
48 162 48
5 69 69
47 123 255
110 223 90
61 130 93
142 146 74
39 165 23
145 163 189
149 153 25
90 159 90
67 84 67
46 83 185
104 175 161
9 20 240
19 243 243
151 171 171
32 161 161
50 204 116
133 228 243
61 220 93
162 180 74
29 83 83
96 151 144
170 176 67
182 183 62
56 171 171
65 161 161
187 253 203
25 62 62
1 54 1
168 255 255
119 196 51
111 122 64
71 193 62
129 161 161
95 236 230
22 23 67
186 191 90
73 97 74
44 91 19
20 168 168
25 212 25
126 214 83
202 236 202
56 64 64
17 190 177
202 255 255
33 198 144
29 247 230
22 141 67
75 243 243
46 208 179
169 192 161
43 143 165
19 132 179
185 236 185
15 35 51
171 202 202
159 171 51
67 88 67
